0.00000352547916149641 
0.00000369502323097308 
0.00000386456730044976 
0.00000403411136992643 
0.00000420365543940311 
0.00000437319950887979 
0.00000454274357835646 
0.00000471228764783314 
0.00000488183171730981 
0.00000505137578678649 
0.00000522091985626316 
0.00000539046392573984 
0.00000556000799521651 
0.00000572955206469319 
0.00000589909613416986 
0.00000606864020364654 
0.00000617545963544206 
0.00000628227906723757 
0.00000638909849903309 
0.00000649591793082860 
0.00000660273736262412 
0.00000670955679441964 
0.00000681637622621515 
0.00000692319565801067 
0.00000703001508980618 
0.00000713683452160170 
0.00000724365395339722 
0.00000735047338519273 
0.00000745729281698825 
0.00000756411224878376 
0.00000767093168057928 
0.00000777775111237480 
0.00000788457054417031 
0.00000799138997596583 
0.00000809820940776134 
0.00000820502883955686 
0.00000831184827135238 
0.00000841866770314789 
0.00000852548713494341 
0.00000863230656673893 
0.00000873912599853444 
0.00000884594543032996 
0.00000895276486212547 
0.00000905958429392099 
0.00000916640372571650 
0.00000927322315751202 
0.00000938004258930753 
0.00000948686202110305 
0.00000959368145289857 
0.00000970050088469408 
0.00000980732031648960 
0.00000991413974828511 
0.00001002095918008060 
0.00001012777861187610 
0.00001023459804367170 
0.00001034141747546720 
0.00001044823690726270 
0.00001055505633905820 
0.00001066187577085370 
0.00001076869520264920 
0.00001087551463444480 
0.00001098233406624030 
0.00001108915349803580 
0.00001119597292983130 
0.00001130279236162680 
0.00001140961179342230 
0.00001151643122521790 
0.00001162325065701340 
0.00001173007008880890 
0.00001183688952060440 
0.00001194370895239990 
0.00001205052838419540 
0.00001215734781599100 
0.00001226416724778650 
0.00001237098667958200 
0.00001247780611137750 
0.00001258462554317300 
0.00001269144497496850 
0.00001279826440676400 
0.00001290508383855960 
0.00001301190327035510 
0.00001311872270215060 
0.00001322554213394610 
0.00001333236156574160 
0.00001343918099753710 
0.00001354600042933270 
0.00001365281986112820 
0.00001375963929292370 
0.00001386645872471920 
0.00001397327815651470 
0.00001408009758831020 
0.00001418691702010580 
0.00001429373645190130 
0.00001440055588369680 
0.00001450737531549230 
0.00001461419474728780 
0.00001472101417908330 
0.00001482783361087890 
0.00001493465304267440 
0.00001504147247446990 
0.00001514829190626540 
0.00001525511133806090 
0.00001536193076985640 
0.00001546875020165190 
0.00001557556963344750 
0.00001568238906524300 
0.00001578920849703850 
0.00001589602792883400 
0.00001600284736062950 
0.00001610966679242500 
0.00001621648622422060 
0.00001632330565601610 
0.00001643012508781160 
0.00001653694451960710 
0.00001664376395140260 
0.00001675058338319810 
0.00001685740281499370 
0.00001696422224678920 
0.00001707104167858470 
0.00001717786111038020 
0.00001728468054217570 
0.00001739149997397120 
0.00001749831940576680 
0.00001760513883756230 
0.00001771195826935780 
0.00001781877770115330 
0.00001792559713294880 
0.00001803241656474430 
0.00001813923599653980 
0.00001824605542833540 
0.00001835287486013090 
0.00001863730781849640 
0.00001892174077686200 
0.00001920617373522760 
0.00001949060669359310 
0.00001977503965195870 
0.00002005947261032430 
0.00002034390556868980 
0.00002062833852705540 
0.00002091277148542100 
0.00002119720444378650 
0.00002148163740215210 
0.00002176607036051770 
0.00002205050331888320 
0.00002233493627724880 
0.00002261936923561430 
0.00002278002441620210 
0.00002294067959678990 
0.00002310133477737770 
0.00002326198995796550 
0.00002342264513855330 
0.00002358330031914110 
0.00002374395549972890 
0.00002390461068031660 
0.00002406526586090440 
0.00002422592104149220 
0.00002438657622208000 
0.00002454723140266780 
0.00002470788658325560 
0.00002486854176384340 
0.00002502919694443110 
0.00002542096323613000 
0.00002581272952782890 
0.00002620449581952780 
0.00002659626211122670 
0.00002698802840292560 
0.00002737979469462450 
0.00002777156098632340 
0.00002816332727802230 
0.00002855509356972120 
0.00002894685986142010 
0.00002933862615311900 
0.00002973039244481790 
0.00003012215873651680 
0.00003051392502821570 
0.00003090569131991460 
0.00003111479094494680 
0.00003132389056997910 
0.00003153299019501130 
0.00003174208982004350 
0.00003195118944507580 
0.00003216028907010800 
0.00003236938869514020 
0.00003257848832017250 
0.00003278758794520470 
0.00003299668757023690 
0.00003320578719526910 
0.00003341488682030140 
0.00003362398644533360 
0.00003383308607036580 
0.00003404218569539810 
0.00003419028532043030 
0.00003433838494546250 
0.00003448648457049480 
0.00003463458419552700 
0.00003478268382055920 
0.00003493078344559150 
0.00003507888307062370 
0.00003522698269565590 
0.00003537508232068810 
0.00003552318194572040 
0.00003567128157075260 
0.00003581938119578480 
0.00003596748082081710 
0.00003611558044584930 
0.00003626368007088150 
0.00003634133525146930 
0.00003641899043205710 
0.00003649664561264490 
0.00003657430079323270 
0.00003665195597382050 
0.00003672961115440820 
0.00003680726633499600 
0.00003688492151558380 
0.00003696257669617160 
0.00003704023187675940 
0.00003711788705734720 
0.00003719554223793500 
0.00003727319741852280 
0.00003735085259911050 
0.00003742850777969830 
0.00003755727407139720 
0.00003768604036309610 
0.00003781480665479500 
0.00003794357294649390 
0.00003807233923819280 
0.00003820110552989170 
0.00003832987182159060 
0.00003845863811328950 
0.00003858740440498840 
0.00003871617069668730 
0.00003884493698838620 
0.00003897370328008510 
0.00003910246957178400 
0.00003923123586348290 
0.00003936000215518180 
0.00003969964767393380 
0.00004003929319268590 
0.00004037893871143790 
0.00004071858423019000 
0.00004105822974894200 
0.00004139787526769400 
0.00004173752078644610 
0.00004207716630519810 
0.00004241681182395010 
0.00004275645734270220 
0.00004309610286145420 
0.00004343574838020630 
0.00004377539389895830 
0.00004411503941771030 
0.00004445468493646240 
0.00004479433045521440 
0.00004513397597396640 
0.00004547362149271850 
0.00004581326701147050 
0.00004615291253022260 
0.00004649255804897460 
0.00004683220356772660 
0.00004717184908647870 
0.00004751149460523070 
0.00004785114012398270 
0.00004819078564273480 
0.00004853043116148680 
0.00004887007668023890 
0.00004920972219899090 
0.00004954936771774290 
0.00004988901323649500 
0.00005022865875524700 
0.00005056830427399900 
0.00005090794979275110 
0.00005124759531150310 
0.00005158724083025520 
0.00005192688634900720 
0.00005226653186775920 
0.00005260617738651130 
0.00005294582290526330 
0.00005328546842401530 
0.00005362511394276740 
0.00005396475946151940 
0.00005430440498027150 
0.00005464405049902350 
0.00005498369601777550 
0.00005532334153652760 
0.00005566298705527960 
0.00005600263257403160 
0.00005634227809278370 
0.00005668192361153570 
0.00005702156913028780 
0.00005736121464903980 
0.00005770086016779180 
0.00005804050568654390 
0.00005838015120529590 
0.00005871979672404790 
0.00005905944224280000 
0.00005939908776155200 
0.00005973873328030410 
0.00006007837879905610 
0.00006041802431780810 
0.00006075766983656020 
0.00006109731535531220 
0.00006143696087406430 
0.00006177660639281630 
0.00006211625191156830 
0.00006245589743032040 
0.00006279554294907240 
0.00006313518846782440 
0.00006347483398657650 
0.00006381447950532850 
0.00006415412502408050 
0.00006449377054283260 
0.00006483341606158460 
0.00006517306158033670 
0.00006551270709908870 
0.00006585235261784070 
0.00006619199813659280 
0.00006653164365534480 
0.00006687128917409690 
0.00006721093469284890 
0.00006755058021160090 
0.00006789022573035300 
0.00006822987124910500 
0.00006856951676785700 
0.00006890916228660910 
0.00006924880780536110 
0.00006958845332411320 
0.00006992809884286520 
0.00007026774436161720 
0.00007060738988036930 
0.00007094703539912130 
0.00007128668091787330 
0.00007162632643662540 
0.00007196597195537740 
0.00007230561747412950 
0.00007264526299288150 
0.00007298490851163350 
0.00007332455403038560 
0.00007366419954913760 
0.00007400384506788960 
0.00007434349058664170 
0.00007468313610539370 
0.00007502278162414580 
0.00007536242714289780 
0.00007570207266164980 
0.00007604171818040190 
0.00007638136369915390 
0.00007672100921790590 
0.00007706065473665800 
0.00007740030025541000 
0.00007773994577416210 
0.00007807959129291410 
0.00007841923681166610 
0.00007860711421447610 
0.00007879499161728610 
0.00007898286902009620 
0.00007917074642290620 
0.00007935862382571620 
0.00007954650122852620 
0.00007973437863133620 
0.00007992225603414620 
0.00008011013343695620 
0.00008029801083976620 
0.00008048588824257620 
0.00008067376564538630 
0.00008086164304819630 
0.00008104952045100630 
0.00008123739785381630 
0.00008177983081218180 
0.00008232226377054740 
0.00008286469672891300 
0.00008340712968727850 
0.00008394956264564410 
0.00008449199560400970 
0.00008503442856237520 
0.00008557686152074080 
0.00008611929447910630 
0.00008666172743747190 
0.00008720416039583750 
0.00008774659335420300 
0.00008828902631256860 
0.00008883145927093420 
0.00008937389222929970 
0.00008988732518766530 
0.00009040075814603080 
0.00009091419110439640 
0.00009142762406276200 
0.00009194105702112760 
0.00009245448997949310 
0.00009296792293785870 
0.00009348135589622420 
0.00009399478885458980 
0.00009450822181295540 
0.00009502165477132100 
0.00009553508772968650 
0.00009604852068805210 
0.00009656195364641760 
0.00009707538660478320 
0.00009740226400759320 
0.00009772914141040320 
0.00009805601881321320 
0.00009838289621602320 
0.00009870977361883320 
0.00009903665102164320 
0.00009936352842445330 
0.00009969040582726330 
0.00010001728323007300 
0.00010034416063288300 
0.00010067103803569300 
0.00010099791543850300 
0.00010132479284131300 
0.00010165167024412300 
0.00010197854764693300 
0.00010252198060529900 
0.00010306541356366400 
0.00010360884652203000 
0.00010415227948039600 
0.00010469571243876100 
0.00010523914539712700 
0.00010578257835549200 
0.00010632601131385800 
0.00010686944427222300 
0.00010741287723058900 
0.00010795631018895500 
0.00010849974314732000 
0.00010904317610568600 
0.00010958660906405100 
0.00011013004202241700 
0.00011084369720300500 
0.00011155735238359200 
0.00011227100756418000 
0.00011298466274476800 
0.00011369831792535600 
0.00011441197310594400 
0.00011512562828653100 
0.00011583928346711900 
0.00011655293864770700 
0.00011726659382829500 
0.00011798024900888200 
0.00011869390418947000 
0.00011940755937005800 
0.00012012121455064600 
0.00012083486973123400 
0.00012133079061230400 
0.00012182671149337500 
0.00012232263237444600 
0.00012281855325551700 
0.00012331447413658800 
0.00012381039501765900 
0.00012430631589873000 
0.00012480223677980100 
0.00012529815766087100 
0.00012579407854194200 
0.00012628999942301300 
0.00012678592030408400 
0.00012728184118515500 
0.00012777776206622600 
0.00012827368294729700 
0.00012876960382836800 
0.00012926552470943900 
0.00012976144559050900 
0.00013025736647158000 
0.00013075328735265100 
0.00013124920823372200 
0.00013174512911479300 
0.00013224104999586400 
0.00013273697087693500 
0.00013323289175800600 
0.00013372881263907600 
0.00013422473352014700 
0.00013472065440121800 
0.00013521657528228900 
0.00013571249616336000 
0.00013620841704443100 
0.00013670433792550200 
0.00013720025880657300 
0.00013769617968764300 
0.00013819210056871400 
0.00013868802144978500 
0.00013918394233085600 
0.00013967986321192700 
0.00014017578409299800 
0.00014067170497406900 
0.00014116762585514000 
0.00014166354673621000 
0.00014215946761728100 
0.00014265538849835200 
0.00014315130937942300 
0.00014364723026049400 
0.00014414315114156500 
0.00014463907202263600 
0.00014513499290370700 
0.00014563091378477700 
0.00014612683466584800 
0.00014662275554691900 
0.00014711867642799000 
0.00014761459730906100 
0.00014811051819013200 
0.00014860643907120300 
0.00014910235995227400 
0.00014959828083334500 
0.00015009420171441500 
0.00015059012259548600 
0.00015108604347655700 
0.00015158196435762800 
0.00015207788523869900 
0.00015257380611977000 
0.00015306972700084100 
0.00015356564788191200 
0.00015406156876298200 
0.00015455748964405300 
0.00015505341052512400 
0.00015554933140619500 
0.00015604525228726600 
0.00015654117316833700 
0.00015703709404940800 
0.00015753301493047900 
0.00015802893581154900 
0.00015852485669262000 
0.00015902077757369100 
0.00015951669845476200 
0.00016001261933583300 
0.00016050854021690400 
0.00016100446109797500 
0.00016150038197904600 
0.00016199630286011600 
0.00016249222374118700 
0.00016298814462225800 
0.00016348406550332900 
0.00016397998638440000 
0.00016447590726547100 
0.00016497182814654200 
0.00016546774902761300 
0.00016596366990868400 
0.00016645959078975400 
0.00016695551167082500 
0.00016745143255189600 
0.00016794735343296700 
0.00016844327431403800 
0.00016893919519510900 
0.00016943511607618000 
0.00016993103695725100 
0.00017042695783832100 
0.00017092287871939200 
0.00017141879960046300 
0.00017191472048153400 
0.00017241064136260500 
0.00017290656224367600 
0.00017340248312474700 
0.00017389840400581800 
0.00017439432488688800 
0.00017489024576795900 
0.00017538616664903000 
0.00017588208753010100 
0.00017637800841117200 
0.00017687392929224300 
0.00017736985017331400 
0.00017786577105438500 
0.00017830298179052800 
0.00017874019252667100 
0.00017917740326281500 
0.00017961461399895800 
0.00018005182473510100 
0.00018048903547124500 
0.00018092624620738800 
0.00018136345694353100 
0.00018180066767967500 
0.00018223787841581800 
0.00018267508915196100 
0.00018311229988810500 
0.00018354951062424800 
0.00018398672136039100 
0.00018442393209653500 
0.00018498092061045600 
0.00018553790912437700 
0.00018609489763829800 
0.00018665188615221900 
0.00018720887466614000 
0.00018776586318006100 
0.00018832285169398300 
0.00018887984020790400 
0.00018943682872182500 
0.00018999381723574600 
0.00019055080574966700 
0.00019110779426358800 
0.00019166478277750900 
0.00019222177129143000 
0.00019277875980535200 
0.00019326130387482800 
0.00019374384794430500 
0.00019422639201378200 
0.00019470893608325800 
0.00019519148015273500 
0.00019567402422221200 
0.00019615656829168800 
0.00019663911236116500 
0.00019712165643064200 
0.00019760420050011800 
0.00019808674456959500 
0.00019856928863907200 
0.00019905183270854800 
0.00019953437677802500 
0.00020001692084750200 
0.00020034579825031200 
0.00020067467565312200 
0.00020100355305593200 
0.00020133243045874200 
0.00020166130786155200 
0.00020199018526436200 
0.00020231906266717200 
0.00020264794006998200 
0.00020297681747279200 
0.00020330569487560200 
0.00020363457227841200 
0.00020396344968122200 
0.00020429232708403200 
0.00020462120448684200 
0.00020495008188965200 
0.00020538229262579500 
0.00020581450336193800 
0.00020624671409808200 
0.00020667892483422500 
0.00020711113557036800 
0.00020754334630651200 
0.00020797555704265500 
0.00020840776777879900 
0.00020883997851494200 
0.00020927218925108500 
0.00020970439998722900 
0.00021013661072337200 
0.00021056882145951500 
0.00021100103219565900 
0.00021143324293180200 
0.00021173212033461200 
0.00021203099773742200 
0.00021232987514023200 
0.00021262875254304200 
0.00021292762994585200 
0.00021322650734866200 
0.00021352538475147200 
0.00021382426215428200 
0.00021412313955709200 
0.00021442201695990200 
0.00021472089436271200 
0.00021501977176552200 
0.00021531864916833200 
0.00021561752657114200 
0.00021591640397395200 
0.00021617252496650600 
0.00021642864595905900 
0.00021668476695161300 
0.00021694088794416600 
0.00021719700893672000 
0.00021745312992927400 
0.00021770925092182700 
0.00021796537191438100 
0.00021822149290693400 
0.00021847761389948800 
0.00021873373489204200 
0.00021898985588459500 
0.00021924597687714900 
0.00021950209786970200 
0.00021975821886225600 
0.00022001433985481000 
0.00022027046084736300 
0.00022052658183991700 
0.00022078270283247000 
0.00022103882382502400 
0.00022129494481757800 
0.00022155106581013100 
0.00022180718680268500 
0.00022206330779523800 
0.00022231942878779200 
0.00022257554978034600 
0.00022283167077289900 
0.00022308779176545300 
0.00022334391275800600 
0.00022360003375056000 
0.00022385615474311400 
0.00022411227573566700 
0.00022436839672822100 
0.00022462451772077400 
0.00022488063871332800 
0.00022513675970588200 
0.00022539288069843500 
0.00022564900169098900 
0.00022590512268354200 
0.00022616124367609600 
0.00022641736466865000 
0.00022667348566120300 
0.00022692960665375700 
0.00022718572764631000 
0.00022744184863886400 
0.00022769796963141800 
0.00022795409062397100 
0.00022821021161652500 
0.00022846633260907800 
0.00022872245360163200 
0.00022897857459418600 
0.00022923469558673900 
0.00022949081657929300 
0.00022974693757184600 
0.00023000305856440000 
0.00023025917955695400 
0.00023051530054950700 
0.00023077142154206100 
0.00023102754253461400 
0.00023128366352716800 
0.00023153978451972200 
0.00023179590551227500 
0.00023205202650482900 
0.00023230814749738200 
0.00023256426848993600 
0.00023282038948249000 
0.00023307651047504300 
0.00023333263146759700 
0.00023358875246015000 
0.00023384487345270400 
0.00023410099444525800 
0.00023435711543781100 
0.00023461323643036500 
0.00023486935742291800 
0.00023512547841547200 
0.00023538159940802600 
0.00023563772040057900 
0.00023589384139313300 
0.00023614996238568600 
0.00023640608337824000 
0.00023666220437079400 
0.00023691832536334700 
0.00023717444635590100 
0.00023743056734845400 
0.00023768668834100800 
0.00023794280933356200 
0.00023819893032611500 
0.00023845505131866900 
0.00023871117231122200 
0.00023896729330377600 
0.00023922341429633000 
0.00023947953528888300 
0.00023973565628143700 
0.00023999177727399000 
0.00024024789826654400 
0.00024050401925909800 
0.00024076014025165100 
0.00024101626124420500 
0.00024127238223675800 
0.00024152850322931200 
0.00024178462422186500 
0.00024204074521441900 
0.00024229686620697300 
0.00024255298719952600 
0.00024280910819208000 
0.00024306522918463300 
0.00024332135017718700 
0.00024357747116974100 
0.00024383359216229400 
0.00024408971315484800 
0.00024434583414740200 
0.00024460195513995500 
0.00024485807613250900 
0.00024511419712506200 
0.00024537031811761600 
0.00024562643911016900 
0.00024588256010272300 
0.00024613868109527700 
0.00024639480208783000 
0.00024665092308038400 
0.00024690704407293800 
0.00024716316506549100 
0.00024741928605804500 
0.00024767540705059800 
0.00024793152804315200 
0.00024818764903570500 
0.00024844377002825900 
0.00024869989102081300 
0.00024895601201336600 
0.00024921213300592000 
0.00024941345485317400 
0.00024961477670042900 
0.00024981609854768300 
0.00025001742039493800 
0.00025021874224219200 
0.00025042006408944700 
0.00025062138593670100 
0.00025082270778395600 
0.00025102402963121000 
0.00025122535147846400 
0.00025142667332571900 
0.00025162799517297300 
0.00025182931702022800 
0.00025203063886748200 
0.00025223196071473700 
0.00025228439367310200 
0.00025233682663146800 
0.00025238925958983300 
0.00025244169254819900 
0.00025249412550656400 
0.00025254655846493000 
0.00025259899142329600 
0.00025265142438166100 
0.00025270385734002700 
0.00025275629029839200 
0.00025280872325675800 
0.00025286115621512300 
0.00025291358917348900 
0.00025296602213185500 
0.00025301845509022000 
0.00025303822138191900 
0.00025305798767361800 
0.00025307775396531700 
0.00025309752025701600 
0.00025311728654871500 
0.00025313705284041400 
0.00025315681913211200 
0.00025317658542381100 
0.00025319635171551000 
0.00025321611800720900 
0.00025323588429890800 
0.00025325565059060700 
0.00025327541688230600 
0.00025329518317400500 
0.00025331494946570400 
0.00025339927131295800 
0.00025348359316021200 
0.00025356791500746700 
0.00025365223685472100 
0.00025373655870197600 
0.00025382088054923000 
0.00025390520239648500 
0.00025398952424373900 
0.00025407384609099400 
0.00025415816793824800 
0.00025424248978550300 
0.00025432681163275700 
0.00025441113348001100 
0.00025449545532726600 
0.00025457977717452000 
0.00025472409902177500 
0.00025486842086902900 
0.00025501274271628400 
0.00025515706456353800 
0.00025530138641079300 
0.00025544570825804700 
0.00025559003010530200 
0.00025573435195255600 
0.00025587867379981000 
0.00025602299564706500 
0.00025616731749431900 
0.00025631163934157400 
0.00025645596118882800 
0.00025660028303608300 
0.00025674460488333700 
0.00025700292673059200 
0.00025726124857784600 
0.00025751957042510100 
0.00025777789227235500 
0.00025803621411960900 
0.00025829453596686400 
0.00025855285781411800 
0.00025881117966137300 
0.00025906950150862700 
0.00025932782335588200 
0.00025958614520313600 
0.00025984446705039100 
0.00026010278889764500 
0.00026036111074489900 
0.00026061943259215400 
0.00026075196216887700 
0.00026088449174560000 
0.00026101702132232300 
0.00026114955089904600 
0.00026128208047576900 
0.00026141461005249200 
0.00026154713962921500 
0.00026167966920593800 
0.00026181219878266100 
0.00026194472835938400 
0.00026207725793610800 
0.00026220978751283100 
0.00026234231708955400 
0.00026247484666627700 
0.00026260737624300000 
0.00026273990581972300 
0.00026287243539644600 
0.00026300496497316900 
0.00026313749454989200 
0.00026327002412661500 
0.00026340255370333800 
0.00026353508328006100 
0.00026366761285678400 
0.00026380014243350700 
0.00026393267201023000 
0.00026406520158695300 
0.00026419773116367600 
0.00026433026074039900 
0.00026446279031712200 
0.00026459531989384500 
0.00026472784947056900 
0.00026486037904729200 
0.00026499290862401500 
0.00026512543820073800 
0.00026525796777746100 
0.00026539049735418400 
0.00026552302693090700 
0.00026565555650763000 
0.00026578808608435300 
0.00026592061566107600 
0.00026605314523779900 
0.00026618567481452200 
0.00026631820439124500 
0.00026645073396796800 
0.00026658326354469100 
0.00026671579312141400 
0.00026684832269813700 
0.00026698085227486000 
0.00026711338185158400 
0.00026724591142830700 
0.00026737844100503000 
0.00026751097058175300 
0.00026764350015847600 
0.00026777602973519900 
0.00026790855931192200 
0.00026804108888864500 
0.00026817361846536800 
0.00026830614804209100 
0.00026843867761881400 
0.00026857120719553700 
0.00026870373677226000 
0.00026883626634898300 
0.00026896879592570600 
0.00026910132550242900 
0.00026923385507915200 
0.00026936638465587600 
0.00026949891423259800 
0.00026963144380932200 
0.00026976397338604500 
0.00026989650296276800 
0.00027002903253949100 
0.00027016156211621400 
0.00027029409169293700 
0.00027042662126966000 
0.00027055915084638300 
0.00027069168042310600 
0.00027082420999982900 
0.00027095673957655200 
0.00027108926915327500 
0.00027122179872999800 
0.00027135432830672100 
0.00027148685788344400 
0.00027161938746016700 
0.00027175191703689000 
0.00027188444661361300 
0.00027201697619033600 
0.00027214950576706000 
0.00027228203534378300 
0.00027241456492050600 
0.00027254709449722900 
0.00027267962407395200 
0.00027281215365067500 
0.00027294468322739800 
0.00027307721280412100 
0.00027320974238084400 
0.00027334227195756700 
0.00027347480153429000 
0.00027360733111101300 
0.00027373986068773600 
0.00027387239026445900 
0.00027400491984118200 
0.00027413744941790500 
0.00027426997899462800 
0.00027440250857135200 
0.00027453503814807500 
0.00027466756772479800 
0.00027480009730152100 
0.00027493262687824400 
0.00027506515645496700 
0.00027519768603169000 
0.00027533021560841300 
0.00027546274518513600 
0.00027559527476185900 
0.00027572780433858200 
0.00027586033391530500 
0.00027595832242922600 
0.00027605631094314700 
0.00027615429945706800 
0.00027625228797098900 
0.00027635027648491100 
0.00027644826499883200 
0.00027654625351275300 
0.00027664424202667400 
0.00027674223054059500 
0.00027684021905451600 
0.00027693820756843700 
0.00027703619608235800 
0.00027713418459628000 
0.00027723217311020100 
0.00027733016162412200 
0.00027717770569359800 
0.00027702524976307500 
0.00027687279383255200 
0.00027672033790202800 
0.00027656788197150500 
0.00027641542604098200 
0.00027626297011045800 
0.00027611051417993500 
0.00027595805824941200 
0.00027580560231888900 
0.00027565314638836500 
0.00027550069045784200 
0.00027534823452731900 
0.00027519577859679500 
0.00027504332266627200 
0.00027509486673574900 
0.00027514641080522500 
0.00027519795487470200 
0.00027524949894417900 
0.00027530104301365500 
0.00027535258708313200 
0.00027540413115260900 
0.00027545567522208500 
0.00027550721929156200 
0.00027555876336103900 
0.00027561030743051500 
0.00027566185149999200 
0.00027571339556946900 
0.00027576493963894500 
0.00027581648370842200 
0.00027577725000012100 
0.00027573801629182000 
0.00027569878258351900 
0.00027565954887521800 
0.00027562031516691700 
0.00027558108145861500 
0.00027554184775031400 
0.00027550261404201300 
0.00027546338033371200 
0.00027542414662541100 
0.00027538491291711000 
0.00027534567920880900 
0.00027530644550050800 
0.00027526721179220700 
0.00027522797808390500 
0.00027524952215338200 
0.00027527106622285900 
0.00027529261029233600 
0.00027531415436181200 
0.00027533569843128900 
0.00027535724250076600 
0.00027537878657024200 
0.00027540033063971900 
0.00027542187470919600 
0.00027544341877867200 
0.00027546496284814900 
0.00027548650691762600 
0.00027550805098710200 
0.00027552959505657900 
0.00027555113912605600 
0.00027578723875108800 
0.00027602333837612000 
0.00027625943800115200 
0.00027649553762618500 
0.00027673163725121700 
0.00027696773687624900 
0.00027720383650128100 
0.00027743993612631300 
0.00027767603575134600 
0.00027791213537637800 
0.00027814823500141000 
0.00027838433462644200 
0.00027862043425147500 
0.00027885653387650700 
0.00027909263350153900 
0.00027910410064793900 
0.00027911556779433900 
0.00027912703494073800 
0.00027913850208713800 
0.00027914996923353800 
0.00027916143637993800 
0.00027917290352633700 
0.00027918437067273700 
0.00027919583781913700 
0.00027920730496553700 
0.00027921877211193600 
0.00027923023925833600 
0.00027924170640473600 
0.00027925317355113600 
0.00027926464069753500 
0.00027927610784393500 
0.00027928757499033500 
0.00027929904213673500 
0.00027931050928313400 
0.00027932197642953400 
0.00027933344357593400 
0.00027934491072233400 
0.00027935637786873300 
0.00027936784501513300 
0.00027937931216153300 
0.00027939077930793300 
0.00027940224645433200 
0.00027941371360073200 
0.00027942518074713200 
0.00027943664789353200 
0.00027944811503993100 
0.00027945958218633100 
0.00027947104933273100 
0.00027948251647913100 
0.00027949398362553000 
0.00027950545077193000 
0.00027951691791833000 
0.00027952838506473000 
0.00027953985221112900 
0.00027955131935752900 
0.00027956278650392900 
0.00027957425365032900 
0.00027958572079672800 
0.00027959718794312800 
0.00027960865508952800 
0.00027962012223592800 
0.00027963158938232700 
0.00027964305652872700 
0.00027965452367512700 
0.00027966599082152700 
0.00027967745796792600 
0.00027968892511432600 
0.00027970039226072600 
0.00027971185940712600 
0.00027972332655352500 
0.00027973479369992500 
0.00027974626084632500 
0.00027975772799272500 
0.00027976919513912500 
0.00027978066228552400 
0.00027979212943192400 
0.00027980359657832400 
0.00027981506372472300 
0.00027982653087112300 
0.00027983799801752300 
0.00027984946516392300 
0.00027986093231032300 
0.00027987239945672200 
0.00027988386660312200 
0.00027989533374952200 
0.00027990680089592200 
0.00027991826804232100 
0.00027992973518872100 
0.00027994120233512100 
0.00027995266948152100 
0.00027996413662792000 
0.00027997560377432000 
0.00027998707092072000 
0.00027999853806712000 
0.00028001000521351900 
0.00028002147235991900 
0.00028003293950631900 
0.00028004440665271900 
0.00028005587379911800 
0.00028006734094551800 
0.00028007880809191800 
0.00028009027523831800 
0.00028010174238471700 
0.00028011320953111700 
0.00028012467667751700 
0.00028013614382391700 
0.00028014761097031600 
0.00028015907811671600 
0.00028017054526311600 
0.00028018201240951600 
0.00028019347955591500 
0.00028020494670231500 
0.00028021641384871500 
0.00028022788099511500 
0.00028023934814151400 
0.00028025081528791400 
0.00028026228243431400 
0.00028027374958071400 
0.00028028521672711300 
0.00028029668387351300 
0.00028030815101991300 
0.00028031961816631300 
0.00028033108531271200 
0.00028034255245911200 
0.00028035401960551200 
0.00028036548675191200 
0.00028037695389831100 
0.00028038842104471100 
0.00028039988819111100 
0.00028041135533751100 
0.00028042282248391000 
0.00028043428963031000 
0.00028044575677671000 
0.00028045722392311000 
0.00028046869106950900 
0.00028048015821590900 
0.00028049162536230900 
0.00028050309250870900 
0.00028051455965510800 
0.00028052602680150800 
0.00028053749394790800 
0.00028054896109430800 
0.00028056042824070700 
0.00028057189538710700 
0.00028058336253350700 
0.00028053635104742800 
0.00028048933956134900 
0.00028044232807527000 
0.00028039531658919100 
0.00028034830510311200 
0.00028030129361703400 
0.00028025428213095500 
0.00028020727064487600 
0.00028016025915879700 
0.00028011324767271800 
0.00028006623618663900 
0.00028001922470056000 
0.00027997221321448100 
0.00027992520172840300 
0.00027987819024232400 
0.00027978084542291100 
0.00027968350060349900 
0.00027958615578408700 
0.00027948881096467500 
0.00027939146614526300 
0.00027929412132585000 
0.00027919677650643800 
0.00027909943168702600 
0.00027900208686761400 
0.00027890474204820100 
0.00027880739722878900 
0.00027871005240937700 
0.00027861270758996500 
0.00027851536277055300 
0.00027841801795114000 
0.00027827333979839500 
0.00027812866164564900 
0.00027798398349290400 
0.00027783930534015800 
0.00027769462718741300 
0.00027754994903466700 
0.00027740527088192200 
0.00027726059272917600 
0.00027711591457643100 
0.00027697123642368500 
0.00027682655827094000 
0.00027668188011819400 
0.00027653720196544800 
0.00027639252381270300 
0.00027624784565995700 
0.00027601438972943400 
0.00027578093379891100 
0.00027554747786838700 
0.00027531402193786400 
0.00027508056600734100 
0.00027484711007681700 
0.00027461365414629400 
0.00027438019821577100 
0.00027414674228524700 
0.00027391328635472400 
0.00027367983042420100 
0.00027344637449367700 
0.00027321291856315400 
0.00027297946263263100 
0.00027274600670210700 
0.00027265532854936200 
0.00027256465039661600 
0.00027247397224387100 
0.00027238329409112500 
0.00027229261593838000 
0.00027220193778563400 
0.00027211125963288900 
0.00027202058148014300 
0.00027192990332739800 
0.00027183922517465200 
0.00027174854702190600 
0.00027165786886916100 
0.00027156719071641500 
0.00027147651256367000 
0.00027138583441092400 
0.00027144126736929000 
0.00027149670032765500 
0.00027155213328602100 
0.00027160756624438700 
0.00027166299920275200 
0.00027171843216111800 
0.00027177386511948300 
0.00027182929807784900 
0.00027188473103621400 
0.00027194016399458000 
0.00027199559695294500 
0.00027205102991131100 
0.00027210646286967700 
0.00027216189582804200 
0.00027221732878640800 
0.00027213571343559500 
0.00027205409808478100 
0.00027197248273396800 
0.00027189086738315500 
0.00027180925203234200 
0.00027172763668152900 
0.00027164602133071500 
0.00027156440597990200 
0.00027148279062908900 
0.00027140117527827600 
0.00027131955992746300 
0.00027123794457665000 
0.00027115632922583600 
0.00027107471387502300 
0.00027099309852421000 
0.00027091148317339700 
0.00027082986782258400 
0.00027074825247177000 
0.00027066663712095700 
0.00027058502177014400 
0.00027050340641933100 
0.00027042179106851800 
0.00027034017571770500 
0.00027025856036689100 
0.00027017694501607800 
0.00027009532966526500 
0.00027001371431445200 
0.00026993209896363900 
0.00026985048361282500 
0.00026976886826201200 
0.00026968725291119900 
0.00026960563756038600 
0.00026952402220957300 
0.00026944240685876000 
0.00026936079150794600 
0.00026927917615713300 
0.00026919756080632000 
0.00026911594545550700 
0.00026903433010469400 
0.00026895271475388000 
0.00026887109940306700 
0.00026878948405225400 
0.00026870786870144100 
0.00026862625335062800 
0.00026854463799981500 
0.00026846302264900100 
0.00026838140729818800 
0.00026829979194737500 
0.00026821817659656200 
0.00026813656124574900 
0.00026805494589493600 
0.00026797333054412200 
0.00026789171519330900 
0.00026781009984249600 
0.00026772848449168300 
0.00026764686914087000 
0.00026756525379005600 
0.00026748363843924300 
0.00026740202308843000 
0.00026732040773761700 
0.00026723879238680400 
0.00026715717703599100 
0.00026707556168517700 
0.00026699394633436400 
0.00026691233098355100 
0.00026683071563273800 
0.00026674910028192500 
0.00026666748493111100 
0.00026658586958029800 
0.00026650425422948500 
0.00026642263887867200 
0.00026634102352785900 
0.00026625940817704600 
0.00026617779282623200 
0.00026609617747541900 
0.00026601456212460600 
0.00026593294677379300 
0.00026585133142298000 
0.00026576971607216600 
0.00026568810072135300 
0.00026560648537054000 
0.00026552487001972700 
0.00026544325466891400 
0.00026536163931810100 
0.00026528002396728700 
0.00026519840861647400 
0.00026511679326566100 
0.00026503517791484800 
0.00026495356256403500 
0.00026487194721322200 
0.00026479033186240800 
0.00026470871651159500 
0.00026462710116078200 
0.00026454548580996900 
0.00026446387045915600 
0.00026438225510834200 
0.00026430063975752900 
0.00026421902440671600 
0.00026413740905590300 
0.00026405579370509000 
0.00026397417835427600 
0.00026389256300346300 
0.00026381094765265000 
0.00026372933230183700 
0.00026364771695102400 
0.00026356610160021100 
0.00026348448624939700 
0.00026340287089858400 
0.00026332125554777100 
0.00026323964019695800 
0.00026315802484614500 
0.00026307640949533200 
0.00026299479414451800 
0.00026291317879370500 
0.00026283156344289200 
0.00026267144084570200 
0.00026251131824851200 
0.00026235119565132200 
0.00026219107305413200 
0.00026203095045694200 
0.00026187082785975200 
0.00026171070526256200 
0.00026155058266537200 
0.00026139046006818200 
0.00026123033747099200 
0.00026107021487380200 
0.00026091009227661200 
0.00026074996967942200 
0.00026058984708223200 
0.00026042972448504200 
0.00026017493522118500 
0.00025992014595732900 
0.00025966535669347200 
0.00025941056742961600 
0.00025915577816575900 
0.00025890098890190200 
0.00025864619963804600 
0.00025839141037418900 
0.00025813662111033200 
0.00025788183184647600 
0.00025762704258261900 
0.00025737225331876200 
0.00025711746405490600 
0.00025686267479104900 
0.00025660788552719200 
0.00025630465181889100 
0.00025600141811059000 
0.00025569818440228900 
0.00025539495069398800 
0.00025509171698568700 
0.00025478848327738600 
0.00025448524956908500 
0.00025418201586078300 
0.00025387878215248200 
0.00025357554844418100 
0.00025327231473588000 
0.00025296908102757900 
0.00025266584731927800 
0.00025236261361097700 
0.00025205937990267600 
0.00025179692397215200 
0.00025153446804162900 
0.00025127201211110600 
0.00025100955618058200 
0.00025074710025005900 
0.00025048464431953600 
0.00025022218838901200 
0.00024995973245848900 
0.00024969727652796600 
0.00024943482059744300 
0.00024917236466691900 
0.00024890990873639600 
0.00024864745280587300 
0.00024838499687534900 
0.00024812254094482600 
0.00024819241834763600 
0.00024826229575044600 
0.00024833217315325600 
0.00024840205055606600 
0.00024847192795887600 
0.00024854180536168600 
0.00024861168276449600 
0.00024868156016730600 
0.00024875143757011600 
0.00024882131497292600 
0.00024889119237573600 
0.00024896106977854600 
0.00024903094718135600 
0.00024910082458416600 
0.00024917070198697600 
0.00024907535716756400 
0.00024898001234815200 
0.00024888466752873900 
0.00024878932270932700 
0.00024869397788991500 
0.00024859863307050300 
0.00024850328825109100 
0.00024840794343167800 
0.00024831259861226600 
0.00024821725379285400 
0.00024812190897344200 
0.00024802656415403000 
0.00024793121933461700 
0.00024783587451520500 
0.00024774052969579300 
0.00024745595782324100 
0.00024717138595068800 
0.00024688681407813600 
0.00024660224220558400 
0.00024631767033303100 
0.00024603309846047900 
0.00024574852658792700 
0.00024546395471537400 
0.00024517938284282200 
0.00024489481097027000 
0.00024461023909771700 
0.00024432566722516500 
0.00024404109535261300 
0.00024375652348006000 
0.00024347195160750800 
0.00024318737973495600 
0.00024290280786240400 
0.00024261823598985100 
0.00024233366411729900 
0.00024204909224474700 
0.00024176452037219400 
0.00024147994849964200 
0.00024119537662709000 
0.00024091080475453700 
0.00024062623288198500 
0.00024034166100943300 
0.00024005708913688000 
0.00023977251726432800 
0.00023948794539177600 
0.00023920337351922400 
0.00023891880164667100 
0.00023863422977411900 
0.00023834965790156700 
0.00023806508602901400 
0.00023778051415646200 
0.00023749594228391000 
0.00023721137041135700 
0.00023692679853880500 
0.00023664222666625300 
0.00023635765479370000 
0.00023607308292114800 
0.00023578851104859600 
0.00023550393917604300 
0.00023521936730349100 
0.00023493479543093900 
0.00023465022355838700 
0.00023436565168583400 
0.00023408107981328200 
0.00023379650794073000 
0.00023351193606817700 
0.00023322736419562500 
0.00023294279232307300 
0.00023265822045052000 
0.00023237364857796800 
0.00023208907670541600 
0.00023180450483286300 
0.00023151993296031100 
0.00023123536108775900 
0.00023095078921520700 
0.00023066621734265400 
0.00023038164547010200 
0.00023009707359755000 
0.00022981250172499700 
0.00022952792985244500 
0.00022924335797989300 
0.00022895878610734000 
0.00022867421423478800 
0.00022838964236223600 
0.00022810507048968300 
0.00022782049861713100 
0.00022753592674457900 
0.00022725135487202600 
0.00022696678299947400 
0.00022668221112692200 
0.00022639763925437000 
0.00022611306738181700 
0.00022582849550926500 
0.00022554392363671300 
0.00022525935176416000 
0.00022497477989160800 
0.00022469020801905600 
0.00022440563614650300 
0.00022412106427395100 
0.00022383649240139900 
0.00022355192052884600 
0.00022326734865629400 
0.00022298277678374200 
0.00022269820491119000 
0.00022241363303863700 
0.00022212906116608500 
0.00022184448929353300 
0.00022155991742098000 
0.00022127534554842800 
0.00022099077367587600 
0.00022070620180332300 
0.00022042162993077100 
0.00022013705805821900 
0.00021985248618566600 
0.00021956791431311400 
0.00021928334244056200 
0.00021899877056800900 
0.00021871419869545700 
0.00021842962682290500 
0.00021814505495035300 
0.00021786048307780000 
0.00021757591120524800 
0.00021729133933269600 
0.00021700676746014300 
0.00021672219558759100 
0.00021643762371503900 
0.00021615305184248600 
0.00021586847996993400 
0.00021558390809738200 
0.00021529933622482900 
0.00021501476435227700 
0.00021459664175508700 
0.00021417851915789700 
0.00021376039656070700 
0.00021334227396351700 
0.00021292415136632700 
0.00021250602876913700 
0.00021208790617194700 
0.00021166978357475700 
0.00021125166097756700 
0.00021083353838037700 
0.00021041541578318700 
0.00020999729318599700 
0.00020957917058880700 
0.00020916104799161700 
0.00020874292539442700 
0.00020834602501946000 
0.00020794912464449200 
0.00020755222426952400 
0.00020715532389455600 
0.00020675842351958800 
0.00020636152314462100 
0.00020596462276965300 
0.00020556772239468500 
0.00020517082201971700 
0.00020477392164475000 
0.00020437702126978200 
0.00020398012089481400 
0.00020358322051984600 
0.00020318632014487900 
0.00020278941976991100 
0.00020219451939494300 
0.00020159961901997500 
0.00020100471864500700 
0.00020040981827004000 
0.00019981491789507200 
0.00019922001752010400 
0.00019862511714513600 
0.00019803021677016900 
0.00019743531639520100 
0.00019684041602023300 
0.00019624551564526500 
0.00019565061527029800 
0.00019505571489533000 
0.00019446081452036200 
0.00019386591414539400 
0.00019325356932598200 
0.00019264122450657000 
0.00019202887968715800 
0.00019141653486774500 
0.00019080419004833300 
0.00019019184522892100 
0.00018957950040950900 
0.00018896715559009700 
0.00018835481077068400 
0.00018774246595127200 
0.00018713012113186000 
0.00018651777631244800 
0.00018590543149303500 
0.00018529308667362300 
0.00018468074185421100 
0.00018421128592368800 
0.00018374182999316400 
0.00018327237406264100 
0.00018280291813211800 
0.00018233346220159400 
0.00018186400627107100 
0.00018139455034054800 
0.00018092509441002400 
0.00018045563847950100 
0.00017998618254897800 
0.00017951672661845400 
0.00017904727068793100 
0.00017857781475740800 
0.00017810835882688400 
0.00017763890289636100 
0.00017710100252139300 
0.00017656310214642600 
0.00017602520177145800 
0.00017548730139649000 
0.00017494940102152200 
0.00017441150064655500 
0.00017387360027158700 
0.00017333569989661900 
0.00017279779952165100 
0.00017225989914668300 
0.00017172199877171600 
0.00017118409839674800 
0.00017064619802178000 
0.00017010829764681200 
0.00016957039727184500 
0.00016912905245243200 
0.00016868770763302000 
0.00016824636281360800 
0.00016780501799419600 
0.00016736367317478400 
0.00016692232835537100 
0.00016648098353595900 
0.00016603963871654700 
0.00016559829389713500 
0.00016515694907772200 
0.00016471560425831000 
0.00016427425943889800 
0.00016383291461948600 
0.00016339156980007400 
0.00016295022498066100 
0.00016240082702115300 
0.00016185142906164400 
0.00016130203110213500 
0.00016075263314262600 
0.00016020323518311700 
0.00015965383722360800 
0.00015910443926410000 
0.00015855504130459100 
0.00015800564334508200 
0.00015745624538557300 
0.00015690684742606400 
0.00015635744946655500 
0.00015580805150704700 
0.00015525865354753800 
0.00015470925558802900 
0.00015415985762852000 
0.00015361045966901100 
0.00015306106170950200 
0.00015251166374999400 
0.00015196226579048500 
0.00015141286783097600 
0.00015086346987146700 
0.00015031407191195800 
0.00014976467395244900 
0.00014921527599294100 
0.00014866587803343200 
0.00014811648007392300 
0.00014756708211441400 
0.00014701768415490500 
0.00014646828619539600 
0.00014591888823588800 
0.00014536949027637900 
0.00014482009231687000 
0.00014427069435736100 
0.00014372129639785200 
0.00014317189843834300 
0.00014262250047883500 
0.00014207310251932600 
0.00014152370455981700 
0.00014097430660030800 
0.00014042490864079900 
0.00013987551068129000 
0.00013932611272178200 
0.00013877671476227300 
0.00013822731680276400 
0.00013767791884325500 
0.00013712852088374600 
0.00013657912292423700 
0.00013602972496472900 
0.00013548032700522000 
0.00013493092904571100 
0.00013438153108620200 
0.00013383213312669300 
0.00013328273516718400 
0.00013273333720767600 
0.00013218393924816700 
0.00013163454128865800 
0.00013108514332914900 
0.00013053574536964000 
0.00012998634741013200 
0.00012943694945062300 
0.00012888755149111400 
0.00012833815353160500 
0.00012778875557209600 
0.00012723935761258700 
0.00012668995965307800 
0.00012614056169357000 
0.00012559116373406100 
0.00012504176577455200 
0.00012449236781504300 
0.00012394296985553400 
0.00012339357189602600 
0.00012284417393651700 
0.00012229477597700800 
0.00012174537801749900 
0.00012119598005799000 
0.00012064658209848100 
0.00012009718413897300 
0.00011954778617946400 
0.00011899838821995500 
0.00011844899026044600 
0.00011789959230093700 
0.00011735019434142800 
0.00011680079638192000 
0.00011625139842241100 
0.00011570200046290200 
0.00011515260250339300 
0.00011460320454388400 
0.00011405380658437500 
0.00011350440862486700 
0.00011295501066535800 
0.00011240561270584900 
0.00011185621474634000 
0.00011130681678683100 
0.00011075741882732200 
0.00011020802086781400 
0.00010965862290830500 
0.00010910922494879600 
0.00010855982698928700 
0.00010801042902977800 
0.00010746103107026900 
0.00010691163311076100 
0.00010636223515125200 
0.00010581283719174300 
0.00010526343923223400 
0.00010471404127272500 
0.00010416464331321600 
0.00010361524535370800 
0.00010306584739419900 
0.00010251644943469000 
0.00010196705147518100 
0.00010141765351567200 
0.00010086825555616300 
0.00010031885759665500 
0.00009976945963714580 
0.00009921022592884470 
0.00009865099222054360 
0.00009809175851224250 
0.00009753252480394130 
0.00009697329109564020 
0.00009641405738733910 
0.00009585482367903800 
0.00009529558997073690 
0.00009473635626243580 
0.00009417712255413470 
0.00009361788884583360 
0.00009305865513753250 
0.00009249942142923140 
0.00009194018772093030 
0.00009138095401262920 
0.00009083038697099480 
0.00009027981992936030 
0.00008972925288772590 
0.00008917868584609150 
0.00008862811880445700 
0.00008807755176282260 
0.00008752698472118820 
0.00008697641767955370 
0.00008642585063791930 
0.00008587528359628490 
0.00008532471655465040 
0.00008477414951301600 
0.00008422358247138160 
0.00008367301542974710 
0.00008312244838811270 
0.00008264254801314490 
0.00008216264763817710 
0.00008168274726320940 
0.00008120284688824160 
0.00008072294651327380 
0.00008024304613830610 
0.00007976314576333830 
0.00007928324538837050 
0.00007880334501340280 
0.00007832344463843500 
0.00007784354426346720 
0.00007736364388849950 
0.00007688374351353170 
0.00007640384313856390 
0.00007592394276359610 
0.00007563048683307280 
0.00007533703090254950 
0.00007504357497202620 
0.00007475011904150280 
0.00007445666311097950 
0.00007416320718045620 
0.00007386975124993290 
0.00007357629531940950 
0.00007328283938888620 
0.00007298938345836290 
0.00007269592752783960 
0.00007240247159731630 
0.00007210901566679290 
0.00007181555973626960 
0.00007152210380574630 
0.00007114153676411190 
0.00007076096972247740 
0.00007038040268084300 
0.00006999983563920850 
0.00006961926859757410 
0.00006923870155593970 
0.00006885813451430520 
0.00006847756747267080 
0.00006809700043103630 
0.00006771643338940190 
0.00006733586634776750 
0.00006695529930613310 
0.00006657473226449860 
0.00006619416522286420 
0.00006581359818122970 
0.00006543514225070640 
0.00006505668632018310 
0.00006467823038965980 
0.00006429977445913640 
0.00006392131852861310 
0.00006354286259808980 
0.00006316440666756650 
0.00006278595073704310 
0.00006240749480651980 
0.00006202903887599650 
0.00006165058294547320 
0.00006127212701494990 
0.00006089367108442650 
0.00006051521515390320 
0.00006013675922337990 
0.00005988194097401600 
0.00005962712272465210 
0.00005937230447528820 
0.00005911748622592430 
0.00005886266797656040 
0.00005860784972719650 
0.00005835303147783260 
0.00005809821322846870 
0.00005784339497910470 
0.00005758857672974080 
0.00005733375848037690 
0.00005707894023101300 
0.00005682412198164910 
0.00005656930373228520 
0.00005631448548292130 
0.00005605966723355740 
0.00005580484898419350 
0.00005555003073482960 
0.00005529521248546570 
0.00005504039423610180 
0.00005478557598673790 
0.00005453075773737400 
0.00005427593948801010 
0.00005402112123864620 
0.00005376630298928230 
0.00005351148473991840 
0.00005325666649055450 
0.00005300184824119060 
0.00005274702999182670 
0.00005249221174246280 
0.00005223739349309890 
0.00005198257524373490 
0.00005172775699437100 
0.00005147293874500710 
0.00005121812049564320 
0.00005096330224627930 
0.00005070848399691540 
0.00005045366574755150 
0.00005019884749818760 
0.00004994402924882370 
0.00004968921099945980 
0.00004943439275009590 
0.00004917957450073200 
0.00004892475625136810 
0.00004866993800200420 
0.00004841511975264030 
0.00004816030150327640 
0.00004790548325391250 
0.00004765066500454860 
0.00004739584675518470 
0.00004714102850582080 
0.00004688621025645690 
0.00004663139200709300 
0.00004637657375772910 
0.00004612175550836510 
0.00004586693725900120 
0.00004561211900963730 
0.00004535730076027340 
0.00004510248251090950 
0.00004484766426154560 
0.00004459284601218170 
0.00004433802776281780 
0.00004408320951345390 
0.00004382839126409000 
0.00004357357301472610 
0.00004331875476536220 
0.00004306393651599830 
0.00004280911826663440 
0.00004255430001727050 
0.00004229948176790660 
0.00004204466351854270 
0.00004178984526917880 
0.00004153502701981490 
0.00004128020877045100 
0.00004102539052108710 
0.00004077057227172320 
0.00004051575402235920 
0.00004026093577299530 
0.00004000611752363140 
0.00003975129927426750 
0.00003949648102490360 
0.00003924166277553970 
0.00003898684452617580 
0.00003873202627681190 
0.00003847720802744800 
0.00003822238977808410 
0.00003796757152872020 
0.00003771275327935630 
0.00003745793502999240 
0.00003720311678062850 
0.00003694829853126460 
0.00003669348028190070 
0.00003643866203253680 
0.00003618384378317290 
0.00003592902553380900 
0.00003567420728444510 
0.00003541938903508120 
0.00003516457078571730 
0.00003490975253635330 
0.00003465493428698950 
0.00003440011603762550 
0.00003414529778826160 
0.00003389047953889770 
0.00003363566128953380 
0.00003338084304016990 
0.00003312602479080600 
0.00003287120654144210 
0.00003261638829207820 
0.00003236157004271430 
0.00003210675179335040 
0.00003185193354398650 
0.00003159711529462260 
0.00003134229704525870 
0.00003108747879589480 
0.00003083266054653090 
0.00003057109350489640 
0.00003030952646326200 
0.00003004795942162760 
0.00002978639237999310 
0.00002952482533835870 
0.00002926325829672430 
0.00002900169125508980 
0.00002874012421345540 
0.00002847855717182100 
0.00002821699013018650 
0.00002795542308855210 
0.00002769385604691770 
0.00002743228900528320 
0.00002717072196364880 
0.00002690915492201440 
0.00002674714343593550 
0.00002658513194985660 
0.00002642312046377770 
0.00002626110897769880 
0.00002609909749161990 
0.00002593708600554110 
0.00002577507451946220 
0.00002561306303338330 
0.00002545105154730440 
0.00002528904006122550 
0.00002512702857514670 
0.00002496501708906780 
0.00002480300560298890 
0.00002464099411691000 
0.00002447898263083110 
0.00002429563781141890 
0.00002411229299200670 
0.00002392894817259450 
0.00002374560335318230 
0.00002356225853377010 
0.00002337891371435790 
0.00002319556889494560 
0.00002301222407553340 
0.00002282887925612120 
0.00002264553443670900 
0.00002246218961729680 
0.00002227884479788460 
0.00002209549997847240 
0.00002191215515906020 
0.00002172881033964790 
0.00002160346552023570 
0.00002147812070082350 
0.00002135277588141130 
0.00002122743106199910 
0.00002110208624258690 
0.00002097674142317470 
0.00002085139660376240 
0.00002072605178435020 
0.00002060070696493800 
0.00002047536214552580 
0.00002035001732611360 
0.00002022467250670140 
0.00002009932768728920 
0.00001997398286787700 
0.00001984863804846470 
0.00001974751545127470 
0.00001964639285408480 
0.00001954527025689480 
0.00001944414765970480 
0.00001934302506251480 
0.00001924190246532480 
0.00001914077986813480 
0.00001903965727094480 
0.00001893853467375480 
0.00001883741207656480 
0.00001873628947937480 
0.00001863516688218480 
0.00001853404428499480 
0.00001843292168780490 
0.00001833179909061490 
0.00001807889871564710 
0.00001782599834067930 
0.00001757309796571160 
0.00001732019759074380 
0.00001706729721577600 
0.00001681439684080830 
0.00001656149646584050 
0.00001630859609087270 
0.00001605569571590490 
0.00001580279534093720 
0.00001554989496596940 
0.00001529699459100160 
0.00001504409421603390 
0.00001479119384106610 
0.00001453829346609830 
0.00001445006830480580 
0.00001436184314351320 
0.00001427361798222070 
0.00001418539282092810 
0.00001409716765963560 
0.00001400894249834300 
0.00001392071733705040 
0.00001383249217575790 
0.00001374426701446530 
0.00001365604185317280 
0.00001356781669188020 
0.00001347959153058770 
0.00001339136636929510 
0.00001330314120800260 
0.00001321491604671000 
0.00001312669088541750 
0.00001303846572412490 
0.00001295024056283230 
0.00001286201540153980 
0.00001277379024024720 
0.00001268556507895470 
0.00001259733991766210 
0.00001250911475636960 
0.00001242088959507700 
0.00001233266443378450 
0.00001224443927249190 
0.00001215621411119930 
0.00001206798894990680 
0.00001197976378861420 
0.00001189153862732170 
0.00001180331346602910 
0.00001171508830473660 
0.00001162686314344400 
0.00001153863798215150 
0.00001145041282085890 
0.00001136218765956630 
0.00001127396249827380 
0.00001118573733698120 
0.00001109751217568870 
0.00001100928701439610 
0.00001092106185310360 
0.00001083283669181100 
0.00001074461153051850 
0.00001065638636922590 
0.00001056816120793330 
0.00001047993604664080 
0.00001039171088534820 
0.00001030348572405570 
0.00001021526056276310 
0.00001012703540147060 
0.00001003881024017800 
0.00000995058507888546 
0.00000986235991759290 
0.00000977413475630035 
0.00000968590959500779 
0.00000959768443371524 
0.00000950945927242268 
0.00000942123411113012 
0.00000933300894983757 
0.00000924478378854502 
0.00000915655862725246 
0.00000906833346595990 
0.00000898010830466735 
0.00000889188314337479 
0.00000880365798208224 
0.00000871543282078968 
0.00000862720765949713 
0.00000853898249820457 
0.00000845075733691202 
0.00000836253217561946 
0.00000827430701432691 
0.00000818608185303435 
0.00000809785669174180 
0.00000800963153044924 
0.00000792140636915669 
0.00000783318120786413 
0.00000774495604657157 
0.00000765673088527902 
0.00000756850572398646 
0.00000748028056269391 
0.00000739205540140135 
0.00000730383024010880 
0.00000721560507881624 
0.00000712737991752369 
0.00000703915475623113 
0.00000695092959493858 
0.00000686270443364602 
0.00000677447927235347 
0.00000668625411106091 
0.00000659802894976836 
0.00000650980378847580 
0.00000642157862718324 
0.00000633335346589069 
0.00000624512830459813 
0.00000615690314330558 
0.00000606867798201302 
0.00000598045282072047 
0.00000589222765942791 
0.00000580400249813536 
0.00000571577733684280 
0.00000562755217555025 
0.00000553932701425769 
0.00000545110185296514 
0.00000536287669167258 
0.00000527465153038002 
0.00000518642636908747 
0.00000509820120779491 
0.00000500997604650236 
0.00000492175088520980 
0.00000483352572391725 
0.00000474530056262469 
0.00000465707540133214 
0.00000456885024003958 
0.00000448062507874703 
0.00000439239991745447 
0.00000430417475616192 
0.00000421594959486936 
0.00000412772443357681 
0.00000403949927228425 
0.00000395127411099170 
0.00000386304894969914 
0.00000377482378840658 
0.00000368659862711403 
0.00000359837346582147 
0.00000351014830452892 
0.00000342192314323636 
0.00000333369798194381 
0.00000324547282065125 
0.00000315724765935870 
0.00000306902249806614 
0.00000310123323420948 
0.00000313344397035283 
0.00000316565470649617 
0.00000319786544263951 
0.00000323007617878285 
0.00000326228691492619 
0.00000329449765106954 
0.00000332670838721288 
0.00000335891912335622 
0.00000339112985949956 
0.00000342334059564290 
0.00000345555133178625 
0.00000348776206792959 
0.00000351997280407293 
0.00000355218354021627 
0.00000363183872080406 
0.00000371149390139185 
0.00000379114908197963 
0.00000387080426256742 
0.00000395045944315521 
0.00000403011462374299 
0.00000410976980433078 
0.00000418942498491856 
0.00000426908016550635 
0.00000434873534609414 
0.00000442839052668192 
0.00000450804570726971 
0.00000458770088785750 
0.00000466735606844528 
0.00000474701124903307 
0.00000463133309628752 
0.00000451565494354198 
0.00000439997679079643 
0.00000428429863805088 
0.00000416862048530534 
0.00000405294233255979 
0.00000393726417981424 
0.00000382158602706870 
0.00000370590787432315 
0.00000359022972157760 
0.00000347455156883206 
0.00000335887341608651 
0.00000324319526334096 
0.00000312751711059542 
0.00000301183895784987 
0.00000288360524954877 
0.00000275537154124766 
0.00000262713783294656 
0.00000249890412464546 
0.00000237067041634436 
0.00000224243670804325 
0.00000211420299974215 
0.00000198596929144105 
0.00000185773558313995 
0.00000172950187483885 
0.00000160126816653774 
0.00000147303445823664 
0.00000134480074993554 
0.00000121656704163444 
0.00000000000000000000 
