     Count               Iteration-1          Iteration-100000          Iteration-200000          Iteration-300000          Iteration-400000          Iteration-500000          Iteration-500001 
         0  0.000000000000000000e+00  1.838427122097891697e+01  1.228658529838958202e+01  1.228569208256340062e+01  1.228569189372592518e+01  1.228569170551054412e+01  1.228569170550872514e+01 
         1  0.000000000000000000e+00  9.475064689496775827e+00  5.774308511052367976e+00  5.773842905114634050e+00  5.773842806937864225e+00  5.773842709085329261e+00  5.773842709083510272e+00 
         2  0.000000000000000000e+00  3.316197388381624478e+00  1.612373026129262144e+00  1.612280589324200264e+00  1.612280570263919799e+00  1.612280551265484974e+00  1.612280551264575479e+00 
         3  0.000000000000000000e+00 -5.836463103551068343e-01 -7.534873982583576435e-01 -7.532768543642305303e-01 -7.532768091891739459e-01 -7.532767641632744926e-01 -7.532767641632744926e-01 
         4  0.000000000000000000e+00 -2.767771079914837173e+00 -1.881431593966681248e+00 -1.880998336920583824e+00 -1.880998244527972929e+00 -1.880998152441407001e+00 -1.880998152438451143e+00 
         5  0.000000000000000000e+00 -3.767253374972369784e+00 -2.272267078710910937e+00 -2.271695380441997258e+00 -2.271695258700219711e+00 -2.271695137362030437e+00 -2.271695137359984074e+00 
         6  0.000000000000000000e+00 -4.035133806803969492e+00 -2.314129928827242111e+00 -2.313502394624265435e+00 -2.313502261054964038e+00 -2.313502127925175955e+00 -2.313502127924039087e+00 
         7  0.000000000000000000e+00 -3.904338572744336489e+00 -2.254330315782681282e+00 -2.253723030256878701e+00 -2.253722900993579970e+00 -2.253722772161154353e+00 -2.253722772158880616e+00 
         8  0.000000000000000000e+00 -3.583283568080787518e+00 -2.208378692345149830e+00 -2.207857240559405909e+00 -2.207857129518060901e+00 -2.207857018844833874e+00 -2.207857018844151753e+00 
         9  0.000000000000000000e+00 -3.183891727604532207e+00 -2.198393206870832728e+00 -2.198009452041560507e+00 -2.198009370222280268e+00 -2.198009288674938944e+00 -2.198009288672892581e+00 
        10  0.000000000000000000e+00 -2.760623503530950984e+00 -2.198765967728832038e+00 -2.198555492919695098e+00 -2.198555447867192925e+00 -2.198555402962938388e+00 -2.198555402960892025e+00 
        11  0.000000000000000000e+00 -2.340732430709977052e+00 -2.169988533524019658e+00 -2.169968811461785663e+00 -2.169968806878387113e+00 -2.169968802308403610e+00 -2.169968802309085731e+00 
        12  0.000000000000000000e+00 -1.939562560759668486e+00 -2.075746865636801886e+00 -2.075916392314866243e+00 -2.075916427873153225e+00 -2.075916463318662863e+00 -2.075916463319799732e+00 
        13  0.000000000000000000e+00 -1.565060601425102504e+00 -1.888584956232534751e+00 -1.888923669063615307e+00 -1.888923740512154836e+00 -1.888923811723770996e+00 -1.888923811725362611e+00 
        14  0.000000000000000000e+00 -1.219104246636561584e+00 -1.592253063667612878e+00 -1.592724313392636759e+00 -1.592724412952520652e+00 -1.592724512183849583e+00 -1.592724512185213825e+00 
        15  0.000000000000000000e+00 -9.000041061933643505e-01 -1.184952032260298438e+00 -1.185506198004986800e+00 -1.185506315150632872e+00 -1.185506431907697333e+00 -1.185506431909516323e+00 
        16  0.000000000000000000e+00 -6.049982059328158357e-01 -6.817243025088828290e-01 -6.823038814809478936e-01 -6.823040040137584583e-01 -6.823041261422986281e-01 -6.823041261445723649e-01 
        17  0.000000000000000000e+00 -3.319389749747188034e-01 -1.145441331516394712e-01 -1.150898674297877733e-01 -1.150899827841840306e-01 -1.150900977602304920e-01 -1.150900977622768551e-01 
        18  0.000000000000000000e+00 -8.254085137923539151e-02  4.679533268681552727e-01  4.674959425587985606e-01  4.674958459370373021e-01  4.674957496340539365e-01  4.674957496317801997e-01 
        19  0.000000000000000000e+00  1.333517720768213621e-01  1.001674962373272137e+00  1.001349571556602314e+00  1.001349502920675150e+00  1.001349434511894287e+00  1.001349434511439540e+00 
        20  0.000000000000000000e+00  2.979455904612677841e-01  1.414252847911711797e+00  1.414087306007559164e+00  1.414087271261450951e+00  1.414087236630848565e+00  1.414087236630621192e+00 
        21  0.000000000000000000e+00  3.937870086299426475e-01  1.641042870862747804e+00  1.641046167399963451e+00  1.641046168445427611e+00  1.641046169489754902e+00  1.641046169489754902e+00 
        22  0.000000000000000000e+00  4.160866746560714091e-01  1.644771219229596682e+00  1.644932688956487254e+00  1.644932723530700969e+00  1.644932757991000472e+00  1.644932757991909966e+00 
        23  0.000000000000000000e+00  3.796953347946327995e-01  1.428263897175838792e+00  1.428554860280428329e+00  1.428554922297507801e+00  1.428554984109496218e+00  1.428554984111769954e+00 
        24  0.000000000000000000e+00  3.155162881248543272e-01  1.033997091639776045e+00  1.034374733439562988e+00  1.034374813818658367e+00  1.034374893930817052e+00  1.034374893931499173e+00 
        25  0.000000000000000000e+00  2.595351333102371427e-01  5.329408931502257474e-01  5.333538844479335239e-01  5.333539723028479784e-01  5.333540598674062494e-01  5.333540598680883704e-01 
        26  0.000000000000000000e+00  2.402886056192983233e-01  8.304105647539472557e-03  8.699223567873559659e-03  8.699307614733697847e-03  8.699391382833709940e-03  8.699391384880073019e-03 
        27  0.000000000000000000e+00  2.688488368721664301e-01 -4.613911642431958171e-01 -4.610622920868081565e-01 -4.610622221036919655e-01 -4.610621523509053077e-01 -4.610621523490863183e-01 
        28  0.000000000000000000e+00  3.354031954677338945e-01 -8.149313581964179320e-01 -8.147062754635499005e-01 -8.147062274983909447e-01 -8.147061796905745723e-01 -8.147061796903471986e-01 
        29  0.000000000000000000e+00  4.153777857059139933e-01 -1.012469803014482750e+00 -1.012370787781947001e+00 -1.012370766554568036e+00 -1.012370745398357030e+00 -1.012370745396310667e+00 
        30  0.000000000000000000e+00  4.813906454792231671e-01 -1.033212681854820403e+00 -1.033244405736240878e+00 -1.033244412230033049e+00 -1.033244418707226941e+00 -1.033244418707226941e+00 
        31  0.000000000000000000e+00  5.115534139013107051e-01 -8.747381671962557448e-01 -8.748877125287890522e-01 -8.748877440089017909e-01 -8.748877753835131443e-01 -8.748877753837405180e-01 
        32  0.000000000000000000e+00  4.894521768492268166e-01 -5.574429526748190256e-01 -5.576821308527541987e-01 -5.576821813390324678e-01 -5.576822316577363381e-01 -5.576822316581910854e-01 
        33  0.000000000000000000e+00  4.011361719408341742e-01 -1.281016138657378178e-01 -1.283912272249381203e-01 -1.283912884073288296e-01 -1.283913493855379784e-01 -1.283913493878117151e-01 
        34  0.000000000000000000e+00  2.354203760664859146e-01  3.438773655514069105e-01  3.435819202900347591e-01  3.435818578684575186e-01  3.435817956537903228e-01  3.435817956526534545e-01 
        35  0.000000000000000000e+00 -1.254615930065483553e-02  7.769990221752323123e-01  7.767415717996755120e-01  7.767415174309917347e-01  7.767414632419331610e-01  7.767414632412510400e-01 
        36  0.000000000000000000e+00 -3.360972419209247164e-01  1.092456102750247737e+00  1.092273760602438415e+00  1.092273722155823634e+00  1.092273683834719122e+00  1.092273683835173870e+00 
        37  0.000000000000000000e+00 -7.112194085202645510e-01  1.230897492069516375e+00  1.230815745502468417e+00  1.230815728381685403e+00  1.230815711315699446e+00  1.230815711315699446e+00 
        38  0.000000000000000000e+00 -1.093393018624283286e+00  1.166435182350141986e+00  1.166464640187314217e+00  1.166464646638132763e+00  1.166464653066213941e+00  1.166464653066441315e+00 
        39  0.000000000000000000e+00 -1.420984243548446102e+00  9.125925483185710618e-01  9.127277606219195150e-01  9.127277894842791284e-01  9.127278182511417981e-01  9.127278182518239191e-01 
        40  0.000000000000000000e+00 -1.626790441726598146e+00  5.173937528268197639e-01  5.176142431771495467e-01  5.176142901098046423e-01  5.176143368862540228e-01  5.176143368864813965e-01 
        41  0.000000000000000000e+00 -1.656565929869202591e+00  4.794708243525747093e-02  4.822044711181661114e-02  4.822050524239784863e-02  4.822056318084833038e-02  4.822056318243994610e-02 
        42  0.000000000000000000e+00 -1.487973825272774775e+00 -4.293084193636786949e-01 -4.290217602945176623e-01 -4.290216993545072910e-01 -4.290216386161773698e-01 -4.290216386145857541e-01 
        43  0.000000000000000000e+00 -1.139180100457679146e+00 -8.618894353917312401e-01 -8.616304782995030109e-01 -8.616304232402853813e-01 -8.616303683643309341e-01 -8.616303683627393184e-01 
        44  0.000000000000000000e+00 -6.612313500306754577e-01 -1.211829928135784940e+00 -1.211635120685059519e+00 -1.211635079227335154e+00 -1.211635037909218227e+00 -1.211635037908308732e+00 
        45  0.000000000000000000e+00 -1.189878832003614662e-01 -1.447469833562763597e+00 -1.447365765164477125e+00 -1.447365742944384692e+00 -1.447365720796597088e+00 -1.447365720795687594e+00 
        46  0.000000000000000000e+00  4.281850665001911693e-01 -1.536401724427605586e+00 -1.536401261685341524e+00 -1.536401261422952302e+00 -1.536401261162382070e+00 -1.536401261162609444e+00 
        47  0.000000000000000000e+00  9.358543589239616267e-01 -1.448068518664967996e+00 -1.448168974091458949e+00 -1.448168995214018651e+00 -1.448169016267002007e+00 -1.448169016267684128e+00 
        48  0.000000000000000000e+00  1.371053789237407727e+00 -1.167338136258535997e+00 -1.167521760523868579e+00 -1.167521799265045956e+00 -1.167521837878553015e+00 -1.167521837879803570e+00 
        49  0.000000000000000000e+00  1.702383926271181736e+00 -7.111215603730443036e-01 -7.113583051885825626e-01 -7.113583551745250588e-01 -7.113584049955079536e-01 -7.113584049967585088e-01 
        50  0.000000000000000000e+00  1.894421705633362762e+00 -1.363123574720930264e-01 -1.365645220954547767e-01 -1.365645753317039635e-01 -1.365646283903743097e-01 -1.365646283908290570e-01 
        51  0.000000000000000000e+00  1.912178774604285536e+00  4.670662081067575855e-01  4.668381143821989099e-01  4.668380662701565598e-01  4.668380183179579035e-01  4.668380183173894693e-01 
        52  0.000000000000000000e+00  1.733527257923469733e+00  9.952031358666317828e-01  9.950341765833172758e-01  9.950341410295777678e-01  9.950341055932767631e-01  9.950341055931630763e-01 
        53  0.000000000000000000e+00  1.363355949492415675e+00  1.355334524421664355e+00  1.355249706858103309e+00  1.355249689160700655e+00  1.355249671522074095e+00  1.355249671521846722e+00 
        54  0.000000000000000000e+00  8.418681745332605715e-01  1.487252190291883380e+00  1.487262317580075432e+00  1.487262320027070928e+00  1.487262322465767284e+00  1.487262322466563091e+00 
        55  0.000000000000000000e+00  2.407871929877956063e-01  1.373623526568735542e+00  1.373723236831892791e+00  1.373723258285394877e+00  1.373723279669434305e+00  1.373723279669547992e+00 
        56  0.000000000000000000e+00 -3.524076985270312434e-01  1.037340614992672272e+00  1.037509000247268887e+00  1.037509036277356245e+00  1.037509072189550352e+00  1.037509072190459847e+00 
        57  0.000000000000000000e+00 -8.537637545736060929e-01  5.323773977449945960e-01  5.325811942816471856e-01  5.325812378399632507e-01  5.325812812546928399e-01  5.325812812548065267e-01 
        58  0.000000000000000000e+00 -1.195487908986706316e+00 -6.341720525506389095e-02 -6.321829115540822386e-02 -6.321824860719971184e-02 -6.321820619984919176e-02 -6.321820619916707074e-02 
        59  0.000000000000000000e+00 -1.330219126240422156e+00 -6.530536805888687013e-01 -6.529003273191165135e-01 -6.529002944034800748e-01 -6.529002615980061819e-01 -6.529002615977788082e-01 
        60  0.000000000000000000e+00 -1.233514380562837687e+00 -1.129561309075484132e+00 -1.129487688892822916e+00 -1.129487672859340819e+00 -1.129487656879064161e+00 -1.129487656879064161e+00 
        61  0.000000000000000000e+00 -9.084746708853117525e-01 -1.392816798269336687e+00 -1.392844597917587635e+00 -1.392844603375010593e+00 -1.392844608813902596e+00 -1.392844608813902596e+00 
        62  0.000000000000000000e+00 -3.902781585911725415e-01 -1.370153594182625056e+00 -1.370287987573533428e+00 -1.370288015630876544e+00 -1.370288043594882765e+00 -1.370288043595905947e+00 
        63  0.000000000000000000e+00  2.517784714398203505e-01 -1.035940905640586607e+00 -1.036169216223811418e+00 -1.036169264206023399e+00 -1.036169312029755929e+00 -1.036169312030324363e+00 
        64  0.000000000000000000e+00  9.172418685644743164e-01 -4.248114622311049970e-01 -4.251048085916409036e-01 -4.251048703855531130e-01 -4.251049319748290145e-01 -4.251049319755111355e-01 
        65  0.000000000000000000e+00  1.487184285264220307e+00  3.689503915264822353e-01  3.686326876007797182e-01  3.686326206143348827e-01  3.686325538491246334e-01  3.686325538477603914e-01 
        66  0.000000000000000000e+00  1.847029749574403468e+00  1.208562911162971432e+00  1.208266872851254448e+00  1.208266810429449833e+00  1.208266748213873143e+00  1.208266748213304709e+00 
        67  0.000000000000000000e+00  1.911247149074370100e+00  1.941527775803933764e+00  1.941297384821041305e+00  1.941297336294724118e+00  1.941297287928364312e+00  1.941297287927909565e+00 
        68  0.000000000000000000e+00  1.639955961070882040e+00  2.426184523928668568e+00  2.426054709327218006e+00  2.426054682111498551e+00  2.426054654985591696e+00  2.426054654985136949e+00 
        69  0.000000000000000000e+00  1.043737014653402184e+00  2.552994192476035096e+00  2.552985459998694751e+00  2.552985458452212697e+00  2.552985456910732864e+00  2.552985456910278117e+00 
        70  0.000000000000000000e+00  1.793408977513308855e-01  2.260548999704269590e+00  2.260664666886441410e+00  2.260664691720762676e+00  2.260664716473115732e+00  2.260664716473684166e+00 
        71  0.000000000000000000e+00 -8.574231761749615544e-01  1.548927911668897650e+00  1.549154404021351183e+00  1.549154452363836754e+00  1.549154500546137569e+00  1.549154500547274438e+00 
        72  0.000000000000000000e+00 -1.936103196938574911e+00  4.919614874853550646e-01  4.922715312710579383e-01  4.922715973399363065e-01  4.922716631906496332e-01  4.922716631916728147e-01 
        73  0.000000000000000000e+00 -2.896311150116048339e+00 -7.579766835584678120e-01 -7.576187312764659509e-01 -7.576186550402326247e-01 -7.576185790559293309e-01 -7.576185790545650889e-01 
        74  0.000000000000000000e+00 -3.563434151549586204e+00 -1.985393747049670310e+00 -1.985025620912438171e+00 -1.985025542514904373e+00 -1.985025464375439697e+00 -1.985025464374075455e+00 
        75  0.000000000000000000e+00 -3.779518906902580966e+00 -2.951579215470360396e+00 -2.951234864831008053e+00 -2.951234791475940256e+00 -2.951234718363025422e+00 -2.951234718361888554e+00 
        76  0.000000000000000000e+00 -3.439937893455066842e+00 -3.447608089752975502e+00 -3.447313389590362931e+00 -3.447313326769858577e+00 -3.447313264157628510e+00 -3.447313264156264268e+00 
        77  0.000000000000000000e+00 -2.523058781107692994e+00 -3.343973794019575507e+00 -3.343744585178797024e+00 -3.343744536258327571e+00 -3.343744487498952367e+00 -3.343744487498156559e+00 
        78  0.000000000000000000e+00 -1.105446882400542563e+00 -2.624827815749426918e+00 -2.624670395398311484e+00 -2.624670361718244749e+00 -2.624670328149704801e+00 -2.624670328149250054e+00 
        79  0.000000000000000000e+00  6.416254586713421304e-01 -1.398337646637742182e+00 -1.398251199292076308e+00 -1.398251180684269457e+00 -1.398251162138308246e+00 -1.398251162138080872e+00 
        80  0.000000000000000000e+00  2.476240162016779323e+00  1.215304912776673518e-01  1.215504971501104592e-01  1.215505016444922148e-01  1.215505061239809947e-01  1.215505061242083684e-01 
        81  0.000000000000000000e+00  4.126359153140583658e+00  1.658260500488381695e+00  1.658219092434023878e+00  1.658219083882045197e+00  1.658219075358601913e+00  1.658219075358033479e+00 
        82  0.000000000000000000e+00  5.337966103118901628e+00  2.930374251365606142e+00  2.930274876059570488e+00  2.930274855196898898e+00  2.930274834402666784e+00  2.930274834402894157e+00 
        83  0.000000000000000000e+00  5.923029242239977066e+00  3.711933106845549446e+00  3.711777210041873332e+00  3.711777177181943443e+00  3.711777144431266606e+00  3.711777144430357112e+00 
        84  0.000000000000000000e+00  5.800186024399181406e+00  3.884679304976430103e+00  3.884467509886235348e+00  3.884467465168995659e+00  3.884467420599548859e+00  3.884467420598639364e+00 
        85  0.000000000000000000e+00  5.015512064070207998e+00  3.465899163519679860e+00  3.465633493549944433e+00  3.465633437409451290e+00  3.465633381454381379e+00  3.465633381453699258e+00 
        86  0.000000000000000000e+00  3.729064732433357676e+00  2.596388165187022423e+00  2.596074495567677332e+00  2.596074429251530091e+00  2.596074363155821629e+00  2.596074363154912135e+00 
        87  0.000000000000000000e+00  2.168170888550662312e+00  1.490416355684715199e+00  1.490066309395160715e+00  1.490066235368090020e+00  1.490066161585446025e+00  1.490066161584422844e+00 
        88  0.000000000000000000e+00  5.688977538551398538e-01  3.716608726954291342e-01  3.712926393469615505e-01  3.712925614618143300e-01  3.712924838340541100e-01  3.712924838331446153e-01 
        89  0.000000000000000000e+00 -8.708995643959269728e-01 -5.786066399886067302e-01 -5.789687295156227265e-01 -5.789688061039441891e-01 -5.789688824386303168e-01 -5.789688824398808720e-01 
        90  0.000000000000000000e+00 -2.017633307625828820e+00 -1.249727401468362586e+00 -1.250054416097214016e+00 -1.250054485257919623e+00 -1.250054554189887313e+00 -1.250054554190569434e+00 
        91  0.000000000000000000e+00 -2.808088415425004314e+00 -1.606708690258528804e+00 -1.606969476516496798e+00 -1.606969531645404459e+00 -1.606969586592185806e+00 -1.606969586592640553e+00 
        92  0.000000000000000000e+00 -3.239203324304867238e+00 -1.676662592856587253e+00 -1.676826699889829797e+00 -1.676826734530095564e+00 -1.676826769055764998e+00 -1.676826769055992372e+00 
        93  0.000000000000000000e+00 -3.347889946333111766e+00 -1.524591918046212413e+00 -1.524632834753674615e+00 -1.524632843281437999e+00 -1.524632851781120735e+00 -1.524632851781120735e+00 
        94  0.000000000000000000e+00 -3.190784746405256556e+00 -1.229821505936456560e+00 -1.229720005585249964e+00 -1.229719983921540916e+00 -1.229719962329113514e+00 -1.229719962328658767e+00 
        95  0.000000000000000000e+00 -2.832208752586325318e+00 -8.719893974644037371e-01 -8.717367421866129007e-01 -8.717366884748116718e-01 -8.717366349404755965e-01 -8.717366349397934755e-01 
        96  0.000000000000000000e+00 -2.340089854120037671e+00 -5.261470549493196813e-01 -5.257477088662199094e-01 -5.257476240493588193e-01 -5.257475395130768447e-01 -5.257475395120536632e-01 
        97  0.000000000000000000e+00 -1.783250494264507324e+00 -2.596828498025161025e-01 -2.591562465859169606e-01 -2.591561347823017059e-01 -2.591560233489644816e-01 -2.591560233470318053e-01 
        98  0.000000000000000000e+00 -1.225913968699046563e+00 -1.262664498551657744e-01 -1.256473318107964587e-01 -1.256472003854014474e-01 -1.256470693945175299e-01 -1.256470693923574800e-01 
        99  0.000000000000000000e+00 -7.202436687030058238e-01 -1.574066541029424116e-01 -1.567435942457677811e-01 -1.567434534952099057e-01 -1.567433132108817517e-01 -1.567433132087217018e-01 
       100  0.000000000000000000e+00 -2.999121026090278974e-01 -3.549530793260373684e-01 -3.543050192124610476e-01 -3.543048816355849340e-01 -3.543047445135698581e-01 -3.543047445114098082e-01 
       101  0.000000000000000000e+00  2.240505747170118411e-02 -6.881688469928803897e-01 -6.875997914700064939e-01 -6.875996706378373347e-01 -6.875995502051637231e-01 -6.875995502034584206e-01 
       102  0.000000000000000000e+00  2.531443600214515754e-01 -1.096655388899876016e+00 -1.096227728545045466e+00 -1.096227637688002687e+00 -1.096227547131434221e+00 -1.096227547130069979e+00 
       103  0.000000000000000000e+00  4.126818972988530732e-01 -1.498606307689556161e+00 -1.498373521207440717e+00 -1.498373471666354817e+00 -1.498373422289546397e+00 -1.498373422288977963e+00 
       104  0.000000000000000000e+00  5.263937020715729886e-01 -1.804999988544182088e+00 -1.804999655611936760e+00 -1.804999655356823496e+00 -1.804999655102506040e+00 -1.804999655102960787e+00 
       105  0.000000000000000000e+00  6.124795278064993909e-01 -1.938817445927952576e+00 -1.939065543656852242e+00 -1.939065596077057307e+00 -1.939065648323889945e+00 -1.939065648324572066e+00 
       106  0.000000000000000000e+00  6.719298452360362717e-01 -1.853069745520997458e+00 -1.853557100340253783e+00 -1.853557203492641747e+00 -1.853557306303969199e+00 -1.853557306305333441e+00 
       107  0.000000000000000000e+00  6.869013287275720359e-01 -1.540221795877755540e+00 -1.540913329029990564e+00 -1.540913475478646433e+00 -1.540913621442882686e+00 -1.540913621445042736e+00 
       108  0.000000000000000000e+00  6.297457661790986094e-01 -1.029483939745659882e+00 -1.030321006669623785e+00 -1.030321183981641298e+00 -1.030321360707148415e+00 -1.030321360709876899e+00 
       109  0.000000000000000000e+00  4.802604710939704091e-01 -3.731780939369855332e-01 -3.740838175669978227e-01 -3.740840094436634899e-01 -3.740842006858429158e-01 -3.740842006885714000e-01 
       110  0.000000000000000000e+00  2.418713777261700670e-01  3.694943188376100807e-01  3.686072301164813325e-01  3.686070421831573185e-01  3.686068548717003068e-01  3.686068548687444490e-01 
       111  0.000000000000000000e+00 -5.644592951227878075e-02  1.138588816477067667e+00  1.137808634690713916e+00  1.137808469419155699e+00  1.137808304694431172e+00  1.137808304691930061e+00 
       112  0.000000000000000000e+00 -3.746785170411612853e-01  1.867179733332022806e+00  1.866585782604374799e+00  1.866585656817733252e+00  1.866585531446844470e+00  1.866585531445025481e+00 
       113  0.000000000000000000e+00 -6.783364053162586060e-01  2.476360797873098818e+00  2.476014260166607528e+00  2.476014186843144671e+00  2.476014113762175839e+00  2.476014113761152657e+00 
       114  0.000000000000000000e+00 -9.437623700073345390e-01  2.883406648265122385e+00  2.883343270106422551e+00  2.883343256832631596e+00  2.883343243602439543e+00  2.883343243602212169e+00 
       115  0.000000000000000000e+00 -1.153539973054762413e+00  3.019944416779651419e+00  3.020170060647956234e+00  3.020170108673767118e+00  3.020170156540586959e+00  3.020170156540928019e+00 
       116  0.000000000000000000e+00 -1.289734526613926846e+00  2.850449178834935537e+00  2.850938809016099640e+00  2.850938913037794009e+00  2.850939016714960417e+00  2.850939016716552032e+00 
       117  0.000000000000000000e+00 -1.330479222859594302e+00  2.383782586001245818e+00  2.384482846788444022e+00  2.384482995494352053e+00  2.384483143708223452e+00  2.384483143710667719e+00 
       118  0.000000000000000000e+00 -1.254096112194588386e+00  1.672317128886845694e+00  1.673152226642628193e+00  1.673152403960500578e+00  1.673152580692089941e+00  1.673152580694818425e+00 
       119  0.000000000000000000e+00 -1.050247377231130486e+00  7.986089124055411048e-01  7.994891141817674907e-01  7.994893010810528722e-01  7.994894873624502907e-01  7.994894873652924616e-01 
       120  0.000000000000000000e+00 -7.292912533353046456e-01 -1.412956004301690882e-01 -1.404638416719308225e-01 -1.404636650314046165e-01 -1.404634889752287563e-01 -1.404634889726708025e-01 
       121  0.000000000000000000e+00 -3.220147867505147588e-01 -1.049116544675371188e+00 -1.048420005613763806e+00 -1.048419857637725272e+00 -1.048419710151392792e+00 -1.048419710149232742e+00 
       122  0.000000000000000000e+00  1.274452289140981520e-01 -1.831495370886955243e+00 -1.831004224420325954e+00 -1.831004119992940105e+00 -1.831004015911105398e+00 -1.831004015909513782e+00 
       123  0.000000000000000000e+00  5.687354975137850488e-01 -2.408094290781491509e+00 -2.407854148229830571e+00 -2.407854097026017826e+00 -2.407854045991257408e+00 -2.407854045990347913e+00 
       124  0.000000000000000000e+00  9.514462890639379111e-01 -2.719977019347936675e+00 -2.720003773881728648e+00 -2.720003779272701649e+00 -2.720003784645996348e+00 -2.720003784646053191e+00 
       125  0.000000000000000000e+00  1.232115178895924146e+00 -2.734966289987596610e+00 -2.735244394188214301e+00 -2.735244452878305310e+00 -2.735244511374048670e+00 -2.735244511375071852e+00 
       126  0.000000000000000000e+00  1.380758658591730637e+00 -2.450101459164784501e+00 -2.450585905163052303e+00 -2.450586007606716521e+00 -2.450586109711650806e+00 -2.450586109713015048e+00 
       127  0.000000000000000000e+00  1.383582601204011553e+00 -1.893664678562004156e+00 -1.894286538466587899e+00 -1.894286670045232768e+00 -1.894286801189082325e+00 -1.894286801190958158e+00 
       128  0.000000000000000000e+00  1.241148894244531675e+00 -1.126909755603549002e+00 -1.127584714605404770e+00 -1.127584857437057053e+00 -1.127584999796169996e+00 -1.127584999798330045e+00 
       129  0.000000000000000000e+00  9.650034569615399960e-01 -2.421952698144309579e-01 -2.428341863034120252e-01 -2.428343214816663931e-01 -2.428344562130178019e-01 -2.428344562151778518e-01 
       130  0.000000000000000000e+00  5.756048687601378333e-01  6.452282322317159924e-01  6.447080208061493067e-01  6.447079108119169177e-01  6.447078011819371568e-01  6.447078011802886977e-01 
       131  0.000000000000000000e+00  1.023218871442850286e-01  1.411898187234498891e+00  1.411562263434348097e+00  1.411562192531619075e+00  1.411562121863426000e+00  1.411562121862345975e+00 
       132  0.000000000000000000e+00 -4.141810956828066992e-01  1.946240718730962271e+00  1.946129109424759918e+00  1.946129086099574579e+00  1.946129062851468916e+00  1.946129062851241542e+00 
       133  0.000000000000000000e+00 -9.189814659143848985e-01  2.170220942184926116e+00  2.170342941064575371e+00  2.170342967285591840e+00  2.170342993420035782e+00  2.170342993420376843e+00 
       134  0.000000000000000000e+00 -1.345313090582521909e+00  2.054114488203140354e+00  2.054447517137191426e+00  2.054447588114953760e+00  2.054447658857725401e+00  2.054447658858862269e+00 
       135  0.000000000000000000e+00 -1.626710021314295318e+00  1.617605888869434239e+00  1.618098590987983698e+00  1.618098695831804434e+00  1.618098800328766629e+00  1.618098800330471931e+00 
       136  0.000000000000000000e+00 -1.713887533389993223e+00  9.202324212149051164e-01  9.208116003173927311e-01  9.208117235082795560e-01  9.208118462918264413e-01  9.208118462936454307e-01 
       137  0.000000000000000000e+00 -1.585057442450136023e+00  5.128759429840101802e-02  5.186808799095388167e-02  5.186821147441378344e-02  5.186833454899897333e-02  5.186833455093164957e-02 
       138  0.000000000000000000e+00 -1.244265826657567686e+00 -8.756463747456564306e-01 -8.751502067325986900e-01 -8.751501011125242258e-01 -8.751499958419231007e-01 -8.751499958404451718e-01 
       139  0.000000000000000000e+00 -7.137296947659024227e-01 -1.728782730224224906e+00 -1.728445451671575483e+00 -1.728445379722529651e+00 -1.728445308011487214e+00 -1.728445308010407189e+00 
       140  0.000000000000000000e+00 -2.930430508467907202e-02 -2.372344813748213710e+00 -2.372219862112842748e+00 -2.372219835164742108e+00 -2.372219808305771949e+00 -2.372219808305317201e+00 
       141  0.000000000000000000e+00  7.586579766557974835e-01 -2.688854021739416567e+00 -2.688966537544160929e+00 -2.688966560929145544e+00 -2.688966584236595736e+00 -2.688966584236766266e+00 
       142  0.000000000000000000e+00  1.583700328592669848e+00 -2.602105717274810104e+00 -2.602449235346512069e+00 -2.602449307696872438e+00 -2.602449379807978858e+00 -2.602449379809115726e+00 
       143  0.000000000000000000e+00  2.365815524062554687e+00 -2.093100948549135865e+00 -2.093638395903610672e+00 -2.093638509363472622e+00 -2.093638622448679598e+00 -2.093638622450384901e+00 
       144  0.000000000000000000e+00  3.018393960564253575e+00 -1.206176096679314469e+00 -1.206844932858643915e+00 -1.206845074173543253e+00 -1.206845215020905471e+00 -1.206845215023008677e+00 
       145  0.000000000000000000e+00  3.456564153710473875e+00 -4.646551291165224029e-02 -4.718625730072290025e-02 -4.718640962249764925e-02 -4.718656143973021244e-02 -4.718656144211763603e-02 
       146  0.000000000000000000e+00  3.606432477870328057e+00  1.231723421027027143e+00  1.231036513954222755e+00  1.231036368805177972e+00  1.231036224135834800e+00  1.231036224133845280e+00 
       147  0.000000000000000000e+00  3.416924177322016476e+00  2.447112766439090592e+00  2.446540422620728350e+00  2.446540301760478542e+00  2.446540181300179029e+00  2.446540181298246353e+00 
       148  0.000000000000000000e+00  2.872272034598324808e+00  3.420931313258790851e+00  3.420538950925731569e+00  3.420538868228732099e+00  3.420538785804808413e+00  3.420538785803785231e+00 
       149  0.000000000000000000e+00  2.000232656977232182e+00  4.006426156821589757e+00  4.006256022912907611e+00  4.006255987340068714e+00  4.006255951884668320e+00  4.006255951884156730e+00 
       150  0.000000000000000000e+00  8.729817903804359958e-01  4.112390385937658266e+00  4.112457151030923796e+00  4.112457165696469019e+00  4.112457180313583649e+00  4.112457180313811023e+00 
       151  0.000000000000000000e+00 -4.003920271834431333e-01  3.716437509690649676e+00  3.716727807641177606e+00  3.716727869713849941e+00  3.716727931581260691e+00  3.716727931582340716e+00 
       152  0.000000000000000000e+00 -1.689528795975206776e+00  2.865355341559052249e+00  2.865831127229739650e+00  2.865831228643230588e+00  2.865831329720947451e+00  2.865831329722539067e+00 
       153  0.000000000000000000e+00 -2.862926052449495273e+00  1.663955532235775081e+00  1.664560553036835699e+00  1.664560681861473768e+00  1.664560810260070411e+00  1.664560810261946244e+00 
       154  0.000000000000000000e+00 -3.806179611069580915e+00  2.576205986107993340e-01  2.582888284794080391e-01  2.582889707126128087e-01  2.582891124752109135e-01  2.582891124771435898e-01 
       155  0.000000000000000000e+00 -4.433280538068970600e+00 -1.186311781711481217e+00 -1.185647139710965803e+00 -1.185646998236506988e+00 -1.185646857229755824e+00 -1.185646857227766304e+00 
       156  0.000000000000000000e+00 -4.689746368378280295e+00 -2.495757557097306290e+00 -2.495155892523030161e+00 -2.495155764402682053e+00 -2.495155636706670066e+00 -2.495155636704680546e+00 
       157  0.000000000000000000e+00 -4.550872208668636176e+00 -3.510572357608452876e+00 -3.510079453264552285e+00 -3.510079348208535066e+00 -3.510079243499774293e+00 -3.510079243498239521e+00 
       158  0.000000000000000000e+00 -4.021270572522837483e+00 -4.101832562127754045e+00 -4.101477102710873623e+00 -4.101477026802911041e+00 -4.101476951146310057e+00 -4.101476951145116345e+00 
       159  0.000000000000000000e+00 -3.139092130910285050e+00 -4.193936123656044401e+00 -4.193729115534665652e+00 -4.193729071110681161e+00 -4.193729026833807438e+00 -4.193729026833352691e+00 
       160  0.000000000000000000e+00 -1.980518179850605520e+00 -3.782392936195037692e+00 -3.782329719080962604e+00 -3.782329705154552357e+00 -3.782329691274298966e+00 -3.782329691273730532e+00 
       161  0.000000000000000000e+00 -6.558814999945070667e-01 -2.936866896071308020e+00 -2.936931009183297192e+00 -2.936931022265525826e+00 -2.936931035304098714e+00 -2.936931035304326087e+00 
       162  0.000000000000000000e+00  7.047151647914802197e-01 -1.786768364926388131e+00 -1.786936291665710996e+00 -1.786936326771581207e+00 -1.786936361761036096e+00 -1.786936361761604530e+00 
       163  0.000000000000000000e+00  1.969094777207033076e+00 -4.972896262866015604e-01 -4.975354168742001093e-01 -4.975354685016100120e-01 -4.975355199576938503e-01 -4.975355199582622845e-01 
       164  0.000000000000000000e+00  3.019224442155405086e+00  7.575528826168351770e-01  7.572539343754556285e-01  7.572538714662755410e-01  7.572538087652560534e-01  7.572538087644034022e-01 
       165  0.000000000000000000e+00  3.768489910255198083e+00  1.824980269626109930e+00  1.824649396532208812e+00  1.824649326844166808e+00  1.824649257386340651e+00  1.824649257385317469e+00 
       166  0.000000000000000000e+00  4.176813233650307211e+00  2.600863095479610365e+00  2.600517389248295785e+00  2.600517316406182999e+00  2.600517243804858936e+00  2.600517243803835754e+00 
       167  0.000000000000000000e+00  4.251649121343973547e+00  3.040379597473588547e+00  3.040032658653728959e+00  3.040032585542064680e+00  3.040032512672325993e+00  3.040032512671075438e+00 
       168  0.000000000000000000e+00  4.032594004162262991e+00  3.148301983789281167e+00  3.147965385496718227e+00  3.147965314570569717e+00  3.147965243878445563e+00  3.147965243877308694e+00 
       169  0.000000000000000000e+00  3.573658458020929629e+00  2.962570138750550086e+00  2.962255084779542358e+00  2.962255018414793994e+00  2.962254952269177011e+00  2.962254952267983299e+00 
       170  0.000000000000000000e+00  2.935465448361583185e+00  2.543932037659146772e+00  2.543650630235902099e+00  2.543650570999773208e+00  2.543650511959185678e+00  2.543650511958162497e+00 
       171  0.000000000000000000e+00  2.184143719095061442e+00  1.969609064023359224e+00  1.969374755454680326e+00  1.969374706200198943e+00  1.969374657108801330e+00  1.969374657108232896e+00 
       172  0.000000000000000000e+00  1.387168373095732932e+00  1.322737024727757671e+00  1.322564059703040584e+00  1.322564023452628135e+00  1.322563987322041612e+00  1.322563987321302648e+00 
       173  0.000000000000000000e+00  6.057030182532798790e-01  6.786472201666242654e-01  6.785491323547034881e-01  6.785491119790663106e-01  6.785490916702769937e-01  6.785490916701064634e-01 
       174  0.000000000000000000e+00 -1.093824398385550012e-01  9.642443581532234020e-02  9.641189584959874992e-02  9.641189361207125330e-02  9.641189138210393139e-02  9.641189138204708797e-02 
       175  0.000000000000000000e+00 -7.172966932589019962e-01 -3.830361138767557350e-01 -3.829576484593530949e-01 -3.829576314002451909e-01 -3.829576143984922965e-01 -3.829576143979807057e-01 
       176  0.000000000000000000e+00 -1.189130332073887075e+00 -7.385594639024475327e-01 -7.383917879437831289e-01 -7.383917519692886344e-01 -7.383917161138242591e-01 -7.383917161134831986e-01 
       177  0.000000000000000000e+00 -1.513230820007493094e+00 -9.716661689221837150e-01 -9.714195793937960843e-01 -9.714195266867591272e-01 -9.714194741547999001e-01 -9.714194741538904054e-01 
       178  0.000000000000000000e+00 -1.699395913245325573e+00 -1.106921047075161368e+00 -1.106614442060390502e+00 -1.106614376628840546e+00 -1.106614311413181895e+00 -1.106614311412272400e+00 
       179  0.000000000000000000e+00 -1.776615081131922125e+00 -1.185297259076037335e+00 -1.184956910438359046e+00 -1.184956837852269018e+00 -1.184956765506058218e+00 -1.184956765505035037e+00 
       180  0.000000000000000000e+00 -1.782481827233482363e+00 -1.249654859656402550e+00 -1.249311909062498671e+00 -1.249311835924686420e+00 -1.249311763028572386e+00 -1.249311763027435518e+00 
       181  0.000000000000000000e+00 -1.748215770385286305e+00 -1.327144422916262556e+00 -1.326831380283010731e+00 -1.326831313485513419e+00 -1.326831246909705442e+00 -1.326831246908682260e+00 
       182  0.000000000000000000e+00 -1.687551010458378187e+00 -1.417405473514463665e+00 -1.417152191985906029e+00 -1.417152137858920469e+00 -1.417152083911219052e+00 -1.417152083910195870e+00 
       183  0.000000000000000000e+00 -1.595854185530924951e+00 -1.493159662087577999e+00 -1.492989388506885007e+00 -1.492989351977826118e+00 -1.492989315569843711e+00 -1.492989315568934217e+00 
       184  0.000000000000000000e+00 -1.459435563258466573e+00 -1.512964349108756323e+00 -1.512890477124301469e+00 -1.512890461032498024e+00 -1.512890444994241079e+00 -1.512890444994127392e+00 
       185  0.000000000000000000e+00 -1.268799792311938290e+00 -1.439264509158533656e+00 -1.439288583297184232e+00 -1.439288587971759625e+00 -1.439288592630646235e+00 -1.439288592630759922e+00 
       186  0.000000000000000000e+00 -1.027615481133807407e+00 -1.252611674858940205e+00 -1.252723017334915312e+00 -1.252723040512137231e+00 -1.252723063613188970e+00 -1.252723063613643717e+00 
       187  0.000000000000000000e+00 -7.540251172887337816e-01 -9.576385355494494434e-01 -9.578156216829256664e-01 -9.578156588017918693e-01 -9.578156957981036612e-01 -9.578156957984447217e-01 
       188  0.000000000000000000e+00 -4.769650474629543169e-01 -5.825156881950306342e-01 -5.827291232816378397e-01 -5.827291681115411848e-01 -5.827292127933105803e-01 -5.827292127937653277e-01 
       189  0.000000000000000000e+00 -2.291828902651786848e-01 -1.729200522278233620e-01 -1.731367496553275487e-01 -1.731367951820175222e-01 -1.731368405588682435e-01 -1.731368405596640514e-01 
       190  0.000000000000000000e+00 -3.627634054907957761e-02  2.204014019828264281e-01  2.202134322609481387e-01  2.202133928184366596e-01  2.202133535059829228e-01  2.202133535053008018e-01 
       191  0.000000000000000000e+00  9.343188952436776162e-02  5.554421365656025955e-01  5.553090790797341469e-01  5.553090512736389428e-01  5.553090235595163904e-01  5.553090235590616430e-01 
       192  0.000000000000000000e+00  1.691284267319588253e-01  8.044537074905520058e-01  8.043919969358057642e-01  8.043919842513105323e-01  8.043919716074015014e-01  8.043919716074015014e-01 
       193  0.000000000000000000e+00  2.079214543517764469e-01  9.504017791134629078e-01  9.504155081597218668e-01  9.504155114658487946e-01  9.504155147603796649e-01  9.504155147600386044e-01 
       194  0.000000000000000000e+00  2.260357161233059742e-01  9.838890598556417899e-01  9.839691271868105105e-01  9.839691445556582039e-01  9.839691618672077311e-01  9.839691618670940443e-01 
       195  0.000000000000000000e+00  2.372358777789713713e-01  9.062126392916525219e-01  9.063378081651762841e-01  9.063378350964512720e-01  9.063378619382547186e-01  9.063378619389368396e-01 
       196  0.000000000000000000e+00  2.534328479542864443e-01  7.327644373953035029e-01  7.329042113914283618e-01  7.329042414182822540e-01  7.329042713458875369e-01  7.329042713463422842e-01 
       197  0.000000000000000000e+00  2.816524356484251257e-01  4.905528570415071954e-01  4.906718357032104905e-01  4.906718613207203816e-01  4.906718868542156997e-01  4.906718868545567602e-01 
       198  0.000000000000000000e+00  3.193127279106420247e-01  2.116804285426496790e-01  2.117435978165076449e-01  2.117436115998998503e-01  2.117436253372488864e-01  2.117436253377036337e-01 
       199  0.000000000000000000e+00  3.542243388388897074e-01 -7.062778841975614341e-02 -7.064952161647397588e-02 -7.064952583868944203e-02 -7.064953004760354816e-02 -7.064953004737617448e-02 
       200  0.000000000000000000e+00  3.718551665352833879e-01 -3.204606024248732865e-01 -3.205853859408307471e-01 -3.205854120204776336e-01 -3.205854380132677761e-01 -3.205854380136088366e-01 
       201  0.000000000000000000e+00  3.643070125172016560e-01 -4.970140597600902765e-01 -4.972453064431192615e-01 -4.972453551079070166e-01 -4.972454036106910280e-01 -4.972454036110320885e-01 
       202  0.000000000000000000e+00  3.327051199638617618e-01 -5.592223215370495382e-01 -5.595467516260441698e-01 -5.595468200627919941e-01 -5.595468882739851324e-01 -5.595468882750083139e-01 
       203  0.000000000000000000e+00  2.814013964385821964e-01 -4.779280632540121587e-01 -4.783159637241851669e-01 -4.783160456372570479e-01 -4.783161272796405683e-01 -4.783161272810048104e-01 
       204  0.000000000000000000e+00  2.101446316453348118e-01 -2.485626044135642587e-01 -2.489704135711008348e-01 -2.489704997263970654e-01 -2.489705855966803938e-01 -2.489705855978172622e-01 
       205  0.000000000000000000e+00  1.112137819616236811e-01  1.034034956312552822e-01  1.030284766728755130e-01  1.030283974483836573e-01  1.030283184857125889e-01  1.030283184842346600e-01 
       206  0.000000000000000000e+00 -2.587378301154785731e-02  5.273518564998767033e-01  5.270651206039929093e-01  5.270650600770068195e-01  5.270649997494274430e-01  5.270649997486316352e-01 
       207  0.000000000000000000e+00 -2.053628211750719856e-01  9.596382956989373270e-01  9.594908962977797273e-01  9.594908652928779702e-01  9.594908343916586091e-01  9.594908343907491144e-01 
       208  0.000000000000000000e+00 -4.191715945139549149e-01  1.335543491329190147e+00  1.335574821282648372e+00  1.335574828154108218e+00  1.335574835004422312e+00  1.335574835004422312e+00 
       209  0.000000000000000000e+00 -6.485611113074583045e-01  1.595640401054424728e+00  1.595871937028277898e+00  1.595871986333008863e+00  1.595872035474485529e+00  1.595872035475053963e+00 
       210  0.000000000000000000e+00 -8.707690042280091802e-01  1.688499289900846634e+00  1.688930185092885949e+00  1.688930276653650253e+00  1.688930367911325447e+00  1.688930367912576003e+00 
       211  0.000000000000000000e+00 -1.063662901279144535e+00  1.575593203087464644e+00  1.576198423094865575e+00  1.576198551607149057e+00  1.576198679694925886e+00  1.576198679696517502e+00 
       212  0.000000000000000000e+00 -1.206684773844244773e+00  1.238963376771835101e+00  1.239694785770325325e+00  1.239694941034599651e+00  1.239695095784099976e+00  1.239695095786487400e+00 
       213  0.000000000000000000e+00 -1.281746409542051879e+00  6.868623703917364764e-01  6.876528182879155793e-01  6.876529860702476071e-01  6.876531532976741801e-01  6.876531532999479168e-01 
       214  0.000000000000000000e+00 -1.274323273001641610e+00 -4.381611357791825867e-02 -4.304603715274879505e-02 -4.304587368619650078e-02 -4.304571076136198826e-02 -4.304571075851981732e-02 
       215  0.000000000000000000e+00 -1.172814450190344360e+00 -8.870351108951126662e-01 -8.863683556967316690e-01 -8.863682141349045196e-01 -8.863680730414671416e-01 -8.863680730387386575e-01 
       216  0.000000000000000000e+00 -9.687087014679036656e-01 -1.751833437644791047e+00 -1.751346803362935134e+00 -1.751346699993632683e+00 -1.751346596966868674e+00 -1.751346596965504432e+00 
       217  0.000000000000000000e+00 -6.599565842749370859e-01 -2.533463397271248141e+00 -2.533218060440049157e+00 -2.533218008244034536e+00 -2.533217956220596534e+00 -2.533217956219914413e+00 
       218  0.000000000000000000e+00 -2.552566315484909865e-01 -3.128478196276319068e+00 -3.128511679897997055e+00 -3.128511686841420669e+00 -3.128511693762220602e+00 -3.128511693762334289e+00 
       219  0.000000000000000000e+00  2.237809670448314137e-01 -3.449615431734514459e+00 -3.449936123135898924e+00 -3.449936191008646347e+00 -3.449936258656066457e+00 -3.449936258657203325e+00 
       220  0.000000000000000000e+00  7.450272611403079281e-01 -3.436578348066973376e+00 -3.437163391487729314e+00 -3.437163515450606610e+00 -3.437163639004324978e+00 -3.437163639006371341e+00 
       221  0.000000000000000000e+00  1.273278335734175926e+00 -3.060560769724133934e+00 -3.061357749899912051e+00 -3.061357918846624671e+00 -3.061358087234339109e+00 -3.061358087236612846e+00 
       222  0.000000000000000000e+00  1.776781818696349546e+00 -2.326830317418171035e+00 -2.327762657948596825e+00 -2.327762855643413786e+00 -2.327763052683394562e+00 -2.327763052686464107e+00 
       223  0.000000000000000000e+00  2.224898246755060427e+00 -1.281903438405038287e+00 -1.282878929855996830e+00 -1.282879136744895732e+00 -1.282879342949740931e+00 -1.282879342952696788e+00 
       224  0.000000000000000000e+00  2.578558781030551472e+00 -2.270977943601337756e-02 -2.363120156246623083e-02 -2.363139702822536492e-02 -2.363159184676533187e-02 -2.363159185017593700e-02 
       225  0.000000000000000000e+00  2.786488340968389821e+00  1.305496479881071537e+00  1.304719998222935828e+00  1.304719833457738787e+00  1.304719669236533264e+00  1.304719669233804780e+00 
       226  0.000000000000000000e+00  2.798117858973114380e+00  2.532898010232088382e+00  2.532340385249653991e+00  2.532340266863798206e+00  2.532340148871412566e+00  2.532340148869366203e+00 
       227  0.000000000000000000e+00  2.587157292330630298e+00  3.503249007016506766e+00  3.502958761055538162e+00  3.502958699348823757e+00  3.502958637845381418e+00  3.502958637844130863e+00 
       228  0.000000000000000000e+00  2.166800847670060648e+00  4.105459014075222512e+00  4.105454128402129754e+00  4.105454127192729175e+00  4.105454125987307634e+00  4.105454125987193947e+00 
       229  0.000000000000000000e+00  1.585362487011707344e+00  4.285163246568799877e+00  4.285429972320798697e+00  4.285430028700147886e+00  4.285430084892254854e+00  4.285430084893278035e+00 
       230  0.000000000000000000e+00  9.085991493457186152e-01  4.040246286037358914e+00  4.040742018678201930e+00  4.040742123616837489e+00  4.040742228209182940e+00  4.040742228210660869e+00 
       231  0.000000000000000000e+00  2.014477293182608264e-01  3.411077377906622132e+00  3.411737120770908405e+00  3.411737260492373025e+00  3.411737399752382771e+00  3.411737399754656508e+00 
       232  0.000000000000000000e+00 -4.833516632445480354e-01  2.471596185558610159e+00  2.472341617752476850e+00  2.472341775654058438e+00  2.472341933034272188e+00  2.472341933037000672e+00 
       233  0.000000000000000000e+00 -1.108553594707700540e+00  1.321972405947576590e+00  1.322722208333743765e+00  1.322722367175629188e+00  1.322722525492963541e+00  1.322722525495350965e+00 
       234  0.000000000000000000e+00 -1.649024379049706113e+00  8.195926023643096414e-02  8.263920049125772493e-02  8.263934453543697600e-02  8.263948810258625599e-02  8.263948810440524539e-02 
       235  0.000000000000000000e+00 -2.084035141125127666e+00 -1.115935346053674948e+00 -1.115383983924061795e+00 -1.115383867128571183e+00 -1.115383750719047384e+00 -1.115383750717114708e+00 
       236  0.000000000000000000e+00 -2.390263176599773942e+00 -2.136255662904773089e+00 -2.135870411338601116e+00 -2.135870329750900964e+00 -2.135870248433434426e+00 -2.135870248431501750e+00 
       237  0.000000000000000000e+00 -2.542415481070293026e+00 -2.857674537263733328e+00 -2.857469471371928194e+00 -2.857469427979708598e+00 -2.857469384731075479e+00 -2.857469384730734419e+00 
       238  0.000000000000000000e+00 -2.523640515716124355e+00 -3.196947701283534116e+00 -3.196914631404752072e+00 -3.196914624475425626e+00 -3.196914617569063921e+00 -3.196914617569291295e+00 
       239  0.000000000000000000e+00 -2.339003357346086887e+00 -3.130956351303325391e+00 -3.131069009538805403e+00 -3.131069033506491905e+00 -3.131069057394938682e+00 -3.131069057395166055e+00 
       240  0.000000000000000000e+00 -2.021702408250234839e+00 -2.705278229593091055e+00 -2.705498535613855893e+00 -2.705498582406221431e+00 -2.705498629044541303e+00 -2.705498629044768677e+00 
       241  0.000000000000000000e+00 -1.627104352999026560e+00 -2.024141366148683119e+00 -2.024426587438824754e+00 -2.024426647998666340e+00 -2.024426708357509597e+00 -2.024426708358873839e+00 
       242  0.000000000000000000e+00 -1.217299451907592811e+00 -1.225274831374690621e+00 -1.225584393502572311e+00 -1.225584459227434309e+00 -1.225584524734813385e+00 -1.225584524735836567e+00 
       243  0.000000000000000000e+00 -8.417764557148075255e-01 -4.469555976781975914e-01 -4.472564534374896539e-01 -4.472565173217617485e-01 -4.472565809943489512e-01 -4.472565809955995064e-01 
       244  0.000000000000000000e+00 -5.214615111053717555e-01  2.032052493814262562e-01  2.029354508357528175e-01  2.029353935307653956e-01  2.029353364149528716e-01  2.029353364139296900e-01 
       245  0.000000000000000000e+00 -2.455726117437961875e-01  6.657673571455688943e-01  6.655396117399732248e-01  6.655395633439411540e-01  6.655395151082075245e-01  6.655395151079801508e-01 
       246  0.000000000000000000e+00  1.549301846580419806e-02  9.277127948677161839e-01  9.275284233307274917e-01  9.275283841219561509e-01  9.275283450430151788e-01  9.275283450423330578e-01 
       247  0.000000000000000000e+00  2.914975587209482910e-01  1.009943722350044482e+00  1.009797784423426492e+00  1.009797753352245309e+00  1.009797722384291774e+00  1.009797722383382279e+00 
       248  0.000000000000000000e+00  6.017449795816673941e-01  9.569347394153737696e-01  9.568202749341025992e-01  9.568202505231511168e-01  9.568202261934857233e-01  9.568202261931446628e-01 
       249  0.000000000000000000e+00  9.545952500710654931e-01  8.307175931652182044e-01  8.306296600077303083e-01  8.306296412092706305e-01  8.306296224719744714e-01  8.306296224722018451e-01 
       250  0.000000000000000000e+00  1.347979258338568798e+00  7.011432630755507489e-01  7.010818230556878916e-01  7.010818098598292636e-01  7.010817967080811286e-01  7.010817967073990076e-01 
       251  0.000000000000000000e+00  1.765553815107637092e+00  6.289469457781251549e-01  6.289179194893677050e-01  6.289179131537139256e-01  6.289179068386374638e-01  6.289179068381827165e-01 
       252  0.000000000000000000e+00  2.174582445199462200e+00  6.500772976821735938e-01  6.500915179427693147e-01  6.500915207669777374e-01  6.500915235804995973e-01  6.500915235812954052e-01 
       253  0.000000000000000000e+00  2.531643081410834384e+00  7.698397959046587857e-01  7.699100587399243523e-01  7.699100734392914092e-01  7.699100880896594390e-01  7.699100880900004995e-01 
       254  0.000000000000000000e+00  2.790580702746069619e+00  9.633514749798450794e-01  9.634883249973427155e-01  9.634883538114991097e-01  9.634883825292490656e-01  9.634883825294764392e-01 
       255  0.000000000000000000e+00  2.904849358831484096e+00  1.175772192102158442e+00  1.175979396387447196e+00  1.175979440117771446e+00  1.175979483703827100e+00  1.175979483704281847e+00 
       256  0.000000000000000000e+00  2.829411762848849321e+00  1.327784297761354537e+00  1.328055090722955356e+00  1.328055147938698610e+00  1.328055204965608027e+00  1.328055204966972269e+00 
       257  0.000000000000000000e+00  2.532344180055702054e+00  1.335678435008503584e+00  1.335993522066473815e+00  1.335993588680594257e+00  1.335993655073252739e+00  1.335993655074389608e+00 
       258  0.000000000000000000e+00  2.011746667857551074e+00  1.139892126031782027e+00  1.140220126050394356e+00  1.140220195409369808e+00  1.140220264538243100e+00  1.140220264539266282e+00 
       259  0.000000000000000000e+00  1.303208796382250512e+00  7.248563902049909302e-01  7.251569277995031371e-01  7.251569913440789605e-01  7.251570546787888816e-01  7.251570546794710026e-01 
       260  0.000000000000000000e+00  4.733071068984600061e-01  1.230543828132795170e-01  1.232835004449270855e-01  1.232835488557384451e-01  1.232835971052281820e-01  1.232835971062513636e-01 
       261  0.000000000000000000e+00 -3.926186164072760221e-01 -5.906893324133761780e-01 -5.905722785543048303e-01 -5.905722538966529100e-01 -5.905722293201733919e-01 -5.905722293206281392e-01 
       262  0.000000000000000000e+00 -1.202255791339212010e+00 -1.309943855134633850e+00 -1.309969015701199169e+00 -1.309969021189431260e+00 -1.309969026660269265e+00 -1.309969026660610325e+00 
       263  0.000000000000000000e+00 -1.870048545560507591e+00 -1.915068215020369280e+00 -1.915249124945034964e+00 -1.915249163451449022e+00 -1.915249201831215942e+00 -1.915249201831557002e+00 
       264  0.000000000000000000e+00 -2.334730720612014920e+00 -2.300156661572714256e+00 -2.300486391429444666e+00 -2.300486461486684675e+00 -2.300486531311207727e+00 -2.300486531312003535e+00 
       265  0.000000000000000000e+00 -2.573311072846763636e+00 -2.399134505262850325e+00 -2.399584930962646467e+00 -2.399585026608406224e+00 -2.399585121937207077e+00 -2.399585121938457632e+00 
       266  0.000000000000000000e+00 -2.601017308585255705e+00 -2.197810419281267968e+00 -2.198334900590111829e+00 -2.198335011937388117e+00 -2.198335122917228546e+00 -2.198335122918820161e+00 
       267  0.000000000000000000e+00 -2.456919553158968483e+00 -1.728838234434533661e+00 -1.729377367238498664e+00 -1.729377481695451024e+00 -1.729377595774622023e+00 -1.729377595776327325e+00 
       268  0.000000000000000000e+00 -2.186439247600560520e+00 -1.058592390803482886e+00 -1.059081929677518019e+00 -1.059082033625031727e+00 -1.059082137229893306e+00 -1.059082137231257548e+00 
       269  0.000000000000000000e+00 -1.831306671615266168e+00 -2.754129931666966513e-01 -2.757926491349280695e-01 -2.757927297925562016e-01 -2.757928101823381439e-01 -2.757928101833613255e-01 
       270  0.000000000000000000e+00 -1.428475083949479085e+00  5.189974656082085858e-01  5.187757808263313564e-01  5.187757336565255173e-01  5.187756866421295854e-01  5.187756866406516565e-01 
       271  0.000000000000000000e+00 -1.013615749199402671e+00  1.217794655251282165e+00  1.217760420699619317e+00  1.217760413266205433e+00  1.217760405857120531e+00  1.217760405857347905e+00 
       272  0.000000000000000000e+00 -6.235761561138133402e-01  1.719903765990466127e+00  1.720064178739562522e+00  1.720064212571401185e+00  1.720064246291372001e+00  1.720064246291940435e+00 
       273  0.000000000000000000e+00 -2.922019142247336276e-01  1.946389134694413769e+00  1.946728555103163671e+00  1.946728626886965685e+00  1.946728698433048521e+00  1.946728698434071703e+00 
       274  0.000000000000000000e+00 -3.912178094526552741e-02  1.860281287852899368e+00  1.860763656965104929e+00  1.860763759058954747e+00  1.860763860815382031e+00  1.860763860816973647e+00 
       275  0.000000000000000000e+00  1.401999428202316267e-01  1.480150196144336405e+00  1.480723854995176225e+00  1.480723976449439760e+00  1.480724097502502445e+00  1.480724097504548809e+00 
       276  0.000000000000000000e+00  2.743778674769146164e-01  8.784725559172557041e-01  8.790766432728105428e-01  8.790767711871012580e-01  8.790768986774537552e-01  8.790768986793864315e-01 
       277  0.000000000000000000e+00  4.049788450594178357e-01  1.646607227579579558e-01  1.652322534231416284e-01  1.652323744444856857e-01  1.652324950653110136e-01  1.652324950672436898e-01 
       278  0.000000000000000000e+00  5.683867255290806497e-01 -5.417170387131591269e-01 -5.412362504812335828e-01 -5.412361486895633789e-01 -5.412360472353157093e-01 -5.412360472336104067e-01 
       279  0.000000000000000000e+00  7.768581253944830678e-01 -1.139719840119028049e+00 -1.139377110709006047e+00 -1.139377038180441559e+00 -1.139376965890619431e+00 -1.139376965890050997e+00 
       280  0.000000000000000000e+00  1.008962346585803971e+00 -1.566298839167757251e+00 -1.566125939090511565e+00 -1.566125902560770555e+00 -1.566125866151651280e+00 -1.566125866151423907e+00 
       281  0.000000000000000000e+00  1.217630487011774676e+00 -1.796914031237633935e+00 -1.796924285322120340e+00 -1.796924287617457594e+00 -1.796924289904040961e+00 -1.796924289903927274e+00 
       282  0.000000000000000000e+00  1.350978987304529255e+00 -1.831797033961720444e+00 -1.831984425090013247e+00 -1.831984464931792900e+00 -1.831984504642605316e+00 -1.831984504643401124e+00 
       283  0.000000000000000000e+00  1.372365921667096700e+00 -1.681060171391891345e+00 -1.681400504022462883e+00 -1.681400576280566384e+00 -1.681400648300837020e+00 -1.681400648301632827e+00 
       284  0.000000000000000000e+00  1.271160455288054436e+00 -1.356888574491222244e+00 -1.357342561944392401e+00 -1.357342658288189341e+00 -1.357342754312867328e+00 -1.357342754314572630e+00 
       285  0.000000000000000000e+00  1.062053981242229383e+00 -8.747182777741500104e-01 -8.752362125608215138e-01 -8.752363224507462292e-01 -8.752364319769867507e-01 -8.752364319786920532e-01 
       286  0.000000000000000000e+00  7.742046853667261530e-01 -2.619136015470076018e-01 -2.624410776778631771e-01 -2.624411895798175465e-01 -2.624413011109254512e-01 -2.624413011122896933e-01 
       287  0.000000000000000000e+00  4.370052322493620522e-01  4.328513656969334988e-01  4.323673501926350582e-01  4.323672475153443884e-01  4.323671451772952423e-01  4.323671451757036266e-01 
       288  0.000000000000000000e+00  7.075113778671493492e-02  1.137492158245663632e+00  1.137097449110797243e+00  1.137097365375211666e+00  1.137097281917704095e+00  1.137097281916794600e+00 
       289  0.000000000000000000e+00 -3.145148425938941728e-01  1.764331257722687951e+00  1.764059831392501110e+00  1.764059773801818665e+00  1.764059716402357481e+00  1.764059716401789046e+00 
       290  0.000000000000000000e+00 -7.134157277534995956e-01  2.225454336294433233e+00  2.225325173281817115e+00  2.225325145858846554e+00  2.225325118527280210e+00  2.225325118526939150e+00 
       291  0.000000000000000000e+00 -1.116505501698952685e+00  2.450879444138763574e+00  2.450895315523553109e+00  2.450895318855259575e+00  2.450895322176165791e+00  2.450895322176052105e+00 
       292  0.000000000000000000e+00 -1.502465975945710852e+00  2.404318528242697539e+00  2.404466757632576446e+00  2.404466789031403096e+00  2.404466820326433663e+00  2.404466820326206289e+00 
       293  0.000000000000000000e+00 -1.835180881578935441e+00  2.091624582027748147e+00  2.091879580600902955e+00  2.091879634640918084e+00  2.091879688503240686e+00  2.091879688503809120e+00 
       294  0.000000000000000000e+00 -2.068389284142654105e+00  1.558600309722237398e+00  1.558927458454149928e+00  1.558927527796754475e+00  1.558927596909711610e+00  1.558927596911189539e+00 
       295  0.000000000000000000e+00 -2.156787083542099026e+00  8.791090558875112038e-01  8.794693587664141887e-01  8.794694351419138911e-01  8.794695112652561875e-01  8.794695112660519953e-01 
       296  0.000000000000000000e+00 -2.069303433559639416e+00  1.380095418412565778e-01  1.383644138160207149e-01  1.383644890413506801e-01  1.383645640182749048e-01  1.383645640199802074e-01 
       297  0.000000000000000000e+00 -1.799665583804312519e+00 -5.855851671595928565e-01 -5.852695829956928719e-01 -5.852695161034944249e-01 -5.852694494321895036e-01 -5.852694494312800089e-01 
       298  0.000000000000000000e+00 -1.369713275596836866e+00 -1.229334059813936619e+00 -1.229083543198498774e+00 -1.229083490111975152e+00 -1.229083437200756634e+00 -1.229083437200188200e+00 
       299  0.000000000000000000e+00 -8.235672902824262565e-01 -1.750142951880775399e+00 -1.749973159176079207e+00 -1.749973123220911475e+00 -1.749973087383636994e+00 -1.749973087383409620e+00 
       300  0.000000000000000000e+00 -2.150518236931020510e-01 -2.119588431928832506e+00 -2.119504296351806261e+00 -2.119504278576414436e+00 -2.119504260859116584e+00 -2.119504260858889211e+00 
       301  0.000000000000000000e+00  4.059245267186497585e-01 -2.317232483313091507e+00 -2.317229011165636621e+00 -2.317229010510345688e+00 -2.317229009856646371e+00 -2.317229009856987432e+00 
       302  0.000000000000000000e+00  1.001220692148081071e+00 -2.328057772848296736e+00 -2.328122009866547160e+00 -2.328122023578657718e+00 -2.328122037244952480e+00 -2.328122037245634601e+00 
       303  0.000000000000000000e+00  1.543746539836092779e+00 -2.146447841866802264e+00 -2.146561644558687476e+00 -2.146561668780236687e+00 -2.146561692921864051e+00 -2.146561692922432485e+00 
       304  0.000000000000000000e+00  2.012246297999581657e+00 -1.782474447371100723e+00 -1.782617605990253651e+00 -1.782617636424788543e+00 -1.782617666758255837e+00 -1.782617666759165331e+00 
       305  0.000000000000000000e+00  2.386321106270543169e+00 -1.265797499061818598e+00 -1.265950732866713224e+00 -1.265950765414686430e+00 -1.265950797855225574e+00 -1.265950797856135068e+00 
       306  0.000000000000000000e+00  2.642484333704942401e+00 -6.466491368335027801e-01 -6.467965247596794143e-01 -6.467965560397033187e-01 -6.467965872162722007e-01 -6.467965872168406349e-01 
       307  0.000000000000000000e+00  2.753315506315630046e+00  7.685312188641546527e-03  7.554793181952845771e-03  7.554765508643868088e-03  7.554737926284360583e-03  7.554737926170673745e-03 
       308  0.000000000000000000e+00  2.693873633945486290e+00  6.243934369300632170e-01  6.242854299931650530e-01  6.242854071193733034e-01  6.242853843208422404e-01  6.242853843203874931e-01 
       309  0.000000000000000000e+00  2.452927597331381548e+00  1.141471133136519711e+00  1.141386446288152001e+00  1.141386428378154960e+00  1.141386410527502449e+00  1.141386410527275075e+00 
       310  0.000000000000000000e+00  2.039949628468207266e+00  1.519084407827563155e+00  1.519020365224491798e+00  1.519020351703034066e+00  1.519020338226596323e+00  1.519020338226027889e+00 
       311  0.000000000000000000e+00  1.483493363401294118e+00  1.741026685272458963e+00  1.740978917052075303e+00  1.740978906983514207e+00  1.740978896948377042e+00  1.740978896948490728e+00 
       312  0.000000000000000000e+00  8.258241381709012785e-01  1.810896538185602367e+00  1.810860769495434397e+00  1.810860761966750943e+00  1.810860754462396471e+00  1.810860754462169098e+00 
       313  0.000000000000000000e+00  1.200948020667738092e-01  1.749420938593402752e+00  1.749394362279417692e+00  1.749394356688299013e+00  1.749394351115824975e+00  1.749394351116279722e+00 
       314  0.000000000000000000e+00 -5.718004503825113716e-01  1.591528841019794527e+00  1.591510774480070722e+00  1.591510770678951303e+00  1.591510766889769002e+00  1.591510766889541628e+00 
       315  0.000000000000000000e+00 -1.187898566462536110e+00  1.376651040959700367e+00  1.376642750435507878e+00  1.376642748689164364e+00  1.376642746948505192e+00  1.376642746948732565e+00 
       316  0.000000000000000000e+00 -1.680573078484258076e+00  1.133736221886351814e+00  1.133740005221625324e+00  1.133740006016182633e+00  1.133740006808352518e+00  1.133740006808125145e+00 
       317  0.000000000000000000e+00 -2.027002291898384101e+00  8.711694907023002088e-01  8.711872951885197836e-01  8.711872989366611364e-01  8.711873026720695634e-01  8.711873026721832503e-01 
       318  0.000000000000000000e+00 -2.230182766504981373e+00  5.772983912198696999e-01  5.773303647450802600e-01  5.773303714775011031e-01  5.773303781872982654e-01  5.773303781876393259e-01 
       319  0.000000000000000000e+00 -2.311497561232386033e+00  2.303475708212090467e-01  2.303909744324528219e-01  2.303909835682134144e-01  2.303909926737333080e-01  2.303909926739606817e-01 
       320  0.000000000000000000e+00 -2.296103184207254344e+00 -1.841277464973245515e-01 -1.840789077394902051e-01 -1.840788974714087090e-01 -1.840788872372058904e-01 -1.840788872369785167e-01 
       321  0.000000000000000000e+00 -2.196122442555747512e+00 -6.540868232621050993e-01 -6.540412545060689808e-01 -6.540412449508039572e-01 -6.540412354275986218e-01 -6.540412354271438744e-01 
       322  0.000000000000000000e+00 -2.003362417578728127e+00 -1.132782758706753157e+00 -1.132750433768137555e+00 -1.132750427040264185e+00 -1.132750420335241870e+00 -1.132750420335014496e+00 
       323  0.000000000000000000e+00 -1.698339293210665346e+00 -1.548987402857619600e+00 -1.548977467216104742e+00 -1.548977465254893104e+00 -1.548977463299934243e+00 -1.548977463299706869e+00 
       324  0.000000000000000000e+00 -1.268774849061969690e+00 -1.829141904126004192e+00 -1.829160336620248017e+00 -1.829160340691032616e+00 -1.829160344748061107e+00 -1.829160344748174793e+00 
       325  0.000000000000000000e+00 -7.256989315641249050e-01 -1.919354072594956051e+00 -1.919401607839176904e+00 -1.919401618095889717e+00 -1.919401628318723851e+00 -1.919401628318837538e+00 
       326  0.000000000000000000e+00 -1.089217656618757246e-01 -1.798297062460846973e+00 -1.798367862101713399e+00 -1.798367877303917339e+00 -1.798367892455416950e+00 -1.798367892455871697e+00 
       327  0.000000000000000000e+00  5.213379252849108525e-01 -1.476736020456087317e+00 -1.476817471757158273e+00 -1.476817489226618818e+00 -1.476817506638667510e+00 -1.476817506638894884e+00 
       328  0.000000000000000000e+00  1.101049494503854476e+00 -9.880934338129918615e-01 -9.881672702695141197e-01 -9.881672861299648503e-01 -9.881673019381196355e-01 -9.881673019384606960e-01 
       329  0.000000000000000000e+00  1.575503180615669407e+00 -3.805852537994951490e-01 -3.806299650542541713e-01 -3.806299747400316846e-01 -3.806299843942042571e-01 -3.806299843944316308e-01 
       330  0.000000000000000000e+00  1.904035077150638244e+00  2.850621188372315373e-01  2.850678573029199470e-01  2.850678583178023473e-01  2.850678593293878293e-01  2.850678593297288899e-01 
       331  0.000000000000000000e+00  2.060703647200625710e+00  9.372590036693964066e-01  9.373323617564892629e-01  9.373323771181958364e-01  9.373323924294254539e-01  9.373323924296528276e-01 
       332  0.000000000000000000e+00  2.035444635201201891e+00  1.499244676136640919e+00  1.499394794108525275e+00  1.499394825760191452e+00  1.499394857307379425e+00  1.499394857307834172e+00 
       333  0.000000000000000000e+00  1.835863897881722551e+00  1.898662002746618782e+00  1.898886906740926861e+00  1.898886954267481997e+00  1.898887001636694549e+00  1.898887001637604044e+00 
       334  0.000000000000000000e+00  1.487202968179531126e+00  2.077747373475517634e+00  2.078032332864950149e+00  2.078032393143871559e+00  2.078032453223613629e+00  2.078032453224295750e+00 
       335  0.000000000000000000e+00  1.029153200022392411e+00  2.001577685035499599e+00  2.001895500223099589e+00  2.001895567486258187e+00  2.001895634526817958e+00  2.001895634527954826e+00 
       336  0.000000000000000000e+00  5.113532622353886836e-01  1.664654164653256885e+00  1.664967604007301816e+00  1.664967670357327734e+00  1.664967736488051742e+00  1.664967736489188610e+00 
       337  0.000000000000000000e+00 -1.107155194358711015e-02  1.095487559468551808e+00  1.095753818108732958e+00  1.095753874466140587e+00  1.095753930636874429e+00  1.095753930637783924e+00 
       338  0.000000000000000000e+00 -4.826905261295451055e-01  3.568329806410019955e-01  3.570096624662255635e-01  3.570096998366807384e-01  3.570097370840130679e-01  3.570097370844678153e-01 
       339  0.000000000000000000e+00 -8.527011581361421122e-01 -4.586670782077817421e-01 -4.586152863519146194e-01 -4.586152754592376368e-01 -4.586152646025993818e-01 -4.586152646025993818e-01 
       340  0.000000000000000000e+00 -1.077757445409247339e+00 -1.236142589589803720e+00 -1.236237609222143874e+00 -1.236237629459424170e+00 -1.236237649629288171e+00 -1.236237649629629232e+00 
       341  0.000000000000000000e+00 -1.124335239138872566e+00 -1.850834300975520819e+00 -1.851079839655767501e+00 -1.851079891811650668e+00 -1.851079943794502469e+00 -1.851079943795411964e+00 
       342  0.000000000000000000e+00 -9.742584977389014966e-01 -2.187551269536584186e+00 -2.187930470810101724e+00 -2.187930551312319949e+00 -2.187930631548169913e+00 -2.187930631549534155e+00 
       343  0.000000000000000000e+00 -6.336835617452152292e-01 -2.165519021616887585e+00 -2.165995238209234230e+00 -2.165995339289111143e+00 -2.165995440034635067e+00 -2.165995440035999309e+00 
       344  0.000000000000000000e+00 -1.408128121211120742e-01 -1.761271258287933961e+00 -1.761792102576464458e+00 -1.761792213126796014e+00 -1.761792323311055952e+00 -1.761792323312761255e+00 
       345  0.000000000000000000e+00  4.327530448457537204e-01 -1.021699988821978877e+00 -1.022204232860644879e+00 -1.022204339898735270e+00 -1.022204446582691162e+00 -1.022204446584396464e+00 
       346  0.000000000000000000e+00  9.881249295057159543e-01 -6.372380698689994460e-02 -6.415014449180489464e-02 -6.415023501813266193e-02 -6.415032524489561183e-02 -6.415032524637354072e-02 
       347  0.000000000000000000e+00  1.413014556672123945e+00  9.412600507884008039e-01  9.409637888970792119e-01  9.409637259451528735e-01  9.409636632013871349e-01  9.409636632003639534e-01 
       348  0.000000000000000000e+00  1.604515918410697850e+00  1.799509731309512972e+00  1.799378493809399515e+00  1.799378465843005870e+00  1.799378437969153310e+00  1.799378437968584876e+00 
       349  0.000000000000000000e+00  1.496231643876853923e+00  2.337740821994316320e+00  2.337786853144393717e+00  2.337786862760708573e+00  2.337786872345418487e+00  2.337786872345418487e+00 
       350  0.000000000000000000e+00  1.078550747017402500e+00  2.442632836127813789e+00  2.442843844917547358e+00  2.442843889511550515e+00  2.442843933957874469e+00  2.442843933958556590e+00 
       351  0.000000000000000000e+00  4.031247339440824362e-01  2.084423215373021776e+00  2.084764574679638827e+00  2.084764646909889052e+00  2.084764718901624292e+00  2.084764718902761160e+00 
       352  0.000000000000000000e+00 -4.292679766879246017e-01  1.319862047642345715e+00  1.320282672791677214e+00  1.320282761828934781e+00  1.320282850571402378e+00  1.320282850572766620e+00 
       353  0.000000000000000000e+00 -1.291414266129891075e+00  2.773218816919325036e-01  2.777626189101738419e-01  2.777627122127341863e-01  2.777628052069758269e-01  2.777628052083400689e-01 
       354  0.000000000000000000e+00 -2.053391907594459553e+00 -8.679684650682020219e-01 -8.675654019633611824e-01 -8.675653166463916932e-01 -8.675652316115929352e-01 -8.675652316103423800e-01 
       355  0.000000000000000000e+00 -2.598306114221941243e+00 -1.919671032276141887e+00 -1.919353378124128540e+00 -1.919353310913834321e+00 -1.919353243925797869e+00 -1.919353243924774688e+00 
       356  0.000000000000000000e+00 -2.827373207072355399e+00 -2.682025865755463201e+00 -2.681824875826919197e+00 -2.681824833350106019e+00 -2.681824791013809772e+00 -2.681824791013127651e+00 
       357  0.000000000000000000e+00 -2.661642751122599293e+00 -2.981035049700949457e+00 -2.980962300112992125e+00 -2.980962284824840935e+00 -2.980962269587394076e+00 -2.980962269587053015e+00 
       358  0.000000000000000000e+00 -2.049402681923538694e+00 -2.689774094088988932e+00 -2.689821750886608243e+00 -2.689821761126495403e+00 -2.689821771333072320e+00 -2.689821771333072320e+00 
       359  0.000000000000000000e+00 -9.757833163606619564e-01 -1.750457614210745305e+00 -1.750601683549007248e+00 -1.750601714230811012e+00 -1.750601744811206117e+00 -1.750601744811888238e+00 
       360  0.000000000000000000e+00  5.389046756863535848e-01 -1.774864359861112462e-01 -1.776919771363054679e-01 -1.776920208526462375e-01 -1.776920644246047232e-01 -1.776920644254005310e-01 
       361  0.000000000000000000e+00  2.455320058083884760e+00  1.961895946713298144e+00  1.961668873110170352e+00  1.961668824826460877e+00  1.961668776702595096e+00  1.961668776701685601e+00 
       362  0.000000000000000000e+00  4.731294721203880727e+00  4.573024897960408452e+00  4.572815647441416331e+00  4.572815602934156232e+00  4.572815558574006900e+00  4.572815558573211092e+00 
