                    Count                    Target                     Error                Dwell Time           Expected Figure             Sputter Yield              Error in RMS           Target Elements             Unit Elements            Total Elements 
                      171  2.095155192000000170e+03  1.228569170550872514e+01  5.127430843989135610e+04  2.082869500294491445e+03  2.156449999999999911e-06  1.896757008539980749e+00  3.630000000000000000e+02  1.710000000000000000e+02  1.047000000000000000e+03 
                      343  5.064927083999999695e+02  1.322563987321302648e+00  1.275689310998475412e+04  5.051701444126786669e+02  0.000000000000000000e+00 
                      344  5.080939566000000127e+02  6.785490916701064634e-01  1.239784750869783602e+04  5.074154075083299062e+02  0.000000000000000000e+00 
                      345  5.097074725999999600e+02  9.641189138204708797e-02  1.226561007402408177e+04  5.096110607086179130e+02  0.000000000000000000e+00 
                      346  5.113362175999999977e+02 -3.829576143979807057e-01  1.241471243358760694e+04  5.117191752143979784e+02  0.000000000000000000e+00 
                      347  5.129902615999999398e+02 -7.383917161134831986e-01  1.287220333971106811e+04  5.137286533161134230e+02  0.000000000000000000e+00 
                      348  5.146789562999999816e+02 -9.714194741538904054e-01  1.363171583878662932e+04  5.156503757741538720e+02  0.000000000000000000e+00 
                      349  5.164027085000000170e+02 -1.106614311412272400e+00  1.465084881220478201e+04  5.175093228114122894e+02  0.000000000000000000e+00 
                      350  5.181505211999999574e+02 -1.184956765505035037e+00  1.585250416118184330e+04  5.193354779655049924e+02  0.000000000000000000e+00 
                      351  5.199060312999999951e+02 -1.249311763027435518e+00  1.713057050746192544e+04  5.211553430630274306e+02  0.000000000000000000e+00 
                      352  5.216587898999999879e+02 -1.326831246908682260e+00  1.836008130612927198e+04  5.229856211469086702e+02  0.000000000000000000e+00 
                      353  5.234129570000000058e+02 -1.417152083910195870e+00  1.941143707653056845e+04  5.248301090839102017e+02  0.000000000000000000e+00 
                      354  5.251871719000000667e+02 -1.492989315568934217e+00  2.016736796312632941e+04  5.266801612155690009e+02  0.000000000000000000e+00 
                      355  5.270054622999999765e+02 -1.512890444994127392e+00  2.054027574637838188e+04  5.285183527449941039e+02  0.000000000000000000e+00 
                      356  5.288850353999999925e+02 -1.439288592630759922e+00  2.048691747448355818e+04  5.303243239926307524e+02  0.000000000000000000e+00 
                      357  5.308286367000000610e+02 -1.252723063613643717e+00  2.001748150212934706e+04  5.320813597636137047e+02  0.000000000000000000e+00 
                      358  5.328243337000000110e+02 -9.578156957984447217e-01  1.919703895965081392e+04  5.337821493957984558e+02  0.000000000000000000e+00 
                      359  5.348496804000000111e+02 -5.827292127937653277e-01  1.813884112692787676e+04  5.354324096127937764e+02  0.000000000000000000e+00 
                      360  5.368784389999999576e+02 -1.731368405596640514e-01  1.699047107310030697e+04  5.370515758405596216e+02  0.000000000000000000e+00 
                      361  5.388906594999999697e+02  2.202133535053008018e-01  1.591498877469683794e+04  5.386704461464946689e+02  0.000000000000000000e+00 
                      362  5.408816349999999602e+02  5.553090235590616430e-01  1.506974821298879215e+04  5.403263259764408986e+02  0.000000000000000000e+00 
                      363  5.428611061999999947e+02  8.043919716074015014e-01  1.458560450115001186e+04  5.420567142283925932e+02  0.000000000000000000e+00 
                      364  5.448431236999999783e+02  9.504155147600386044e-01  1.454897463152689488e+04  5.438927081852399397e+02  0.000000000000000000e+00 
                      365  5.468375505000000203e+02  9.839691618670940443e-01  1.498885442787192369e+04  5.458535813381329262e+02  0.000000000000000000e+00 
                      366  5.488495027999999820e+02  9.063378619389368396e-01  1.587051557612666693e+04  5.479431649380610452e+02  0.000000000000000000e+00 
                      367  5.508815583000000515e+02  7.329042713463422842e-01  1.709712541199646148e+04  5.501486540286537092e+02  0.000000000000000000e+00 
                      368  5.529325429000000440e+02  4.906718868545567602e-01  1.851975228578731912e+04  5.524418710131454873e+02  0.000000000000000000e+00 
                      369  5.549944494000000077e+02  2.117436253377036337e-01  1.995507767878026789e+04  5.547827057746623041e+02  0.000000000000000000e+00 
                      370  5.570535689000000730e+02 -7.064953004737617448e-02  2.120881947965999279e+04  5.571242184300474491e+02  0.000000000000000000e+00 
                      371  5.590981713999999556e+02 -3.205854380136088366e-01  2.210168055219286180e+04  5.594187568380135644e+02  0.000000000000000000e+00 
                      372  5.611271302999999762e+02 -4.972454036110320885e-01  2.249388342623169956e+04  5.616243757036110082e+02  0.000000000000000000e+00 
                      373  5.631512748000000101e+02 -5.595468882750083139e-01  2.230431152281854156e+04  5.637108216882750185e+02  0.000000000000000000e+00 
                      374  5.651860480000000280e+02 -4.783161272810048104e-01  2.152105991582486968e+04  5.656643641272810328e+02  0.000000000000000000e+00 
                      375  5.672418488999999227e+02 -2.489705855978172622e-01  2.020165860462571072e+04  5.674908194855977399e+02  0.000000000000000000e+00 
                      376  5.693192903999999999e+02  1.030283184842346600e-01  1.846304350568974041e+04  5.692162620815157652e+02  0.000000000000000000e+00 
                      377  5.714122095999999829e+02  5.270649997486316352e-01  1.646314543205984228e+04  5.708851446002513512e+02  0.000000000000000000e+00 
                      378  5.735153467999999748e+02  9.594908343907491144e-01  1.437740238953086191e+04  5.725558559656092257e+02  0.000000000000000000e+00 
                      379  5.756296571999999969e+02  1.335574835004422312e+00  1.237427570694789392e+04  5.742940823649955746e+02  0.000000000000000000e+00 
                      380  5.777605277999999771e+02  1.595872035475053963e+00  1.059379430280257657e+04  5.761646557645249231e+02  0.000000000000000000e+00 
                      381  5.799117506000000049e+02  1.688930367912576003e+00  9.132326876710465513e+03  5.782228202320874288e+02  0.000000000000000000e+00 
                      382  5.820821799999999939e+02  1.576198679696517502e+00  8.035449285839689765e+03  5.805059813203034764e+02  0.000000000000000000e+00 
                      383  5.842667048000000705e+02  1.239695095786487400e+00  7.299264189589673151e+03  5.830270097042135831e+02  0.000000000000000000e+00 
                      384  5.864577022000000852e+02  6.876531532999479168e-01  6.879131779320665373e+03  5.857700490467001373e+02  0.000000000000000000e+00 
                      385  5.886464988000000176e+02 -4.304571075851981732e-02  6.703674772049157582e+03  5.886895445107585374e+02  0.000000000000000000e+00 
                      386  5.908265152000000171e+02 -8.863680730387386575e-01  6.691243473422221541e+03  5.917128832730387558e+02  0.000000000000000000e+00 
                      387  5.929953004000000192e+02 -1.751346596965504432e+00  6.765835700772982818e+03  5.947466469969655236e+02  0.000000000000000000e+00 
                      388  5.951528315000000475e+02 -2.533217956219914413e+00  6.869768229496177810e+03  5.976860494562199619e+02  0.000000000000000000e+00 
                      389  5.972981953999999405e+02 -3.128511693762334289e+00  6.971136313733033603e+03  6.004267070937622748e+02  0.000000000000000000e+00 
                      390  5.994275728999999728e+02 -3.449936258657203325e+00  7.065150190704506713e+03  6.028775091586571762e+02  0.000000000000000000e+00 
                      391  6.015359029999999620e+02 -3.437163639006371341e+00  7.169599172332441412e+03  6.049730666390063334e+02  0.000000000000000000e+00 
                      392  6.036227211000000352e+02 -3.061358087236612846e+00  7.315761182438705873e+03  6.066840791872366481e+02  0.000000000000000000e+00 
                      393  6.056962553000000753e+02 -2.327763052686464107e+00  7.536910805609356430e+03  6.080240183526865394e+02  0.000000000000000000e+00 
                      394  6.077679433999999219e+02 -1.282879342952696788e+00  7.857050237153152011e+03  6.090508227429526187e+02  0.000000000000000000e+00 
                      395  6.098392149999999674e+02 -2.363159185017593700e-02  8.282431839636175937e+03  6.098628465918501433e+02  0.000000000000000000e+00 
                      396  6.118937799000000268e+02  1.304719669233804780e+00  8.797787699737033108e+03  6.105890602307662220e+02  0.000000000000000000e+00 
                      397  6.139067119999999704e+02  2.532340148869366203e+00  9.368067960373289679e+03  6.113743718511306042e+02  0.000000000000000000e+00 
                      398  6.158647367999999460e+02  3.502958637844130863e+00  9.945210624452101911e+03  6.123617781621558152e+02  0.000000000000000000e+00 
                      399  6.177791491000000406e+02  4.105454125987193947e+00  1.047832994906026943e+04  6.136736949740128466e+02  0.000000000000000000e+00 
                      400  6.196805587000000060e+02  4.285430084893278035e+00  1.092493739901350455e+04  6.153951286151067279e+02  0.000000000000000000e+00 
                      401  6.216019876000000295e+02  4.040742228210660869e+00  1.126053889928286844e+04  6.175612453717893686e+02  0.000000000000000000e+00 
                      402  6.235631169000000682e+02  3.411737399754656508e+00  1.148428631420327110e+04  6.201513795002454117e+02  0.000000000000000000e+00 
                      403  6.255630052000000205e+02  2.472341933037000672e+00  1.161929566811386212e+04  6.230906632669630199e+02  0.000000000000000000e+00 
                      404  6.275820914000000812e+02  1.322722525495350965e+00  1.170759188250451916e+04  6.262593688745047302e+02  0.000000000000000000e+00 
                      405  6.295914803000000575e+02  8.263948810440524539e-02  1.180105392385486994e+04  6.295088408118956522e+02  0.000000000000000000e+00 
                      406  6.315663678000000800e+02 -1.115383750717114708e+00  1.195078526627177780e+04  6.326817515507171947e+02  0.000000000000000000e+00 
                      407  6.334977194000000509e+02 -2.135870248431501750e+00  1.219763230526296866e+04  6.356335896484315526e+02  0.000000000000000000e+00 
                      408  6.353945464999999331e+02 -2.857469384730734419e+00  1.256597445392147347e+04  6.382520158847306675e+02  0.000000000000000000e+00 
                      409  6.372741596000000754e+02 -3.196914617569291295e+00  1.306165541869304434e+04  6.404710742175693667e+02  0.000000000000000000e+00 
                      410  6.391470567000000074e+02 -3.131069057395166055e+00  1.367353541283857157e+04  6.422781257573951734e+02  0.000000000000000000e+00 
                      411  6.410071009000000686e+02 -2.705498629044768677e+00  1.437716533515540505e+04  6.437125995290448373e+02  0.000000000000000000e+00 
                      412  6.428325697999999875e+02 -2.024426708358873839e+00  1.513888200314262940e+04  6.448569965083588613e+02  0.000000000000000000e+00 
                      413  6.445962314999999307e+02 -1.225584524735836567e+00  1.591921808176021659e+04  6.458218160247357673e+02  0.000000000000000000e+00 
                      414  6.462797462999999425e+02 -4.472565809955995064e-01  1.667552091097415905e+04  6.467270028809955420e+02  0.000000000000000000e+00 
                      415  6.478859345000000758e+02  2.029353364139296900e-01  1.736449169330393124e+04  6.476829991635861461e+02  0.000000000000000000e+00 
                      416  6.494400037000000339e+02  6.655395151079801508e-01  1.794555266971596211e+04  6.487744641848920537e+02  0.000000000000000000e+00 
                      417  6.509767431999999872e+02  9.275283450423330578e-01  1.838544811431057678e+04  6.500492148549576541e+02  0.000000000000000000e+00 
                      418  6.525238240999999562e+02  1.009797722383382279e+00  1.866358500317799917e+04  6.515140263776165739e+02  0.000000000000000000e+00 
                      419  6.540945844000000307e+02  9.568202261931446628e-01  1.877682051847587354e+04  6.531377641738068860e+02  0.000000000000000000e+00 
                      420  6.556917022000000088e+02  8.306296224722018451e-01  1.874211580944634261e+04  6.548610725775278070e+02  0.000000000000000000e+00 
                      421  6.573117981000000327e+02  7.010817967073990076e-01  1.859584432231802566e+04  6.566107163032926337e+02  0.000000000000000000e+00 
                      422  6.589447619000000032e+02  6.289179068381827165e-01  1.838942969955789886e+04  6.583158439931618204e+02  0.000000000000000000e+00 
                      423  6.605731668000000809e+02  6.500915235812954052e-01  1.818201999788459580e+04  6.599230752764187855e+02  0.000000000000000000e+00 
                      424  6.621774037999999791e+02  7.699100880900004995e-01  1.803166734339542018e+04  6.614074937119099786e+02  0.000000000000000000e+00 
                      425  6.637408442999999352e+02  9.634883825294764392e-01  1.798675912200940729e+04  6.627773559174704587e+02  0.000000000000000000e+00 
                      426  6.652474778000000697e+02  1.175979483704281847e+00  1.807925693304849483e+04  6.640714983162957878e+02  0.000000000000000000e+00 
                      427  6.666778931000000057e+02  1.328055204966972269e+00  1.832077105635738189e+04  6.653498378950330334e+02  0.000000000000000000e+00 
                      428  6.680147638000000825e+02  1.335993655074389608e+00  1.870179708047655367e+04  6.666787701449256929e+02  0.000000000000000000e+00 
                      429  6.692546121999999968e+02  1.140220264539266282e+00  1.919377495260204159e+04  6.681143919354607306e+02  0.000000000000000000e+00 
                      430  6.704122366999999940e+02  7.251570546794710026e-01  1.975321532933523122e+04  6.696870796453205230e+02  0.000000000000000000e+00 
                      431  6.715141512000000148e+02  1.232835971062513636e-01  2.032708020716449028e+04  6.713908676028937634e+02  0.000000000000000000e+00 
                      432  6.725896854999999732e+02 -5.905722293206281392e-01  2.085881751406375042e+04  6.731802577293206014e+02  0.000000000000000000e+00 
                      433  6.736656858000000057e+02 -1.309969026660610325e+00  2.129472787662014525e+04  6.749756548266606160e+02  0.000000000000000000e+00 
                      434  6.747615677999999662e+02 -1.915249201831557002e+00  2.159048021143483493e+04  6.766768170018315232e+02  0.000000000000000000e+00 
                      435  6.758814158999999790e+02 -2.300486531312003535e+00  2.171745012664661044e+04  6.781819024313119826e+02  0.000000000000000000e+00 
                      436  6.770087045999999873e+02 -2.399585121938457632e+00  2.166814810452236634e+04  6.794082897219384449e+02  0.000000000000000000e+00 
                      437  6.781123731000000134e+02 -2.198335122918820161e+00  2.145956567554722642e+04  6.803107082229188336e+02  0.000000000000000000e+00 
                      438  6.791631800999999768e+02 -1.729377595776327325e+00  2.113313871691671011e+04  6.808925576957763042e+02  0.000000000000000000e+00 
                      439  6.801485503999999764e+02 -1.059082137231257548e+00  2.075045256287033772e+04  6.812076325372312340e+02  0.000000000000000000e+00 
                      440  6.810757591000000275e+02 -2.757928101833613255e-01  2.038477677861649863e+04  6.813515519101833888e+02  0.000000000000000000e+00 
                      441  6.819633438999999271e+02  5.187756866406516565e-01  2.010970441356471201e+04  6.814445682133592754e+02  0.000000000000000000e+00 
                      442  6.828272405999999819e+02  1.217760405857347905e+00  1.998710366762498597e+04  6.816094801941426340e+02  0.000000000000000000e+00 
                      443  6.836695935999999847e+02  1.720064246291940435e+00  2.005687944277017959e+04  6.819495293537080443e+02  0.000000000000000000e+00 
                      444  6.844777652000000217e+02  1.946728698434071703e+00  2.033060605846513135e+04  6.825310365015659499e+02  0.000000000000000000e+00 
                      445  6.852349068999999417e+02  1.860763860816973647e+00  2.079016325431856603e+04  6.833741430391829681e+02  0.000000000000000000e+00 
                      446  6.859335121999999956e+02  1.480724097504548809e+00  2.139142859579576179e+04  6.844527881024954468e+02  0.000000000000000000e+00 
                      447  6.865817968000000064e+02  8.790768986793864315e-01  2.207210539504489498e+04  6.857027199013206200e+02  0.000000000000000000e+00 
                      448  6.871998920999999427e+02  1.652324950672436898e-01  2.276204050867317346e+04  6.870346596049326990e+02  0.000000000000000000e+00 
                      449  6.878079319000000851e+02 -5.412360472336104067e-01  2.335487990368238388e+04  6.883491679472336955e+02  0.000000000000000000e+00 
                      450  6.884109097000000475e+02 -1.139376965890050997e+00  2.380997282125073980e+04  6.895502866658900984e+02  0.000000000000000000e+00 
                      451  6.889900840999999900e+02 -1.566125866151423907e+00  2.409188388834473881e+04  6.905562099661514139e+02  0.000000000000000000e+00 
                      452  6.895095635000000129e+02 -1.796924289903927274e+00  2.419132036372138828e+04  6.913064877899039402e+02  0.000000000000000000e+00 
                      453  6.899341283999999632e+02 -1.831984504643401124e+00  2.412134416668940685e+04  6.917661129046433643e+02  0.000000000000000000e+00 
                      454  6.902457274999999299e+02 -1.681400648301632827e+00  2.390937250004816451e+04  6.919271281483015628e+02  0.000000000000000000e+00 
                      455  6.904508905999999797e+02 -1.357342754314572630e+00  2.358704781640545116e+04  6.918082333543145523e+02  0.000000000000000000e+00 
                      456  6.905773122000000512e+02 -8.752364319786920532e-01  2.318027154775938470e+04  6.914525486319787433e+02  0.000000000000000000e+00 
                      457  6.906610256000000163e+02 -2.624413011122896933e-01  2.270166184357762904e+04  6.909234669011123060e+02  0.000000000000000000e+00 
                      458  6.907309149000000161e+02  4.323671451757036266e-01  2.214709500786569697e+04  6.902985477548243125e+02  0.000000000000000000e+00 
                      459  6.907987636999999950e+02  1.137097281916794600e+00  2.149689721206219474e+04  6.896616664180832004e+02  0.000000000000000000e+00 
                      460  6.908580861000000368e+02  1.764059716401789046e+00  2.072114714207116413e+04  6.890940263835982478e+02  0.000000000000000000e+00 
                      461  6.908903457999999773e+02  2.225325118526939150e+00  1.978783054746970083e+04  6.886650206814730382e+02  0.000000000000000000e+00 
                      462  6.908750393999999915e+02  2.450895322176052105e+00  1.867235043347849205e+04  6.884241440778239394e+02  0.000000000000000000e+00 
                      463  6.907996006999999281e+02  2.404466820326206289e+00  1.736700406938541710e+04  6.883951338796737218e+02  0.000000000000000000e+00 
                      464  6.906651147000000037e+02  2.091879688503809120e+00  1.588915920873597315e+04  6.885732350114961946e+02  0.000000000000000000e+00 
                      465  6.904849305000000186e+02  1.558927596911189539e+00  1.428677024974044434e+04  6.889260029030888290e+02  0.000000000000000000e+00 
                      466  6.902769559000000754e+02  8.794695112660519953e-01  1.263969752702959704e+04  6.893974863887340234e+02  0.000000000000000000e+00 
                      467  6.900534700000000612e+02  1.383645640199802074e-01  1.105536288503195283e+04  6.899151054359800810e+02  0.000000000000000000e+00 
                      468  6.898129019000000426e+02 -5.852694494312800089e-01  9.657907750106081949e+03  6.903981713494313226e+02  0.000000000000000000e+00 
                      469  6.895377697999999782e+02 -1.229083437200188200e+00  8.571424208561442356e+03  6.907668532372001664e+02  0.000000000000000000e+00 
                      470  6.892005002999999306e+02 -1.749973087383409620e+00  7.899583662688231925e+03  6.909504733873833402e+02  0.000000000000000000e+00 
                      471  6.887747532000000774e+02 -2.119504260858889211e+00  7.705242886410318533e+03  6.908942574608589666e+02  0.000000000000000000e+00 
                      472  6.882467490000000225e+02 -2.317229009856987432e+00  7.994042476994546632e+03  6.905639780098570100e+02  0.000000000000000000e+00 
                      473  6.876201032000000168e+02 -2.328122037245634601e+00  8.705841801227577889e+03  6.899482252372456514e+02  0.000000000000000000e+00 
                      474  6.869117057000000841e+02 -2.146561692922432485e+00  9.716995353985614202e+03  6.890582673929225166e+02  0.000000000000000000e+00 
                      475  6.861430172000000312e+02 -1.782617666759165331e+00  1.085483915048935523e+04  6.879256348667591965e+02  0.000000000000000000e+00 
                      476  6.853317600000000311e+02 -1.265950797856135068e+00  1.192345706495468403e+04  6.865977107978561662e+02  0.000000000000000000e+00 
                      477  6.844849816999999348e+02 -6.467965872168406349e-01  1.273713951624082802e+04  6.851317782872167754e+02  0.000000000000000000e+00 
                      478  6.835957223999999997e+02  7.554737926170673745e-03  1.315547567205607447e+04  6.835881676620738290e+02  0.000000000000000000e+00 
                      479  6.826476261999999906e+02  6.242853843203874931e-01  1.311265533264262558e+04  6.820233408156796031e+02  0.000000000000000000e+00 
                      480  6.816252577000000201e+02  1.141386410527275075e+00  1.263419143282958066e+04  6.804838712894727450e+02  0.000000000000000000e+00 
                      481  6.805212602999999945e+02  1.519020338226027889e+00  1.183678852213840037e+04  6.790022399617739666e+02  0.000000000000000000e+00 
                      482  6.793360841999999593e+02  1.740978896948490728e+00  1.091011604036446806e+04  6.775951053030514686e+02  0.000000000000000000e+00 
                      483  6.780750957999999855e+02  1.810860754462169098e+00  1.008201528401675751e+04  6.762642350455378164e+02  0.000000000000000000e+00 
                      484  6.767491044000000784e+02  1.749394351116279722e+00  9.571808735362672451e+03  6.749997100488837987e+02  0.000000000000000000e+00 
                      485  6.753760058000000299e+02  1.591510766889541628e+00  9.539967623446071229e+03  6.737844950331104883e+02  0.000000000000000000e+00 
                      486  6.739758197999999538e+02  1.376642746948732565e+00  1.004576057739261887e+04  6.725991770530512213e+02  0.000000000000000000e+00 
                      487  6.725594292000000678e+02  1.133740006808125145e+00  1.102701068578032937e+04  6.714256891931919426e+02  0.000000000000000000e+00 
                      488  6.711203453000000536e+02  8.711873026721832503e-01  1.231517115386724981e+04  6.702491579973278704e+02  0.000000000000000000e+00 
                      489  6.696348765000000185e+02  5.773303781876393259e-01  1.368821947061526407e+04  6.690575461218123792e+02  0.000000000000000000e+00 
                      490  6.680697672000000011e+02  2.303909926739606817e-01  1.494227352738864465e+04  6.678393762073260405e+02  0.000000000000000000e+00 
                      491  6.663963089000000082e+02 -1.840788872369785167e-01  1.594758287271040535e+04  6.665803877872369867e+02  0.000000000000000000e+00 
                      492  6.646063203999999587e+02 -6.540412354271438744e-01  1.666381157282275672e+04  6.652603616354271026e+02  0.000000000000000000e+00 
                      493  6.627186624999999367e+02 -1.132750420335014496e+00  1.711742484336728012e+04  6.638514129203349512e+02  0.000000000000000000e+00 
                      494  6.607697407000000567e+02 -1.548977463299706869e+00  1.736435149388484569e+04  6.623187181632997635e+02  0.000000000000000000e+00 
                      495  6.587948076999999785e+02 -1.829160344748174793e+00  1.746001792567702432e+04  6.606239680447481533e+02  0.000000000000000000e+00 
                      496  6.568116540999999415e+02 -1.919401628318837538e+00  1.744622447293685036e+04  6.587310557283187791e+02  0.000000000000000000e+00 
                      497  6.548145151999999598e+02 -1.798367892455871697e+00  1.735225406256665519e+04  6.566128830924558315e+02  0.000000000000000000e+00 
                      498  6.527810438000000204e+02 -1.476817506638894884e+00  1.720223008474029120e+04  6.542578613066389153e+02  0.000000000000000000e+00 
                      499  6.506865569999999934e+02 -9.881673019384606960e-01  1.702210947037551523e+04  6.516747243019384541e+02  0.000000000000000000e+00 
                      500  6.485139578999999230e+02 -3.806299843944316308e-01  1.684299245017857538e+04  6.488945878843943547e+02  0.000000000000000000e+00 
                      501  6.462547219000000496e+02  2.850678593297288899e-01  1.670050370218666649e+04  6.459696540406703207e+02  0.000000000000000000e+00 
                      502  6.439058021999999255e+02  9.373323924296528276e-01  1.663122725719164009e+04  6.429684698075702727e+02  0.000000000000000000e+00 
                      503  6.414675283000000263e+02  1.499394857307834172e+00  1.666745260379722458e+04  6.399681334426921921e+02  0.000000000000000000e+00 
                      504  6.389431564999999864e+02  1.898887001637604044e+00  1.683150918203391120e+04  6.370442694983623824e+02  0.000000000000000000e+00 
                      505  6.363379915000000437e+02  2.078032453224295750e+00  1.713114798744095970e+04  6.342599590467757480e+02  0.000000000000000000e+00 
                      506  6.336569908999999825e+02  2.001895634527954826e+00  1.755700617334214257e+04  6.316550952654720277e+02  0.000000000000000000e+00 
                      507  6.309027656000000661e+02  1.664967736489188610e+00  1.808265035799207180e+04  6.292377978635108775e+02  0.000000000000000000e+00 
                      508  6.280752535999999964e+02  1.095753930637783924e+00  1.866749298889828424e+04  6.269794996693622124e+02  0.000000000000000000e+00 
                      509  6.251720608000000539e+02  3.570097370844678153e-01  1.926235979444720579e+04  6.248150510629155860e+02  0.000000000000000000e+00 
                      510  6.221900236000000177e+02 -4.586152646025993818e-01  1.981662888512465361e+04  6.226486388646026171e+02  0.000000000000000000e+00 
                      511  6.191292674000000034e+02 -1.236237649629629232e+00  2.028530117730440907e+04  6.203655050496296326e+02  0.000000000000000000e+00 
                      512  6.159973750999999993e+02 -1.851079943795411964e+00  2.063373391793870542e+04  6.178484550437954113e+02  0.000000000000000000e+00 
                      513  6.128091681000000790e+02 -2.187930631549534155e+00  2.083927774744120688e+04  6.149970987315496131e+02  0.000000000000000000e+00 
                      514  6.095808606000000509e+02 -2.165995440035999309e+00  2.089047696052307219e+04  6.117468560400360502e+02  0.000000000000000000e+00 
                      515  6.063224172000000181e+02 -1.761792323312761255e+00  2.078571524912697350e+04  6.080842095233127793e+02  0.000000000000000000e+00 
                      516  6.030325209999999743e+02 -1.022204446584396464e+00  2.053247157110708940e+04  6.040547254465843707e+02  0.000000000000000000e+00 
                      517  5.996970017999999527e+02 -6.415032524637354072e-02  2.014731708497276850e+04  5.997611521252463262e+02  0.000000000000000000e+00 
                      518  5.962914376999999604e+02  9.409636632003639534e-01  1.965611149939057213e+04  5.953504740367995964e+02  0.000000000000000000e+00 
                      519  5.927902245000000221e+02  1.799378437968584876e+00  1.909380996965461600e+04  5.909908460620314372e+02  0.000000000000000000e+00 
                      520  5.891795110000000477e+02  2.337786872345418487e+00  1.850345182833521540e+04  5.868417241276546292e+02  0.000000000000000000e+00 
                      521  5.854652868000000581e+02  2.442843933958556590e+00  1.793388817749352529e+04  5.830224428660415015e+02  0.000000000000000000e+00 
                      522  5.816702494999999544e+02  2.084764718902761160e+00  1.743553719707357959e+04  5.795854847810971933e+02  0.000000000000000000e+00 
                      523  5.778207482999999911e+02  1.320282850572766620e+00  1.705406952294211806e+04  5.765004654494272245e+02  0.000000000000000000e+00 
                      524  5.739309048999999732e+02  2.777628052083400689e-01  1.682358024170235512e+04  5.736531420947916331e+02  0.000000000000000000e+00 
                      525  5.699929712000000563e+02 -8.675652316103423800e-01  1.676164615846572633e+04  5.708605364316103987e+02  0.000000000000000000e+00 
                      526  5.659808204999999361e+02 -1.919353243924774688e+00  1.686839776269916183e+04  5.679001737439247108e+02  0.000000000000000000e+00 
                      527  5.618657084000000168e+02 -2.681824791013127651e+00  1.712992523081399122e+04  5.645475331910131445e+02  0.000000000000000000e+00 
                      528  5.576327831999999489e+02 -2.980962269587053015e+00  1.752390646320794986e+04  5.606137454695870019e+02  0.000000000000000000e+00 
                      529  5.532854033999999501e+02 -2.689821771333072320e+00  1.802438539036024304e+04  5.559752251713330224e+02  0.000000000000000000e+00 
                      530  5.488382785000000013e+02 -1.750601744811888238e+00  1.860384919148976041e+04  5.505888802448118895e+02  0.000000000000000000e+00 
                      531  5.443126569999999447e+02 -1.776920644254005310e-01  1.923225790306945055e+04  5.444903490644253452e+02  0.000000000000000000e+00 
                      532  5.397389219000000367e+02  1.961668776701685601e+00  1.987487946342742362e+04  5.377772531232983511e+02  0.000000000000000000e+00 
                      533  5.351560431999999992e+02  4.572815558573211092e+00  2.049037990775554863e+04  5.305832276414267881e+02  0.000000000000000000e+00 
                      534  0.000000000000000000e+00  0.000000000000000000e+00  2.103014102859250852e+04  5.230502285383031449e+02  0.000000000000000000e+00 
                      535  0.000000000000000000e+00  0.000000000000000000e+00  2.143917091773337597e+04  5.153057357910674909e+02  0.000000000000000000e+00 
                      536  0.000000000000000000e+00  0.000000000000000000e+00  2.165993842299683456e+04  5.074489294572240397e+02  0.000000000000000000e+00 
                      537  0.000000000000000000e+00  0.000000000000000000e+00  2.163942231945752064e+04  4.995464324281311974e+02  0.000000000000000000e+00 
                      538  0.000000000000000000e+00  0.000000000000000000e+00  2.133855511238023610e+04  4.916351887010954442e+02  0.000000000000000000e+00 
                      539  0.000000000000000000e+00  0.000000000000000000e+00  2.074090552295690213e+04  4.837289887356771487e+02  0.000000000000000000e+00 
                      540  0.000000000000000000e+00  0.000000000000000000e+00  1.985714831266709007e+04  4.758254122606082888e+02  0.000000000000000000e+00 
                      541  0.000000000000000000e+00  0.000000000000000000e+00  1.872357176883439752e+04  4.679112636250099513e+02  0.000000000000000000e+00 
                      542  0.000000000000000000e+00  0.000000000000000000e+00  1.739574561230940162e+04  4.599660649695727557e+02  0.000000000000000000e+00 
                      543  0.000000000000000000e+00  0.000000000000000000e+00  1.594019210297667814e+04  4.519642232519794902e+02  0.000000000000000000e+00 
                      544  0.000000000000000000e+00  0.000000000000000000e+00  1.442679164393543033e+04  4.438768528007806253e+02  0.000000000000000000e+00 
                      545  0.000000000000000000e+00  0.000000000000000000e+00  1.292295917208516039e+04  4.356740205204321228e+02  0.000000000000000000e+00 
                      546  0.000000000000000000e+00  0.000000000000000000e+00  1.148933138338340541e+04  4.273276772199886864e+02  0.000000000000000000e+00 
                      547  0.000000000000000000e+00  0.000000000000000000e+00  1.017590141915198728e+04  4.188150408505298401e+02  0.000000000000000000e+00 
                      548  0.000000000000000000e+00  0.000000000000000000e+00  9.018321478350619145e+03  4.101218892871592061e+02  0.000000000000000000e+00 
                      549  0.000000000000000000e+00  0.000000000000000000e+00  8.034666603699484767e+03  4.012451503762637230e+02  0.000000000000000000e+00 
                      550  0.000000000000000000e+00  0.000000000000000000e+00  7.223432634690951090e+03  3.921943002009641077e+02  0.000000000000000000e+00 
                      551  0.000000000000000000e+00  0.000000000000000000e+00  6.563738894439435171e+03  3.829913164827255514e+02  0.000000000000000000e+00 
                      552  0.000000000000000000e+00  0.000000000000000000e+00  6.018508424455108070e+03  3.736692058360879400e+02  0.000000000000000000e+00 
                      553  0.000000000000000000e+00  0.000000000000000000e+00  5.540685720577132088e+03  3.642693678175629657e+02  0.000000000000000000e+00 
                      554  0.000000000000000000e+00  0.000000000000000000e+00  5.081183187303280647e+03  3.548382233783729589e+02  0.000000000000000000e+00 
                      555  0.000000000000000000e+00  0.000000000000000000e+00  4.596977953813055137e+03  3.454235856789292711e+02  0.000000000000000000e+00 
                      556  0.000000000000000000e+00  0.000000000000000000e+00  4.059063005279373101e+03  3.360711846868431394e+02  0.000000000000000000e+00 
                      557  0.000000000000000000e+00  0.000000000000000000e+00  3.460314719906590199e+03  3.268216116942859344e+02  0.000000000000000000e+00 
                      558  0.000000000000000000e+00  0.000000000000000000e+00  2.822381147412253085e+03  3.177077929088088695e+02  0.000000000000000000e+00 
                      559  0.000000000000000000e+00  0.000000000000000000e+00  2.198365588391798610e+03  3.087529980469799966e+02  0.000000000000000000e+00 
                      560  0.000000000000000000e+00  0.000000000000000000e+00  1.668582811397275009e+03  2.999693683459871636e+02  0.000000000000000000e+00 
                      561  0.000000000000000000e+00  0.000000000000000000e+00  1.328002727317397785e+03  2.913569840340872474e+02  0.000000000000000000e+00 
                      562  0.000000000000000000e+00  0.000000000000000000e+00  1.267022425326515759e+03  2.829035320918162597e+02  0.000000000000000000e+00 
                      563  0.000000000000000000e+00  0.000000000000000000e+00  1.548759556302456531e+03  2.745846482570710236e+02  0.000000000000000000e+00 
                      564  0.000000000000000000e+00  0.000000000000000000e+00  2.187933130326874107e+03  2.663650010493231548e+02  0.000000000000000000e+00 
                      565  0.000000000000000000e+00  0.000000000000000000e+00  3.136703753844054972e+03  2.582001793991204863e+02  0.000000000000000000e+00 
                      566  0.000000000000000000e+00  0.000000000000000000e+00  4.281885955121414554e+03  2.500394226951497387e+02  0.000000000000000000e+00 
                      567  0.000000000000000000e+00  0.000000000000000000e+00  5.455935863196688842e+03  2.418291530751539824e+02  0.000000000000000000e+00 
                      568  0.000000000000000000e+00  0.000000000000000000e+00  6.461414084301459297e+03  2.335171319652797592e+02  0.000000000000000000e+00 
                      569  0.000000000000000000e+00  0.000000000000000000e+00  7.106736748203039497e+03  2.250569263323572500e+02  0.000000000000000000e+00 
                      570  0.000000000000000000e+00  0.000000000000000000e+00  7.248092166034958609e+03  2.164123011290230068e+02  0.000000000000000000e+00 
                      571  0.000000000000000000e+00  0.000000000000000000e+00  6.828983128263674189e+03  2.075611631450400409e+02  0.000000000000000000e+00 
                      572  0.000000000000000000e+00  0.000000000000000000e+00  5.904952632691140934e+03  1.984987320811750067e+02  0.000000000000000000e+00 
                      573  0.000000000000000000e+00  0.000000000000000000e+00  4.640907841336360434e+03  1.892396704233431990e+02  0.000000000000000000e+00 
                      574  0.000000000000000000e+00  0.000000000000000000e+00  3.273933565799814005e+03  1.798189611536303971e+02  0.000000000000000000e+00 
                      575  0.000000000000000000e+00  0.000000000000000000e+00  2.047085468107927227e+03  1.702913989594382826e+02  0.000000000000000000e+00 
                      576  0.000000000000000000e+00  0.000000000000000000e+00  1.136698011721145122e+03  1.607296450846737912e+02  0.000000000000000000e+00 
                      577  0.000000000000000000e+00  0.000000000000000000e+00  6.053901127617168640e+02  1.512208557837496699e+02  0.000000000000000000e+00 
                      578  0.000000000000000000e+00  0.000000000000000000e+00  4.038482041447179540e+02  1.418619410382573847e+02  0.000000000000000000e+00 
                      579  0.000000000000000000e+00  0.000000000000000000e+00  4.159188183673180106e+02  1.327536204766181811e+02  0.000000000000000000e+00 
                      580  0.000000000000000000e+00  0.000000000000000000e+00  5.171260647457221467e+02  1.239936721048523225e+02  0.000000000000000000e+00 
                      581  0.000000000000000000e+00  0.000000000000000000e+00  6.163887064827943050e+02  1.156700575310300678e+02  0.000000000000000000e+00 
                      582  0.000000000000000000e+00  0.000000000000000000e+00  6.693844826253452993e+02  1.078548035895502579e+02  0.000000000000000000e+00 
                      583  0.000000000000000000e+00  0.000000000000000000e+00  6.700336284841820316e+02  1.005994935570128490e+02  0.000000000000000000e+00 
                      584  0.000000000000000000e+00  0.000000000000000000e+00  6.330994660900830695e+02  9.393294939825644008e+01  0.000000000000000000e+00 
                      585  0.000000000000000000e+00  0.000000000000000000e+00  5.783538706873313231e+02  8.786126740656284539e+01  0.000000000000000000e+00 
                      586  0.000000000000000000e+00  0.000000000000000000e+00  5.212128165324614884e+02  8.236995812896580560e+01  0.000000000000000000e+00 
                      587  0.000000000000000000e+00  0.000000000000000000e+00  4.700490805961476894e+02  7.742766532174707095e+01  0.000000000000000000e+00 
                      588  0.000000000000000000e+00  0.000000000000000000e+00  4.277319936901319579e+02  7.299083989523063565e+01  0.000000000000000000e+00 
                      589  0.000000000000000000e+00  0.000000000000000000e+00  3.944089635521046944e+02  6.900878509247374382e+01  0.000000000000000000e+00 
                      590  0.000000000000000000e+00  0.000000000000000000e+00  3.693214972689730189e+02  6.542858801683875924e+01  0.000000000000000000e+00 
                      591  0.000000000000000000e+00  0.000000000000000000e+00  3.510261037111504834e+02  6.219954209841401394e+01  0.000000000000000000e+00 
                      592  0.000000000000000000e+00  0.000000000000000000e+00  3.369588073999582889e+02  5.927671492783466789e+01  0.000000000000000000e+00 
                      593  0.000000000000000000e+00  0.000000000000000000e+00  3.237015286986577394e+02  5.662333865061612670e+01  0.000000000000000000e+00 
                      594  0.000000000000000000e+00  0.000000000000000000e+00  3.082845963764351609e+02  5.421173603540714225e+01  0.000000000000000000e+00 
                      595  0.000000000000000000e+00  0.000000000000000000e+00  2.895467377095790766e+02  5.202258542966147559e+01  0.000000000000000000e+00 
                      596  0.000000000000000000e+00  0.000000000000000000e+00  2.684244543442486588e+02  5.004249221196877073e+01  0.000000000000000000e+00 
                      597  0.000000000000000000e+00  0.000000000000000000e+00  2.470152245394270381e+02  4.826006858551855316e+01  0.000000000000000000e+00 
                      598  0.000000000000000000e+00  0.000000000000000000e+00  2.271569783532500537e+02  4.666100234764579824e+01  0.000000000000000000e+00 
                      599  0.000000000000000000e+00  0.000000000000000000e+00  2.094331749134859990e+02  4.522288328563250559e+01  0.000000000000000000e+00 
                      600  0.000000000000000000e+00  0.000000000000000000e+00  1.931161092742076448e+02  4.391080746040910299e+01  0.000000000000000000e+00 
                      601  0.000000000000000000e+00  0.000000000000000000e+00  1.768909197375662075e+02  4.267492079832787510e+01  0.000000000000000000e+00 
                      602  0.000000000000000000e+00  0.000000000000000000e+00  1.597659934523879599e+02  4.145099738345255247e+01  0.000000000000000000e+00 
                      603  0.000000000000000000e+00  0.000000000000000000e+00  1.509485617591014659e+02  4.016478652802434368e+01  0.000000000000000000e+00 
                      604  0.000000000000000000e+00  0.000000000000000000e+00  1.500000000000000000e+02  3.874018228942773590e+01  0.000000000000000000e+00 
                      605  0.000000000000000000e+00  0.000000000000000000e+00  1.500000000000000000e+02  3.711035593793946674e+01  0.000000000000000000e+00 
                      606  0.000000000000000000e+00  0.000000000000000000e+00  1.500000000000000000e+02  3.523004937973955464e+01  0.000000000000000000e+00 
                      607  0.000000000000000000e+00  0.000000000000000000e+00  1.500000000000000000e+02  3.308652466273749582e+01  0.000000000000000000e+00 
                      608  0.000000000000000000e+00  0.000000000000000000e+00  1.576809939275019303e+02  3.070646302469237199e+01  0.000000000000000000e+00 
                      609  0.000000000000000000e+00  0.000000000000000000e+00  2.060432627105134884e+02  2.815656769450528785e+01  0.000000000000000000e+00 
                      610  0.000000000000000000e+00  0.000000000000000000e+00  2.624928043556164425e+02  2.553675261251297712e+01  0.000000000000000000e+00 
                      611  0.000000000000000000e+00  0.000000000000000000e+00  3.156101486133580920e+02  2.296641070034737808e+01  0.000000000000000000e+00 
                      612  0.000000000000000000e+00  0.000000000000000000e+00  3.537546930941612686e+02  2.056599912097887994e+01  0.000000000000000000e+00 
                      613  0.000000000000000000e+00  0.000000000000000000e+00  3.683569153697923753e+02  1.843758853754076554e+01  0.000000000000000000e+00 
                      614  0.000000000000000000e+00  0.000000000000000000e+00  3.560986451806057858e+02  1.664863417506945709e+01  0.000000000000000000e+00 
                      615  0.000000000000000000e+00  0.000000000000000000e+00  3.197339310492715185e+02  1.522272329298198912e+01  0.000000000000000000e+00 
                      616  0.000000000000000000e+00  0.000000000000000000e+00  2.676398393692047080e+02  1.413943254730443400e+01  0.000000000000000000e+00 
                      617  0.000000000000000000e+00  0.000000000000000000e+00  2.122689712702359088e+02  1.334307423973532991e+01  0.000000000000000000e+00 
                      618  0.000000000000000000e+00  0.000000000000000000e+00  1.681171362325724772e+02  1.275773333370507956e+01  0.000000000000000000e+00 
                      619  0.000000000000000000e+00  0.000000000000000000e+00  1.500000000000000000e+02  1.230439940542035870e+01  0.000000000000000000e+00 
                      620  0.000000000000000000e+00  0.000000000000000000e+00  1.500000000000000000e+02  1.191574524243803879e+01  0.000000000000000000e+00 
                      621  0.000000000000000000e+00  0.000000000000000000e+00  1.500000000000000000e+02  1.154526155529797293e+01  0.000000000000000000e+00 
                      622  0.000000000000000000e+00  0.000000000000000000e+00  1.500000000000000000e+02  1.116953910767028901e+01  0.000000000000000000e+00 
                      623  0.000000000000000000e+00  0.000000000000000000e+00  1.500000000000000000e+02  1.078466678358847908e+01  0.000000000000000000e+00 
                      624  0.000000000000000000e+00  0.000000000000000000e+00  1.500000000000000000e+02  1.039919802799341575e+01  0.000000000000000000e+00 
                      625  0.000000000000000000e+00  0.000000000000000000e+00  1.500000000000000000e+02  1.002652047785191414e+01  0.000000000000000000e+00 
                      626  0.000000000000000000e+00  0.000000000000000000e+00  1.500000000000000000e+02  9.678841265447543307e+00  0.000000000000000000e+00 
                      627  0.000000000000000000e+00  0.000000000000000000e+00  1.500000000000000000e+02  9.363843111850574275e+00  0.000000000000000000e+00 
                      628  0.000000000000000000e+00  0.000000000000000000e+00  1.500000000000000000e+02  9.083932654714532262e+00  0.000000000000000000e+00 
                      629  0.000000000000000000e+00  0.000000000000000000e+00  1.500000000000000000e+02  8.837280982729792456e+00  0.000000000000000000e+00 
                      630  0.000000000000000000e+00  0.000000000000000000e+00  1.500000000000000000e+02  8.619651567678589643e+00  0.000000000000000000e+00 
                      631  0.000000000000000000e+00  0.000000000000000000e+00  1.500000000000000000e+02  8.426194186399703412e+00  0.000000000000000000e+00 
                      632  0.000000000000000000e+00  0.000000000000000000e+00  1.500000000000000000e+02  8.252734272668869053e+00  0.000000000000000000e+00 
                      633  0.000000000000000000e+00  0.000000000000000000e+00  1.500000000000000000e+02  8.096416865318818878e+00  0.000000000000000000e+00 
                      634  0.000000000000000000e+00  0.000000000000000000e+00  1.500000000000000000e+02  7.955781493066183430e+00  0.000000000000000000e+00 
                      635  0.000000000000000000e+00  0.000000000000000000e+00  1.500000000000000000e+02  7.830443264402498826e+00  0.000000000000000000e+00 
                      636  0.000000000000000000e+00  0.000000000000000000e+00  1.500000000000000000e+02  7.720577737879606772e+00  0.000000000000000000e+00 
                      637  0.000000000000000000e+00  0.000000000000000000e+00  1.500000000000000000e+02  7.626390232859188600e+00  0.000000000000000000e+00 
                      638  0.000000000000000000e+00  0.000000000000000000e+00  1.500000000000000000e+02  7.547711338520199043e+00  0.000000000000000000e+00 
                      639  0.000000000000000000e+00  0.000000000000000000e+00  1.500000000000000000e+02  7.483797010037237740e+00  0.000000000000000000e+00 
                      640  0.000000000000000000e+00  0.000000000000000000e+00  1.500000000000000000e+02  7.433329138403277803e+00  0.000000000000000000e+00 
                      641  0.000000000000000000e+00  0.000000000000000000e+00  1.500000000000000000e+02  7.394533643199153516e+00  0.000000000000000000e+00 
                      642  0.000000000000000000e+00  0.000000000000000000e+00  1.500000000000000000e+02  7.365293821005583830e+00  0.000000000000000000e+00 
                      643  0.000000000000000000e+00  0.000000000000000000e+00  1.500000000000000000e+02  7.343160270387021349e+00  0.000000000000000000e+00 
                      644  0.000000000000000000e+00  0.000000000000000000e+00  1.500000000000000000e+02  7.325233887050434767e+00  0.000000000000000000e+00 
                      645  0.000000000000000000e+00  0.000000000000000000e+00  1.500000000000000000e+02  7.307987172277537802e+00  0.000000000000000000e+00 
                      646  0.000000000000000000e+00  0.000000000000000000e+00  1.500000000000000000e+02  7.287151311661931530e+00  0.000000000000000000e+00 
                      647  0.000000000000000000e+00  0.000000000000000000e+00  1.500000000000000000e+02  7.257814602334995868e+00  0.000000000000000000e+00 
                      648  0.000000000000000000e+00  0.000000000000000000e+00  1.500000000000000000e+02  7.214848723893251048e+00  0.000000000000000000e+00 
                      649  0.000000000000000000e+00  0.000000000000000000e+00  1.500000000000000000e+02  7.153701877922707730e+00  0.000000000000000000e+00 
                      650  0.000000000000000000e+00  0.000000000000000000e+00  1.500000000000000000e+02  7.071466728610175778e+00  0.000000000000000000e+00 
                      651  0.000000000000000000e+00  0.000000000000000000e+00  1.500000000000000000e+02  6.967966911698924015e+00  0.000000000000000000e+00 
                      652  0.000000000000000000e+00  0.000000000000000000e+00  1.500000000000000000e+02  6.846479933718563338e+00  0.000000000000000000e+00 
                      653  0.000000000000000000e+00  0.000000000000000000e+00  1.500000000000000000e+02  6.713723507599436147e+00  0.000000000000000000e+00 
                      654  0.000000000000000000e+00  0.000000000000000000e+00  1.500000000000000000e+02  6.578928699392387003e+00  0.000000000000000000e+00 
                      655  0.000000000000000000e+00  0.000000000000000000e+00  1.500000000000000000e+02  6.452144306187842737e+00  0.000000000000000000e+00 
                      656  0.000000000000000000e+00  0.000000000000000000e+00  1.500000000000000000e+02  6.342215903379359254e+00  0.000000000000000000e+00 
                      657  0.000000000000000000e+00  0.000000000000000000e+00  1.500000000000000000e+02  6.255024929519111154e+00  0.000000000000000000e+00 
                      658  0.000000000000000000e+00  0.000000000000000000e+00  1.500000000000000000e+02  6.192504441578587482e+00  0.000000000000000000e+00 
                      659  0.000000000000000000e+00  0.000000000000000000e+00  1.500000000000000000e+02  6.152698885152338093e+00  0.000000000000000000e+00 
                      660  0.000000000000000000e+00  0.000000000000000000e+00  1.500000000000000000e+02  6.130792667860800016e+00  0.000000000000000000e+00 
                      661  0.000000000000000000e+00  0.000000000000000000e+00  1.500000000000000000e+02  6.120714039525444683e+00  0.000000000000000000e+00 
                      662  0.000000000000000000e+00  0.000000000000000000e+00  1.500000000000000000e+02  6.116750102319829629e+00  0.000000000000000000e+00 
                      663  0.000000000000000000e+00  0.000000000000000000e+00  1.500000000000000000e+02  6.114666799053663837e+00  0.000000000000000000e+00 
                      664  0.000000000000000000e+00  0.000000000000000000e+00  1.500000000000000000e+02  6.112093008404180239e+00  0.000000000000000000e+00 
                      665  0.000000000000000000e+00  0.000000000000000000e+00  1.500000000000000000e+02  6.108259449465597513e+00  0.000000000000000000e+00 
                      666  0.000000000000000000e+00  0.000000000000000000e+00  1.500000000000000000e+02  6.103400322416074886e+00  0.000000000000000000e+00 
                      667  0.000000000000000000e+00  0.000000000000000000e+00  1.500000000000000000e+02  6.098143010634663241e+00  0.000000000000000000e+00 
                      668  0.000000000000000000e+00  0.000000000000000000e+00  1.500000000000000000e+02  6.093083753162984451e+00  0.000000000000000000e+00 
                      669  0.000000000000000000e+00  0.000000000000000000e+00  1.500000000000000000e+02  6.088592857691589977e+00  0.000000000000000000e+00 
                      670  0.000000000000000000e+00  0.000000000000000000e+00  1.500000000000000000e+02  6.084793675262756274e+00  0.000000000000000000e+00 
                      671  0.000000000000000000e+00  0.000000000000000000e+00  1.500000000000000000e+02  6.081630422414402659e+00  0.000000000000000000e+00 
                      672  0.000000000000000000e+00  0.000000000000000000e+00  1.500000000000000000e+02  6.078956473683309270e+00  0.000000000000000000e+00 
                      673  0.000000000000000000e+00  0.000000000000000000e+00  1.500000000000000000e+02  6.076606508232439197e+00  0.000000000000000000e+00 
                      674  0.000000000000000000e+00  0.000000000000000000e+00  1.500000000000000000e+02  6.074442676352822978e+00  0.000000000000000000e+00 
                      675  0.000000000000000000e+00  0.000000000000000000e+00  1.500000000000000000e+02  6.072378980549851590e+00  0.000000000000000000e+00 
                      676  0.000000000000000000e+00  0.000000000000000000e+00  1.500000000000000000e+02  6.070390498206306162e+00  0.000000000000000000e+00 
                      677  0.000000000000000000e+00  0.000000000000000000e+00  1.500000000000000000e+02  6.068510201554557781e+00  0.000000000000000000e+00 
                      678  0.000000000000000000e+00  0.000000000000000000e+00  1.500000000000000000e+02  6.066812460980234079e+00  0.000000000000000000e+00 
                      679  0.000000000000000000e+00  0.000000000000000000e+00  1.500000000000000000e+02  6.065383928892703835e+00  0.000000000000000000e+00 
                      680  0.000000000000000000e+00  0.000000000000000000e+00  1.500000000000000000e+02  6.064289273864974739e+00  0.000000000000000000e+00 
                      681  0.000000000000000000e+00  0.000000000000000000e+00  1.500000000000000000e+02  6.063545031361493365e+00  0.000000000000000000e+00 
                      682  0.000000000000000000e+00  0.000000000000000000e+00  1.500000000000000000e+02  6.063113252980064871e+00  0.000000000000000000e+00 
                      683  0.000000000000000000e+00  0.000000000000000000e+00  1.500000000000000000e+02  6.062917478482469313e+00  0.000000000000000000e+00 
                      684  0.000000000000000000e+00  0.000000000000000000e+00  1.500000000000000000e+02  6.062872387439431243e+00  0.000000000000000000e+00 
                      685  0.000000000000000000e+00  0.000000000000000000e+00  1.500000000000000000e+02  6.062911862846535271e+00  0.000000000000000000e+00 
                      686  0.000000000000000000e+00  0.000000000000000000e+00  1.500000000000000000e+02  6.063001870940524007e+00  0.000000000000000000e+00 
                      687  0.000000000000000000e+00  0.000000000000000000e+00  1.500000000000000000e+02  6.063133141703512585e+00  0.000000000000000000e+00 
                      688  0.000000000000000000e+00  0.000000000000000000e+00  1.500000000000000000e+02  6.063298342991357615e+00  0.000000000000000000e+00 
                      689  0.000000000000000000e+00  0.000000000000000000e+00  1.500000000000000000e+02  6.063475587642529696e+00  0.000000000000000000e+00 
                      690  0.000000000000000000e+00  0.000000000000000000e+00  1.500000000000000000e+02  6.063618167526117375e+00  0.000000000000000000e+00 
                      691  0.000000000000000000e+00  0.000000000000000000e+00  1.500000000000000000e+02  6.063636564236158932e+00  0.000000000000000000e+00 
                      692  0.000000000000000000e+00  0.000000000000000000e+00  1.500000000000000000e+02  6.063399681627856808e+00  0.000000000000000000e+00 
                      693  0.000000000000000000e+00  0.000000000000000000e+00  1.500000000000000000e+02  6.062765007069642387e+00  0.000000000000000000e+00 
                      694  0.000000000000000000e+00  0.000000000000000000e+00  1.500000000000000000e+02  6.061627788712773857e+00  0.000000000000000000e+00 
                      695  0.000000000000000000e+00  0.000000000000000000e+00  1.500000000000000000e+02  6.060004692161876427e+00  0.000000000000000000e+00 
                      696  0.000000000000000000e+00  0.000000000000000000e+00  1.500000000000000000e+02  6.058051428379511272e+00  0.000000000000000000e+00 
                      697  0.000000000000000000e+00  0.000000000000000000e+00  1.500000000000000000e+02  6.055991181275512503e+00  0.000000000000000000e+00 
                      698  0.000000000000000000e+00  0.000000000000000000e+00  1.500000000000000000e+02  6.054059342966638724e+00  0.000000000000000000e+00 
                      699  0.000000000000000000e+00  0.000000000000000000e+00  1.500000000000000000e+02  6.052447754561884885e+00  0.000000000000000000e+00 
                      700  0.000000000000000000e+00  0.000000000000000000e+00  1.500000000000000000e+02  6.051264907463465903e+00  0.000000000000000000e+00 
                      701  0.000000000000000000e+00  0.000000000000000000e+00  1.500000000000000000e+02  6.050521578867003925e+00  0.000000000000000000e+00 
                      702  0.000000000000000000e+00  0.000000000000000000e+00  1.500000000000000000e+02  6.050143538930593756e+00  0.000000000000000000e+00 
                      703  0.000000000000000000e+00  0.000000000000000000e+00  1.500000000000000000e+02  6.050005992711316338e+00  0.000000000000000000e+00 
                      704  0.000000000000000000e+00  0.000000000000000000e+00  1.500000000000000000e+02  6.049979898600001071e+00  0.000000000000000000e+00 
