6.432
6.388
7.171
8.1975
8.419
8.115
8.819
10.6805
11.089
12.3025
14.2555
14.8595
15.9905
16.4205
17.6995
19.7045
19.3435
20.526
22.0005
24.4055
25.888
26.4185
28.919
30.237
33.738
35.651
37.604
39.1085
41.8005
45.2665
47.6535
50.8455
56.234
60.8605
65.336
70.2935
75.764
83.0265
89.402
95.229
101.448
107.258
112.4195
117.077
122.548
127.8885
132.537
138.086
142.596
146.5355
150.68
154.868
157.2855
160.7955
163.1955
166.353
168.388
169.5495
171.302
173.0545
174.1195
175.655
177.216
179.2605
179.934
180.5125
180.978
182.6475
184.2875
184.674
185.8875
187.3875
188.588
188.9145
189.114
189.288
189.8405
190.0535
190.484
189.5665
190.2365
191.058
189.971
188.8575
190.28
190.08
189.2405
189.997
189.6755
189.123
188.2185
187.1835
187.414
187.2575
187.401
186.914
186.2615
185.8395
185.87
185.757
184.3785
182.9045
181.93
181.043
180.521
178.125
176.1635
175.4115
173.1935
171.071
169.6795
167.6225
166.009
163.509
161.1605
158.66
154.416
149.758
145.8055
141.326
137.042
132.08
127.6925
121.896
116.2945
110.928
106.379
100.943
95.503
90.3365
84.6445
79.291
73.381
67.9275
63.6135
58.9385
53.303
49.6715
47.0885
43.466
41.213
39.4695
37.112
34.6075
32.4025
30.08
29.7065
28.0885
26.423
24.64
23.305
22.2655
21.148
20.6045
18.8735
17.721
16.969
16.6905
14.834
12.2285
10.7195
10.5805
10.9375
9.3065
8.5715
7.2925
6.171
6.036
6.1405