0.111815342151943000 
0.225747066778522000 
0.317165825630728000 
0.369954956937708000 
0.381264557218941000 
0.362850928524438000 
0.338620616099711000 
0.335606897072890000 
0.361199700413523000 
0.415947195164207000 
0.496646782967424000 
0.608675993834829000 
0.746543704392911000 
0.903302115011958000 
1.071635338999960000 
1.246950274313060000 
1.429641414320760000 
1.623797868701810000 
1.833729386712440000 
2.061819118389060000 
2.308834976032090000 
2.575660389612050000 
2.865166525526720000 
3.182595073399510000 
3.533724505063130000 
3.922565924767570000 
4.350341511408160000 
4.814865845399270000 
5.309342731433620000 
5.822416640719560000 
6.341765225568720000 
6.859898387390110000 
7.377837958967580000 
7.903821100377560000 
8.448523206227710000 
9.021273012431670000 
9.629994225999510000 
10.283155299786300000 
10.990713231409700000 
11.763785201733100000 
12.614541797801900000 
13.556519601790000000 
14.604471231216500000 
15.773888871393400000 
17.081649021645700000 
18.548143395113500000 
20.198368010576300000 
22.059498874602500000 
24.156112833685000000 
26.505677830484100000 
29.115706893769300000 
31.984114662081400000 
35.103772941402600000 
38.469296050087800000 
42.082631974705000000 
45.956163034983800000 
50.114658784787900000 
54.596095045420400000 
59.448847440264600000 
64.725150168090500000 
70.474829173815600000 
76.742597068909700000 
83.568005837608400000 
90.985657822961500000 
99.025349540019200000 
107.714092790858000000 
117.082157731505000000 
127.172269252999000000 
138.047622838414000000 
149.795020689164000000 
162.523002439130000000 
176.355928507278000000 
191.424171020274000000 
207.852848106838000000 
225.753439900208000000 
245.219211810940000000 
266.321593235573000000 
289.105846478596000000 
313.588491299082000000 
339.760492551096000000 
367.597158515523000000 
397.072405503487000000 
428.174050989492000000 
460.915922544251000000 
495.342430901806000000 
531.524343822649000000 
569.548449008876000000 
609.504927058546000000 
651.475994536819000000 
695.528832006543000000 
741.713464909002000000 
790.064421752785000000 
840.605309541084000000 
893.354973410079000000 
948.332995520001000000 
1005.563427860100000000 
1065.077485565150000000 
1126.915911511420000000 
1191.129865089940000000 
1257.778843064560000000 
1326.926234763320000000 
1398.634054867410000000 
1472.958092997360000000 
1549.945717882020000000 
1629.639275860440000000 
1712.085435650200000000 
1797.346620016900000000 
1885.509707694830000000 
1976.690800899950000000 
2071.038369315170000000 
2168.736297162020000000 
2270.006469261740000000 
2375.111648064460000000 
2484.360534423220000000 
2598.115003139100000000 
2716.797095511550000000 
2840.893189823040000000 
2970.954171320660000000 
3107.591663050320000000 
3251.470527045740000000 
3403.297063225850000000 
3563.803233941930000000 
3733.729840150270000000 
3913.810289043790000000 
4104.753159191620000000 
4307.224171057090000000 
4521.831978037810000000 
4749.120262047670000000 
4989.566773181320000000 
5243.590793165220000000 
5511.568375389440000000 
5793.850542318730000000 
6090.778637195250000000 
6402.694087336990000000 
6729.943464738080000000 
7072.880886722040000000 
7431.869059550940000000 
7807.279259368090000000 
8199.490750542090000000 
8608.892159343040000000 
9035.888306566540000000 
9480.912903136170000000 
9944.443106443580000000 
10427.011351299100000000 
10929.212839193300000000 
11451.709067309600000000 
11995.225886012300000000 
12560.542064530000000000 
13148.465926330500000000 
13759.800133897700000000 
14395.295312309900000000 
15055.595564681900000000 
15741.182378411400000000 
16452.323984097700000000 
17189.035501892600000000 
17951.053534006000000000 
18737.827145445700000000 
19548.523188149300000000 
20382.039560467900000000 
21237.020614748300000000 
22111.873194564900000000 
23004.784405409600000000 
23913.742702031100000000 
24836.563570924700000000 
25770.919221124800000000 
26714.369262688000000000 
27664.390209786100000000 
28618.405534449700000000 
29573.819655071100000000 
30528.057168945300000000 
31478.606252890700000000 
32423.063724089500000000 
33359.178097327100000000 
34284.886600211000000000 
35198.343365063600000000 
36097.938835754500000000 
36982.311478138500000000 
37850.350335123400000000 
38701.186601969600000000 
39534.176399076800000000 
40348.885029889800000000 
41145.075861630400000000 
41922.629518616500000000 
42681.554449152600000000 
43421.969874759300000000 
44144.082789198800000000 
44848.159824284000000000 
45534.496235314600000000 
46203.388114722600000000 
46855.112144582500000000 
47489.913549723600000000 
48108.000776235800000000 
48709.545037842300000000 
49294.683376716500000000 
49863.524297246400000000 
50416.155245185000000000 
50952.648177692400000000 
51473.061071598500000000 
51977.437032467100000000 
52465.803085796100000000 
52938.166249489700000000 
53394.504552910800000000 
53834.755141516400000000 
54258.806935360700000000 
54666.503584983200000000 
55057.654917199700000000 
55432.052197172500000000 
55789.480608967500000000 
56129.723874094600000000 
56452.560760042300000000 
56757.755579441600000000 
57045.045922594800000000 
57314.130102365400000000 
57564.657136742200000000 
57796.220065808300000000 
58008.353495403900000000 
58200.534842998500000000 
58372.186027589900000000 
58522.690626121500000000 
58651.415783973300000000 
58757.758167311700000000 
58841.127220861200000000 
58900.982215692600000000 
58936.842453672600000000 
58948.281840116600000000 
58934.915166110300000000 
58896.380188265300000000 
58832.316322114400000000 
58742.340975717600000000 
58626.027282758700000000 
58482.888719676600000000 
58312.374578998300000000 
58113.879382481500000000 
57886.765600812500000000 
57630.397802317400000000 
57344.182682176400000000 
57027.609672946500000000 
56680.286212739700000000 
56301.965302516300000000 
55892.564312625400000000 
55452.173025394300000000 
54981.052321685700000000 
54479.627928688900000000 
53948.484115570100000000 
53388.360153660800000000 
52800.151347054100000000 
52184.918192438000000000 
51543.906240451900000000 
50878.573171152300000000 
50190.614755514400000000 
49481.981593254200000000 
48754.880695214600000000 
48011.757394292700000000 
47255.256205274500000000 
46488.164687091000000000 
45712.777476991300000000 
44932.342221467000000000 
44149.748046038100000000 
43367.748509862900000000 
42588.892795697200000000 
41815.466578384100000000 
41049.439750318500000000 
40292.449635726200000000 
39545.883635658900000000 
38810.842831671000000000 
38088.161248968600000000 
37378.381966747500000000 
36681.869100791100000000 
35998.793350007100000000 
35329.150949039900000000 
34672.779240120200000000 
34029.369321552700000000 
33398.480867277200000000 
32779.564459029600000000 
32171.991254772500000000 
31575.085933262000000000 
30988.167399667400000000 
30410.611253384100000000 
29841.787099085500000000 
29281.153064783600000000 
28728.284288235700000000 
28182.891830680400000000 
27644.828164470400000000 
27114.078620176400000000 
26590.783521986800000000 
26075.145478561300000000 
25567.389292394700000000 
25067.743086757500000000 
24576.403563020700000000 
24093.511090580200000000 
23619.136269068900000000 
23153.275642119100000000 
22695.854077301200000000 
22246.734425802800000000 
21805.735538857400000000 
21372.655360803000000000 
20947.292428204100000000 
20529.461136090100000000 
20119.000616378100000000 
19715.778232189400000000 
19319.685974835700000000 
18930.628218985500000000 
18548.505578255400000000 
18173.203084056600000000 
17804.585669680000000000 
17442.499507432800000000 
17086.779475153100000000 
16737.262723249400000000 
16393.804737900000000000 
16056.293940412900000000 
15724.662879099700000000 
15398.893871121500000000 
15079.015735440500000000 
14765.091238318500000000 
14457.200116646300000000 
14155.430648726200000000 
13859.846952589100000000 
13570.474692874800000000 
13287.291277075400000000 
13010.216142113800000000 
12739.110207071700000000 
12473.784462815000000000 
12214.013045972100000000 
11959.546758566700000000 
11710.128050299100000000 
11465.508891631200000000 
11225.470105294200000000 
10989.836668781600000000 
10758.494934421900000000 
10531.392771937600000000 
10308.527744526000000000 
10089.945215370000000000 
9875.721490550700000000 
9665.949342757060000000 
9460.727615002310000000 
9260.150997677460000000 
9064.298617518100000000 
8873.224642641440000000 
8686.952999666880000000 
8505.475480459280000000 
8328.753136427140000000 
8156.721659709400000000 
7989.299755832320000000 
7826.398069371000000000 
7667.925509218880000000 
7513.789993862370000000 
7363.893342657960000000 
7218.122492001280000000 
7076.339435890120000000 
6938.373695057050000000 
6804.023236637780000000 
6673.067002634290000000 
6545.284859861510000000 
6420.476892521630000000 
6298.477940756460000000 
6179.168481664190000000 
6062.482984599980000000 
5948.415327927390000000 
5837.020897686250000000 
5728.414007817290000000 
5622.756916721410000000 
5520.237357247010000000 
5421.037834741640000000 
5325.306601849850000000 
5233.139198903560000000 
5144.573032532450000000 
5059.593902440250000000 
4978.152112060570000000 
4900.182816199830000000 
4825.623281608210000000 
4754.421854076590000000 
4686.538015830200000000 
4621.936524006230000000 
4560.579223519470000000 
4502.416347445450000000 
4447.377887768480000000 
4395.367033636830000000 
4346.257534799500000000 
4299.893299341710000000 
4256.089919591490000000 
4214.643441799560000000 
4175.349077157770000000 
4138.024499669430000000 
4102.531017671720000000 
4068.788364785110000000 
4036.779422157870000000 
4006.543142179900000000 
3978.158151596700000000 
3951.722917275180000000 
3927.338501651000000000 
3905.096307584130000000 
3885.069147840610000000 
3867.303671403280000000 
3851.815507857660000000 
3838.590105637410000000 
3827.588860201350000000 
3818.756206699520000000 
3812.024527397270000000 
3807.318621916980000000 
3804.563118883050000000 
3803.691262663080000000 
3804.649028996150000000 
3807.392496469510000000 
3811.882279374740000000 
3818.077124730090000000 
3825.926701864530000000 
3835.367524373150000000 
3846.326882369300000000 
3858.733868951540000000 
3872.531956540660000000 
3887.688297080260000000 
3904.197084022720000000 
3922.075282739990000000 
3941.352000341140000000 
3962.057057732290000000 
3984.213895732030000000 
4007.837466175020000000 
4032.933880644680000000 
4059.502041358680000000 
4087.532995533350000000 
4117.007763818290000000 
4147.895864566370000000 
4180.157060452610000000 
4213.746068716010000000 
4248.618261401790000000 
4284.735063733690000000 
4322.067345420730000000 
4360.594310961410000000 
4400.297771721830000000 
4441.155370718720000000 
4483.136488543180000000 
4526.200593795780000000 
4570.296288324930000000 
4615.363337280680000000 
4661.340587092170000000 
4708.143488148240000000 
4755.591578667100000000 
4803.662545472810000000 
4852.371140990720000000 
4901.746626669060000000 
4951.821658282050000000 
5002.625273385370000000 
5054.182366028050000000 
5106.515187059190000000 
5159.641897388120000000 
5213.571413208230000000 
5268.298654097650000000 
5323.804227609040000000 
5380.059555472970000000 
5437.036691949880000000 
5494.715623989010000000 
5553.088717773300000000 
5612.163076465610000000 
5671.959783837620000000 
5732.505765286010000000 
5793.819763117580000000 
5855.896797575490000000 
5918.702112862400000000 
5982.177341609660000000 
6046.249946090810000000 
6110.842441148850000000 
6175.877504808450000000 
6241.279491716340000000 
6306.975064196220000000 
6372.894636704390000000 
6438.977123152240000000 
6505.175132145050000000 
6571.461144436270000000 
6637.831187021840000000 
6704.303795977420000000 
6770.908385049170000000 
6837.670460620500000000 
6904.625848483590000000 
6971.806807451090000000 
7039.237635577270000000 
7106.830285920820000000 
7174.571156138860000000 
7242.465000704400000000 
7310.525491625440000000 
7378.772642474640000000 
7447.229447302300000000 
7515.917371571130000000 
7584.852206546430000000 
7654.042376963680000000 
7723.488938796740000000 
7793.183187295830000000 
7863.102990757240000000 
7933.207567522870000000 
8003.436214700520000000 
8073.710219608490000000 
8143.942077555260000000 
8214.045321244940000000 
8283.944574231340000000 
8353.582635561440000000 
8422.920384496460000000 
8491.933852825760000000 
8560.610497554760000000 
8628.946720946000000000 
8696.948264094490000000 
8764.632017697370000000 
8832.025507410170000000 
8899.162200147530000000 
8966.074612020880000000 
9032.788624779510000000 
9099.321270295080000000 
9165.682533586840000000 
9231.879745950140000000 
9297.921469608640000000 
9363.818233851700000000 
9429.579794906310000000 
9495.210459955720000000 
9560.704465779980000000 
9626.042802452510000000 
9691.191922267000000000 
9756.104384457050000000 
9820.721433486890000000 
9884.977006219660000000 
9948.802062943020000000 
10012.128319701300000000 
10074.891346015900000000 
10137.033367724500000000 
10198.505562334000000000 
10259.269519291200000000 
10319.298526645400000000 
10378.579672311400000000 
10437.116373549100000000 
10494.929872659500000000 
10552.058870344900000000 
10608.557034390900000000 
10664.487536305800000000 
10719.914386665200000000 
10774.859921965800000000 
10829.149378224400000000 
10882.848219860100000000 
10936.031638125900000000 
10988.781486146600000000 
11041.185644580700000000 
11093.335472246100000000 
11145.320234142900000000 
11197.005837271900000000 
11248.285260809400000000 
11299.114310808900000000 
11349.435653740700000000 
11399.180171042100000000 
11448.270471086700000000 
11496.624993157500000000 
11544.162332656500000000 
11590.805549281800000000 
11636.486229364800000000 
11681.148137310600000000 
11724.750233288800000000 
11767.268513136200000000 
11808.696142213700000000 
11849.042005657900000000 
11888.328339286100000000 
11926.587994203900000000 
11963.861499098100000000 
12000.193945914000000000 
12035.631872026400000000 
12070.220389657900000000 
12104.000677374900000000 
12137.007884569100000000 
12169.269592141500000000 
12200.804933258400000000 
12231.624224711100000000 
12261.728804564500000000 
12291.110926371400000000 
12319.772326598100000000 
12347.700651428100000000 
12374.853146922400000000 
12401.136571520300000000 
12426.480401165900000000 
12450.836418341800000000 
12474.158361844700000000 
12496.402835689700000000 
12517.531820915200000000 
12537.514474745800000000 
12556.328153897200000000 
12573.959830728500000000 
12590.406892079400000000 
12605.678737576200000000 
12619.794203609200000000 
12632.780132830300000000 
12644.637335959000000000 
12655.359217434800000000 
12664.977627293700000000 
12673.523245734400000000 
12681.023442454000000000 
12687.500522336800000000 
12692.970310174900000000 
12697.441015123300000000 
12700.912278311700000000 
12703.374593203200000000 
12704.809501158800000000 
12705.190505175300000000 
12704.484221141000000000 
12702.651710592500000000 
12699.650590171400000000 
12695.438272045700000000 
12689.975630456800000000 
12683.229714574000000000 
12675.174658017800000000 
12665.791157401800000000 
12655.065544864400000000 
12642.989000794200000000 
12629.556673853400000000 
12614.766511358900000000 
12598.618205516800000000 
12581.112677446300000000 
12562.251919470000000000 
12542.038841030200000000 
12520.477286123800000000 
12497.572683424100000000 
12473.333104642400000000 
12447.769658583600000000 
12420.895454714500000000 
12392.723333322700000000 
12363.262996668700000000 
12332.518359648700000000 
12300.486167075300000000 
12267.157662001300000000 
12232.516601794200000000 
12196.546393381700000000 
12159.233380044100000000 
12120.567546892200000000 
12080.545792208400000000 
12039.172119931400000000 
11996.455707960000000000 
11952.407834105500000000 
11907.038435895600000000 
11860.352351120500000000 
11812.345211975700000000 
11762.999610307000000000 
11712.282844550300000000 
11660.147384234900000000 
11606.533985665900000000 
11551.376425823900000000 
11494.606882385100000000 
11436.161237860700000000 
11375.983418271300000000 
11314.028146533700000000 
11250.264026661800000000 
11184.669244894600000000 
11117.232953345300000000 
11047.953169423700000000 
10976.833451909900000000 
10903.879500426600000000 
10829.097169186900000000 
10752.492766351700000000 
10674.075740743100000000 
10593.863261564500000000 
10511.885506681800000000 
10428.190152643100000000 
10342.845070614400000000 
10255.938917789200000000 
10167.579906379600000000 
10077.892864703100000000 
9987.015458803230000000 
9895.089937207270000000 
9802.258163327610000000 
9708.657844312530000000 
9614.418500376590000000 
9519.658270045510000000 
9424.481581866690000000 
9328.977946071670000000 
9233.221943355640000000 
9137.273988902210000000 
9041.181334868500000000 
8944.979050422130000000 
8848.690948962790000000 
8752.330789774670000000 
8655.791937825260000000 
8559.214264816120000000 
8462.600879846710000000 
8365.953527992830000000 
8269.270270598960000000 
8172.546550899960000000 
8075.780208485090000000 
7978.976561650360000000 
7882.149926824220000000 
7785.321781562100000000 
7688.518466295670000000 
7591.770748579210000000 
7495.115283033130000000 
7398.595646594160000000 
7302.260727592440000000 
7206.161606901060000000 
7110.349991638380000000 
7014.878839409050000000 
6919.802611934400000000 
6825.175374167880000000 
6731.047951248150000000 
6637.465582609830000000 
6544.465957831100000000 
6452.078733018410000000 
6360.326738402850000000 
6269.227680021150000000 
6178.796294016140000000 
6089.048269548610000000 
6000.004938345870000000 
5911.695010383050000000 
5824.151707468240000000 
5737.408440296770000000 
5651.497329380080000000 
5566.451136306650000000 
5482.305195372390000000 
5399.096027083600000000 
5316.857805173300000000 
5235.621145477390000000 
5155.415812204730000000 
5076.274316036610000000 
4998.233851158650000000 
4921.337723337150000000 
4845.637983829590000000 
4771.198097572420000000 
4698.092974026350000000 
4626.406308424890000000 
4556.228351877950000000 
4487.655395530310000000 
4420.788347278230000000 
4355.728822286890000000 
4292.574020719380000000 
4231.410992040680000000 
4172.310821447670000000 
4115.325006092790000000 
4060.485380460450000000 
4007.805833983170000000 
3957.282986623050000000 
3908.896353646130000000 
3862.611002894740000000 
3818.382205103090000000 
3776.158462103490000000 
3735.881198935010000000 
3697.483430279120000000 
3660.889253308470000000 
3626.013197929390000000 
3592.757371647950000000 
3561.005938335230000000 
3530.619916453340000000 
3501.436321038450000000 
3473.272029957060000000 
3445.929492116020000000 
3419.203332396250000000 
3392.889184477960000000 
3366.792863987640000000 
3340.736137452760000000 
3314.559717367670000000 
3288.126947939750000000 
3261.328770457400000000 
3234.086810063460000000 
3206.351987864240000000 
3178.099729622400000000 
3149.323780718410000000 
3120.029139980380000000 
3090.225494718180000000 
3059.924015357290000000 
3029.138268356790000000 
2997.887043906630000000 
2966.196902215940000000 
2934.102917538840000000 
2901.646760825550000000 
2868.873374305850000000 
2835.827715870010000000 
2802.551351124960000000 
2769.079338730260000000 
2735.438925576020000000 
2701.650139159400000000 
2667.726512303880000000 
2633.674302229250000000 
2599.491017493510000000 
2565.165481896100000000 
2530.680276508440000000 
2496.016322799800000000 
2461.158793027150000000 
2426.101805813210000000 
2390.848862916200000000 
2355.409074894510000000 
2319.792861572070000000 
2284.010296491330000000 
2248.071470166530000000 
2211.986708483680000000 
2175.766937380920000000 
2139.425371409320000000 
2102.978736192830000000 
2066.445448563030000000 
2029.841646548110000000 
1993.178355005010000000 
1956.461727566370000000 
1919.695911702510000000 
1882.886047178210000000 
1846.039902071130000000 
1809.168080769560000000 
1772.282921914440000000 
1735.395158991140000000 
1698.510231085190000000 
1661.628497193130000000 
1624.748455594650000000 
1587.868872568570000000 
1550.989716421800000000 
1514.112613287780000000 
1477.239365637000000000 
1440.368944698520000000 
1403.495976550770000000 
1366.612628574150000000 
1329.712602295890000000 
1292.794511338050000000 
1255.863457147330000000 
1218.931547347160000000 
1182.018614437080000000 
1145.153222976880000000 
1108.372254624270000000 
1071.717598819920000000 
1035.231398389560000000 
998.953237615027000000 
962.920657918995000000 
927.170959501100000000 
891.741714731533000000 
856.670619732219000000 
821.997010667180000000 
787.764236546366000000 
754.020792184130000000 
720.820828820960000000 
688.130251299788000000 
655.917540723666000000 
624.239586004630000000 
593.162557782946000000 
562.758377820732000000 
533.098701641048000000 
504.248243676760000000 
476.261104672397000000 
449.181210834714000000 
423.044592344026000000 
397.881358232278000000 
373.716575107221000000 
350.569811889484000000 
328.454281547989000000 
307.377638733540000000 
287.344766116536000000 
268.360141944528000000 
250.427955334627000000 
233.550515273620000000 
217.725797524633000000 
202.944293535118000000 
189.185777437345000000 
176.417426533522000000 
164.594198691174000000 
153.660168116399000000 
143.549565598829000000 
134.189500136243000000 
125.505754210664000000 
117.428864358052000000 
109.898066209185000000 
102.863167310441000000 
96.283725713001900000 
90.125451705934800000 
84.356437406144100000 
78.945996633960200000 
73.866292539177900000 
69.093961447853700000 
64.609132084247300000 
60.393008344950900000 
56.426936330119300000 
52.693801969570400000 
49.180464414812600000 
45.879444111400300000 
42.788806305605400000 
39.910944774657500000 
37.251738539703500000 
34.819296338964400000 
32.619936352229700000 
30.652446153901000000 
28.905811481053300000 
27.363171167303100000 
26.007777644175000000 
24.824747585675400000 
23.792165853419100000 
22.896267999521600000 
22.112739899324800000 
21.406577524389200000 
20.747149656590200000 
20.109025948039900000 
19.475148221740700000 
18.838376372690100000 
18.200572758902600000 
17.568782489997600000 
16.950420016026200000 
16.350507822931600000 
15.772244057739700000 
15.219082365477000000 
14.695641099187300000 
14.206855625376500000 
13.755704406213700000 
13.339882627436900000 
12.950367115973100000 
12.574878189477100000 
12.203343326672200000 
11.821165070282100000 
11.428000917291000000 
11.027291441137700000 
10.623798487506800000 
10.221919729811400000 
9.824448364195020000 
9.431589856714180000 
9.040740780463040000 
8.647564912829920000 
8.247727614680550000 
7.838296565952090000 
7.418973436709530000 
6.992904592254690000 
6.565834012534200000 
6.142601969464100000 
5.723589669409330000 
5.300391001408810000 
4.870103088913100000 
4.435613393134120000 
4.001324326832900000 
3.573582690090310000 
3.160478589895860000 
2.769098215296370000 
2.401429940863660000 
2.051772741511040000 
1.706751689882850000 
1.347447865708080000 
0.953365701054257000 
0.507442941200947000 