0.075523625276094300 
0.152476722339146000 
0.214223848930930000 
0.249879300989211000 
0.257518163395959000 
0.245081015087573000 
0.228715094269649000 
0.226679532940688000 
0.243965723297608000 
0.280943916082074000 
0.335450974879994000 
0.411119053863548000 
0.504239274304430000 
0.610118872171969000 
0.723816465769737000 
0.842229728431822000 
0.965625113480635000 
1.096764535168260000 
1.238558934708990000 
1.392617967154300000 
1.559460304805380000 
1.739682644258300000 
1.935224262279180000 
2.149625562137500000 
2.386789506816360000 
2.649425323229430000 
2.938358509730830000 
3.252112964681200000 
3.586098322413250000 
3.932644698948910000 
4.283429190190900000 
4.633392746205800000 
4.983225545235500000 
5.338491226213420000 
5.706400288937790000 
6.093253657252160000 
6.504403253956310000 
6.945568940455470000 
7.423475988456450000 
7.945633294193830000 
8.520261257817530000 
9.156502915873050000 
9.864322653711300000 
10.654184384205800000 
11.537487029780600000 
12.528003799659900000 
13.642617796997000000 
14.899684557777400000 
16.315804062909300000 
17.902774714387100000 
19.665671049913300000 
21.603084550277700000 
23.710200607363700000 
25.983381561127400000 
28.423943143424500000 
31.040248765369400000 
33.849028568535000000 
36.875932626001400000 
40.153635366720600000 
43.717417423730800000 
47.600932819105900000 
51.834381867478700000 
56.444479232318800000 
61.454596432595600000 
66.884858978761100000 
72.753511497883700000 
79.080999412539700000 
85.896180467995800000 
93.241738896049800000 
101.176303654110000000 
109.773185850286000000 
119.116382452261000000 
129.293950925596000000 
140.390400019153000000 
152.481026947483000000 
165.628826124258000000 
179.882043227341000000 
195.271249851450000000 
211.807603965338000000 
229.485002945137000000 
248.286769221328000000 
268.195285043909000000 
289.202321949123000000 
311.317219516394000000 
334.569974162775000000 
359.008384676181000000 
384.691070220719000000 
411.678941629950000000 
440.027530577246000000 
469.782212943563000000 
500.976777497142000000 
533.634545886817000000 
567.771463030600000000 
603.400257530628000000 
640.534155798438000000 
679.189403309725000000 
719.387083755654000000 
761.154716165908000000 
804.526855214328000000 
849.543686900540000000 
896.248026385364000000 
944.681760349598000000 
994.882570870797000000 
1046.882452289430000000 
1100.710006664770000000 
1156.396755527500000000 
1213.984861191530000000 
1273.533004307020000000 
1335.119603989660000000 
1398.844941367950000000 
1464.833217672020000000 
1533.234300941170000000 
1604.225669260630000000 
1678.015828968560000000 
1754.849201772670000000 
1835.010847740180000000 
1918.829282175340000000 
2006.676590430400000000 
2098.965882091590000000 
2196.146226044520000000 
2298.694679635550000000 
2407.105633431050000000 
2521.879447871270000000 
2643.511489414410000000 
2772.480354479370000000 
2909.235691762330000000 
3054.188605054970000000 
3207.706314350000000000 
3370.111507200240000000 
3541.687379769870000000 
3722.687930434850000000 
3913.350250891040000000 
4113.904895180600000000 
4324.582474133210000000 
4545.617073455820000000 
4777.247875209940000000 
5019.719862698360000000 
5273.283807593210000000 
5538.195877067110000000 
5814.718561617610000000 
6103.125290037960000000 
6403.709004429300000000 
6716.791992014040000000 
7042.733876134780000000 
7381.936674738930000000 
7734.847183985550000000 
8101.955666211320000000 
8483.788126830830000000 
8880.890533128130000000 
9293.805028779600000000 
9723.038609748750000000 
10169.026323689500000000 
10632.093382447700000000 
11112.420957469600000000 
11610.019261385000000000 
12124.710386979800000000 
12656.122215302600000000 
13203.692011751000000000 
13766.675381948500000000 
14344.156678512400000000 
14935.059833109000000000 
15538.160359341100000000 
16152.099595804400000000 
16775.402052855100000000 
17406.495466712600000000 
18043.731520678300000000 
18685.405772460200000000 
19329.777953422900000000 
19975.094925500400000000 
20619.617180096700000000 
21261.648152240700000000 
21899.564656105700000000 
22531.845967232800000000 
23157.098823783500000000 
23774.076468236700000000 
24381.691755378700000000 
24979.025061903700000000 
25565.326012187700000000 
26140.007787979100000000 
26702.635492592700000000 
27252.915518200600000000 
27790.688035525800000000 
28315.872414450200000000 
28828.474361226000000000 
29328.574401846300000000 
29816.312346457300000000 
30291.868286634200000000 
30755.441647162600000000 
31207.232418253700000000 
31647.427479747900000000 
32076.192464265500000000 
32493.668162901000000000 
32899.970218828300000000 
33295.191194674000000000 
33679.404377740000000000 
34052.668831658800000000 
34415.033158576500000000 
34766.536517881200000000 
35107.208024436600000000 
35437.065932120300000000 
35756.114981047400000000 
36064.340331553100000000 
36361.699529687600000000 
36648.117548535400000000 
36923.488784716600000000 
37187.684789236500000000 
37440.564575971200000000 
37681.983051431900000000 
37911.794134272900000000 
38129.848397045500000000 
38335.986649032400000000 
38530.031650408500000000 
38711.779632122000000000 
38880.993529800700000000 
39037.398469821000000000 
39180.680110220000000000 
39310.485482197200000000 
39426.424131525500000000 
39528.079706539400000000 
39615.024757174700000000 
39686.851772641900000000 
39743.161873194500000000 
39783.589833379000000000 
39807.810974444300000000 
39815.537498538000000000 
39806.509223353100000000 
39780.481478226400000000 
39737.210712982500000000 
39676.438512901800000000 
39597.876558947600000000 
39501.196237690100000000 
39386.025583851200000000 
39251.955638239700000000 
39098.555793355300000000 
38925.396858509900000000 
38732.078096827700000000 
38518.254654879000000000 
38283.661383925000000000 
38028.131452987700000000 
37751.609051382300000000 
37454.154820937800000000 
37135.944968855500000000 
36797.267044769500000000 
36438.515682589000000000 
36060.190209596900000000 
35662.895342548200000000 
35247.347374510700000000 
34814.387589855100000000 
34365.000551882300000000 
33900.331638044300000000 
33421.698345199500000000 
32930.591358406600000000 
32428.662332991700000000 
31917.697458040200000000 
31399.579539185700000000 
30875.858447138600000000 
30348.727745249900000000 
29820.138840446200000000 
29291.951573837300000000 
28765.887744234600000000 
28243.491168855100000000 
27726.092375444000000000 
27214.797264666700000000 
26710.542931157400000000 
26214.073080288500000000 
25725.951039113000000000 
25246.543620528500000000 
24776.096759873200000000 
24314.725752598700000000 
23862.428055464200000000 
23419.093804258100000000 
22984.514356987000000000 
22558.392303477000000000 
22140.356549222400000000 
21729.982354384700000000 
21326.813585596200000000 
20930.390209825800000000 
20540.290487119300000000 
20156.088628497300000000 
19777.418636448200000000 
19403.993545550400000000 
19035.618197408600000000 
18672.192947175000000000 
18313.707886652200000000 
17960.257795243600000000 
17611.979521258200000000 
17269.024903424500000000 
16931.548023428100000000 
16599.681739608000000000 
16273.520861902300000000 
15953.113075540200000000 
15638.456045981300000000 
15329.499026401900000000 
15026.149382148200000000 
14728.284759603100000000 
14435.768683969800000000 
14148.465080460000000000 
13866.248585595000000000 
13589.010543974200000000 
13316.661368446800000000 
13049.128106522100000000 
12786.346169820900000000 
12528.248429630700000000 
12274.757232523500000000 
12025.781350163800000000 
11781.216882453700000000 
11540.952300652500000000 
11304.877610985800000000 
11072.895204239200000000 
10844.929716628300000000 
10620.935589145300000000 
10400.900878240600000000 
10184.845049154500000000 
9972.810496209050000000 
9764.851076227080000000 
9561.026415171200000000 
9361.379820391320000000 
9165.928626598410000000 
8974.657574096710000000 
8787.512248031170000000 
8604.398708742190000000 
8425.189293471490000000 
8249.731446940710000000 
8077.856852940110000000 
7909.391553836040000000 
7744.168022619020000000 
7582.038220016330000000 
7422.883930281050000000 
7266.628392174700000000 
7113.236395255810000000 
6962.706293630690000000 
6815.068727030520000000 
6670.375235000420000000 
6528.688479154340000000 
6390.075221195510000000 
6254.599418014550000000 
6122.314514316030000000 
5993.257096962790000000 
5867.443326751760000000 
5744.867659648340000000 
5625.503788539680000000 
5509.308277858610000000 
5396.226218741520000000 
5286.197257702970000000 
5179.159868923100000000 
5075.051857629770000000 
4973.806909505210000000 
4875.348657808290000000 
4779.583888912020000000 
4686.397455717040000000 
4595.652898824840000000 
4507.200908658690000000 
4420.892800289860000000 
4336.593544253600000000 
4254.191586348140000000 
4173.606197018170000000 
4094.793114789640000000 
4017.748204915320000000 
3942.508876881580000000 
3869.152341946330000000 
3797.788194575180000000 
3728.543235482770000000 
3661.540734564050000000 
3596.880826352940000000 
3534.628041817090000000 
3474.807646579540000000 
3417.410049310190000000 
3362.401683373330000000 
3309.738750270410000000 
3259.378877976630000000 
3211.287177602330000000 
3165.436282158510000000 
3121.802387498870000000 
3080.359722469790000000 
3041.074672913490000000 
3003.899953197760000000 
2968.770174205620000000 
2935.600062516950000000 
2904.284188706280000000 
2874.697997988490000000 
2846.703733538470000000 
2820.163074505860000000 
2794.952872134990000000 
2770.979449681960000000 
2748.188592690560000000 
2726.568738545870000000 
2706.146196926350000000 
2686.974074827410000000 
2669.118879891180000000 
2652.648872889150000000 
2637.625790209300000000 
2624.098811901090000000 
2612.099446165740000000 
2601.638249720590000000 
2592.705393976600000000 
2585.274804203380000000 
2579.308950140530000000 
2574.762160627420000000 
2571.583642946050000000 
2569.722488880990000000 
2569.133609562790000000 
2569.780515293690000000 
2571.633540159760000000 
2574.666081805460000000 
2578.850276659740000000 
2584.152129792490000000 
2590.528760474080000000 
2597.931058143060000000 
2606.311130031310000000 
2615.630795620600000000 
2625.867868292740000000 
2637.018426121470000000 
2649.093928056620000000 
2662.114033961970000000 
2676.098885822500000000 
2691.064316309870000000 
2707.020424366980000000 
2723.971337950960000000 
2741.916315584820000000 
2760.849310274780000000 
2780.757502766180000000 
2801.620304788620000000 
2823.410538777800000000 
2846.097619322020000000 
2869.651403286460000000 
2894.045836044870000000 
2919.261242075670000000 
2945.283575438160000000 
2972.100550952660000000 
2999.697068004230000000 
3028.052445273810000000 
3057.139306569890000000 
3086.922935952200000000 
3117.362648894350000000 
3148.417140336760000000 
3180.029302792870000000 
3212.077246656810000000 
3244.545900902490000000 
3277.445229785470000000 
3310.794997415110000000 
3344.617260536110000000 
3378.931632033720000000 
3413.754926137490000000 
3449.102171775980000000 
3484.985635402840000000 
3521.411339297610000000 
3558.375851982380000000 
3595.866075183700000000 
3633.862706232830000000 
3672.346869691720000000 
3711.305048111720000000 
3750.732085370880000000 
3790.632779170490000000 
3831.021370158050000000 
3871.916044599660000000 
3913.329461643250000000 
3955.258257803260000000 
3997.678957912830000000 
4040.552138801610000000 
4083.828806190620000000 
4127.456624149480000000 
4171.383366965860000000 
4215.557941371150000000 
4259.930812774850000000 
4304.454980895730000000 
4349.089186253860000000 
4393.801419199530000000 
4438.573092361570000000 
4483.401522247150000000 
4528.299228709150000000 
4573.286078723770000000 
4618.379300110620000000 
4663.603090744960000000 
4708.979239251090000000 
4754.524157304810000000 
4800.178375211930000000 
4845.932705519050000000 
4891.790359547900000000 
4937.760571805920000000 
4983.856860094270000000 
5030.094755323140000000 
5076.488755946260000000 
5123.049527884600000000 
5169.782761471470000000 
5216.689169945050000000 
5263.762873841530000000 
5310.988924706920000000 
5358.339777317040000000 
5405.774431014950000000 
5453.239720761220000000 
5500.676543114340000000 
5548.026495322720000000 
5595.238665746080000000 
5642.274419048180000000 
5689.107331842380000000 
5735.721215239740000000 
5782.107597304240000000 
5828.264048009990000000 
5874.194445074500000000 
5919.910197009840000000 
5965.429895515980000000 
6010.776145207570000000 
6055.970908496630000000 
6101.031666736780000000 
6145.969923793820000000 
6190.792423866160000000 
6235.504118743010000000 
6280.110791621530000000 
6324.619554317420000000 
6369.036996495530000000 
6413.366027363920000000 
6457.602754261200000000 
6501.734337280580000000 
6545.738117238170000000 
6589.582051137050000000 
6633.226453626520000000 
6676.626703570540000000 
6719.736169359680000000 
6762.508729846520000000 
6804.900866644140000000 
6846.873557252540000000 
6888.393825412900000000 
6929.435727420340000000 
6969.981221176960000000 
7010.021585451240000000 
7049.559128368780000000 
7088.608197652840000000 
7127.194932984130000000 
7165.355583285520000000 
7203.132816595670000000 
7240.569867685560000000 
7277.681823332930000000 
7314.350642405590000000 
7350.620541646650000000 
7386.542307611050000000 
7422.171226492960000000 
7457.566655673910000000 
7492.790301794520000000 
7527.902457264460000000 
7562.812551422860000000 
7597.448299014290000000 
7631.779850046730000000 
7665.768479637550000000 
7699.367502919190000000 
7732.524647134940000000 
7765.184823591900000000 
7797.293049045150000000 
7828.797355576650000000 
7859.651534426800000000 
7889.817602292780000000 
7919.267839572690000000 
7947.986033094090000000 
7975.967566525120000000 
8003.218441168570000000 
8029.753675800130000000 
8055.595459097390000000 
8080.771165419840000000 
8105.311251296010000000 
8129.247149543670000000 
8152.609330387400000000 
8175.425607135860000000 
8197.719720801870000000 
8219.510300400120000000 
8240.810269077330000000 
8261.626595121220000000 
8281.960182303340000000 
8301.805798427710000000 
8321.164616358680000000 
8340.028291937170000000 
8358.367947797950000000 
8376.120605636340000000 
8393.238631270140000000 
8409.689457060360000000 
8425.441836724230000000 
8440.466459238490000000 
8454.737645391690000000 
8468.234562996010000000 
8480.941918059690000000 
8492.850911301320000000 
8503.959777709560000000 
8514.274866089880000000 
8523.808899137220000000 
8532.580007229160000000 
8540.588737951470000000 
8547.830636453490000000 
8554.327215258790000000 
8560.099196745860000000 
8565.165067275320000000 
8569.539892272840000000 
8573.234360304410000000 
8576.254016093580000000 
8578.598617247880000000 
8580.261742751000000000 
8581.230925053370000000 
8581.488267239320000000 
8581.011220621910000000 
8579.773484929170000000 
8577.746433097700000000 
8574.901299956370000000 
8571.211658727920000000 
8566.655253377150000000 
8561.214612931730000000 
8554.876699272870000000 
8547.632280693590000000 
8539.475400148960000000 
8530.402780891740000000 
8520.413036474680000000 
8509.505959003980000000 
8497.682170632770000000 
8484.943017038920000000 
8471.290463351870000000 
8456.727105929010000000 
8441.256611468210000000 
8424.884431859190000000 
8407.618070340650000000 
8389.466381461990000000 
8370.438037960300000000 
8350.539593049730000000 
8329.773690975330000000 
8308.138133080210000000 
8285.627004644920000000 
8262.229334880650000000 
8237.933916300660000000 
8212.731524723650000000 
8186.615395776110000000 
8159.583434459710000000 
8131.638345161530000000 
8102.786326925220000000 
8073.034997141900000000 
8042.391067932730000000 
8010.857806894410000000 
7978.432263873480000000 
7945.102680850890000000 
7910.846970154080000000 
7875.633028196970000000 
7839.420839910610000000 
7802.165676169400000000 
7763.821727626630000000 
7724.345687298650000000 
7683.699681042870000000 
7641.853127282520000000 
7598.784820173820000000 
7554.480026011270000000 
7508.931417788490000000 
7462.137656401150000000 
7414.101145562110000000 
7364.825734977120000000 
7314.315378767260000000 
7262.574337664330000000 
7209.608993702130000000 
7155.430943504670000000 
7100.060570158910000000 
7043.530075916220000000 
6985.885303112690000000 
6927.186133626330000000 
6867.505657414070000000 
6806.928187477130000000 
6745.546707823630000000 
6683.457297616510000000 
6620.755775899790000000 
6557.535154445070000000 
6493.882915309480000000 
6429.878852996850000000 
6365.593501857210000000 
6301.087319937320000000 
6236.410681402020000000 
6171.604392580750000000 
6106.700369077730000000 
6041.722297720060000000 
5976.686262832470000000 
5911.601557871510000000 
5846.396158157180000000 
5781.164537468960000000 
5715.908795791130000000 
5650.630111803200000000 
5585.327176075790000000 
5519.996910825330000000 
5454.637856841950000000 
5389.253606271300000000 
5323.853828882820000000 
5258.453031298000000000 
5193.069004679090000000 
5127.722530407200000000 
5062.438366174450000000 
4997.245945224770000000 
4932.178288285510000000 
4867.269896996990000000 
4802.555695985440000000 
4738.071454495150000000 
4673.853957698490000000 
4609.939722778220000000 
4546.363078643510000000 
4483.154581442070000000 
4420.339687909280000000 
4357.938428719200000000 
4295.966224133320000000 
4234.435033369930000000 
4173.354809686860000000 
4112.736150040450000000 
4052.593462555280000000 
3992.946138858330000000 
3933.816618011490000000 
3875.227466657110000000 
3817.200380006440000000 
3759.757486274490000000 
3702.922651364370000000 
3646.720542383310000000 
3591.174241353480000000 
3536.304427180590000000 
3482.131203554470000000 
3428.676529219450000000 
3375.965526307110000000 
3324.027444904270000000 
3272.897442079630000000 
3222.618384062340000000 
3173.240867075870000000 
3124.821421533050000000 
3077.421005893390000000 
3031.104658247320000000 
2985.940534985540000000 
2941.997270210570000000 
2899.340515992630000000 
2858.029068298770000000 
2818.110940323490000000 
2779.620914875410000000 
2742.580493974050000000 
2706.999058982250000000 
2672.874326915320000000 
2640.192461734830000000 
2608.929869154550000000 
2579.056337611000000000 
2550.537083609860000000 
2523.332543766400000000 
2497.397474073860000000 
2472.680607357460000000 
2449.124214407560000000 
2426.662175531770000000 
2405.216251338030000000 
2384.692569291600000000 
2364.981044183280000000 
2345.957989521360000000 
2327.489973037560000000 
2309.438277868550000000 
2291.664868526030000000 
2274.038586730840000000 
2256.439047947800000000 
2238.758664348120000000 
2220.905134279140000000 
2202.804796031190000000 
2184.404712742250000000 
2165.671734972280000000 
2146.589264502710000000 
2127.153076765290000000 
2107.366548126930000000 
2087.236221703700000000 
2066.769642354930000000 
2045.975973296960000000 
2024.867906019530000000 
2003.463380129490000000 
1981.786085889530000000 
1959.864169179870000000 
1937.727985406640000000 
1915.407900553530000000 
1892.931989348610000000 
1870.323931521450000000 
1847.602130485050000000 
1824.780113445610000000 
1801.867020900920000000 
1778.867079175530000000 
1755.778605470560000000 
1732.594051025990000000 
1709.301650545490000000 
1685.888517784860000000 
1662.344637616590000000 
1638.666037572090000000 
1614.855082849840000000 
1590.917927009650000000 
1566.861607930810000000 
1542.692929603080000000 
1518.418707479530000000 
1494.045915990780000000 
1469.581934861660000000 
1445.035689618720000000 
1420.418477278360000000 
1395.742737152220000000 
1371.019369375910000000 
1346.255820487190000000 
1321.456246844520000000 
1296.623449780770000000 
1271.760900855960000000 
1246.873846875890000000 
1221.969450380430000000 
1197.056045278680000000 
1172.140881306750000000 
1147.227632195380000000 
1122.316540422200000000 
1097.406591677730000000 
1072.496952667590000000 
1047.587601985260000000 
1022.679637972800000000 
997.774278075892000000 
972.870827430044000000 
947.965656318332000000 
923.053474341299000000 
898.130027310829000000 
873.194378823345000000 
848.249974557596000000 
823.304992386113000000 
798.372827807534000000 
773.472774230690000000 
748.629742695896000000 
723.872026658773000000 
699.228090719227000000 
674.724671355550000000 
650.387125234230000000 
626.240646092060000000 
602.310611498455000000 
578.622482608671000000 
555.202828314368000000 
532.080927910501000000 
509.289536331381000000 
486.865229040769000000 
464.784977089179000000 
443.027491614848000000 
421.631197191650000000 
400.640787566827000000 
380.104840977558000000 
360.071755834725000000 
340.585242316950000000 
321.681841781420000000 
303.391223380106000000 
285.737723038510000000 
268.741677350899000000 
252.420017098454000000 
236.785959750266000000 
221.848429764233000000 
207.612597334068000000 
194.081760370082000000 
181.258943622575000000 
169.146976553987000000 
157.747418727163000000 
147.058902908373000000 
137.075006719921000000 
127.782068969829000000 
119.157920167926000000 
111.172137430652000000 
103.786946704638000000 
96.957925381115800000 
90.635840567428700000 
84.770563400140600000 
79.315176054493700000 
74.228636350022100000 
69.477042713059700000 
65.033079369856500000 
60.873585963082000000 
56.977010897401200000 
53.322627754686700000 
49.891634644220100000 
46.668251000275700000 
43.639055133540700000 
40.791351560165400000 
38.112540845092700000 
35.591063603013700000 
33.218044088451900000 
30.988430373324100000 
28.900915663653900000 
26.957116792435900000 
25.161004636846300000 
23.518056095627800000 
22.032538667619900000 
20.703633442154100000 
19.523901037032700000 
18.481952886186400000 
17.566477151172500000 
16.767421161994700000 
16.069982739744100000 
15.464864940153900000 
14.935645232967900000 
14.458680788176000000 
14.013282310419800000 
13.582273336902900000 
13.154132234344500000 
12.724036349571300000 
12.293243578200300000 
11.866512410512900000 
11.448850801021500000 
11.043651095883800000 
10.653073424943500000 
10.279450489490100000 
9.925901671514930000 
9.595760473947270000 
9.291038644517020000 
9.010179438637230000 
8.747088319289350000 
8.493471199900940000 
8.242524780425170000 
7.984389475655910000 
7.718833948202940000 
7.448182070391190000 
7.175650143688740000 
6.904208496071510000 
6.635743740725170000 
6.370394655935080000 
6.106402804672070000 
5.840839364778670000 
5.570776583628260000 
5.294233879331490000 
5.011009750396840000 
4.723229351650670000 
4.434772349163260000 
4.148908015964450000 
3.865893830912730000 
3.580052040293500000 
3.289421949299370000 
2.995953840730290000 
2.702621243667990000 
2.413710988003510000 
2.134687388355540000 
1.870336681352360000 
1.622001878187050000 
1.385832325862910000 
1.152794174621350000 
0.910108986211613000 
0.643933404591842000 
0.342743042257850000