2211.033932850311884977
2165.677599539123093564
2121.096926501150846889
2077.601587780778572778
2035.289574581248643881
1994.120430830583700299
1953.985434212240306806
1914.755142117228842835
1876.311711518349284233
1838.564588420057816620
1801.451005093146704894
1764.930708196227897133
1728.978969137947842682
1693.578419987672077696
1658.714454259262538471
1624.375870450563070335
1590.557218959206011277
1557.259402422880839367
1524.486373089157950744
1492.239135771156043120
1460.512784347310571320
1429.298855389774644209
1398.588170524964425567
1368.371736852882122548
1338.641300789434581020
1309.389789620339570320
1280.611243051196424858
1252.299613392652872790
1224.447262098781948225
1197.045362273551518228
1170.084854266208594709
1143.556046003940082301
1117.449462669973854645
1091.759215655249363408
1066.485366395476830803
1041.633060282661745077
1017.209178174510270765
993.217754155326360888
969.656303481937811739
946.514982590991962752
923.778836159038064579
901.432226387448167770
879.463266826063659209
857.865173979213295752
836.634025332654346130
815.766615598790622244
795.259943499755195262
775.110245214550786841
755.312331198076208238
735.861013665771565684
716.753492104980409749
697.990335881048395095
679.574226489190323264
661.508037363913899753
643.792275263930491747
626.421994959383596324
609.386606453627223345
592.672828611084923978
576.267119231021979431
560.156971942523341568
544.334084462742680444
528.798633291173018733
513.558751489460860284
498.624634938517488081
484.002805614458623040
469.692518937672275570
455.684197934296491894
441.961289338614903954
428.505759798343376588
415.304313784551879962
402.350632641938318557
389.644082205560152943
377.189288635061359400
364.995331040086853136
353.071402045799231928
341.422172591356684279
330.046310917642074401
318.937390314705055516
308.086706866031306618
297.485524226748225374
287.125070928276443283
276.997400500605863272
267.096005336184532553
257.413125868844758770
247.937457999046074519
238.656276824601292219
229.560046879487714477
220.645970996473607784
211.919219142767474295
203.391833824237522776
195.079506628320558548
186.996640346503454566
179.151842317752482359
171.546415597537844633
164.174552919473313750
157.024172783256830144
150.080502698557040731
143.330235641699061944
136.762023520922610942
130.365813560494814283
124.134623657073348113
118.066349820182693975
112.162105504242447296
106.422799464910397660
100.848094532918779009
95.437194875578896358
90.189088175070708076
85.103057106840708457
80.179806887838111606
75.421663052266708860
70.830826232387565256
66.406977811005205581
62.147470251425666277
58.049982175361456882
54.113055199700411890
50.334404300365996221
46.711817611809287598
43.245741079657534556
39.939763834501185613
36.799187817546780366
33.827655533566890256
31.023193078672665735
28.378429861931721234
25.884517813092507765
23.533271500906369766
21.317313231628578052
19.229993930988470652
17.264464292243612675
15.414119443042597624
13.674648074254667662
12.044006715804652430
10.520361744367706436
9.100870897136347892
7.782071750910027674
6.559950337032719681
5.430138874926817572
4.390948199652805251
3.446322270435679958
2.604362273238514991
1.873810403938545699
1.261730564650484610
0.772360073287063464
0.406818596295268342
0.162400330826532879
0.031045933110973565
0.000000000000000000
0.056264452350278382
0.191026451633154598
0.400462588036994582
0.685063539686542877
1.049550057093726618
1.501237217418329939
2.045771972573483310
2.683703636996761954
3.411197955856208441
4.223231072384565188
5.115913843599424027
6.086383073490048368
7.131747189427329658
8.250386099695317554
9.444438008581167665
10.718776093797641735
12.076408924990523985
13.515209389207141655
15.028519313448889250
16.607736135083992934
18.245107011695363752
19.936016920892051019
21.679424968555171205
23.476231103104364450
25.327229191468560998
27.232744389624592429
29.194468214492033553
31.216849579929625946
33.305529100079709792
35.462816347943252993
37.683585650635720299
39.957717250524240171
42.278085089294627608
44.645269052999154269
47.065803356197385199
49.547148850702555478
52.092552799181014223
54.699311980458340088
57.361686931446335791
60.074664521277114204
62.834656317572004980
65.638196844089321758
68.481629133282339694
71.361505357135897043
74.274503532531511496
77.217554165051396353
80.188177129672610022
83.184513226532772023
86.204829290978139511
89.246495204329903572
92.306801799117579321
95.385755614627470322
98.487134888122795928
101.616891178071469426
104.779570325723895508
107.975339335949769293
111.201756339267845419
114.457611182495298863
117.743798190117573199
121.062366780961397694
124.416020112735068892
127.806851561357817104
131.234199019696148980
134.693911700710657442
138.179795211103993324
141.685989682569044135
145.207746633026800964
148.739957685058328707
152.276781049542250912
155.814205925020047516
159.352895172952287339
162.898157825597650117
166.456872024847967850
170.034179952901894239
173.631813403691410258
177.246513076435917355
180.869793682617370223
184.491907764703512385
188.106079257206829425
191.709867909499905636
195.306203139660283341
198.902774241859617632
202.507535353623268293
206.124198151710970706
209.751678067949910655
213.386632260556524443
217.026336427198657475
220.670876981751518997
224.323727082888382256
227.989284578318887498
231.668853839818723372
235.358411248468570420
239.049998716493121265
242.734689014407905461
246.403669566193599394
250.048417149086134259
253.662344493414025237
257.242941451981323553
260.792067586771054266
264.313896861870375687
267.814194228799351549
271.302070279146732901
274.788054075125614872
278.278370883877016695
281.772924677343610256
285.268432308082651616
288.762375933178873311
292.253653475409123530
295.739080163472749518
299.210940267016724192
302.660102004140355803
306.079234918818201550
309.462310902653598532
312.806605136211601348
316.115989243318495028
319.398944706958900497
322.665038512800776971
325.923496408561391036
329.180735664554106279
332.436833711440897332
335.685561445005475889
338.918628418384002998
342.128923714315021698
345.310260282808712873
348.456358103669231241
351.562379503488728005
354.627860940966456837
357.656525834640149242
360.653264494528002615
363.621952680841388883
366.565051381250555096
369.484045688331832480
372.378857216556639287
375.245618413179215622
378.076172933705322521
380.861678519307019997
383.597728487068195591
386.286960148485832178
388.936724618307323453
391.554056391631945644
394.143117660651284950
396.705231949715710016
399.238835453215131110
401.740332881257131703
404.206253342872116718
406.633912188092381257
409.019495745738822734
411.357657700897902942
413.646103748731206906
415.889665727534634243
418.097916323206789002
420.279326575890877393
422.437239160008232375
424.569525836989441814
426.670384739956944031
428.732368149159640325
430.748295369076231509
432.711999886833723394
434.617715781841354783
436.460466062750356286
438.238537870375694183
439.955627018009067797
441.619769623120077995
443.239120225619899429
444.817496297471507205
446.353029299580271072
447.841374879923250774
449.281002614366229864
450.674425974320854493
452.023607500553453065
453.326596237783178367
454.579798984958927122
455.781043216720263445
456.929332690985347654
458.022723193065871783
459.056469913265118521
460.023453480394152848
460.917711471840107151
461.738633014178788017
462.492882102415762802
463.192618747233552767
463.850504904046545107
464.474893334034732106
465.068358898409144331
465.627501868612512226
466.142542774166201980
466.600800799462831492
466.992663372763900043
467.313613574641919968
467.563051194047886838
467.742995810313800575
467.856553866754040882
467.906882644725499176
467.897214595408911464
467.830376551510539684
467.706535902187397369
467.520909708896169832
467.265613294192121430
466.936392453648522860
466.537163041183021051
466.076708818549775515
465.562477023878670934
464.997506728750465754
464.379843459750134116
463.703132443163497101
462.959186584434917222
462.141179208540961554
461.245055844190119387
460.270571004167152296
459.221944292814953315
458.104541362453062447
456.920536231316930298
455.669317122270967957
454.349692385513662884
452.960230139594159482
451.500205014145080895
449.970523475714003325
448.371050593968504927
446.697728758921243752
444.945665552611558269
443.114906487295968418
441.210541551668825377
439.237910925058486100
437.199353920757062042
435.094588946722922174
432.923403020130137975
430.687719511525187954
428.390754876484947999
426.033043297318556597
423.607826431534590483
421.102074648456380146
418.504370068519278902
415.811354551576869198
413.025899603858647424
410.150418178116467516
407.184174910568401629
404.126076104795799893
400.976824558227235684
397.738532744512667705
394.413381677224379018
391.001764795873100411
387.503149210566846250
383.920543844971234648
380.261674380563420073
376.534022841192609121
372.740474537868522020
368.880290082510612137
364.951941117070248310
360.954242215804583793
356.886597761147868368
352.747349126379162954
348.529855257040082961
344.221324618073140300
339.806596908158098813
335.273919370721273481
330.619329879240979153
325.847073511936002888
320.966954323754748657
315.990094533025626333
310.923634235659108072
305.770145432365325178
300.535564279241839358
295.238824291716071002
289.916327254467773855
284.621737814564085056
279.420042707582751973
274.370469731191860774
269.495525119197793629
264.749910192713571178
