0.081401569086614800 
0.164343864614764000 
0.230896721059170000 
0.269327208650651000 
0.277560597655389000 
0.264155475965791000 
0.246515808520590000 
0.244321821069064000 
0.262953381901045000 
0.302809558079543000 
0.361558858000285000 
0.443116123511755000 
0.543483816798039000 
0.657603939728705000 
0.780150526791974000 
0.907779799699909000 
1.040778949625510000 
1.182124848414910000 
1.334954993526660000 
1.501004318187240000 
1.680831862551360000 
1.875080763637570000 
2.085841230583450000 
2.316929213434840000 
2.572551439685960000 
2.855627993230790000 
3.167048620305140000 
3.505222335450670000 
3.865201508483680000 
4.238719314443840000 
4.616805084214030000 
4.994006026020000000 
5.371066034128400000 
5.753981761074860000 
6.150524894133770000 
6.567486753050250000 
7.010635796527650000 
7.486137058244390000 
8.001239232466230000 
8.564035626861720000 
9.183386428799750000 
9.869146270103100000 
10.632055056325600000 
11.483391098374400000 
12.435440487758100000 
13.503048391642700000 
14.704411911699500000 
16.059315180710600000 
17.585650142922700000 
19.296133460592400000 
21.196234618664000000 
23.284435473995300000 
25.555546701341100000 
28.005647524463900000 
30.636156077585200000 
33.456086689468200000 
36.483471595325600000 
39.745957193066100000 
43.278760936512600000 
47.119909322369800000 
51.305675638537700000 
55.868610666166300000 
60.837508249778900000 
66.237558895115900000 
72.090454465134000000 
78.415859551744800000 
85.235810828535800000 
92.581412016183000000 
100.498669426366000000 
109.050775061712000000 
118.316745775686000000 
128.387115953298000000 
139.356796502759000000 
151.316873421778000000 
164.348504247351000000 
178.519586198364000000 
193.882119875497000000 
210.469056236418000000 
228.292421665732000000 
247.345638577198000000 
267.610731399301000000 
289.068711206539000000 
311.710709120350000000 
335.546791612215000000 
360.609289696514000000 
386.949722302889000000 
414.631270878462000000 
443.719586898621000000 
474.274524022804000000 
506.344989700763000000 
539.967402453754000000 
575.166899036028000000 
611.960665345909000000 
650.362420642537000000 
690.386420738561000000 
732.050175482154000000 
775.376409491431000000 
820.394783580311000000 
867.142541785475000000 
915.662997751001000000 
966.002298907695000000 
1018.205591943470000000 
1072.313491702080000000 
1128.360482618110000000 
1186.377392826400000000 
1246.398197153350000000 
1308.468339372300000000 
1372.651067201840000000 
1439.030903055170000000 
1507.715932861450000000 
1578.840024333950000000 
1652.564709622550000000 
1729.081279790930000000 
1808.614469060100000000 
1891.427722285270000000 
1977.828285532410000000 
2068.170242191170000000 
2162.854636721440000000 
2262.326730700630000000 
2367.070543689300000000 
2477.600262028420000000 
2594.448754309730000000 
2718.155323629400000000 
2849.253890423880000000 
2988.260299891500000000 
3135.659196529560000000 
3291.893680011530000000 
3457.359550770700000000 
3632.404610876000000000 
3817.334097424280000000 
4012.421777283510000000 
4217.923194808040000000 
4434.086847878140000000 
4661.161295581330000000 
4899.398842329320000000 
5149.057285533640000000 
5410.400675353080000000 
5683.699300819970000000 
5969.229266394640000000 
6267.273492001730000000 
6578.126687180440000000 
6902.104593483130000000 
7239.554581490920000000 
7590.864263745740000000 
7956.466946932720000000 
8336.844201001390000000 
8732.524445016920000000 
9144.074622977850000000 
9572.083194368590000000 
10017.134497477500000000 
10479.774987361600000000 
10960.473571088500000000 
11459.580771483500000000 
11977.291860423100000000 
12513.617845377800000000 
13068.366972756300000000 
13641.138161884500000000 
14231.324880972700000000 
14838.124800020700000000 
15460.551007536800000000 
16097.443685643300000000 
16747.483047138200000000 
17409.204687078700000000 
18081.018279633200000000 
18761.229192978800000000 
19448.060823236800000000 
20139.676072724300000000 
20834.199229079400000000 
21529.740708891700000000 
22224.425618992100000000 
22916.425352104400000000 
23603.990391137200000000 
24285.481654854100000000 
24959.397444953600000000 
25624.393969766300000000 
26279.299472429300000000 
26923.122756084800000000 
27555.055043969800000000 
28174.463846233800000000 
28780.880418527900000000 
29373.988301759800000000 
29953.615227266900000000 
30519.674289552800000000 
31072.171638983100000000 
31611.194068824700000000 
32136.892270536700000000 
32649.460352078800000000 
33149.113259309000000000 
33636.066547518100000000 
34110.521641256100000000 
34572.657064198800000000 
35022.624565099600000000 
35460.548787549200000000 
35886.529498249600000000 
36300.645688395400000000 
36702.961018494700000000 
37093.527873360000000000 
37472.388460123700000000 
37839.574159636100000000 
38195.104646459500000000 
38538.985029628500000000 
38871.199314519000000000 
39191.701743024000000000 
39500.411448942600000000 
39797.214609867700000000 
40081.972779721400000000 
40354.533999541600000000 
40614.741883328400000000 
40862.438980340900000000 
41097.464233310800000000 
41319.646061833400000000 
41528.793431649000000000 
41724.686714522000000000 
41907.070395548300000000 
42075.648207908500000000 
42230.081344654000000000 
42369.989365702900000000 
42494.951428085400000000 
42604.518775816400000000 
42698.230690732600000000 
42775.647945802900000000 
42836.340616787000000000 
42879.915053024200000000 
42906.021306273700000000 
42914.349179604900000000 
42904.618240928300000000 
42876.564777057100000000 
42829.926282499300000000 
42764.424230322400000000 
42679.747861848400000000 
42575.542987924600000000 
42451.408693510800000000 
42306.904190446500000000 
42141.565357391500000000 
41954.929600087100000000 
41746.564992624400000000 
41516.099841905000000000 
41263.248362874500000000 
40987.830740231900000000 
40689.786819591300000000 
40369.181962487100000000 
40026.206090187200000000 
39661.169132085500000000 
39274.496436135100000000 
38866.726191865000000000 
38438.510180655400000000 
37990.620444094800000000 
37523.963743049000000000 
37039.601268598900000000 
36538.767542014500000000 
36022.882599889100000000 
35493.553146116200000000 
34952.559383045100000000 
34401.826517439800000000 
33843.383892202200000000 
33278.902003249700000000 
32710.745137228000000000 
32141.016577515700000000 
31571.720915180200000000 
31004.713955267600000000 
30441.659669063600000000 
29883.992138231800000000 
29332.903334808700000000 
28789.403286759700000000 
28254.293581456500000000 
27728.181389249200000000 
27211.462071792200000000 
26704.400705375900000000 
26207.121558805200000000 
25719.621890901000000000 
25241.783286807500000000 
24773.380866090400000000 
24314.094071377800000000 
23863.522926173500000000 
23421.209633474400000000 
22986.662559414700000000 
22559.385866957900000000 
22138.924992463600000000 
21724.821008134300000000 
21316.679431162500000000 
20914.190961835600000000 
20517.145252735400000000 
20125.434903734400000000 
19739.049235488400000000 
19358.090404006400000000 
18982.705908392600000000 
18613.059404863400000000 
18249.316967159400000000 
17891.621793879000000000 
17540.076073942400000000 
17194.731203882100000000 
16855.584667462700000000 
16522.581768275300000000 
16195.622661984500000000 
15874.575472288200000000 
15559.293102664600000000 
15249.628887732600000000 
14945.447707073600000000 
14646.632448723200000000 
14353.086553033900000000 
14064.731389680400000000 
13781.497343421400000000 
13503.312060970000000000 
13230.091845193200000000 
12961.738367527000000000 
12698.139641411100000000 
12439.175457911400000000 
12184.727262525600000000 
11934.689849191200000000 
11688.981988620600000000 
11447.554575984600000000 
11210.394738176400000000 
10977.523455400700000000 
10748.986421495900000000 
10524.841684918500000000 
10305.153512272700000000 
10089.968581484900000000 
9879.305576412830000000 
9673.148049710860000000 
9471.437351458880000000 
9274.072230748180000000 
9080.915088929310000000 
8891.801497467680000000 
8706.550040236560000000 
8524.973220617730000000 
8346.890473107550000000 
8172.142236654190000000 
8000.601094872980000000 
7832.184312259170000000 
7666.853937970590000000 
7504.608198014960000000 
7345.480116789390000000 
7189.525245120910000000 
7036.811121527140000000 
6887.409703721680000000 
6741.389926309190000000 
6598.809393553180000000 
6459.707539842970000000 
6324.101783757490000000 
6191.986149774350000000 
6063.332283318960000000 
5938.093368268450000000 
5816.210222245930000000 
5697.617794502090000000 
5582.249770711350000000 
5470.039115531810000000 
5360.914353455000000000 
5254.793174176940000000 
5151.575109328010000000 
5051.136050001530000000 
4953.328916272310000000 
4857.992777917760000000 
4764.967377979180000000 
4674.107177755750000000 
4585.291940870700000000 
4498.434654651530000000 
4413.487612788780000000 
4330.446358731140000000 
4249.351213515590000000 
4170.285397690990000000 
4093.367035373190000000 
4018.732796075820000000 
3946.515543691920000000 
3876.823206146690000000 
3809.725336801790000000 
3745.249167683620000000 
3683.384360976500000000 
3624.094737580090000000 
3567.333090193470000000 
3513.053749010770000000 
3461.219109767760000000 
3411.799675524380000000 
3364.769789476540000000 
3320.101674722170000000 
3277.759100940290000000 
3237.691102295450000000 
3199.827200487610000000 
3164.075485334040000000 
3130.322321920760000000 
3098.433461462610000000 
3068.260425630080000000 
3039.654128170850000000 
3012.481835759340000000 
2986.642580865010000000 
2962.077929563560000000 
2938.775419330930000000 
2916.763407506970000000 
2896.099134362400000000 
2876.854283776330000000 
2859.102429201930000000 
2842.910111921250000000 
2828.330339627960000000 
2815.397072781590000000 
2804.121689720380000000 
2794.493596904040000000 
2786.484690226580000000 
2780.054518477250000000 
2775.153855945210000000 
2771.727956755560000000 
2769.721950546860000000 
2769.087239218730000000 
2769.784493109200000000 
2771.781737429810000000 
2775.050299384810000000 
2779.560146803510000000 
2785.274638957380000000 
2792.147557743650000000 
2800.125970364850000000 
2809.158256596720000000 
2819.203264361600000000 
2830.237080274430000000 
2842.255477168540000000 
2855.270805834710000000 
2869.304256248350000000 
2884.377538029110000000 
2900.507716092920000000 
2917.705675375420000000 
2935.975865109330000000 
2955.317486109120000000 
2975.724020748280000000 
2997.181652059720000000 
3019.668189404320000000 
3043.154340009500000000 
3067.607138025250000000 
3092.994094300500000000 
3119.287126398120000000 
3146.465027466290000000 
3174.512658379900000000 
3203.416777813490000000 
3233.161109883230000000 
3263.723363659430000000 
3295.074032283330000000 
3327.175697900550000000 
3359.984509540340000000 
3393.455947403100000000 
3427.528459371920000000 
3462.070669269650000000 
3497.066333104210000000 
3532.526190641240000000 
3568.471544215080000000 
3604.926167229330000000 
3641.911199024550000000 
3679.444762468420000000 
3717.543056179090000000 
3756.219301298550000000 
3795.479988815590000000 
3835.321420183090000000 
3875.729477699380000000 
3916.683356384320000000 
3958.162711739510000000 
4000.152974264000000000 
4042.648586538960000000 
4085.654719666960000000 
4129.186722633790000000 
4173.264197128220000000 
4217.900787549600000000 
4263.092868634950000000 
4308.815138163830000000 
4355.025104691830000000 
4401.669960754110000000 
4448.693297156370000000 
4496.038823500550000000 
4543.651469969500000000 
4591.477846734850000000 
4639.467295520790000000 
4687.575345654830000000 
4735.767496201600000000 
4784.023713149610000000 
4832.341104151900000000 
4880.733163471560000000 
4929.221304315790000000 
4977.824095331720000000 
5026.567617696050000000 
5075.475355824400000000 
5124.564998700250000000 
5173.772448150360000000 
5223.087801669090000000 
5272.514520512800000000 
5322.062557903320000000 
5371.746483721540000000 
5421.583037636070000000 
5471.587846503780000000 
5521.772406365800000000 
5572.142850429560000000 
5622.699947444030000000 
5673.437360351360000000 
5724.338977271270000000 
5775.375109156650000000 
5826.501564301980000000 
5877.661039874980000000 
5928.789832460230000000 
5979.824993866310000000 
6030.711650040410000000 
6081.408158688730000000 
6131.886039913420000000 
6182.127844857150000000 
6232.124442219870000000 
6281.873212848690000000 
6331.378336260790000000 
6380.652108883680000000 
6429.714569394600000000 
6478.590081707400000000 
6527.302317551200000000 
6575.870118839490000000 
6624.305884774820000000 
6672.616884451220000000 
6720.808455051700000000 
6768.886829875090000000 
6816.859674244040000000 
6864.734090691800000000 
6912.513214847770000000 
6960.192851087830000000 
7007.759160185420000000 
7055.187719410380000000 
7102.443991884730000000 
7149.485203578460000000 
7196.263260527910000000 
7242.727901822520000000 
7288.829416742550000000 
7334.520899899580000000 
7379.760291703410000000 
7424.512049379170000000 
7468.748210044020000000 
7512.449327397880000000 
7555.606001442730000000 
7598.220719943760000000 
7640.308947296110000000 
7681.898857611120000000 
7723.029521036540000000 
7763.746926430620000000 
7804.097673492250000000 
7844.098023191100000000 
7883.620747347360000000 
7922.713504058160000000 
7961.431032555690000000 
7999.832921914740000000 
8037.983149254740000000 
8075.948223795160000000 
8113.793130456040000000 
8151.420249533910000000 
8188.751669869240000000 
8225.755218268860000000 
8262.389155923230000000 
8298.603164518610000000 
8334.340902951140000000 
8369.542995018660000000 
8404.150178173950000000 
8438.106439877160000000 
8471.361974977590000000 
8503.875843962130000000 
8535.618169834250000000 
8566.571477563170000000 
8596.730791531590000000 
8626.102580118950000000 
8654.703031000300000000 
8682.556059780410000000 
8709.691171343440000000 
8736.141192625360000000 
8761.940002835200000000 
8787.120443670930000000 
8811.712493128960000000 
8835.741739966270000000 
8859.228263079010000000 
8882.185991412120000000 
8904.622435589650000000 
8926.538569722950000000 
8947.928754398390000000 
8968.794253763420000000 
8989.126074239680000000 
9008.893090959530000000 
9028.027424066810000000 
9046.477732048750000000 
9064.208912552850000000 
9081.187287422950000000 
9097.381264382140000000 
9112.763165626300000000 
9127.310537614970000000 
9141.006896037150000000 
9153.842756770350000000 
9165.816217433810000000 
9176.934120955460000000 
9187.210180227510000000 
9196.663936700430000000 
9205.295980578150000000 
9213.101510292530000000 
9220.103712669780000000 
9226.324922894640000000 
9231.785066106520000000 
9236.500380261210000000 
9240.482385807290000000 
9243.737059009770000000 
9246.264138610950000000 
9248.056703851920000000 
9249.101316843610000000 
9249.378687767640000000 
9248.864512990640000000 
9247.530445311350000000 
9245.345629644750000000 
9242.279062049280000000 
9238.302258972570000000 
9233.391232209860000000 
9227.527151036930000000 
9220.695962588530000000 
9212.887716661280000000 
9204.095992578150000000 
9194.317258565280000000 
9183.550020269310000000 
9171.794053616250000000 
9159.050029180900000000 
9145.319397374180000000 
9130.604276269990000000 
9114.907464298160000000 
9098.232913532730000000 
9080.586500179690000000 
9061.976311448850000000 
9042.411891032140000000 
9021.902586658930000000 
9000.455461574780000000 
8978.073365824270000000 
8954.753929630790000000 
8930.490777936940000000 
8905.272086106140000000 
8879.085774381870000000 
8851.921900672100000000 
8823.773174137500000000 
8794.637336727690000000 
8764.517303310050000000 
8733.419755394880000000 
8701.352903228790000000 
8668.323981332010000000 
8634.336511615700000000 
8599.387314318300000000 
8563.463716303470000000 
8526.541910832610000000 
8488.587295723040000000 
8449.556741564740000000 
8409.402037999770000000 
8368.073810376330000000 
8325.525381162610000000 
8281.715928501540000000 
8236.612490676530000000 
8190.192211409790000000 
8142.439210283240000000 
8093.345590035380000000 
8042.909907340480000000 
7991.134752990440000000 
7938.024276310570000000 
7883.582739168040000000 
7827.814733904050000000 
7770.727139261000000000 
7712.332454418950000000 
7652.652648864330000000 
7591.722431124200000000 
7529.591211407270000000 
7466.323532150570000000 
7401.998171844380000000 
7336.706005503880000000 
7270.547254008750000000 
7203.625474286890000000 
7136.043942902500000000 
7067.902910659530000000 
6999.296668274160000000 
6930.311220593130000000 
6861.022591598950000000 
6791.495944740170000000 
6721.785574762910000000 
6651.935463920810000000 
6581.980011784260000000 
6511.944748707310000000 
6441.847010844910000000 
6371.696814955960000000 
6301.416530736790000000 
6231.107984786140000000 
6160.773440528400000000 
6090.414168378780000000 
6020.028756996050000000 
5949.613889055170000000 
5879.167991777150000000 
5808.694936881460000000 
5738.205146728040000000 
5667.714256977210000000 
5597.241443463240000000 
5526.809104965670000000 
5456.443926048120000000 
5386.177630720550000000 
5316.045809687300000000 
5246.085649823970000000 
5176.334793912740000000 
5106.831795089790000000 
5037.616301488240000000 
4968.727672394220000000 
4900.202908508650000000 
4832.074944139950000000 
4764.371217301040000000 
4697.113317637400000000 
4630.317865557280000000 
4563.997751055400000000 
4498.163702043750000000 
4432.827140231390000000 
4368.003595115790000000 
4303.713967558860000000 
4239.982443036880000000 
4176.833344536050000000 
4114.290055788700000000 
4052.376427231240000000 
3991.118182231100000000 
3930.541907716860000000 
3870.672482166160000000 
3811.532193907540000000 
3753.142711285040000000 
3695.527702074650000000 
3638.714243643500000000 
3582.733862589440000000 
3527.624452227940000000 
3473.432215032720000000 
3420.211685091190000000 
3368.023792533320000000 
3316.934240167150000000 
3267.013127946060000000 
3218.333916818550000000 
3170.970582624850000000 
3124.993887083710000000 
3080.467202205620000000 
3037.442278013900000000 
2995.956604435550000000 
2956.033356975210000000 
2917.682647139750000000 
2880.902014261580000000 
2845.676545454390000000 
2811.980810107370000000 
2779.782245315050000000 
2749.043360411340000000 
2719.721512824690000000 
2691.767937243200000000 
2665.127376408560000000 
2639.737608092590000000 
2615.527366559710000000 
2592.412323108050000000 
2570.291299178030000000 
2549.045641715990000000 
2528.542037808740000000 
2508.636670260460000000 
2489.180025984470000000 
2470.023326299960000000 
2451.025204983000000000 
2432.055908065610000000 
2412.999474243660000000 
2393.756418100140000000 
2374.247344892990000000 
2354.415197726200000000 
2334.224247165160000000 
2313.656603165110000000 
2292.707712363000000000 
2271.381213905720000000 
2249.684160154830000000 
2227.624683180110000000 
2205.212659363740000000 
2182.461767964030000000 
2159.391344813210000000 
2136.026923968280000000 
2112.398841881000000000 
2088.539816494660000000 
2064.482577153370000000 
2040.257383618970000000 
2015.889758595630000000 
1991.399537819350000000 
1966.801301308040000000 
1942.104900957220000000 
1917.314892022890000000 
1892.429460735270000000 
1867.440470820360000000 
1842.335241298140000000 
1817.099882998250000000 
1791.723601323770000000 
1766.202114632010000000 
1740.537972203000000000 
1714.737806523210000000 
1688.809203224470000000 
1662.759495845690000000 
1636.596030281240000000 
1610.326323776120000000 
1583.958330413310000000 
1557.501670385990000000 
1530.968519948380000000 
1504.372286553890000000 
1477.724718687020000000 
1451.033842443640000000 
1424.304137668320000000 
1397.538623719430000000 
1370.741042345730000000 
1343.917048707780000000 
1317.074362800240000000 
1290.221967153710000000 
1263.367675745550000000 
1236.515448230020000000 
1209.665545956600000000 
1182.816875672900000000 
1155.968539229920000000 
1129.120513555070000000 
1102.273982473510000000 
1075.430258183740000000 
1048.588591740530000000 
1021.745070928960000000 
994.893993601983000000 
968.030774471405000000 
941.154404254098000000 
914.268596803253000000 
887.382166468731000000 
860.509551310193000000 
833.671546327169000000 
806.895001366468000000 
780.210411940904000000 
753.648458027603000000 
727.237956983739000000 
701.006238965028000000 
674.980458516801000000 
649.187968324556000000 
623.656211165055000000 
598.413823765707000000 
573.492364205754000000 
548.927136710046000000 
524.757563381659000000 
500.958822946246000000 
477.507969646829000000 
454.446418611371000000 
431.822342065985000000 
409.688099053493000000 
388.095854794683000000 
367.092721396681000000 
346.718084201505000000 
327.003921487672000000 
307.976463226451000000 
289.657628793099000000 
272.065666678057000000 
255.214823055544000000 
239.114716966936000000 
223.770920998017000000 
209.186989732838000000 
195.366183335616000000 
182.311551483608000000 
170.024775119196000000 
158.504380597933000000 
147.743445693566000000 
137.727245974387000000 
128.431886516404000000 
119.824576647175000000 
111.864602388739000000 
104.504083755947000000 
97.689956099185100000 
91.368189065363000000 
85.488213252662100000 
80.005792200286900000 
74.884385802001300000 
70.094552319065400000 
65.611328841920500000 
61.411486431672900000 
57.472685549523100000 
53.774660968521500000 
50.300403934037500000 
47.035448157332100000 
43.966110075124200000 
41.078809648326900000 
38.361087833847300000 
35.803378093983600000 
33.400235313099400000 
31.150250990480700000 
29.055167795950700000 
27.119265656904200000 
25.348447734766100000 
23.747313664423200000 
22.314980800040000000 
21.043430758206800000 
19.920388609796700000 
18.933662124959400000 
18.072416242371700000 
17.320696741289100000 
16.668483103651700000 
16.098074646708500000 
15.583988437755300000 
15.103924949997600000 
14.639370890173000000 
14.177907905427200000 
13.714337999318400000 
13.250016968481100000 
12.790073652718300000 
12.339905771667100000 
11.903169695094200000 
11.482193674034500000 
11.079491962067200000 
10.698426720208300000 
10.342590895274100000 
10.014152807723600000 
9.711434552774090000 
9.427867260428420000 
9.154511321939350000 
8.884033941817330000 
8.605808171165390000 
8.319584667787860000 
8.027868169148210000 
7.734125298904940000 
7.441557563302700000 
7.152198409133970000 
6.866197415687920000 
6.581659288177100000 
6.295427256540180000 
6.004345703487440000 
5.706279900013120000 
5.401012661924540000 
5.090834543161420000 
4.779927161124900000 
4.471814233769860000 
4.166773279329990000 
3.858684649025620000 
3.545435048728740000 
3.229126550201640000 
2.912964109934350000 
2.601568198385750000 
2.300828413444180000 
2.015903500735760000 
1.748240996948740000 
1.493690555820040000 
1.242515230234710000 
0.980942046235481000 
0.694050230367499000 
0.369418461194290000