8.162469896
8.183604498
8.214189335
8.252425554
8.296514292
8.344656659
8.395053779
8.445906763
8.495416777
8.542072578
8.585979935
8.627808967
8.66823044
8.707915036
8.747533537
8.787756622
8.829255074
8.872699587
8.918760891
8.968109756
9.021416876
9.079353006
9.142588839
9.211795122
9.287416257
9.368624071
9.454146303
9.542710257
9.633043181
9.723872375
9.81392509
9.901928623
9.986610225
10.06669719
10.14091679
10.2079963
10.26666298
10.31564413
10.35366709
10.37979783
10.39500774
10.40093295
10.39921024
10.39147645
10.3793684
10.36452295
10.34857688
10.33316708
10.31993034
10.31050349
10.30652339
10.30962683
10.32145068
10.34363155
10.37731389
10.42087048
10.47170764
10.52723053
10.58484439
10.64195438
10.69596566
10.74428342
10.78431282
10.81345907
10.82912732
10.82872278
10.80965059
10.76931598
10.70512462
10.61562425
10.50579604
10.38286396
10.25405464
10.12659477
10.00771098
9.90463
9.824578475
9.774783097
9.762470561
9.794867523
9.879200674
10.02269671
10.23258218
10.51608267
10.87814139
11.31083982
11.80177667
12.33854528
12.90873883
13.49995055
14.09977357
14.69580113
15.27562634
15.82684246
16.33704258
16.7938196
17.18494723
17.50575308
17.76170265
17.95897583
18.10375188
18.20221006
18.26052959
18.28488971
18.28146964
18.25644865
18.21600593
18.16632075
18.11357234
18.06393991
18.02360292
17.99866136
17.99190307
18.00167077
18.02599387
18.06290197
18.11042479
18.16659202
18.22943334
18.29697842
18.36725694
18.43829862
18.50813312
18.57479013
18.63629932
18.69069032
18.73602509
18.77171613
18.79898825
18.81919406
18.83368606
18.84381673
18.85093856
18.85640401
18.8615656
18.86777579
18.87638705
18.88875191
18.90622278
18.93015221
18.96189271
19.00277841
19.05337669
19.11322604
19.18179231
19.25854146
19.34293945
19.43445219
19.53254571
19.63668592
19.74633875
19.86097022
19.98004624
20.1030328
20.22939582
20.3586013
20.49010667
20.62301285
20.75594239
20.88748406
21.01622668
21.14075907
21.25967007
21.37154849
21.47498317
21.5685629
21.65087654
21.7205129
21.77606081
21.81610907
21.83924631
21.84413185
21.83237225
21.80952854
21.78144099
21.7539495
21.73289395
21.72411428
21.73345028
21.76674191
21.82982903
21.92855149
22.0687492
22.25626206
22.49692997
22.79659328
23.16092515
23.5886274
24.06904855
24.59087636
25.14279953
25.7135068
26.29168693
26.86602867
27.42522079
27.95795203
28.45291117
28.89878711
29.2842705
29.60007094
29.84830272
30.03504973
30.1664011
30.24844622
30.28727454
30.28897543
30.25963831
30.20535262
30.13220774
30.0462931
29.95369813
29.86051223
29.77282475
29.69672431
29.63748434
29.59577246
29.57065338
29.56118967
29.56644372
29.58547803
29.61735502
29.66113709
29.71588673
29.78066636
29.8545384
29.93656531
30.02580953
30.12133347
30.22219945
30.32733282
30.43488525
30.54273903
30.64877621
30.75087879
30.8469287
30.93480797
31.01239855
31.07758243
31.12824159
31.16225801
31.17751366
31.17189057
31.14327073
31.08953697
31.00939254
30.906177
30.78484329
30.65034651
30.5076419
30.3616847
30.21743011
30.0798334
29.95384976
29.84443448
29.75654275
29.69512982
29.66515091
29.67156117
29.71931447
29.81206204
29.94609293
30.11513435
30.31291009
30.53314372
30.76955885
31.015879
31.26582779
31.51312877
31.75150551
31.97468161
32.17638062
32.35032614
32.49024186
32.58985315
32.6445895
32.6595125
32.6430352
32.60357516
32.54955023
32.48937827
32.4314771
32.3842646
32.35615861
32.355577
32.3909376
32.47065827
32.60315685
32.796851
33.06015608
33.39908366
33.80605921
34.26878083
34.77494026
35.31222886
35.86833799
36.43095897
36.98778318
37.52650196
38.03480665
38.50038855
38.91093837
39.25433166
39.52614032
39.73226132
39.87932172
39.97394745
40.0227643
40.0323981
40.00947466
39.9606198
39.89245932
39.81161905
39.72472479
39.63840237
39.5592776
39.49397662
39.44903933
39.42741746
39.42724889
39.44633108
39.48246208
39.53343995
39.59706277
39.67112861
39.75343553
39.84178165
39.933965
40.02778366
40.12103572
40.21151924
40.29703219
40.37539818
40.44550688
40.50767816
40.56233305
40.60989241
40.65077707
40.68540788
40.71420569
40.73759134
40.75598565
40.76980949
40.77948371
40.78542913
40.78806659
40.78781695
40.78510314
40.78043659
40.77444728
40.76777366
40.76105409
40.75492702
40.75003078
40.74700384
40.74648454
40.74911132
40.75552254
40.76635662
40.78225197
40.80384698
40.83178012
40.86666565
40.90810924
40.95436332
41.0035847
41.05393038
41.10355727
41.15062237
41.19328264
41.22969504
41.25801655
41.27640414
41.28301476
41.2760054
41.25353299
41.2137543
41.1548983
41.07820424
40.98895009
40.89269924
40.79501459
40.70145909
40.61759564
40.54898717
40.50119659
40.47978681
40.49032075
40.53836132
40.62947143
40.76921406
40.96315251
41.21670552
41.52926421
41.89213242
42.29604273
42.73172849
43.1899231
43.66136001
44.1367726
44.6068943
45.06245854
45.49419875
45.89284842
46.24914228
46.55535126
46.81242001
47.02431298
47.19499851
47.32844516
47.42862149
47.49949607
47.54503744
47.56921418
47.57599483
47.56934797
47.55324214
47.53164591
47.50852782
47.48785596
47.47303822
47.46432015
47.4608461
47.4617591
47.46620203
47.4733178
47.48224935
47.49213954
47.50213131
47.51136756
47.51899121
47.52414516
47.52597233
47.52361562
47.51621809
47.50311598
47.48473545
47.46188241
47.43536311
47.40598394
47.3745512
47.34187123
47.30875038
47.27599499
47.24441138
47.21480591
47.18798491
47.16475469
47.14592164
47.13229196
47.12456141
47.12280219
47.12686931
47.1366175
47.15190147
47.17257596
47.19849569
47.22951538
47.26548976
47.30627354
47.35172145
47.40168824
47.4560286
47.51459724
47.57724874
47.64358825
47.71181442
47.77963583
47.84476048
47.90489637
47.95775146
48.00103372
48.03245115
48.04971172
48.05052339
48.03259415
47.99363198
47.93134486
47.84344079
47.72762845
47.58287166
47.41520883
47.23314392
47.0451839
46.85983574
46.68560651
46.53100319
46.40453283
46.31470247
46.2700191
46.27898978
46.35012149
46.4919213
46.71289612
47.02155177
47.42370256
47.90999927
48.46580678
49.07648376
49.72738872
50.40388015
51.09131656
51.77505641
52.44045819
53.07288041
53.65768154
54.1802198
54.62606692
54.98972107
55.27766209
55.49721304
55.65569652
55.76043509
55.8187513
55.8379677
55.82540684
55.78839128
55.73424359
55.67028631
55.60384201
55.54223324
55.49278262
55.46272115
55.45544412
55.469198
55.50186719
55.55133618
55.61548949
55.69221167
55.77938724
55.87490074
55.97663668
56.0824796
56.19031403
56.29802449
56.40349552
56.50461164
56.59928278
56.68648481
56.76662443
56.84020886
56.90774533
56.96974106
57.0267033
57.07913926
57.12755614
57.17246121
57.21436165
57.25376472
57.29117761
57.32710759
57.36206184
57.39654057
57.43074829
57.46449271
57.49755364
57.52971086
57.5607442
57.59043345
57.61855843
57.64489891
57.66923474
57.69134572
57.71101164
57.72801232
57.74212758
57.75313719
57.76083165
57.76544895
57.76782795
57.76884961
57.76939498
57.77034504
57.7725808
57.77698328
57.78443348
57.79581242
57.81200109
57.83388051
57.86233167
57.89823561
57.9424733
57.99589499
58.05806098
58.12679954
58.1998174
58.27482132
58.34951803
58.42161426
58.48881675
58.54883222
58.59936743
58.63812912
58.66282399
58.67115882
58.66084032
58.62957534
58.57516635
58.49943378
58.40959356
58.31323972
58.21796642
58.13136786
58.06103819
58.01457159
57.99956228
58.02360442
58.0942922
58.21921979
58.40598139
58.66217113
58.99538296
59.41300272
59.91367306
60.48429444
61.11094526
61.77970344
62.47664681
63.18785327
63.89940065
64.59736683
65.26782969
65.89686705
66.47055665
66.97497437
67.39990443
67.75591103
68.06082466
68.33248201
68.58871956
68.84737379
69.12628114
69.44327805
69.81620099
70.26288642
70.80117077
71.44889052
72.22388215
73.1439823
74.22703059
75.48621546
76.90868233
78.47246587
80.15559341
81.93609264
83.79199129
85.70131705
87.64209768
89.59236087
91.53013436
93.43344585
95.28032309
97.04879376
98.71688544
100.2626233
101.6670639
102.9282231
104.0500522
105.0365072
105.8915439
106.6191179
107.2231849
107.7077004
108.0766203
108.3339
108.4834954
108.529362
108.4754555
108.3257315
108.0841458
107.754654
107.3412116
106.8477745
106.2782982
105.6367385
104.9270509
104.1531911
103.3191148
102.4287776
101.4861353
100.4951434
99.45975764
98.38393365
97.27162708
96.12679361
94.95338891
93.75536859
92.53668836
91.30130385
90.05317074
88.79624467
87.5344813
86.27183629
85.01226531
83.75972401
82.51816806
81.29155312
80.08383483
78.89896883
77.74091037
76.61392695
75.5240284
74.47783529
73.48196857
72.54304912
71.66769781
70.86253556
70.13418323
69.48926172
68.9343919
68.47619469
68.12129093
67.87630157
67.74784777
67.74255437
67.86427477
68.10140899
68.43693773
68.85383871
69.33509015
69.86367027
70.42255732
70.99472954
71.56316519
72.1108425
72.62073979
73.07583656
73.45934423
73.76430838
73.99699097
74.16457257
74.27423584
74.33316359
74.3485386
74.32754371
74.2773617
74.20517541
74.11816763
74.02352116
73.92841884
73.84004344
73.76557722
73.71211219
73.68290897
73.67607849
73.68937408
73.72054826
73.7673534
73.82754194
73.89886625
73.97907876
74.06593186
74.15717797
74.25056948
74.34385881
74.43479836
74.5211407
74.60066222
74.67215153
74.73575796
74.7917252
74.84029721
74.88171798
74.91623146
74.94408164
74.96551248
74.98076796
74.99009206
74.99372875
74.99192199
74.98491579
74.97295413
74.95628601
74.9353717
74.91095557
74.88380165
74.85467405
74.82433687
74.79355424
74.76309024
74.73370898
74.70617458
74.68125113
74.65970273
74.64229353
74.62978758
74.62294885
74.62251959
74.62831925
74.63892644
74.65283392
74.66853416
74.68451963
74.6992828
74.71131612
74.71911202
74.72116298
74.71596148
74.70199995
74.67777086
74.6417667
74.59248047
74.52847086
74.45109923
74.36549541
74.27704983
74.19115377
74.11319857
74.04857563
74.00267629
73.98089197
73.98861397
74.0312337
74.11414255
74.24273183
74.42239286
74.65851566
74.95634019
75.31469351
75.72377908
76.17320475
76.65257618
77.15149884
77.65957819
78.16641972
78.66162889
79.1348112
79.57557204
79.97351655
80.31824497
80.60126002
80.8245955
80.99399401
81.11519855
81.19395147
81.2359951
81.24707173
81.23292367
81.19929323
81.15192271
81.09655445
81.03893071
80.98479384
80.93988633
80.90995309
80.89984185
80.90943857
80.9368808
80.98030604
81.03785208
81.10765676
81.18785792
81.27659335
81.37200092
81.47221842
81.57538374
81.67963466
81.78310903
81.88394462
81.98027847
82.07049617
82.15435613
82.23210083
82.30397275
82.37021424
82.43106766
82.48677542
82.53757984
82.58372331
82.62544819
82.66299685
82.69661164
82.72653494
82.75300911
82.77627648
82.79659349
82.81429467
82.82974206
82.84329771
82.85532363
82.86618189
82.87623452
82.88584356
82.89537103
82.90517899
82.91562946
82.9270845
82.93990613
82.95445643
82.97109774
82.99009825
83.0112067
83.03398851
83.05800912
83.08283402
83.1080287
83.13315861
83.15778927
83.18148616
83.20381475
83.22434053
83.24262901
83.25824562
83.27075578
83.27972347
83.28512503
83.28920837
83.29502365
83.30562089
83.32404988
83.35336047
83.39660243
83.45682558
83.53707975
83.64041471
83.7698803
83.92852632
84.11940259
84.34555931
84.61005091
84.91469285
85.25448169
85.62200423
86.00984794
86.41060083
86.816851
87.22118651
87.61619542
87.99446581
88.34858576
88.67114346
88.95472847
89.1920399
89.38050841
89.52393206
89.62654507
89.69258405
89.7262859
89.73188743
89.71362555
89.67573705
89.62245883
89.55802772
89.4866806
89.41265429
89.34018562
89.27351071
89.21681447
89.17206713
89.13825823
89.11417335
89.09859685
89.09031306
89.08810628
89.09076077
89.09706085
89.1057908
89.11573489
89.12567744
89.13440274
89.1406951
89.14333909
89.14113865
89.13373565
89.12189981
89.10647799
89.08831746
89.06826558
89.0471697
89.02587712
89.00523521
88.98609129
88.96929272
88.95568685
88.94612098
88.94144246
88.94249842
88.95012295
88.96458343
88.98538446
89.01197859
89.04381799
89.08035481
89.12104123
89.16532939
89.21267145
89.2625196
89.31432596
89.36754274
89.42162206
89.47601607
89.53017693
89.58355372
89.63546537
89.68505553
89.7314559
89.77379808
89.81121373
89.84283443
89.86779179
89.88521743
89.89424297
89.894
89.88362017
89.86223507
89.82897638
89.78297656
89.72341832
89.65167153
89.57205057
89.4890705
89.40724778
89.33109891
89.26514046
89.21388897
89.18186097
89.17357302
89.19354166
89.24628341
89.33631484
89.46815232
89.64631032
89.87518486
90.15400748
90.47505641
90.83013647
91.21104912
91.60959558
92.01757706
92.42679474
92.82904983
93.21614354
93.57987701
93.91205096
94.20445976
94.45025215
94.64997743
94.80681123
94.92392724
95.0044984
95.05169753
95.06869749
95.05867108
95.02479117
94.97023061
94.89816219
94.81175879
94.71419323
94.60863846
94.49826846
94.38603058
94.27363434
94.16234988
94.05344762
93.94819815
93.84787205
93.75373994
93.6670724
93.58914003
93.52121341
93.46456314
93.42045983
93.39017406
93.37497657
93.37613947
93.39464346
93.42987932
93.48067298
93.54585088
93.62423965
93.71466588
93.81595623
93.92693732
94.04643576
94.17327822
94.30629129
94.4443016
94.5861358
94.7306205
94.87658227
95.02285954
95.16835542
95.31199602
95.45270741
95.58941566
95.72104687
95.84652709
95.9647824
96.07473888
96.17532258
96.2654596
96.344076
96.41009787
96.46245108
96.50005983
96.52219527
96.53001886
96.52536421
96.51006426
96.48595175
96.45485939
96.41861988
96.37906593
96.33803026
96.29734557
96.25884456
96.22435995
96.19572447
96.17477099
96.16333458
96.16283851
96.1724648
96.19059821
96.21562427
96.24592878
96.2798976
96.31591657
96.35237151
96.38764827
96.42013271
96.44821064
96.4702679
96.48469035
96.4898635
96.48416922
96.46666493
96.44008153
96.40845736
96.37582938
96.3462341
96.32370798
96.31228751
96.3160091
96.33890926
96.38502443
96.45839107
96.56304564
96.70302468
96.88236529
97.10511263
97.37385522
97.68326529
98.02519656
98.39150579
98.77405077
99.16468938
99.5552795
99.937679
100.3037458
100.6453378
100.954313
101.222532
101.4419758
101.6099319
101.7308369
101.8096105
101.8511766
101.8604597
101.8423841
101.801874
101.7438539
101.673248
101.5949806
101.5139763
101.4351591
101.3634534
101.3037821
101.2610065
101.2372645
101.2310248
101.2405086
101.2639348
101.299522
101.3454889
101.4000541
101.4614364
101.5278544
101.5975268
101.6686723
101.7395095
101.8082572
101.8731344
101.9323813
101.9851579
102.0318646
102.072985
102.1090037
102.1404055
102.1676748
102.1912964
102.211755
102.2295351
102.2451214
102.2589985
102.2716511
102.2835638
102.2952213
102.3071089
102.3197418
102.3336759
102.3494695
102.3676811
102.388869
102.4135917
102.4424077
102.4758753
102.514553
102.5589993
102.6097726
102.6674313
102.7325339
102.8056383
102.887285
102.9772426
103.0742385
103.1769304
103.2839753
103.3940299
103.5057511
103.6177957
103.7288206
103.8374827
103.9424388
104.0423457
104.1358604
104.2216396
104.2983412
104.3646569
104.4207934
104.4689985
104.5116575
104.5511571
104.589884
104.6302248
104.6745665
104.7252956
104.7847989
104.8554633
104.9396753
105.0398218
105.1582894
105.2974636
105.4596795
105.645042
105.8506502
106.0734008
106.3101886
106.5579081
106.8134541
107.073721
107.3356036
107.5959964
107.851794
108.0998907
108.3371783
108.5609956
108.7711022
108.968122
109.1526774
109.3253906
109.4868837
109.637779
109.7786986
109.9102646
110.0330993
110.1478247
110.255063
110.3554363
110.449567
110.5380781
110.621457
110.6994577
110.7715723
110.8372932
110.896113
110.9475242
110.9910193
111.026091
111.0522317
111.0689341
111.0756906
111.0719939
111.0573364
111.0312106
110.9931071
110.9427918
110.8815181
110.8110709
110.7332341
110.6497915
110.562527
110.4732243
110.3836672
110.2956395
110.210925
110.1313074
110.0585706
109.9944984
109.9408747
109.8994856
109.871781
109.8573929
109.8553041
109.8644983
109.8839595
109.9126718
109.9496191
109.9937855
110.044155
110.0997116
110.1594393
110.2223221
110.287344
110.3534892
110.4197418
110.4850423
110.5480926
110.6075098
110.6619111
110.7099137
110.7501348
110.7811915
110.8017012
110.8102809
110.8055479
110.7861194
110.7506127
110.6976447
110.6258324
110.5337875
110.4209018
110.2907807
110.1485353
109.9992747
109.8481072
109.7001408
109.560484
109.4342449
109.3265317
109.2424528
109.1871163
109.1656304
109.1831035
109.2446447
109.3553734
109.5188176
109.7299097
109.9805104
110.2624851
110.5677003
110.8880228
111.2153192
111.5414563
111.8583009
112.1577196
112.4315794
112.67175
112.8702093
113.0237661
113.1357407
113.2098902
113.2499764
113.2597615
113.2430076
113.2034771
113.1449319
113.0711343
112.9858465
112.8928306
112.7958489
112.6986633
112.6050351
112.5186851
112.4415454
112.3731368
112.3128182
112.2599466
112.2138793
112.1739732
112.1395855
112.1100731
112.0847932
112.0631029
112.044359
112.0279188
112.0131393
111.9993777
111.9859942
111.9724904
111.9585584
111.9439027
111.9282284
111.9112403
111.8926432
111.8721422
111.849442
111.8242476
111.7962638
111.7651956
111.7307478
111.6926253
111.6505334
111.6041877
111.5537765
111.5001244
111.4440992
111.3865687
111.328401
111.2704641
111.213626
111.1587548
111.1067186
111.0583852
111.0146228
110.9762994
110.9442829
110.9194409
110.9026185
110.8936721
110.8911252
110.8934118
110.8989649
110.9062175
110.9136026
110.9195532
110.9225023
110.9208828
110.9131278
110.8976701
110.8729429
110.8373791
110.7894132
110.7275307
110.6524997
110.568165
110.4785779
110.3877916
110.2998599
110.2188363
110.1487744
110.0937277
110.05775
110.0448948
110.0592156
110.104766
110.1855995
110.305767
110.4692202
110.6754902
110.9181498
111.1903715
111.485324
111.7961753
112.1160937
112.4382472
112.7558042
113.0619326
113.3498007
113.612576
113.8434183
114.0366639
114.1930027
114.3153952
114.4067984
114.4701684
114.5084612
114.5246329
114.5216394
114.5024368
114.4699811
114.4272284
114.3771345
114.3226555
114.2667478
114.2123703
114.1620477
114.1159579
114.07344
114.0338346
113.9964827
113.960725
113.9259025
113.8913561
113.8564267
113.8204552
113.7827826
113.7427496
113.6996973
113.6529663
113.6018965
113.5460069
113.4857869
113.4220725
113.3556991
113.287502
113.2183164
113.1489777
113.0803211
113.0131819
112.9483954
112.8867969
112.8292216
112.7765049
112.729482
112.6889899
112.6556529
112.6289486
112.6079445
112.591709
112.5793105
112.5698174
112.5622981
112.5558212
112.5494551
112.5422682
112.533329
112.521706
112.5064675
112.4866818
112.4614161
112.429957
112.39278
112.350785
112.3048716
112.2559387
112.2048856
112.1526115
112.1000156
112.047997
111.997455
111.9492886
111.9043971
111.8636796
111.8280356
111.7983658
111.7753194
111.7581843
111.7457623
111.7368557
111.7302673
111.7247997
111.7192556
111.7124376
111.7031484
111.6901906
111.672367
111.6484801
111.6173326
111.5777268
111.5284615
111.4689369
111.4018094
111.330898
111.2600197
111.1929914
111.1336295
111.0857509
111.0531722
111.03971
111.0491811
111.0854021
111.1521897
111.2533606
111.3927322
111.5741305
111.7999764
112.0650844
112.3615547
112.6814906
113.0169971
113.360179
113.703141
114.0379881
114.356825
114.6517567
114.9148881
115.138327
115.3142962
115.4401317
115.5200588
115.5587668
115.5609497
115.5313017
115.474517
115.3952899
115.2983147
115.1882857
115.0698969
114.9478428
114.8268176
114.7115153
114.606629
114.5167975
114.4442603
114.3880243
114.3468786
114.31961
114.3050053
114.3018513
114.3089347
114.3250423
114.3489608
114.379477
114.4153777
114.4554495
114.4984794
114.543254
114.5885639
114.6333602
114.6768101
114.7180958
114.7563993
114.7909027
114.8207883
114.8452381
114.8634342
114.8745588
114.8777941
114.8723221
114.8573251
114.8319851
114.7954849
114.747031
114.6868859
114.6167344
114.5383577
114.4535374
114.3640555
114.2716939
114.1782345
114.0854593
113.99515
113.9090886
113.8290571
113.7568372
113.694211
113.6429594
113.6048287
113.5800252
113.5666804
113.562786
113.566332
113.5753086
113.5877059
113.6015141
113.6147232
113.6253234
113.6313047
113.6306574
113.6213716
113.6014373
113.5688461
113.5216452
113.4603485
113.3887924
113.3110381
113.2311487
113.1531875
113.0812178
113.0193029
112.971506
112.9418904
112.9345193
112.9534562
113.0027641
113.0865063
113.2087437
113.3734301
113.5798014
113.820738
114.0886906
114.376106
114.6754308
114.9791116
115.2795949
115.5693274
115.8407556
116.0863261
116.2984847
116.4696702
116.5937125
116.6720139
116.7086705
116.7077757
116.6734219
116.6097016
116.5207071
116.4105307
116.2832649
116.143002
115.9938345
115.8398546
115.6851548
115.5338278
115.3899692
115.2570695
115.1353213
115.0237448
114.9213615
114.827193
114.740261
114.6595874
114.5841938
114.513102
114.4453339
114.379911
114.3158553
114.2521884
114.187932
114.1221069
114.0539153
113.983548
113.9115472
113.8384551
113.7648134
113.691164
113.6180488
113.5460094
113.4755879
113.4073261
113.3417658
113.2794488
113.220917
113.1667123
113.1173772
113.0733241
113.0342553
112.9996209
112.968871
112.941456
112.9168263
112.8944322
112.873724
112.854152
112.8351667
112.8162183
112.7967571
112.7762337
112.7540981
112.7298006
112.7028509
112.6730863
112.6404601
112.6049254
112.5664355
112.5249434
112.4804024
112.4327656
112.3819862
112.3280174
112.2708122
112.210324
112.1465058
112.0793107
112.0086903
111.9349127
111.8599767
111.7864949
111.7170795
111.6543427
111.6008964
111.5593527
111.5323237
111.5224213
111.5322577
111.5644448
111.6215948
111.7063196
111.8212317
111.9689482
112.1510312
112.3632699
112.5994065
112.8531846
113.1183482
113.3886417
113.6578092
113.9195948
114.1677428
114.3959973
114.5981027
114.7678046
114.8989408
114.9893497
115.042256
115.0612512
115.0499298
115.011886
114.9507143
114.8700092
114.773365
114.6643762
114.5466372
114.4237425
114.2992864
114.1768633
114.0600671
113.9524502
113.8557739
113.7693882
113.6924786
113.6242295
113.5638251
113.5104499
113.4632881
113.4215239
113.3843418
113.3509261
113.3204609
113.2921307
113.2651197
113.2386124
113.2118014
113.1842331
113.1559302
113.1269478
113.0973414
113.0671664
113.0364782
113.0053322
112.9737839
112.9418887
112.909702
112.8772793
112.8446759
112.8119473
112.7791489
112.7463355
112.7135303
112.6807147
112.6478672
112.6149662
112.58199
112.5489171
112.515726
112.4823949
112.4489024
112.4152268
112.3813466
112.3472401
112.3128859
112.2782622
112.2433463
112.2080667
112.1722858
112.1358618
112.0986525
112.0605161
112.0213105
111.9808939
111.939124
111.8958591
111.8509571
111.804276
111.7556739
111.7050088
111.6521389
111.5969428
111.5401761
111.4837739
111.4297525
111.3801283
111.336918
111.3021382
111.2778056
111.2659368
111.2685485
111.2876572
111.3252795
111.3834322
111.4641317
111.5693939
111.7011686
111.8585623
112.0368565
112.2310699
112.4362197
112.6473233
112.8593978
113.0674607
113.266529
113.45162
113.6177511
113.7599391
113.8731984
113.9534914
114.0020164
114.0218182
114.0159416
113.9874312
113.9393313
113.8746862
113.7965405
113.7079385
113.6119246
113.5115433
113.4098389
113.3098558
113.2146387
113.1272331
113.0502289
112.9836945
112.9268101
112.8787555
112.8387109
112.8058565
112.7793722
112.7584385
112.7422353
112.7299428
112.7207411
112.7138105
112.708331
112.7034827
112.6984457
112.6924901
112.6853863
112.6770811
112.6675209
112.6566525
112.6444223
112.6307771
112.6156634
112.5990277
112.5808167
112.5609769
112.539455
112.5161976
112.4911512
112.4642624
112.4354941
112.4048999
112.3725653
112.3385759
112.3030172
112.2659746
112.2275337
112.1877801
112.1467991
112.1046765
112.0614976
112.017348
111.9723132
111.9264788
111.8799304
111.832694
111.7844654
111.7348238
111.6833487
111.6296195
111.5732155
111.513716
111.4507005
111.3837484
111.312439
111.2363517
111.1550659
111.0681609
110.9752162
110.8758102
110.7698606
110.6591664
110.546188
110.433386
110.3232212
110.218154
110.1206451
110.033155
109.9581442
109.8980734
109.8554032
109.8325941
109.8321066
109.8564016
109.9079412
109.988332
110.0944232
110.2213927
110.3644181
110.5186767
110.6793463
110.8416045
111.0006288
111.1515968
111.2896861
111.4100744
111.5079397
111.5785346
111.6202744
111.635826
111.628151
111.600212
111.5549715
111.4953923
111.424437
111.345068
111.260248
111.1729397
111.0861056
111.0027083
110.9257104
110.8580743
110.8027195
110.7607464
110.730811
110.7113994
110.7009971
110.6980897
110.701163
110.7087024
110.7191936
110.7311223
110.7429739
110.7532342
110.7603888
110.7629232
110.7593231
110.7480946
110.7286014
110.7013599
110.6669668
110.6260189
110.579113
110.5268459
110.4698145
110.4086156
110.3438459
110.2761024
110.2059818
110.134081
110.0609967
109.9873259
109.9136606
109.8403982
109.7676738
109.6956045
109.6243072
109.553899
109.4844969
109.4162177
109.3491784
109.2834961
109.2192878
109.1566703
109.0957607
109.036676
108.9795331
108.9244444
108.8713311
108.8198571
108.7696684
108.7204113
108.6717316
108.6232755
108.5746889
108.525618
108.4757087
108.4246071
108.3719594
108.3174114
108.2606092
108.201199
108.1388358
108.0735581
108.0059191
107.9365079
107.8659136
107.7947256
107.7235328
107.6529246
107.5834902
107.5158186
107.4504991
107.388121
107.3292732
107.2745452
107.224526
107.1798084
107.1411392
107.1094714
107.0857726
107.0710102
107.0661519
107.0721653
107.0900178
107.1206771
107.1651107
107.2242862
107.2991712
107.3907331
107.4999397
107.6277582
107.7751109
107.9410063
108.1218835
108.3140019
108.5136206
108.7169987
108.9203953
109.1200697
109.3122808
109.4932879
109.6593502
109.8067266
109.9316763
110.0311702
110.1061765
110.1590596
110.1921853
110.2079193
110.2086274
110.1966753
110.1744288
110.1442537
110.1085155
110.0695803
110.0298135
109.9915811
109.9572487
109.9291821
109.9093437
109.8974291
109.8923426
109.8929875
109.8982675
109.9070858
109.918346
109.9309515
109.9438058
109.9558124
109.9658745
109.9728959
109.9757798
109.9734297
109.9647492
109.9488493
109.9260089
109.8969145
109.8622528
109.8227107
109.7789751
109.7317327
109.6816704
109.629475
109.5758334
109.5214324
109.4669588
109.4130995
109.3605413
109.309971
109.2619643
109.2164716
109.1732252
109.1319572
109.0923997
109.0542846
109.0173441
108.9813102
108.9459149
108.9108904
108.8759687
108.8408818
108.8053617
108.7691407
108.7319507
108.6935748
108.6540841
108.6136497
108.572443
108.5306353
108.488398
108.4459024
108.4033199
108.3608218
108.3185795
108.2767643
108.2355476
108.1951007
108.1555949
108.1172017
108.0801366
108.0448638
108.0119346
107.9819001
107.9553115
107.93272
107.9146767
107.9017329
107.8944398
107.8933485
107.8990103
107.9119763
107.9327978
107.9620258
108.0002116
108.0476473
108.1031666
108.1650947
108.2317563
108.3014762
108.3725788
108.443389
108.5122313
108.5774304
108.6373109
108.6901976
108.734415
108.76831
108.7911613
108.8034979
108.8059369
108.7990954
108.7835905
108.7600393
108.7290587
108.6912658
108.6472777
108.5977116
108.5431843
108.4843131
108.4217149
108.3560068
108.2878014
108.2175189
108.1453221
108.0713555
107.9957635
107.9186907
107.8402816
107.7606807
107.6800325
107.5984815
107.5161723
107.4332493
107.349857
107.26614
107.1822428
107.0983123
107.0146015
106.9315049
106.8494273
106.7687734
106.689948
106.6133556
106.5394009
106.4684888
106.4010238
106.3374107
106.2780542
106.223359
106.1737297
106.1295711
106.0912775
106.0588061
106.0315283
106.0087737
105.9898722
105.9741537
105.960948
105.949585
105.9393944
105.9297062
105.9198502
105.9091562
105.8969541
105.8825737
105.8653449
105.8446012
105.8198324
105.7907375
105.7570308
105.718426
105.6746371
105.6253782
105.5703632
105.509306
105.4419206
105.367921
105.2870212
105.198935
105.1033765
105.0000596
104.8887215
104.7700724
104.6461275
104.5189945
104.3907809
104.263594
104.1395415
104.0207307
103.9092691
103.8072642
103.7168234
103.6400541
103.579064
103.5359603
103.5128508
103.5117896
103.5326055
103.5721417
103.6270301
103.6939031
103.7693931
103.8501325
103.9327537
104.0138891
104.0901711
104.158232
104.2147043
104.256221
104.2799828
104.2863992
104.2769964
104.2533019
104.2168433
104.1691485
104.1117451
104.0461607
103.9739231
103.8965599
103.8155987
103.7325674
103.6489936
103.5664049
103.4863287
103.4100625
103.3376026
103.2684929
103.2022767
103.1384972
103.0766975
103.016421
102.9572108
102.8986102
102.8401623
102.7814104
102.7218976
102.6611673
102.5987625
102.5342267
102.4671999
102.3978691
102.3266116
102.2538049
102.1798266
102.1050543
102.0298654
101.9546377
101.8797486
101.8055757
101.7324966
101.6608888
101.5911299
101.5235974
101.4586689
101.3966383
101.3373275
101.2803944
101.2254966
101.1722914
101.1204366
101.0695896
101.019408
100.9695493
100.919671
100.8694307
100.818486
100.7664942
100.7131132
100.6580002
100.6008466
100.5415331
100.4800064
100.4162134
100.3501009
100.2816158
100.2107049
100.1373151
100.0613932
99.98288617
99.90174075
99.81790382
99.73132221
99.64194283
99.54971265
99.45474581
99.35810027
99.26116251
99.16531953
99.07195826
98.98246569
98.89822875
98.82063446
98.75106974
98.69092158
98.64157694
98.60442281
98.58084613
98.57223386
98.57997254
98.60494688
98.64520851
98.69782257
98.75985297
98.82836355
98.90041813
98.97308055
99.04341463
99.10848424
99.16535316
99.21108524
99.24274422
99.25743488
99.25397372
99.23347422
99.19721195
99.1464623
99.08250058
99.00660221
98.92004255
98.82409692
98.7200407
98.60914927
98.49269797
98.37196218
98.24821726
98.1227386
97.99678983
97.8711443
97.74591727
97.62117772
97.49699458
97.37343684
97.25057345
97.12847339
97.00720562
96.88683916
96.7674429
96.64908589
96.53183703
96.41576533
96.30093976
96.18742963
96.07531839
95.96470857
95.85570397
95.74840844
95.64292579
95.53935986
95.43781449
95.33839349
95.24120069
95.14633996
95.05391508
94.96402989
94.87678824
94.79229394
94.71064757
94.63181174
94.55556406
94.48166911
94.40989145
94.33999564
94.27174628
94.20490794
94.13924515
94.07452254
94.01050467
93.9469561
93.88364141
93.82032518
93.75677199
93.69274694
93.62803809
93.56246425
93.4958464
93.42800548
93.3587625
93.28793839
93.21535417
93.14083077
93.06418922
92.98525043
92.90383541
92.8197651
92.73286051
92.64294259
92.54984569
92.45396479
92.3564474
92.25849401
92.16130501
92.06608083
91.97402189
91.88632864
91.80420147
91.72884083
91.66144714
91.60322082
91.55536232
91.51907201
91.49555038
91.48596181
91.48996155
91.5051786
91.52909969
91.55921158
91.59300098
91.62795468
91.66155938
91.69130187
91.71466886
91.72914712
91.73222336
91.72138426
91.6946307
91.65285096
91.59794167
91.53180057
91.45632534
91.37341366
91.28496316
91.19287158
91.09903657
91.00535582
90.91372702
90.82604782
90.74421592
90.67012902
90.60568489
90.55247108
90.51033487
90.47851534
90.45625104
90.44278056
90.43734242
90.43917517
90.44751739
90.46160765
90.48068447
90.50398645
90.53075211
90.56022002
90.59162874
90.62421681
90.65726348
90.69027616
90.72284203
90.75454835
90.78498238
90.81373137
90.84038257
90.86452326
90.88574064
90.903622
90.9177546
90.9277257
90.93312252
90.93353233
90.92854235
90.91782641
90.90154357
90.88002264
90.85359258
90.82258227
90.78732072
90.74813681
90.70535952
90.65931774
90.61034044
90.55875654
90.504895
90.4490847
90.39165464
90.33293372
90.27324968
90.21292331
90.15227303
90.0916173
90.03127449
89.97156303
89.91280133
89.85530781
89.7994009
89.74539898
89.69362051
89.64438387
89.59800751
89.55480983
89.51510939
89.47911057
89.44638015
89.41626154
89.38809801
89.36123278
89.33500918
89.30877045
89.28185985
89.25362071
89.22339625
89.19052975
89.1543645
89.11424377
89.06951079
89.01950852
88.96382074
88.90337462
88.83956828
88.77380015
88.7074686
88.64197206
88.57870885
88.5190774
88.46447607
88.41630322
88.37595725
88.34483653
88.32433948
88.31586448
88.32081058
88.34018554
88.37281804
88.41677212
88.47011139
88.53089954
88.59720034
88.66707748
88.73859467
88.80981565
88.87880415
88.94362388
89.00233871
89.05303672
89.09483328
89.12822464
89.15380286
89.17216032
89.18388932
89.18958223
89.18983138
89.18522915
89.17636786
89.16383988
89.14823755
89.1301532
89.11017922
89.08890789
89.06692711
89.0446356
89.02217784
88.99968066
88.97727088
88.9550753
88.93322068
88.91183384
88.8910416
88.8709707
88.85174797
88.83350021
88.81635421
88.80043675
88.78587461
88.77279163
88.76118538
88.75088389
88.74170336
88.73346
88.72596997
88.7190495
88.71251476
88.70618195
88.69986723
88.69338683
88.68655693
88.67919372
88.6711134
88.66213214
88.65206767
88.64080104
88.62829849
88.61453219
88.59947433
88.58309705
88.56537256
88.54627304
88.52577064
88.50383756
88.48044596
88.45556803
88.42917597
88.4012419
88.37173809
88.34063937
88.3080353
88.2741696
88.23929664
88.2036708
88.1675465
88.13117815
88.09482014
88.05872689
88.02315282
87.98835231
87.95457978
87.92208963
87.89113627
87.86197412
87.83485767
87.81004519
87.78780009
87.76838612
87.75206698
87.73910644
87.72976824
87.7243161
87.7230138
87.72612503
87.73391358
87.74664315
87.76457752
87.78798038
87.8171153
87.85222937
87.89286117
87.93759624
87.9849546
88.03345589
88.08161984
88.12796607
88.17101427
88.20928409
88.24129521
88.26556728
88.28061989
88.28497164
88.27744539
88.25854087
88.22934985
88.19096407
88.14447509
88.09097448
88.03155379
87.96730459
87.89931843
87.8286869
87.75650155
87.68385392
87.61183563
87.54153825
87.474054
87.41030447
87.35027245
87.29360886
87.23996474
87.18899126
87.14033951
87.09366063
87.04860575
87.004826
86.96197252
86.91969644
86.87764887
86.835481
86.79284388
86.74938847
86.70481741
86.65911752
86.61237617
86.56468066
86.51611832
86.46677645
86.4167423
86.3661032
86.31494643
86.26335929
86.21142907
86.15924308
86.10688862
86.05445296
86.00202346
85.94967398
85.89740404
85.84518699
85.79299607
85.74080465
85.68858599
85.63631342
85.58396027
85.53149984
85.47890541
85.42615032
85.37320788
85.32005139
85.26665417
85.21298942
85.15905216
85.10495674
85.0508599
84.99691829
84.94328856
84.89012736
84.83759135
84.78583719
84.73502157
84.68530106
84.63683242
84.58977224
84.54427719
84.50050393
84.45860931
84.41871789
84.38077783
84.34467484
84.31029461
84.27752284
84.24624526
84.21634759
84.18771554
84.16023485
84.1337912
84.10827036
84.08355803
84.05953993
84.03610178
84.0131294
83.99048839
83.96793369
83.94518107
83.9219462
83.89794487
83.87289285
83.84650587
83.81849972
83.78859011
83.75649281
83.72192361
83.68459832
83.64423583
83.60069127
83.55400302
83.50422195
83.45139901
83.39558521
83.33683148
83.27518882
83.21070818
83.14344056
83.07343689
83.00074817
82.92542538
82.84751947
82.76708151
82.68416689
82.59902022
82.51214097
82.42404595
82.33525204
82.24627619
82.15763531
82.06984634
81.98342621
81.89889183
81.81676013
81.73754805
81.66177249
81.58995042
81.52259849
81.46022389
81.40291179
81.35017926
81.30150478
81.25636648
81.21424257
81.17461117
81.13695044
81.10073856
81.06545366
81.03057388
80.99557742
80.9599424
80.92314699
80.88466947
80.8439936
80.80084439
80.75527183
80.70734792
80.65714483
80.60473478
80.55018991
80.49358248
80.43498462
80.37446855
80.31210649
80.24797061
80.18213308
80.11466615
80.04564185
79.97512815
79.90300788
79.82891466
79.75246528
79.67327632
79.59096442
79.50514613
79.41543811
79.32145692
79.22281919
79.11914152
79.01004052
78.89513277
78.77403489
78.64636339
78.51173162
78.36961136
78.21928363
78.06001662
77.89107841
77.71173704
77.52126057
77.31891707
77.10397455
76.8757011
76.63336478
76.37623363
76.1035757
75.81465914
75.50875286
75.18516369
74.84487222
74.4911142
74.12727761
73.75675172
73.38292605
73.00919
72.63893304
72.27554463
71.92241423
71.58293127
71.26048552
70.95846952
70.67978084
70.42463287
70.19228194
69.98198561
69.79300176
69.62458835
69.47600333
69.34650464
69.2353502
69.14179801
69.06510596
69.00453202
68.95933414
68.92877029
68.91209902
68.90848796
68.91661213
68.93497087
68.96206373
68.99639035
69.03645034
69.08074336
69.12776905
69.17602703
69.22401693
69.2702384
69.31319106
69.35137455
69.38328837
69.40743033
69.42256905
69.42893885
69.42729714
69.41840061
69.40300574
69.38186899
69.35574689
69.32539586
69.29157237
69.25503293
69.21653399
69.176832
69.13668349
69.09684494
69.05807364
69.02100966
68.98565883
68.95180066
68.91921496
68.8876816
68.85698047
68.82689149
68.79719452
68.76766951
68.73809631
68.70825486
68.67792502
68.64688671
68.6149198
68.58180395
68.54735276
68.51156314
68.47449744
68.436218
68.39678706
68.35626687
68.31471973
68.27220791
68.22879363
68.18453919
68.13950684
68.09375886
68.04735752
68.00036507
67.95284387
67.90484578
67.85636614
67.80738009
67.75786274
67.7077893
67.65713489
67.60587472
67.55398393
67.50143769
67.44821118
67.39427951
67.33961793
67.28420156
67.22800556
67.17100529
67.11315763
67.05432051
66.99431639
66.93296781
66.87009731
66.80552746
66.73908079
66.67057986
66.59984722
66.52670543
66.450977
66.37248452
66.29105055
66.20649756
66.11864744
66.02741547
65.93322115
65.83666418
65.73834399
65.63885993
65.53881137
65.43879766
65.33941816
65.24127221
65.14495917
65.05107835
64.96022876
64.8729965
64.78939158
64.70864757
64.62994586
64.55246739
64.47539295
64.39790346
64.31917969
64.23840252
64.15475278
64.06741135
63.97555903
63.8783767
63.77504522
63.66474597
63.54667938
63.42089703
63.28859757
63.15105674
63.00955104
62.86535704
62.71975133
62.57401047
62.42941105
62.28722967
62.14874286
62.01522723
61.88795934
61.76821575
61.65727252
61.55638624
61.46594701
61.38517699
61.31321988
61.24921861
61.192316
61.14165492
61.09637819
61.05562867
61.01854918
60.9842826
60.95197172
60.92075944
60.88978859
60.85820217
60.82514947
60.7900577
60.75272883
60.71299001
60.67066858
60.62559198
60.57758759
60.52648283
60.47210509
60.41428177
60.35284032
60.28760809
60.21841253
60.14508101
60.06744112
59.98532514
59.8987791
59.80813703
59.71375229
59.61597843
59.51516906
59.41167771
59.30585799
59.19806347
59.08864775
58.9779644
58.86636699
58.7542091
58.64184429
58.5296259
58.41789689
58.30654191
58.19482769
58.08197947
57.96722207
57.84978027
57.72887886
57.60374259
57.47359632
57.33766474
57.1951727
57.04534497
56.88740632
56.72058159
56.54409623
56.35720016
56.16023503
55.95501387
55.74344849
55.52745179
55.30893669
55.08981617
54.87200314
54.65741058
54.44795145
54.24553868
54.05208542
53.86950669
53.69941149
53.54175427
53.39589843
53.26120831
53.13704844
53.02278338
52.91777766
52.82139591
52.73300266
52.65196248
52.57763996
52.50939964
52.44660609
52.38862382
52.33481708
52.28460674
52.2377207
52.1939964
52.15327114
52.1153822
52.08016681
52.04746225
52.01710575
51.9889346
51.96278604
51.93849731
51.91590569
51.89484844
51.8751628
51.85668602
51.83925613
51.82271533
51.80690727
51.79167562
51.77686403
51.7623162
51.74787579
51.73338643
51.71869183
51.7036356
51.6880615
51.67181314
51.65473417
51.63666827
51.61745877
51.59699653
51.57542954
51.55299751
51.52994011
51.50649685
51.48290739
51.45941124
51.43624801
51.41365728
51.39187862
51.37115159
51.35171583
51.33381086
51.31767631
51.30355203
51.29163851
51.28192337
51.27431824
51.26873483
51.26508494
51.26328031
51.2632327
51.26485392
51.26805568
51.27274977
51.27884797
51.28626202
51.2949037
51.30468481
51.31551747
51.32725861
51.33946586
51.35159018
51.36308263
51.37339441
51.38197656
51.38828026
51.39175663
51.3918568
51.38803187
51.37973302
51.36641132
51.34751795
51.32250395
51.29081948
51.25207077
51.20671121
51.15549599
51.09918001
51.03851799
50.97426465
50.90717479
50.8380031
50.76750432
50.69643322
50.62554452
50.55559282
50.48732731
50.42125665
50.35756562
50.29641704
50.2379736
50.18239794
50.12985266
50.08050041
50.03450386
49.99202564
49.9532284
49.91827476
49.88732737
49.86054887
49.83810183
49.82014579
49.80670522
49.7976228
49.79272889
49.79185372
49.79482753
49.80148059
49.81164313
49.82514538
49.84181758
49.86148999
49.88399284
49.90915637
49.93681083
49.96678639
49.99891033
50.03288176
50.06822717
50.10446136
50.14109904
50.1776549
50.21364365
50.24857998
50.28197858
50.31335416
50.34222142
50.36809507
50.39048978
50.40892028
50.42290147
50.43195765
50.43602686
50.43560429
50.43122286
50.42341589
50.41271664
50.39965842
50.38477452
50.36859827
50.3516629
50.33450176
50.31764814
50.30163532
50.28699658
50.27426514
50.26396865
50.25639187
50.25149254
50.24920628
50.24946841
50.25221429
50.2573793
50.26489879
50.27470815
50.28674271
50.30093785
50.31722895
50.33555133
50.3558404
50.37803135
50.40205171
50.42749357
50.45349734
50.47917263
50.50362888
50.52597551
50.54532191
50.56077751
50.57145172
50.57645394
50.57489361
50.56588008
50.54852283
50.52193129
50.4852153
50.43751148
50.37912108
50.3119131
50.23786343
50.15894871
50.07714562
49.99443087
49.91278111
49.83417305
49.76058337
49.69398876
49.63636606
49.58969403
49.55548988
49.53274062
49.51953706
49.51397048
49.51413243
49.51811446
49.52400812
49.52990496
49.53389654
49.53407442
49.52853013
49.51535525
49.4926413
49.45847975
49.41096033
49.34859833
49.27224546
49.1835801
49.08428038
48.97602418
48.86048937
48.73935375
48.61429527
48.48699176
48.35912106
48.23236108
48.10838965
47.98888466
47.87552403
47.76998666
47.67368983
47.58661201
47.50822307
47.43799303
47.37539198
47.31989008
47.27095746
47.22806426
47.19068062
47.15827669
47.13032262
47.10628851
47.08564453
47.06786083
47.05240754
47.03874898
47.0263171
47.01453239
47.00281543
46.99058671
46.97726678
46.96227615
46.94503535
46.92496496
46.90148547
46.87401742
46.84198134
46.80479776
46.7618872
46.7126697
46.65670766
46.594349
46.5262187
46.45294181
46.37514324
46.2934479
46.20848076
46.12086677
46.03123082
45.94019787
45.84839288
45.75644078
45.66496648
45.574595
45.48595186
45.39946137
45.3144356
45.22979451
45.1444581
45.05734639
44.96737949
44.87347744
44.77456027
44.66954809
44.55736094
44.43691889
44.30714197
44.16695031
44.01526383
43.85100157
43.67347198
43.48413973
43.28522879
43.07896315
42.86756677
42.65326352
42.43827729
42.22483203
42.01515158
41.81145989
41.61598083
41.43093801
41.25852418
41.0996113
40.95329558
40.81855042
40.69434878
40.57966368
40.47346798
40.37473472
40.28243677
40.19554715
40.11303877
40.03388458
39.95705757
39.88153069
39.80627696
39.73028281
39.65310322
39.57505759
39.49651823
39.4178576
39.33944826
39.26166266
39.18487335
39.10945278
39.03577349
38.96420797
38.89512871
38.82890824
38.76591903
38.70653353
38.65111074
38.59944115
38.55055098
38.50341343
38.45700156
38.41028842
38.36224701
38.31185044
38.25807172
38.1998839
38.13626005
38.0661732
37.98859641
37.9025027
37.80686529
37.70068117
37.58395828
37.45806305
37.32445637
37.18459939
37.0399532
36.89197893
36.74213768
36.59189061
36.44269881
36.29602345
36.15332561
36.01606644
35.88570705
35.76370844
35.65150315
35.54931886
35.45576439
35.36933582
35.28852902
35.21183984
35.13776414
35.06479777
34.99143661
34.91617647
34.83751324
34.75394278
34.66396091
34.56606355
34.45874662
34.3405378
34.21130355
34.07270885
33.92654416
33.77460014
33.61866744
33.46053671
33.30199864
33.14484386
32.99086304
32.84184682
32.6995859
32.56587094
32.44249255
32.33124132
32.23386524
32.15031913
32.07814908
32.01473295
31.95744838
31.90367297
31.85078437
31.79616023
31.73717816
31.67121577
31.59565072
31.50786065
31.40522318
31.28511593
31.14491667
30.98207124
30.79689031
30.59353188
30.37642336
30.14999221
29.91866605
29.68687237
29.45903878
29.23959278
29.0329619
28.84357376
28.67585585
28.53423599
28.42232191
28.33911974
28.28202782
28.24844298
28.23576213
28.24138209
28.26269975
28.297112
28.34201568
28.39480766
28.45288483
28.51364405
28.5744822
28.63279612
28.68598269
28.73181901
28.77021841
28.80184013
28.8273442
28.84739059
28.86263929
28.87375032
28.88138367
28.8861993
28.88885725
28.89001752
28.89034005
28.89048492
28.89111206
28.8928815
28.89636707
28.90165827
28.90867556
28.91733923
28.92756954
28.93928674
28.95241117
28.96686309
28.98256276
28.99943049
29.01738654
29.03635118
29.05624475
29.07698746
29.09849961
29.12065552
29.14307088
29.16527117
29.18678178
29.20712808
29.22583549
29.24242938
29.25643511
29.2673781
29.2747837
29.27817731
29.27708431
29.27103014
29.25954012
29.24213973
29.2185011
29.18912275
29.15479128
29.11629358
29.07441663
29.02994735
28.98367266
28.93637949
28.88885482
28.84188555
28.79625863
28.75276099
28.71217956
28.6753013
28.64291296
28.61556359
28.59246103
28.57234604
28.5539587
28.53603914
28.51732744
28.49656371
28.47248805
28.44384058
28.40936137
28.36779056
28.31786821
28.25833447
28.18792945
28.10539353
28.00984944
27.90257755
27.7856096
27.66097838
27.53071656
27.39685698
27.26143238
27.12647552
26.9940192
26.86609613
26.74473913
26.63198103
26.52983236
26.43937498
26.36044465
26.29278908
26.23615616
26.19029376
26.15494974
26.12987199
26.11480839
26.10950677
26.11371504
26.12718108
26.14965276
26.18087793
26.22060454
26.26857302
26.32421476
26.38654631
26.45455495
26.52722801
26.60355282
26.6825167
26.76310698
26.84431098
26.925116
27.00450943
27.08147854
27.15501065
27.22409315
27.28771327
27.34487214
27.39514676
27.43888683
27.47649657
27.5083802
27.53494194
27.55658593
27.57371639
27.58673751
27.59605345
27.60206843
27.60518664
27.60581225
27.60434945
27.60120247
27.59677446
27.59142664
27.58546384
27.57918692
27.57289679
27.56689426
27.56148024
27.55695563
27.55362126
27.55177802
27.55172678
27.55376844
27.55820384
27.56533389
27.57545943
27.58888058
27.60586376
27.62663038
27.65139859
27.68038664
27.71381267
27.75189492
27.79485156
27.8429008
27.89626082
27.95514983
28.01978601
28.09038759
28.16717277
28.25035983
28.34013408
28.4353058
28.53284054
28.62957346
28.72233993
28.80797528
28.88331491
28.94519418
28.99044846
29.01591311
29.01842353
28.99481507
28.9419231
28.85658299
28.73562983
28.57598773
28.37829005
28.14814663
27.89151899
27.61436812
27.32265495
27.02234049
26.71938569
26.41975146
26.12939881
25.85428867
25.60038195
25.37363867
25.17900681
25.01571807
24.88101439
24.77213511
24.68631942
24.62080648
24.5728355
24.53964568
24.51847619
24.50656619
24.50115489
24.4994815
24.49878519
24.49630517
24.48928092
24.47532641
24.45416929
24.42627331
24.39210302
24.35212316
24.3067984
24.25659342
24.20197289
24.1434015
24.08134396
24.01626492
23.94862908
23.87890114
23.80754575
23.73502759
23.66178743
23.58813114
23.51431757
23.44060551
23.36725382
23.29452128
23.22266672
23.15194892
23.08262674
23.01495896
22.9492044
22.88562186
22.82447018
22.76600815
22.71049456
22.65810279
22.60852514
22.56128618
22.51591037
22.47192205
22.42884562
22.38620549
22.34352607
22.3003317
22.25614685
22.21049585
22.16290313
22.11289309
22.05999011
22.00371867
21.94374199
21.88050498
21.81472504
21.74711995
21.67840743
21.60930522
21.5405311
21.47280281
21.4068381
21.34335471
21.28307041
21.22670296
21.17497008
21.12858956
21.08827906
21.05439992
21.02530888
20.99866329
20.97211968
20.94333465
20.90996474
20.86966651
20.82009654
20.75891136
20.68376757
20.59232171
20.48223033
20.35115003
20.19673738
20.01664883
19.80941733
19.57849946
19.32907088
19.06630902
18.79539135
18.52149524
18.24979814
17.98547752
17.73371073
17.49967527
17.28854851
17.10550786
16.9556487
16.84062602
16.75747477
16.70290614
16.67363114
16.66636083
16.67780626
16.70467845
16.74368847
16.79154732
16.84496607
16.9006558
16.95532747
17.00569218
17.04846107
17.08039033
17.10013346
17.10889211
17.10804627
17.09897599
17.08306136
17.06168253
17.03621951
17.00805246
16.97856147
16.94912661
16.92112797
16.8959457
16.87495985
16.85955047
16.85107371
16.84988014
16.85496935
16.86524656
16.87961694
16.89698564
16.91625781
16.93633857
16.95613308
16.97454646
16.99048387
17.00285046
17.01055135
17.0124917
17.00757676
16.99473116
16.97370265
16.9453446
16.91058747
16.87036186
16.82559842
16.77722773
16.72618044
16.6733871
16.61977839
16.56628489
16.51383719
16.46336596
16.41580177
16.37207522
16.33310949
16.29951418
16.27147747
16.24915832
16.23271551
16.22230793
16.21809441
16.22023374
16.2288848
16.24420644
16.26635748
16.29549675
16.33178313
16.3753754
16.42643224
16.48508392
16.5502539
16.61924359
16.68924177
16.757437
16.82101781
16.87717267
16.9230901
16.95595864
16.97296674
16.97130296
16.9481558
16.90071379
16.82616544
16.72169988
16.58458875
16.41561708
16.22029316
16.00445247
15.77393146
15.53456673
15.29219476
15.05265213
14.8217754
14.60540112
14.40936583
14.23950629
14.10166167
14.0005788
13.93494618
13.90132118
13.89626068
13.9163218
13.95806178
14.01803781
14.09280713
14.17892691
14.27295437
14.37144672
14.47096116
14.5680549
14.65928504
14.74120728
14.81092669
14.86858918
14.91541167
14.95261115
14.98140443
15.00300836
15.01863968
15.0295152
15.03685178
15.04186618
15.04577524
15.04979571
15.05514446
15.06303829
15.07469469
15.09113011
15.11225098
15.13757234
15.16660922
15.19887672
15.23388997
15.27116407
15.31021418
15.35055537
15.39170277
15.43317153
15.47447673
15.51513351
15.55465699
15.59256193
15.62845272
15.66242725
15.69475766
15.72571612
15.75557469
15.78460545
15.81308053
15.84127198
15.86945192
15.89789242
15.9268656
15.9566435
15.98749826
16.01970198
16.05352701
16.0891802
16.12650807
16.16522986
16.20506482
16.24573216
16.28695118
16.32844118
16.36992139
16.41111107
16.45172953
16.49149603
16.53012985
16.56735024
16.60287646
16.63642732
16.66783676
16.69757117
16.72632086
16.75477592
16.78362638
16.81356236
16.84527393
16.87945112
16.91678402
16.95796272
17.00367726
17.05461771
17.11147418
17.1749369
17.24569812
17.32395258
17.40716676
17.49184103
17.57447614
17.65157316
17.71963316
17.77515722
17.81464641
17.83460184
17.83152458
17.80191572
17.74227633
17.64910745
17.51890973
17.34817807
17.13470924
16.88342548
16.60177527
16.29720549
15.97716232
15.64909187
15.32044026
14.99865358
14.69117793
14.40545944
14.14894404
13.92907587
13.75318863
13.62379571
13.53692032
13.48814412
13.47304549
13.48720261
13.52619367
13.58559681
13.66099025
13.7479521
13.84206057
13.93889382
14.03403002
14.12304744
14.20152533
14.26510016
14.3119114
14.34346924
14.36151274
14.36778274
14.3640202
14.35196613
14.3333615
14.3099473
14.28346449
14.25565406
14.228257
14.20301428
14.18166688
14.16595529
14.15759739
14.15731645
14.16449609
14.1784292
14.19840792
14.2237243
14.25367039
14.28753826
14.32461999
14.36420764
14.40559328
14.44806898
14.49092678
14.53345879
14.57495711
14.61471641
14.65214215
14.68678906
14.71822207
14.74600616
14.76970623
14.78888731
14.80311432
14.81195228
14.81496614
14.81172085
14.80178143
14.78471284
14.76008003
14.72744841
14.68639914
14.6372134
14.58111544
14.51939313
14.45333501
14.3842296
14.31336542
14.24203108
14.17151505
14.10310588
14.03809217
13.97776242
13.92340516
13.87630891
13.83776109
13.80900423
13.78929057
13.77519097
13.76309525
13.74939165
13.73046824
13.70271308
13.66251427
13.60625988
13.53033799
13.43113664
13.30504395
13.14844799
12.95773705
12.72930172
12.45963762
12.14989022
11.80747055
11.44021188
11.05595151
10.66252707
10.26777615
9.879536404
9.505645436
9.153940905
8.83226049
8.548442577
8.310334829
8.124263162
7.988313122
7.897630091
7.847363272
7.832663039
7.848679908
7.890564396
7.953467
8.032538198
8.122928515
8.219788485
8.318268579
8.413519271
8.500690705
8.574928235
8.632139755
8.672358704
8.69709132
8.707841801
8.706113769
8.693410755
8.671236345
8.64109407
8.604487498
8.562920167
8.517895638
8.470917471
8.423489242
8.377114611
8.333298547
8.293335803
8.257384172
8.22519534
8.196521651
8.171115568
8.148729562
8.129116183
8.112027897
8.097217197
8.08443656
8.073438518
8.063975579
8.055800196
8.048664906
8.042322347
8.036504963
8.030835848
8.024899161
8.018279012
8.010559606
8.00132515
7.990159774
7.976647714
7.960373127
7.940920201
7.917873105
7.890816041
7.859333199
7.823008578
7.781424468
7.73443971
7.683407298
7.630214134
7.576746402
7.524889962
7.476530712
7.433554539
7.397847315
7.371294945
7.355783333
7.353198314
7.365425816
7.394351738
7.441862481
7.509850113
7.599333838
7.706620073
7.82633074
7.953090243
8.081523752
8.206256459
8.321913663
8.423120542
8.504502358
8.560684291
8.58629163
8.575949577
8.524283298
8.425917079
8.275464003
8.069251883
7.81286683
7.515204167
7.185154265
6.831606026
6.46344827
6.089569799
5.718859416
5.360205884
5.022498007
4.714624371
4.445470538
4.223803826
4.053116093
3.929788621
3.849725358
3.808825245
3.802986888
3.828108809
3.880089628
3.954827831
4.04822207
4.156170822
4.274572694
4.399326243
4.526330125
4.651484174
4.770735178
4.882123002
4.986508699
5.084942736
5.178477569
5.268165784
5.355059973
5.440212752
5.524676707
5.609504461
5.695748609
5.784461767
5.876696546
5.973505506
6.075940868
6.18504036
6.301195389
6.423926176
6.552694554
6.686961636
6.826188584
6.969836489
7.117366473
7.268239642
7.421917125
7.57786004
7.735529506
7.89438667
8.053892593
8.213508524
8.372698434
8.531049514
8.688315154
8.844259818
8.998648189
9.151244855
9.301814507
9.450121741
9.595931227
9.739007605
9.879115509
10.01601958
10.14948449
10.2792749
10.40515586
10.52690888
10.64504564
10.76106173
10.876519
10.99297996
11.11200707
11.23516297
11.36401014
11.50011115
11.64502856
11.80032488
11.96756266
12.14830446
12.34411271
12.55654836
12.78710812
13.03443981
13.29335211
13.55839523
13.82411683
14.08506441
14.33578543
14.57082743
14.78473781
14.97206411
15.12735378
15.24515432
15.32001322
15.3464782
15.31910024
15.23257298
15.08791098
14.89464579
14.66288313
14.40273418
14.12431039
13.83772339
13.55308473
13.28050599
13.03009877
12.81197466
12.63624616
12.51303652
12.45060015
12.44705151
12.49689139
12.59462484
12.73475822
12.91179811
13.12025106
13.35462362
13.60942231
13.87915367
14.15832429
14.44144069
14.72300939
14.99753653
15.25952309
15.50439303
15.73258448
15.94632127
16.14782524
16.33931754
16.52301928
16.70115159
16.8759356
17.04959238
17.22434306
17.40240877
17.58601064
17.77736981
17.97870756
18.19224786
18.41972848
18.66024212
18.91194037
19.17297576
19.44150117
19.7156695
19.99363365
20.27354653
20.55356101
20.83183007
21.10650655
21.37574339
21.63769346
21.89050954
22.13234246
22.36172074
22.57923115
22.7861921
22.98392135
23.17373638
23.35695461
23.53489362
23.70887082
23.88020371
24.05020974
24.22020642
24.39151122
24.56544163
24.7433152
24.9264508
25.11590958
25.31134632
25.51191639
25.71677548
25.92507949
26.1359844
26.34864607
26.56222045
26.77586345
26.98873099
27.19997901
27.40876338
27.6142401
27.81556493
28.01189249
28.20265293
28.38878359
28.57175643
28.7530431
28.93411498
29.11644354
29.3015002
29.49075637
29.6856835
29.88775302
30.09843633
30.31920492
30.55153021
30.79688391
31.05674125
31.33174612
31.61798696
31.90993835
32.20207568
32.48887484
32.76481174
33.02436232
33.26200245
33.47220808
33.64945509
33.78821942
33.88297701
33.92820368
33.91837479
33.84795846
33.71332013
33.52124594
33.28220912
33.0066814
32.70513353
32.38803628
32.0658603
31.7490763
31.44815502
31.17356715
30.93578325
30.74527199
30.61235144
30.54083182
30.52576661
30.56160913
30.64280932
30.76381688
30.91908154
31.10305298
31.31018093
31.53491509
31.77170517
32.01500093
32.259252
32.49890822
32.72842
32.9423018
33.13781917
33.31593899
33.4778824
33.62487182
33.75812975
33.87887871
33.98834119
34.08773971
34.17829682
34.26123497
34.33777674
34.40914464
34.47656113
34.54124867
34.60441774
34.66677014
34.72832334
34.78904764
34.84891317
34.90789007
34.96594843
35.02305834
35.07918995
35.13431335
35.18839863
35.24141597
35.29333545
35.34412718
35.39376124
35.44220287
35.48921174
35.53427085
35.5768442
35.61639565
35.6523891
35.68428844
35.71155757
35.73366035
35.75006067
35.76022242
35.76360954
35.75968586
35.74791535
35.72776203
35.69871715
35.66142488
35.61807975
35.57098348
35.52243824
35.47474619
35.43020949
35.39113027
35.35981073
35.33855302
35.3296593
35.33543171
35.35817246
35.40018365
35.4637669
35.55113462
35.66070917
35.78581868
35.91943774
36.05454003
36.18409916
36.30108872
36.39848236
36.46925362
36.50637614
36.50282353
36.45156942
36.34558739
36.17785109
35.94133479
35.62914015
35.23976849
34.77897707
34.25302798
33.66818429
33.03070923
32.3468659
31.62291754
30.86512731
30.07975841
29.27307401
28.4513373
27.62081139
26.78782762
25.95909844
25.14146981
24.34178778
23.56689842
22.82364772
22.11888175
21.45944656
20.85218822
20.30395272
19.82158614
19.41193455
19.08184398
18.83816061
18.68773204
18.63535903
18.67438741
18.79415434
18.98399393
19.23324053
19.53122836
19.86729182
20.23076514
20.61098269
20.99727876
21.37898768
21.74544376
22.08598131
22.38993463
22.64663729
22.84698618
22.99064218
23.0803298
23.1187764
23.10870918
23.05285531
22.95394202
22.81469648
22.63784593
22.42611757
22.18223857
21.90893619
21.60893759
21.28497003
20.93976069
20.57605303
20.19668174
19.80451333
19.40241443
18.99325158
18.5798914
18.16520039
17.75204523
17.3432924
16.94180858
16.55046028
16.17211414
15.80963668
15.46589456
15.14375427
14.84577876
14.57282303
14.32514627
14.10300696
13.90666361
13.73637475
13.59239884
13.47499442
13.38441998
13.32093403
13.28479504
13.27626158
13.29559212
13.34304515
13.41887861
13.52202443
13.64394529
13.77349981
13.89954362
14.01093225
14.09652124
14.14516614
14.14572245
14.08704572
13.95799149
13.74741533
13.44417272
13.03711928
12.51511069
11.86700531
11.08606486
10.19038323
9.206705919
8.161788959
7.082388883
5.995262159
4.927165332
3.904854897
2.955087363
2.104619246
1.380207139
0.808608629
0.416134491
0.210450388
0.174203425
0.288275146
0.533549115
0.890909081
1.341238731
1.865421825
2.444342097
3.05888331
3.689929157
4.318363404
4.925069806
5.490932012
5.996833047
6.42391529
6.764133071
7.023947291
7.210843472
7.332305818
7.395818368
7.408865164
7.37893032
7.313497835
7.220051789
7.106076224
6.979055257
6.8464729
6.715813254
6.594560657
6.490111601
6.406201438
6.341653824
6.294945165
6.264552461
6.24895274
6.246622982
6.256040225
6.275681488
6.304023836
6.339544205
6.380719667
6.426027259
6.473943991
6.522946811
6.571533951
6.619090514
6.666191228
6.713494977
6.761660488
6.811346559
6.863211846
6.917915178
6.976115204
7.038470756
7.105640514
7.178283245
7.257057719
7.342622617
7.435636778
7.53675337
7.646392607
7.764662213
7.891647787
8.027435067
8.17210969
8.325757302
8.488463616
8.660314279
8.841394993
9.031791399
9.231589219
9.440874113
9.659731777
9.888248117
10.12643834
10.37137171
10.61616523
10.85365661
11.07668387
11.27808513
11.45069851
11.58736214
11.6809141
11.72419252
11.71003551
11.63128123
11.48076771
11.25133313
10.93581487
10.52728885
10.02877322
9.456625496
8.828145528
8.160631802
7.471382786
6.777696897
6.096872554
5.446208197
4.843002235
4.304553129
3.848159097
3.491115982
3.247419409
3.112437892
3.075053433
3.124139778
3.248570376
3.437218531
3.678957631
3.962661051
4.277202147
4.611454324
4.954290911
5.294585285
5.621210859
5.923041041
6.18895038
6.40966395
6.586341842
6.72377984
6.826778258
6.900137551
6.948658155
6.977140493
6.990385019
6.993192223
6.990362521
6.98669643
6.986994345
6.996056748
7.01868407
7.059676371
7.122807679
7.206073323
7.305453885
7.416927559
7.536472558
7.660066978
7.783689095
7.903317022
8.014928932
8.114503009
8.198017463
8.26145044
8.300780133
8.311984722
8.291042617
8.235536006
8.152066898
8.050384548
7.940241771
7.831391307
7.733585942
7.656578426
7.610121534
7.603968095
7.647870827
7.751582532
7.924855991
8.177444005
8.519099361
8.959575576
9.50499528
10.14109636
10.84649678
11.5998074
12.3796392
13.16460321
13.93331039
14.66437178
15.33639836
15.92800116
16.41779117
16.78437938
17.0063768
17.06239423
16.9310396
16.59667919
16.07594686
15.39675955
14.58704403
13.67472657
12.68773347
11.65399101
10.60142551
9.557963254
8.551530531
7.610053672
6.761458927
6.033672672
5.454621642
5.05223857
4.847456751
4.822069583
4.944167703
5.18183159
5.50314258
5.876182003
6.269031332
6.649771908
6.986485141
7.247252348
7.400155242
7.413277574
7.255302931
6.920269679
6.43628527
5.833829924
5.143388005
4.39544428
3.620483492
2.848990405
2.111449754
1.43834637
0.860164931
0.40739026
0.1105071
0
0.106350918
0.459534966
1.068028365
1.911412423
2.967261286
4.213144333
5.626630628
7.185289159
8.866688924
10.64839896
12.50798827
14.42302588
16.37108076
18.329722
20.27651863
22.18904086
24.04501572
25.82885036
27.53393239
29.15427141
30.68387901
32.11676687
33.44694671
34.66843019
35.77522902
36.76135491
37.62081956
38.3476347
38.93581201
39.37936336
39.67230215
39.8088372
39.7915247
39.63414575
39.35125673
38.95741694
38.46718588
37.895123
37.25578784
36.56373989
35.83353869
35.07974369
