0.00000653506884122472
0.00000646266356482803
0.00000639025828843132
0.00000631785301203462
0.00000624544773563792
0.00000617304245924122
0.00000610063718284452
0.00000602823190644782
0.00000595582663005112
0.00000588342135365442
0.00000581101607725772
0.00000573861080086102
0.00000566620552446432
0.00000559380024806762
0.00000552139497167092
0.00000544898969527421
0.00000545199182628492
0.00000545499395729563
0.00000545799608830633
0.00000546099821931704
0.00000546400035032775
0.00000546700248133846
0.00000547000461234916
0.00000547300674335987
0.00000547600887437057
0.00000547901100538128
0.00000548201313639199
0.00000548501526740269
0.00000548801739841340
0.00000549101952942411
0.00000549402166043482
0.00000558791268033441
0.00000568180370023401
0.00000577569472013360
0.00000586958574003320
0.00000596347675993279
0.00000605736777983239
0.00000615125879973198
0.00000624514981963158
0.00000633904083953117
0.00000643293185943077
0.00000652682287933037
0.00000662071389922996
0.00000671460491912956
0.00000680849593902915
0.00000690238695892875
0.00000708072242327279
0.00000725905788761683
0.00000743739335196087
0.00000761572881630491
0.00000779406428064895
0.00000797239974499299
0.00000815073520933703
0.00000832907067368107
0.00000850740613802511
0.00000868574160236915
0.00000886407706671319
0.00000904241253105723
0.00000922074799540127
0.00000939908345974531
0.00000957741892408935
0.00000964160624028524
0.00000970579355648113
0.00000976998087267702
0.00000983416818887292
0.00000989835550506881
0.00000996254282126470
0.00001002673013746060
0.00001009091745365650
0.00001015510476985240
0.00001021929208604830
0.00001028347940224420
0.00001034766671844010
0.00001041185403463590
0.00001047604135083180
0.00001054022866702770
0.00001069249005729770
0.00001084475144756770
0.00001099701283783760
0.00001114927422810760
0.00001130153561837760
0.00001145379700864750
0.00001160605839891750
0.00001175831978918750
0.00001191058117945740
0.00001206284256972740
0.00001221510395999740
0.00001236736535026730
0.00001251962674053730
0.00001267188813080730
0.00001282414952107720
0.00001297641091134720
0.00001312867230161720
0.00001328093369188710
0.00001343319508215710
0.00001358545647242700
0.00001373771786269700
0.00001388997925296700
0.00001404224064323690
0.00001419450203350690
0.00001434676342377690
0.00001449902481404680
0.00001465128620431680
0.00001480354759458680
0.00001495580898485670
0.00001510807037512670
0.00001526033176539670
0.00001541259315566660
0.00001556485454593660
0.00001571711593620660
0.00001586937732647650
0.00001602163871674650
0.00001617390010701650
0.00001632616149728640
0.00001647842288755640
0.00001663068427782640
0.00001678294566809630
0.00001693520705836630
0.00001708746844863630
0.00001723972983890620
0.00001739199122917620
0.00001754425261944620
0.00001769651400971610
0.00001784877539998610
0.00001800103679025610
0.00001815329818052600
0.00001830555957079600
0.00001845782096106600
0.00001861008235133590
0.00001876234374160590
0.00001891460513187590
0.00001906686652214580
0.00001921912791241580
0.00001937138930268580
0.00001952365069295570
0.00001967591208322570
0.00001982817347349560
0.00001998043486376560
0.00002013269625403560
0.00002028495764430550
0.00002043721903457550
0.00002058948042484550
0.00002074174181511540
0.00002089400320538540
0.00002104626459565540
0.00002119852598592530
0.00002135078737619530
0.00002150304876646530
0.00002165531015673520
0.00002180757154700520
0.00002195983293727520
0.00002211209432754510
0.00002226435571781510
0.00002241661710808510
0.00002256887849835500
0.00002272113988862500
0.00002287340127889500
0.00002302566266916490
0.00002317792405943490
0.00002333018544970490
0.00002348244683997480
0.00002363470823024480
0.00002378696962051480
0.00002393923101078470
0.00002409149240105470
0.00002424375379132470
0.00002439601518159460
0.00002454827657186460
0.00002470053796213460
0.00002485279935240450
0.00002500506074267450
0.00002515732213294450
0.00002530958352321440
0.00002546184491348440
0.00002561410630375440
0.00002576636769402430
0.00002591862908429430
0.00002607089047456420
0.00002622315186483420
0.00002637541325510420
0.00002652767464537420
0.00002667993603564410
0.00002683219742591410
0.00002698445881618400
0.00002713672020645400
0.00002728898159672400
0.00002744124298699390
0.00002759350437726390
0.00002774576576753390
0.00002789802715780380
0.00002805028854807380
0.00002824136475315860
0.00002843244095824340
0.00002862351716332820
0.00002881459336841290
0.00002900566957349770
0.00002919674577858250
0.00002938782198366730
0.00002957889818875210
0.00002976997439383680
0.00002996105059892160
0.00003015212680400640
0.00003034320300909120
0.00003053427921417600
0.00003072535541926070
0.00003091643162434550
0.00003117069301461550
0.00003142495440488550
0.00003167921579515540
0.00003193347718542540
0.00003218773857569540
0.00003244199996596530
0.00003269626135623530
0.00003295052274650530
0.00003320478413677520
0.00003345904552704520
0.00003371330691731520
0.00003396756830758510
0.00003422182969785510
0.00003447609108812510
0.00003473035247839500
0.00003490216942422050
0.00003507398637004610
0.00003524580331587160
0.00003541762026169710
0.00003558943720752260
0.00003576125415334820
0.00003593307109917370
0.00003610488804499920
0.00003627670499082470
0.00003644852193665020
0.00003662033888247570
0.00003679215582830130
0.00003696397277412680
0.00003713578971995230
0.00003730760666577780
0.00003747557175975150
0.00003764353685372520
0.00003781150194769880
0.00003797946704167250
0.00003814743213564620
0.00003831539722961990
0.00003848336232359350
0.00003865132741756720
0.00003881929251154090
0.00003898725760551450
0.00003915522269948820
0.00003932318779346190
0.00003949115288743550
0.00003965911798140920
0.00003982708307538290
0.00004001630742861580
0.00004020553178184870
0.00004039475613508170
0.00004058398048831460
0.00004077320484154750
0.00004096242919478050
0.00004115165354801340
0.00004134087790124630
0.00004153010225447920
0.00004171932660771220
0.00004190855096094510
0.00004209777531417800
0.00004228699966741100
0.00004247622402064390
0.00004266544837387680
0.00004302533939377640
0.00004338523041367600
0.00004374512143357560
0.00004410501245347520
0.00004446490347337480
0.00004482479449327440
0.00004518468551317400
0.00004554457653307360
0.00004590446755297320
0.00004626435857287280
0.00004662424959277240
0.00004698414061267200
0.00004734403163257160
0.00004770392265247120
0.00004806381367237070
0.00004842440356505620
0.00004878499345774160
0.00004914558335042700
0.00004950617324311240
0.00004986676313579790
0.00005022735302848330
0.00005058794292116870
0.00005094853281385410
0.00005130912270653960
0.00005166971259922500
0.00005203030249191040
0.00005239089238459580
0.00005275148227728130
0.00005311207216996670
0.00005347266206265210
0.00005383325195533750
0.00005419384184802300
0.00005455443174070840
0.00005491502163339380
0.00005527561152607920
0.00005563620141876470
0.00005599679131145010
0.00005635738120413550
0.00005671797109682090
0.00005707856098950640
0.00005743915088219180
0.00005779974077487720
0.00005816033066756260
0.00005852092056024810
0.00005888151045293350
0.00005924210034561890
0.00005960269023830430
0.00005996328013098980
0.00006032387002367520
0.00006068445991636060
0.00006104504980904600
0.00006140563970173150
0.00006176622959441690
0.00006212681948710230
0.00006248740937978770
0.00006284799927247320
0.00006320858916515860
0.00006356917905784400
0.00006392976895052940
0.00006429035884321490
0.00006465094873590030
0.00006501153862858570
0.00006537212852127110
0.00006573271841395660
0.00006609330830664200
0.00006645389819932740
0.00006681448809201290
0.00006717507798469830
0.00006753566787738370
0.00006789625777006910
0.00006825684766275450
0.00006861743755544000
0.00006897802744812540
0.00006933861734081080
0.00006969920723349620
0.00007005979712618170
0.00007042038701886710
0.00007078097691155250
0.00007114156680423790
0.00007150215669692340
0.00007186274658960880
0.00007222333648229420
0.00007258392637497960
0.00007294451626766510
0.00007330510616035050
0.00007366569605303590
0.00007402628594572130
0.00007438687583840680
0.00007474746573109220
0.00007510805562377760
0.00007546864551646300
0.00007582923540914850
0.00007618982530183390
0.00007655041519451930
0.00007691100508720470
0.00007727159497989020
0.00007763218487257560
0.00007799277476526100
0.00007835336465794640
0.00007871395455063190
0.00007907454444331730
0.00007943513433600270
0.00007979572422868810
0.00008015631412137360
0.00008051690401405900
0.00008087749390674440
0.00008123808379942980
0.00008159867369211530
0.00008195926358480070
0.00008231985347748610
0.00008268044337017160
0.00008304103326285700
0.00008340162315554240
0.00008376221304822780
0.00008412280294091320
0.00008448339283359870
0.00008484398272628410
0.00008520457261896950
0.00008556516251165490
0.00008592575240434030
0.00008628634229702580
0.00008664693218971120
0.00008700752208239660
0.00008736811197508210
0.00008772870186776750
0.00008808929176045290
0.00008844988165313830
0.00008881047154582380
0.00008917106143850920
0.00008953165133119460
0.00009005132012887200
0.00009057098892654940
0.00009109065772422670
0.00009161032652190410
0.00009212999531958150
0.00009264966411725890
0.00009316933291493620
0.00009368900171261360
0.00009420867051029100
0.00009472833930796840
0.00009524800810564570
0.00009576767690332310
0.00009628734570100050
0.00009680701449867780
0.00009732668329635520
0.00009791983357551410
0.00009851298385467290
0.00009910613413383180
0.00009969928441299060
0.00010029243469214900
0.00010088558497130800
0.00010147873525046700
0.00010207188552962600
0.00010266503580878500
0.00010325818608794400
0.00010385133636710300
0.00010444448664626100
0.00010503763692542000
0.00010563078720457900
0.00010622393748373800
0.00010684286554067500
0.00010746179359761100
0.00010808072165454800
0.00010869964971148500
0.00010931857776842100
0.00010993750582535800
0.00011055643388229400
0.00011117536193923100
0.00011179428999616800
0.00011241321805310400
0.00011303214611004100
0.00011365107416697800
0.00011427000222391400
0.00011488893028085100
0.00011550785833778800
0.00011604493454287200
0.00011658201074795700
0.00011711908695304200
0.00011765616315812700
0.00011819323936321100
0.00011873031556829600
0.00011926739177338100
0.00011980446797846600
0.00012034154418355100
0.00012087862038863500
0.00012141569659372000
0.00012195277279880500
0.00012248984900389000
0.00012302692520897400
0.00012356400141405900
0.00012408315169321800
0.00012460230197237700
0.00012512145225153600
0.00012564060253069500
0.00012615975280985400
0.00012667890308901200
0.00012719805336817100
0.00012771720364733000
0.00012823635392648900
0.00012875550420564800
0.00012927465448480700
0.00012979380476396600
0.00013031295504312400
0.00013083210532228300
0.00013135125560144200
0.00013209247995467500
0.00013283370430790800
0.00013357492866114100
0.00013431615301437400
0.00013505737736760700
0.00013579860172084000
0.00013653982607407300
0.00013728105042730500
0.00013802227478053800
0.00013876349913377100
0.00013950472348700400
0.00014024594784023700
0.00014098717219347000
0.00014172839654670300
0.00014246962089993600
0.00014300743784576200
0.00014354525479158700
0.00014408307173741300
0.00014462088868323800
0.00014515870562906400
0.00014569652257488900
0.00014623433952071500
0.00014677215646654000
0.00014730997341236600
0.00014784779035819100
0.00014838560730401700
0.00014892342424984200
0.00014946124119566800
0.00014999905814149300
0.00015053687508731900
0.00015104695290271000
0.00015155703071810000
0.00015206710853349100
0.00015257718634888200
0.00015308726416427300
0.00015359734197966300
0.00015410741979505400
0.00015461749761044500
0.00015512757542583500
0.00015563765324122600
0.00015614773105661700
0.00015665780887200800
0.00015716788668739800
0.00015767796450278900
0.00015818804231818000
0.00015869812013357100
0.00015920819794896100
0.00015971827576435200
0.00016022835357974300
0.00016073843139513400
0.00016124850921052400
0.00016175858702591500
0.00016226866484130600
0.00016277874265669700
0.00016328882047208700
0.00016379889828747800
0.00016430897610286900
0.00016481905391826000
0.00016532913173365000
0.00016583920954904100
0.00016634928736443200
0.00016685936517982200
0.00016736944299521300
0.00016787952081060400
0.00016838959862599500
0.00016889967644138500
0.00016940975425677600
0.00016991983207216700
0.00017042990988755800
0.00017093998770294800
0.00017145006551833900
0.00017196014333373000
0.00017247022114912100
0.00017298029896451100
0.00017349037677990200
0.00017400045459529300
0.00017451053241068400
0.00017502061022607400
0.00017553068804146500
0.00017604076585685600
0.00017655084367224600
0.00017706092148763700
0.00017757099930302800
0.00017808107711841900
0.00017859115493380900
0.00017910123274920000
0.00017961131056459100
0.00018012138837998200
0.00018063146619537200
0.00018114154401076300
0.00018165162182615400
0.00018216169964154500
0.00018267177745693500
0.00018318185527232600
0.00018369193308771700
0.00018420201090310800
0.00018471208871849800
0.00018522216653388900
0.00018573224434928000
0.00018624232216467100
0.00018675239998006100
0.00018726247779545200
0.00018777255561084300
0.00018828263342623300
0.00018879271124162400
0.00018930278905701500
0.00018981286687240600
0.00019032294468779600
0.00019083302250318700
0.00019134310031857800
0.00019185317813396900
0.00019236325594935900
0.00019287333376475000
0.00019338341158014100
0.00019389348939553200
0.00019440356721092200
0.00019491364502631300
0.00019542372284170400
0.00019593380065709500
0.00019644387847248500
0.00019695395628787600
0.00019746403410326700
0.00019797411191865800
0.00019848418973404800
0.00019899426754943900
0.00019950434536483000
0.00020001442318022000
0.00020052450099561100
0.00020103457881100200
0.00020154465662639300
0.00020205473444178300
0.00020256481225717400
0.00020307489007256500
0.00020358496788795600
0.00020409504570334600
0.00020460512351873700
0.00020511520133412800
0.00020562527914951900
0.00020613535696490900
0.00020664543478030000
0.00020715551259569100
0.00020766559041108200
0.00020817566822647200
0.00020868574604186300
0.00020919582385725400
0.00020940690006233900
0.00020961797626742300
0.00020982905247250800
0.00021004012867759300
0.00021025120488267800
0.00021046228108776200
0.00021067335729284700
0.00021088443349793200
0.00021109550970301700
0.00021130658590810200
0.00021151766211318600
0.00021172873831827100
0.00021193981452335600
0.00021215089072844100
0.00021236196693352600
0.00021263882091638800
0.00021291567489925100
0.00021319252888211300
0.00021346938286497600
0.00021374623684783800
0.00021402309083070100
0.00021429994481356300
0.00021457679879642600
0.00021485365277928800
0.00021513050676215100
0.00021540736074501400
0.00021568421472787600
0.00021596106871073900
0.00021623792269360100
0.00021651477667646400
0.00021683926028895600
0.00021716374390144800
0.00021748822751394000
0.00021781271112643300
0.00021813719473892500
0.00021846167835141700
0.00021878616196390900
0.00021911064557640100
0.00021943512918889400
0.00021975961280138600
0.00022008409641387800
0.00022040858002637000
0.00022073306363886200
0.00022105754725135500
0.00022138203086384700
0.00022178903299485700
0.00022219603512586800
0.00022260303725687900
0.00022301003938789000
0.00022341704151890000
0.00022382404364991100
0.00022423104578092200
0.00022463804791193200
0.00022504505004294300
0.00022545205217395400
0.00022585905430496500
0.00022626605643597500
0.00022667305856698600
0.00022708006069799700
0.00022748706282900700
0.00022772584273779600
0.00022796462264658400
0.00022820340255537300
0.00022844218246416100
0.00022868096237295000
0.00022891974228173800
0.00022915852219052700
0.00022939730209931500
0.00022963608200810400
0.00022987486191689200
0.00023011364182568100
0.00023035242173446900
0.00023059120164325800
0.00023082998155204600
0.00023106876146083500
0.00023130302285110500
0.00023153728424137400
0.00023177154563164400
0.00023200580702191400
0.00023224006841218400
0.00023247432980245400
0.00023270859119272400
0.00023294285258299400
0.00023317711397326400
0.00023341137536353400
0.00023364563675380400
0.00023387989814407400
0.00023411415953434400
0.00023434842092461400
0.00023458268231488400
0.00023474999684525100
0.00023491731137561700
0.00023508462590598400
0.00023525194043635000
0.00023541925496671700
0.00023558656949708400
0.00023575388402745000
0.00023592119855781700
0.00023608851308818300
0.00023625582761855000
0.00023642314214891600
0.00023659045667928300
0.00023675777120965000
0.00023692508574001600
0.00023709240027038300
0.00023725971480074900
0.00023742702933111600
0.00023759434386148300
0.00023776165839184900
0.00023792897292221600
0.00023809628745258200
0.00023826360198294900
0.00023843091651331500
0.00023859823104368200
0.00023876554557404900
0.00023893286010441500
0.00023910017463478200
0.00023926748916514800
0.00023943480369551500
0.00023960211822588200
0.00023976943275624800
0.00023993674728661500
0.00024010406181698100
0.00024027137634734800
0.00024043869087771400
0.00024060600540808100
0.00024077331993844800
0.00024094063446881400
0.00024110794899918100
0.00024127526352954700
0.00024144257805991400
0.00024160989259028100
0.00024177720712064700
0.00024194452165101400
0.00024211183618138000
0.00024227915071174700
0.00024244646524211300
0.00024261377977248000
0.00024278109430284700
0.00024294840883321300
0.00024311572336358000
0.00024328303789394600
0.00024345035242431300
0.00024361766695468000
0.00024378498148504600
0.00024395229601541300
0.00024411961054577900
0.00024428692507614600
0.00024445423960651200
0.00024462155413687900
0.00024478886866724600
0.00024495618319761200
0.00024512349772797900
0.00024529081225834500
0.00024545812678871200
0.00024562544131907900
0.00024579275584944500
0.00024596007037981200
0.00024612738491017800
0.00024629469944054500
0.00024646201397091200
0.00024662932850127800
0.00024679664303164500
0.00024696395756201100
0.00024713127209237800
0.00024729858662274400
0.00024746590115311100
0.00024763321568347800
0.00024780053021384400
0.00024796784474421100
0.00024813515927457700
0.00024830247380494400
0.00024846978833531100
0.00024863710286567700
0.00024880441739604400
0.00024897173192641000
0.00024913904645677700
0.00024930636098714300
0.00024947367551751000
0.00024964099004787700
0.00024980830457824300
0.00024997561910861000
0.00025014293363897600
0.00025031024816934300
0.00025047756269971000
0.00025064487723007600
0.00025081219176044300
0.00025097950629080900
0.00025114682082117600
0.00025131413535154200
0.00025148144988190900
0.00025164876441227600
0.00025181607894264200
0.00025198339347300900
0.00025215070800337500
0.00025231802253374200
0.00025248533706410800
0.00025265265159447500
0.00025281996612484200
0.00025298728065520800
0.00025315459518557500
0.00025332190971594100
0.00025348922424630800
0.00025365653877667500
0.00025382385330704100
0.00025398596654916300
0.00025414807979128500
0.00025431019303340700
0.00025447230627552800
0.00025463441951765000
0.00025479653275977200
0.00025495864600189400
0.00025512075924401600
0.00025528287248613800
0.00025544498572825900
0.00025560709897038100
0.00025576921221250300
0.00025593132545462500
0.00025609343869674700
0.00025625555193886800
0.00025636099851432400
0.00025646644508977900
0.00025657189166523400
0.00025667733824068900
0.00025678278481614400
0.00025688823139159900
0.00025699367796705500
0.00025709912454251000
0.00025720457111796500
0.00025731001769342000
0.00025741546426887500
0.00025752091084433000
0.00025762635741978500
0.00025773180399524100
0.00025783725057069600
0.00025789447492392900
0.00025795169927716200
0.00025800892363039500
0.00025806614798362700
0.00025812337233686000
0.00025818059669009300
0.00025823782104332600
0.00025829504539655900
0.00025835226974979200
0.00025840949410302500
0.00025846671845625800
0.00025852394280949100
0.00025858116716272400
0.00025863839151595700
0.00025869561586919000
0.00025887180318538600
0.00025904799050158100
0.00025922417781777700
0.00025940036513397300
0.00025957655245016900
0.00025975273976636500
0.00025992892708256100
0.00026010511439875700
0.00026028130171495300
0.00026045748903114900
0.00026063367634734500
0.00026080986366354000
0.00026098605097973600
0.00026116223829593200
0.00026133842561212800
0.00026143809440980500
0.00026153776320748300
0.00026163743200516000
0.00026173710080283800
0.00026183676960051500
0.00026193643839819200
0.00026203610719587000
0.00026213577599354700
0.00026223544479122400
0.00026233511358890200
0.00026243478238657900
0.00026253445118425700
0.00026263411998193400
0.00026273378877961100
0.00026283345757728900
0.00026281586711570700
0.00026279827665412500
0.00026278068619254300
0.00026276309573096100
0.00026274550526937900
0.00026272791480779700
0.00026271032434621500
0.00026269273388463400
0.00026267514342305200
0.00026265755296147000
0.00026263996249988800
0.00026262237203830600
0.00026260478157672400
0.00026258719111514200
0.00026256960065356000
0.00026261067400964200
0.00026265174736572400
0.00026269282072180600
0.00026273389407788800
0.00026277496743397000
0.00026281604079005200
0.00026285711414613400
0.00026289818750221600
0.00026293926085829800
0.00026298033421438000
0.00026302140757046200
0.00026306248092654400
0.00026310355428262600
0.00026314462763870700
0.00026318570099478900
0.00026322677435087100
0.00026326784770695300
0.00026330892106303500
0.00026334999441911700
0.00026339106777519900
0.00026343214113128100
0.00026347321448736300
0.00026351428784344500
0.00026355536119952700
0.00026359643455560900
0.00026363750791169100
0.00026367858126777300
0.00026371965462385500
0.00026376072797993600
0.00026380180133601800
0.00026384287469210000
0.00026388394804818200
0.00026392502140426400
0.00026396609476034600
0.00026400716811642800
0.00026404824147251000
0.00026408931482859200
0.00026413038818467400
0.00026417146154075600
0.00026421253489683800
0.00026425360825292000
0.00026429468160900200
0.00026433575496508300
0.00026437682832116500
0.00026441790167724700
0.00026445897503332900
0.00026450004838941100
0.00026454112174549300
0.00026458219510157500
0.00026462326845765700
0.00026466434181373900
0.00026470541516982100
0.00026474648852590300
0.00026478756188198500
0.00026482863523806700
0.00026486970859414900
0.00026491078195023100
0.00026495185530631200
0.00026499292866239400
0.00026503400201847600
0.00026507507537455800
0.00026511614873064000
0.00026515722208672200
0.00026519829544280400
0.00026523936879888600
0.00026528044215496800
0.00026532151551105000
0.00026536258886713200
0.00026540366222321400
0.00026544473557929600
0.00026548580893537800
0.00026552688229145900
0.00026556795564754100
0.00026560902900362300
0.00026565010235970500
0.00026569117571578700
0.00026573224907186900
0.00026577332242795100
0.00026581439578403300
0.00026585546914011500
0.00026589654249619700
0.00026593761585227900
0.00026597868920836100
0.00026601976256444300
0.00026606083592052500
0.00026610190927660700
0.00026614298263268800
0.00026618405598877000
0.00026622512934485200
0.00026626620270093400
0.00026630727605701600
0.00026634834941309800
0.00026638942276918000
0.00026643049612526200
0.00026647156948134400
0.00026651264283742600
0.00026655371619350800
0.00026659478954959000
0.00026663586290567200
0.00026667693626175400
0.00026671800961783500
0.00026675908297391700
0.00026680015632999900
0.00026684122968608100
0.00026688230304216300
0.00026692337639824500
0.00026696444975432700
0.00026700552311040900
0.00026704659646649100
0.00026708766982257300
0.00026712874317865500
0.00026716981653473700
0.00026721088989081900
0.00026725196324690100
0.00026729303660298300
0.00026733410995906400
0.00026737518331514600
0.00026741625667122800
0.00026745733002731000
0.00026749840338339200
0.00026753947673947400
0.00026758055009555600
0.00026762162345163800
0.00026766269680772000
0.00026770377016380200
0.00026774484351988400
0.00026778591687596600
0.00026782699023204800
0.00026786806358813000
0.00026790913694421100
0.00026805525018633300
0.00026820136342845500
0.00026834747667057700
0.00026849358991269900
0.00026863970315482100
0.00026878581639694200
0.00026893192963906400
0.00026907804288118600
0.00026922415612330800
0.00026937026936543000
0.00026951638260755200
0.00026966249584967300
0.00026980860909179500
0.00026995472233391700
0.00027010083557603900
0.00027004583770705000
0.00026999083983806000
0.00026993584196907100
0.00026988084410008200
0.00026982584623109200
0.00026977084836210300
0.00026971585049311400
0.00026966085262412400
0.00026960585475513500
0.00026955085688614600
0.00026949585901715700
0.00026944086114816700
0.00026938586327917800
0.00026933086541018900
0.00026927586754119900
0.00026923894374628400
0.00026920201995136900
0.00026916509615645400
0.00026912817236153800
0.00026909124856662300
0.00026905432477170800
0.00026901740097679300
0.00026898047718187800
0.00026894355338696200
0.00026890662959204700
0.00026886970579713200
0.00026883278200221700
0.00026879585820730200
0.00026875893441238600
0.00026872201061747100
0.00026876945719292600
0.00026881690376838100
0.00026886435034383700
0.00026891179691929200
0.00026895924349474700
0.00026900669007020200
0.00026905413664565700
0.00026910158322111200
0.00026914902979656700
0.00026919647637202300
0.00026924392294747800
0.00026929136952293300
0.00026933881609838800
0.00026938626267384300
0.00026943370924929800
0.00026959589656549400
0.00026975808388169000
0.00026992027119788600
0.00027008245851408200
0.00027024464583027800
0.00027040683314647400
0.00027056902046267000
0.00027073120777886500
0.00027089339509506100
0.00027105558241125700
0.00027121776972745300
0.00027137995704364900
0.00027154214435984500
0.00027170433167604100
0.00027186651899223700
0.00027193715075287700
0.00027200778251351700
0.00027207841427415800
0.00027214904603479800
0.00027221967779543800
0.00027229030955607900
0.00027236094131671900
0.00027243157307735900
0.00027250220483800000
0.00027257283659864000
0.00027264346835928000
0.00027271410011992100
0.00027278473188056100
0.00027285536364120100
0.00027292599540184200
0.00027288372539114600
0.00027284145538044900
0.00027279918536975300
0.00027275691535905700
0.00027271464534836100
0.00027267237533766400
0.00027263010532696800
0.00027258783531627200
0.00027254556530557600
0.00027250329529488000
0.00027246102528418300
0.00027241875527348700
0.00027237648526279100
0.00027233421525209500
0.00027229194524139900
0.00027224967523070200
0.00027220740522000600
0.00027216513520931000
0.00027212286519861400
0.00027208059518791700
0.00027203832517722100
0.00027199605516652500
0.00027195378515582900
0.00027191151514513300
0.00027186924513443600
0.00027182697512374000
0.00027178470511304400
0.00027174243510234800
0.00027170016509165100
0.00027165789508095500
0.00027161562507025900
0.00027157335505956300
0.00027153108504886700
0.00027148881503817000
0.00027144654502747400
0.00027140427501677800
0.00027136200500608200
0.00027131973499538600
0.00027127746498468900
0.00027123519497399300
0.00027119292496329700
0.00027115065495260100
0.00027110838494190400
0.00027106611493120800
0.00027102384492051200
0.00027098157490981600
0.00027093930489912000
0.00027089703488842300
0.00027085476487772700
0.00027081249486703100
0.00027077022485633500
0.00027072795484563800
0.00027068568483494200
0.00027064341482424600
0.00027060114481355000
0.00027055887480285400
0.00027051660479215700
0.00027047433478146100
0.00027043206477076500
0.00027038979476006900
0.00027034752474937200
0.00027030525473867600
0.00027026298472798000
0.00027022071471728400
0.00027017844470658800
0.00027013617469589100
0.00027009390468519500
0.00027005163467449900
0.00027000936466380300
0.00026996709465310700
0.00026992482464241000
0.00026988255463171400
0.00026984028462101800
0.00026979801461032200
0.00026975574459962500
0.00026971347458892900
0.00026967120457823300
0.00026962893456753700
0.00026958666455684100
0.00026954439454614400
0.00026950212453544800
0.00026945985452475200
0.00026941758451405600
0.00026937531450335900
0.00026933304449266300
0.00026929077448196700
0.00026924850447127100
0.00026920623446057500
0.00026916396444987800
0.00026912169443918200
0.00026907942442848600
0.00026903715441779000
0.00026899488440709400
0.00026895261439639700
0.00026891034438570100
0.00026886807437500500
0.00026882580436430900
0.00026878353435361200
0.00026874126434291600
0.00026869899433222000
0.00026865672432152400
0.00026861445431082800
0.00026857218430013100
0.00026852991428943500
0.00026848764427873900
0.00026844537426804300
0.00026840310425734600
0.00026836083424665000
0.00026831856423595400
0.00026827629422525800
0.00026823402421456200
0.00026819175420386500
0.00026814948419316900
0.00026810721418247300
0.00026806494417177700
0.00026811305741389900
0.00026816117065602000
0.00026820928389814200
0.00026825739714026400
0.00026830551038238600
0.00026835362362450800
0.00026840173686662900
0.00026844985010875100
0.00026849796335087300
0.00026854607659299500
0.00026859418983511700
0.00026864230307723900
0.00026869041631936000
0.00026873852956148200
0.00026878664280360400
0.00026875742271239200
0.00026872820262118100
0.00026869898252996900
0.00026866976243875800
0.00026864054234754600
0.00026861132225633500
0.00026858210216512300
0.00026855288207391200
0.00026852366198270000
0.00026849444189148900
0.00026846522180027700
0.00026843600170906600
0.00026840678161785400
0.00026837756152664300
0.00026834834143543100
0.00026835652875162700
0.00026836471606782300
0.00026837290338401900
0.00026838109070021500
0.00026838927801641100
0.00026839746533260700
0.00026840565264880300
0.00026841383996499800
0.00026842202728119400
0.00026843021459739000
0.00026843840191358600
0.00026844658922978200
0.00026845477654597800
0.00026846296386217400
0.00026847115117837000
0.00026830341256864000
0.00026813567395891000
0.00026796793534918000
0.00026780019673944900
0.00026763245812971900
0.00026746471951998900
0.00026729698091025900
0.00026712924230052900
0.00026696150369079900
0.00026679376508106900
0.00026662602647133900
0.00026645828786160900
0.00026629054925187900
0.00026612281064214900
0.00026595507203241900
0.00026580222231157800
0.00026564937259073700
0.00026549652286989600
0.00026534367314905500
0.00026519082342821300
0.00026503797370737200
0.00026488512398653100
0.00026473227426569000
0.00026457942454484900
0.00026442657482400800
0.00026427372510316700
0.00026412087538232500
0.00026396802566148400
0.00026381517594064300
0.00026366232621980200
0.00026358984686933100
0.00026351736751886000
0.00026344488816839000
0.00026337240881791900
0.00026329992946744800
0.00026322745011697700
0.00026315497076650700
0.00026308249141603600
0.00026301001206556500
0.00026293753271509400
0.00026286505336462300
0.00026279257401415300
0.00026272009466368200
0.00026264761531321100
0.00026257513596274000
0.00026247900121774500
0.00026238286647274900
0.00026228673172775300
0.00026219059698275700
0.00026209446223776200
0.00026199832749276600
0.00026190219274777000
0.00026180605800277400
0.00026170992325777900
0.00026161378851278300
0.00026151765376778700
0.00026142151902279200
0.00026132538427779600
0.00026122924953280000
0.00026113311478780400
0.00026103698004280900
0.00026094084529781300
0.00026084471055281700
0.00026074857580782100
0.00026065244106282600
0.00026055630631783000
0.00026046017157283400
0.00026036403682783800
0.00026026790208284300
0.00026017176733784700
0.00026007563259285100
0.00025997949784785600
0.00025988336310286000
0.00025978722835786400
0.00025969109361286800
0.00025959495886787300
0.00025949882412287700
0.00025940268937788100
0.00025930655463288500
0.00025921041988789000
0.00025911428514289400
0.00025901815039789800
0.00025892201565290200
0.00025882588090790700
0.00025872974616291100
0.00025863361141791500
0.00025853747667291900
0.00025844134192792400
0.00025834520718292800
0.00025824907243793200
0.00025815293769293700
0.00025805680294794100
0.00025796066820294500
0.00025786453345794900
0.00025776839871295400
0.00025767226396795800
0.00025757612922296200
0.00025747999447796600
0.00025738385973297100
0.00025728772498797500
0.00025719159024297900
0.00025709545549798300
0.00025699932075298800
0.00025690318600799200
0.00025680705126299600
0.00025671091651800000
0.00025661478177300500
0.00025651864702800900
0.00025642251228301300
0.00025632637753801800
0.00025623024279302200
0.00025613410804802600
0.00025603797330303000
0.00025594183855803500
0.00025584570381303900
0.00025574956906804300
0.00025565343432304700
0.00025555729957805200
0.00025546116483305600
0.00025536503008806000
0.00025526889534306500
0.00025517276059806900
0.00025507662585307300
0.00025498049110807700
0.00025488435636308200
0.00025478822161808600
0.00025469208687309000
0.00025459595212809400
0.00025449981738309900
0.00025440368263810300
0.00025430754789310700
0.00025421141314811100
0.00025411527840311600
0.00025401914365812000
0.00025392300891312400
0.00025382687416812800
0.00025373073942313300
0.00025363460467813700
0.00025353846993314100
0.00025344233518814600
0.00025334620044315000
0.00025325006569815400
0.00025315393095315800
0.00025305779620816300
0.00025296166146316700
0.00025286552671817100
0.00025276939197317500
0.00025267325722818000
0.00025257712248318400
0.00025248098773818800
0.00025238485299319200
0.00025228871824819700
0.00025219258350320100
0.00025209644875820500
0.00025200031401321000
0.00025190417926821400
0.00025180804452321800
0.00025171190977822200
0.00025161577503322700
0.00025151964028823100
0.00025140086464146400
0.00025128208899469700
0.00025116331334793000
0.00025104453770116300
0.00025092576205439500
0.00025080698640762800
0.00025068821076086100
0.00025056943511409400
0.00025045065946732700
0.00025033188382056000
0.00025021310817379300
0.00025009433252702600
0.00024997555688025900
0.00024985678123349200
0.00024973800558672500
0.00024962189660662400
0.00024950578762652400
0.00024938967864642400
0.00024927356966632300
0.00024915746068622300
0.00024904135170612200
0.00024892524272602200
0.00024880913374592200
0.00024869302476582100
0.00024857691578572100
0.00024846080680562000
0.00024834469782552000
0.00024822858884542000
0.00024811247986531900
0.00024799637088521900
0.00024792011375697000
0.00024784385662872200
0.00024776759950047300
0.00024769134237222500
0.00024761508524397600
0.00024753882811572700
0.00024746257098747900
0.00024738631385923000
0.00024731005673098200
0.00024723379960273300
0.00024715754247448500
0.00024708128534623600
0.00024700502821798800
0.00024692877108973900
0.00024685251396149000
0.00024662944201842700
0.00024640637007536400
0.00024618329813230000
0.00024596022618923700
0.00024573715424617400
0.00024551408230311000
0.00024529101036004700
0.00024506793841698400
0.00024484486647392000
0.00024462179453085700
0.00024439872258779300
0.00024417565064473000
0.00024395257870166700
0.00024372950675860300
0.00024350643481554000
0.00024329099250210600
0.00024307555018867200
0.00024286010787523900
0.00024264466556180500
0.00024242922324837100
0.00024221378093493800
0.00024199833862150400
0.00024178289630807000
0.00024156745399463600
0.00024135201168120300
0.00024113656936776900
0.00024092112705433500
0.00024070568474090100
0.00024049024242746800
0.00024027480011403400
0.00024010387631911900
0.00023993295252420300
0.00023976202872928800
0.00023959110493437300
0.00023942018113945800
0.00023924925734454300
0.00023907833354962700
0.00023890740975471200
0.00023873648595979700
0.00023856556216488200
0.00023839463836996600
0.00023822371457505100
0.00023805279078013600
0.00023788186698522100
0.00023771094319030600
0.00023750068606205700
0.00023729042893380900
0.00023708017180556000
0.00023686991467731100
0.00023665965754906300
0.00023644940042081400
0.00023623914329256600
0.00023602888616431700
0.00023581862903606900
0.00023560837190782000
0.00023539811477957200
0.00023518785765132300
0.00023497760052307400
0.00023476734339482600
0.00023455708626657700
0.00023411237181143700
0.00023366765735629600
0.00023322294290115500
0.00023277822844601500
0.00023233351399087400
0.00023188879953573300
0.00023144408508059300
0.00023099937062545200
0.00023055465617031100
0.00023010994171517100
0.00022966522726003000
0.00022922051280488900
0.00022877579834974900
0.00022833108389460800
0.00022788636943946700
0.00022744165498432700
0.00022699694052918600
0.00022655222607404500
0.00022610751161890500
0.00022566279716376400
0.00022521808270862300
0.00022477336825348300
0.00022432865379834200
0.00022388393934320100
0.00022343922488806100
0.00022299451043292000
0.00022254979597777900
0.00022210508152263900
0.00022166036706749800
0.00022121565261235700
0.00022077093815721700
0.00022032622370207600
0.00021988150924693500
0.00021943679479179500
0.00021899208033665400
0.00021854736588151300
0.00021810265142637300
0.00021765793697123200
0.00021721322251609200
0.00021676850806095100
0.00021632379360581000
0.00021587907915067000
0.00021543436469552900
0.00021498965024038800
0.00021454493578524800
0.00021410022133010700
0.00021365550687496600
0.00021321079241982600
0.00021276607796468500
0.00021232136350954400
0.00021187664905440400
0.00021143193459926300
0.00021098722014412200
0.00021054250568898200
0.00021009779123384100
0.00020965307677870000
0.00020920836232356000
0.00020876364786841900
0.00020831893341327800
0.00020787421895813800
0.00020742950450299700
0.00020698479004785600
0.00020654007559271600
0.00020609536113757500
0.00020565064668243400
0.00020520593222729400
0.00020476121777215300
0.00020431650331701200
0.00020387178886187200
0.00020342707440673100
0.00020298235995159000
0.00020253764549645000
0.00020209293104130900
0.00020164821658616800
0.00020120350213102800
0.00020075878767588700
0.00020031407322074600
0.00019986935876560600
0.00019942464431046500
0.00019897992985532400
0.00019853521540018400
0.00019809050094504300
0.00019764578648990200
0.00019720107203476200
0.00019675635757962100
0.00019631164312448000
0.00019586692866934000
0.00019542221421419900
0.00019497749975905800
0.00019453278530391800
0.00019408807084877700
0.00019364335639363600
0.00019319864193849600
0.00019275392748335500
0.00019230921302821400
0.00019186449857307400
0.00019141978411793300
0.00019097506966279200
0.00019053035520765200
0.00019008564075251100
0.00018964092629737000
0.00018919621184223000
0.00018875149738708900
0.00018830678293194800
0.00018786206847680800
0.00018741735402166700
0.00018697263956652700
0.00018652792511138600
0.00018608321065624500
0.00018563849620110500
0.00018519378174596400
0.00018474906729082300
0.00018430435283568300
0.00018385963838054200
0.00018341492392540100
0.00018301977790826400
0.00018262463189112600
0.00018222948587398900
0.00018183433985685100
0.00018143919383971400
0.00018104404782257700
0.00018064890180543900
0.00018025375578830200
0.00017985860977116400
0.00017946346375402700
0.00017906831773688900
0.00017867317171975200
0.00017827802570261400
0.00017788287968547700
0.00017748773366834000
0.00017697540246601700
0.00017646307126369400
0.00017595074006137200
0.00017543840885904900
0.00017492607765672600
0.00017441374645440400
0.00017390141525208100
0.00017338908404975900
0.00017287675284743600
0.00017236442164511300
0.00017185209044279100
0.00017133975924046800
0.00017082742803814500
0.00017031509683582300
0.00016980276563350000
0.00016916658257932600
0.00016853039952515100
0.00016789421647097700
0.00016725803341680200
0.00016662185036262800
0.00016598566730845300
0.00016534948425427900
0.00016471330120010400
0.00016407711814593000
0.00016344093509175500
0.00016280475203758100
0.00016216856898340600
0.00016153238592923200
0.00016089620287505700
0.00016026001982088300
0.00015968191084078300
0.00015910380186068200
0.00015852569288058200
0.00015794758390048100
0.00015736947492038100
0.00015679136594028100
0.00015621325696018000
0.00015563514798008000
0.00015505703899997900
0.00015447893001987900
0.00015390082103977900
0.00015332271205967800
0.00015274460307957800
0.00015216649409947700
0.00015158838511937700
0.00015083249836149900
0.00015007661160362100
0.00014932072484574200
0.00014856483808786400
0.00014780895132998600
0.00014705306457210800
0.00014629717781423000
0.00014554129105635100
0.00014478540429847300
0.00014402951754059500
0.00014327363078271700
0.00014251774402483900
0.00014176185726696100
0.00014100597050908200
0.00014025008375120400
0.00013973834514147400
0.00013922660653174400
0.00013871486792201400
0.00013820312931228400
0.00013769139070255400
0.00013717965209282400
0.00013666791348309400
0.00013615617487336400
0.00013564443626363400
0.00013513269765390400
0.00013462095904417400
0.00013410922043444400
0.00013359748182471400
0.00013308574321498400
0.00013257400460525400
0.00013202004377330100
0.00013146608294134900
0.00013091212210939700
0.00013035816127744500
0.00012980420044549200
0.00012925023961354000
0.00012869627878158800
0.00012814231794963600
0.00012758835711768300
0.00012703439628573100
0.00012648043545377900
0.00012592647462182700
0.00012537251378987400
0.00012481855295792200
0.00012426459212597000
0.00012371063129401800
0.00012315667046206500
0.00012260270963011300
0.00012204874879816100
0.00012149478796620900
0.00012094082713425600
0.00012038686630230400
0.00011983290547035200
0.00011927894463840000
0.00011872498380644700
0.00011817102297449500
0.00011761706214254300
0.00011706310131059100
0.00011650914047863800
0.00011595517964668600
0.00011540121881473400
0.00011484725798278100
0.00011429329715082900
0.00011373933631887700
0.00011318537548692500
0.00011263141465497200
0.00011207745382302000
0.00011152349299106800
0.00011096953215911600
0.00011041557132716300
0.00010986161049521100
0.00010930764966325900
0.00010875368883130700
0.00010819972799935400
0.00010764576716740200
0.00010709180633545000
0.00010653784550349800
0.00010598388467154500
0.00010542992383959300
0.00010487596300764100
0.00010432200217568900
0.00010376804134373600
0.00010321408051178400
0.00010266011967983200
0.00010210615884788000
0.00010155219801592700
0.00010099823718397500
0.00010044427635202300
0.00009989031552007060
0.00009933635468811830
0.00009878239385616610
0.00009822843302421380
0.00009767447219226150
0.00009712051136030930
0.00009656655052835700
0.00009601258969640480
0.00009545862886445250
0.00009490466803250030
0.00009435070720054800
0.00009379674636859580
0.00009324278553664350
0.00009268882470469120
0.00009213486387273900
0.00009158090304078670
0.00009102694220883450
0.00009047298137688220
0.00008991902054493000
0.00008936505971297770
0.00008881109888102540
0.00008825713804907320
0.00008770317721712090
0.00008714921638516870
0.00008659525555321640
0.00008604129472126420
0.00008548733388931190
0.00008493337305735970
0.00008437941222540740
0.00008382545139345510
0.00008327149056150290
0.00008271752972955060
0.00008216356889759840
0.00008160960806564610
0.00008105564723369380
0.00008050168640174160
0.00007994772556978930
0.00007939376473783710
0.00007883980390588480
0.00007828584307393260
0.00007773188224198030
0.00007717792141002810
0.00007662396057807580
0.00007606999974612360
0.00007551603891417130
0.00007496207808221900
0.00007440811725026680
0.00007385415641831450
0.00007330019558636230
0.00007274623475441000
0.00007219227392245780
0.00007163831309050550
0.00007108435225855320
0.00007053039142660100
0.00006997643059464870
0.00006942246976269650
0.00006886850893074420
0.00006857321476545860
0.00006827792060017300
0.00006798262643488750
0.00006768733226960190
0.00006739203810431630
0.00006709674393903070
0.00006680144977374510
0.00006650615560845950
0.00006621086144317390
0.00006591556727788830
0.00006562027311260270
0.00006532497894731710
0.00006502968478203160
0.00006473439061674590
0.00006443909645146040
0.00006408906154543400
0.00006373902663940770
0.00006338899173338140
0.00006303895682735500
0.00006268892192132870
0.00006233888701530240
0.00006198885210927600
0.00006163881720324970
0.00006128878229722340
0.00006093874739119710
0.00006058871248517070
0.00006023867757914440
0.00005988864267311810
0.00005953860776709170
0.00005918857286106540
0.00005880824165874280
0.00005842791045642020
0.00005804757925409750
0.00005766724805177490
0.00005728691684945230
0.00005690658564712960
0.00005652625444480700
0.00005614592324248440
0.00005576559204016180
0.00005538526083783910
0.00005500492963551650
0.00005462459843319390
0.00005424426723087130
0.00005386393602854860
0.00005348360482622600
0.00005307756992019970
0.00005267153501417340
0.00005226550010814700
0.00005185946520212070
0.00005145343029609440
0.00005104739539006800
0.00005064136048404170
0.00005023532557801540
0.00004982929067198900
0.00004942325576596270
0.00004901722085993640
0.00004861118595391000
0.00004820515104788370
0.00004779911614185740
0.00004739308123583110
0.00004707645373721210
0.00004675982623859320
0.00004644319873997430
0.00004612657124135540
0.00004580994374273640
0.00004549331624411750
0.00004517668874549860
0.00004486006124687970
0.00004454343374826070
0.00004422680624964180
0.00004391017875102290
0.00004359355125240400
0.00004327692375378510
0.00004296029625516610
0.00004264366875654720
0.00004235874496163200
0.00004207382116671680
0.00004178889737180160
0.00004150397357688630
0.00004121904978197110
0.00004093412598705590
0.00004064920219214070
0.00004036427839722550
0.00004007935460231020
0.00003979443080739500
0.00003950950701247980
0.00003922458321756460
0.00003893965942264940
0.00003865473562773410
0.00003836981183281890
0.00003812473988975560
0.00003787966794669220
0.00003763459600362880
0.00003738952406056550
0.00003714445211750210
0.00003689938017443870
0.00003665430823137540
0.00003640923628831200
0.00003616416434524860
0.00003591909240218520
0.00003567402045912190
0.00003542894851605850
0.00003518387657299520
0.00003493880462993180
0.00003469373268686840
0.00003446650615443310
0.00003423927962199770
0.00003401205308956240
0.00003378482655712700
0.00003355760002469170
0.00003333037349225630
0.00003310314695982100
0.00003287592042738560
0.00003264869389495030
0.00003242146736251490
0.00003219424083007960
0.00003196701429764420
0.00003173978776520890
0.00003151256123277350
0.00003128533470033820
0.00003105810816790280
0.00003083088163546750
0.00003060365510303210
0.00003037642857059680
0.00003014920203816140
0.00002992197550572610
0.00002969474897329080
0.00002946752244085540
0.00002924029590842010
0.00002901306937598470
0.00002878584284354940
0.00002855861631111400
0.00002833138977867870
0.00002810416324624330
0.00002787693671380800
0.00002764971018137260
0.00002742248364893730
0.00002719525711650190
0.00002696803058406660
0.00002674080405163120
0.00002651357751919590
0.00002628635098676050
0.00002605912445432520
0.00002583189792188980
0.00002560467138945450
0.00002537744485701910
0.00002515021832458380
0.00002492299179214840
0.00002469576525971310
0.00002446853872727780
0.00002424131219484240
0.00002401408566240710
0.00002378685912997170
0.00002355963259753640
0.00002333240606510100
0.00002310517953266570
0.00002287795300023030
0.00002265072646779500
0.00002242349993535960
0.00002219627340292430
0.00002196904687048890
0.00002174182033805360
0.00002151459380561820
0.00002128736727318290
0.00002106014074074750
0.00002083291420831220
0.00002060568767587680
0.00002037846114344150
0.00002015123461100610
0.00001992400807857080
0.00001969678154613540
0.00001946955501370010
0.00001924232848126470
0.00001901510194882940
0.00001878787541639400
0.00001856064888395870
0.00001833342235152340
0.00001810619581908800
0.00001787896928665270
0.00001765174275421730
0.00001742451622178200
0.00001719728968934660
0.00001697006315691130
0.00001674283662447590
0.00001651561009204060
0.00001628838355960520
0.00001606115702716990
0.00001583393049473450
0.00001560670396229920
0.00001537947742986380
0.00001515225089742850
0.00001492502436499310
0.00001469779783255780
0.00001447057130012240
0.00001424334476768710
0.00001401611823525170
0.00001378889170281640
0.00001356166517038100
0.00001333443863794570
0.00001310721210551030
0.00001287998557307500
0.00001265275904063960
0.00001242553250820430
0.00001219830597576900
0.00001197107944333360
0.00001174385291089830
0.00001151662637846290
0.00001128939984602760
0.00001106217331359220
0.00001083494678115690
0.00001060772024872150
0.00001038049371628620
0.00001015326718385080
0.00000992604065141547
0.00000969881411898013
0.00000947158758654477
0.00000924436105410943
0.00000901713452167408
0.00000878990798923873
0.00000856268145680338
0.00000853412803225853
0.00000850557460771369
0.00000847702118316884
0.00000844846775862399
0.00000841991433407914
0.00000839136090953429
0.00000836280748498944
0.00000833425406044459
0.00000830570063589974
0.00000827714721135489
0.00000824859378681005
0.00000822004036226520
0.00000819148693772035
0.00000816293351317550
0.00000813438008863065
0.00000805997481223395
0.00000798556953583725
0.00000791116425944055
0.00000783675898304385
0.00000776235370664715
0.00000768794843025045
0.00000761354315385375
0.00000753913787745704
0.00000746473260106034
0.00000739032732466364
0.00000731592204826694
0.00000724151677187024
0.00000716711149547354
0.00000709270621907684
0.00000701830094268014
0.00000694804381443159
0.00000687778668618303
0.00000680752955793448
0.00000673727242968593
0.00000666701530143738
0.00000659675817318882
0.00000652650104494027
0.00000645624391669172
0.00000638598678844317
0.00000631572966019461
0.00000624547253194606
0.00000617521540369751
0.00000610495827544896
0.00000603470114720040
0.00000596444401895185
0.00000577796466848108
0.00000559148531801030
0.00000540500596753953
0.00000521852661706875
0.00000503204726659798
0.00000484556791612720
0.00000465908856565643
0.00000447260921518565
0.00000428612986471488
0.00000409965051424410
0.00000391317116377333
0.00000372669181330255
0.00000354021246283178
0.00000335373311236100
0.00000316725376189023
0.00000307299663364168
0.00000297873950539312
0.00000288448237714457
0.00000279022524889602
0.00000269596812064747
0.00000260171099239891
0.00000250745386415036
0.00000241319673590181
0.00000231893960765326
0.00000222468247940470
0.00000213042535115615
0.00000203616822290760
0.00000194191109465905
0.00000184765396641049
0.00000175339683816194
0.00000165839896917265
0.00000156340110018335
0.00000146840323119406
0.00000137340536220477
0.00000127840749321547
0.00000118340962422618
0.00000108841175523689
0.00000099341388624759
0.00000089841601725830
0.00000080341814826901
0.00000070842027927971
0.00000061342241029042
0.00000051842454130113
0.00000042342667231183
0.00000032842880332254
0.00000032582062837512
0.00000032321245342769
0.00000032060427848027
0.00000031799610353284
0.00000031538792858542
0.00000031277975363799
0.00000031017157869056
0.00000030756340374314
0.00000030495522879571
0.00000030234705384829
0.00000029973887890086
0.00000029713070395344
0.00000029452252900601
0.00000029191435405859
0.00000028930617911116
0.00000028669800416374
0.00000028408982921631
0.00000028148165426889
0.00000027887347932146
0.00000027626530437403
0.00000027365712942661
0.00000027104895447918
0.00000026844077953176
0.00000026583260458433
0.00000026322442963691
0.00000026061625468948
0.00000025800807974206
0.00000025539990479463
0.00000025279172984721
0.00000025018355489978
0.00000024757537995236
0.00000024496720500493
0.00000024235903005750
0.00000023975085511008
0.00000023714268016265
0.00000023453450521523
0.00000023192633026780
0.00000022931815532038
0.00000022670998037295
0.00000022410180542553
0.00000022149363047810
0.00000021888545553068
0.00000021627728058325
0.00000021366910563583
0.00000021106093068840
0.00000020845275574098
0.00000020584458079355
0.00000020323640584612
0.00000020062823089870
0.00000019802005595127
0.00000019541188100385
0.00000019280370605642
0.00000019019553110900
0.00000018758735616157
0.00000018497918121415
0.00000018237100626672
0.00000017976283131930
0.00000017715465637187
0.00000017454648142445
0.00000017193830647702
0.00000016933013152959
0.00000016672195658217
0.00000016411378163474
0.00000016150560668732
0.00000015889743173989
0.00000015628925679247
0.00000015368108184504
0.00000015107290689762
0.00000014846473195019
0.00000014585655700277
0.00000014324838205534
0.00000014064020710792
0.00000013803203216049
0.00000013542385721307
0.00000013281568226564
0.00000013020750731821
0.00000012759933237079
0.00000012499115742336
0.00000012238298247594
0.00000011977480752851
0.00000011716663258109
0.00000011455845763366
0.00000011195028268624
0.00000010934210773881
0.00000010673393279139
0.00000010412575784396
0.00000010151758289654
0.00000009890940794911
0.00000009630123300168
0.00000009369305805426
0.00000009108488310683
0.00000008847670815941
0.00000008586853321198
0.00000008326035826456
0.00000008065218331713
0.00000007804400836971
0.00000007543583342228
0.00000007282765847486
0.00000007021948352743
0.00000006761130858001
0.00000006500313363258
0.00000006239495868515
0.00000005978678373773
0.00000005717860879030
0.00000005457043384288
0.00000005196225889545
0.00000004935408394803
0.00000004674590900060
0.00000004413773405318
0.00000004152955910575
0.00000003892138415833
0.00000003631320921090
0.00000003370503426348
0.00000003109685931605
0.00000002848868436862
0.00000002645377834229
0.00000002441887231596
0.00000002238396628963
0.00000002034906026330
0.00000001831415423697
0.00000001627924821064
0.00000001424434218431
0.00000001220943615798
0.00000001017453013165
0.00000000813962410532
0.00000000610471807899
0.00000000406981205266
0.00000000203490602633
0.00000000000000000000
0.00000118914013540598
