69.96047902
71.01974951
72.0908814
73.15879444
74.20840835
75.22464285
76.19241763
77.09665242
77.9222671
78.65693991
79.30358248
79.87033405
80.36533868
80.79674035
81.17268316
81.50131111
81.79076829
82.04919871
82.28474641
82.50555547
82.71976991
82.93553378
83.16099109
83.40428575
83.672327
83.96520252
84.28065975
84.61644392
84.97030021
85.33997383
85.72320996
86.11775382
86.52135059
86.93174547
87.34668365
87.76391034
88.18117073
88.59621001
89.00677346
89.4108939
89.80819385
90.19884107
90.5830038
90.96085032
91.33254891
91.69826785
92.05817539
92.41243984
92.76122946
93.1047125
93.44305729
93.77643206
94.10500511
94.42894474
94.74854065
95.0647537
95.37877491
95.69179551
96.0050068
96.3196
96.63676638
96.95769719
97.28358366
97.61561708
97.95498869
98.30288976
98.66051151
99.0290452
99.40968188
99.80309948
100.2071369
100.61866
101.0345333
101.4516217
101.8667898
102.2769024
102.6788241
103.0694196
103.4455538
103.8040911
104.1418965
104.4558346
104.7427701
104.9995684
105.2245093
105.4237009
105.6059347
105.7800046
105.9547046
106.1388291
106.3411722
106.5705279
106.8356903
107.1454538
107.5086123
107.9339601
108.4302913
109.0063998
109.6710784
110.4302085
111.2735529
112.1853517
113.1498389
114.1512483
115.1738137
116.201769
117.219348
118.2107846
119.1603125
120.0521655
120.870577
121.6000301
122.2350755
122.7835699
123.254287
123.6559997
123.9974806
124.2875025
124.5348382
124.7482603
124.9365418
125.1084552
125.2727734
125.438269
125.6137149
125.8078841
126.0294273
126.2820687
126.5630213
126.8690495
127.1969179
127.5433913
127.9052345
128.2792122
128.6620891
129.05063
129.4415996
129.8317627
130.2178841
130.5967284
130.9650604
131.3196914
131.6593175
131.9851255
132.2984737
132.6007206
132.8932243
133.1773431
133.4544354
133.7258593
133.9929731
134.2571352
134.5197038
134.7820371
135.0454935
135.3114313
135.5811944
135.8555546
136.1345268
136.4180737
136.7061583
136.9987433
137.2957916
137.597266
137.9031295
138.2133448
138.5278747
138.8466823
139.1697301
139.4969813
139.8283985
140.16393
140.5029293
140.8439641
141.1855483
141.5261954
141.8644191
142.1987331
142.5276512
142.849687
143.1633542
143.4671665
143.7596377
144.0392814
144.3046112
144.5541407
144.786464
145.0034175
145.211123
145.4159974
145.6244579
145.8429211
146.0778039
146.3355233
146.6224959
146.9451386
147.3098683
147.7231019
148.1912561
148.7207479
149.3179945
149.989219
150.7328172
151.5368424
152.3886339
153.275532
154.184877
155.1040091
156.0202686
156.9209959
157.7935314
158.6252151
159.4033878
160.1153915
160.7508432
161.3119778
161.8053486
162.2375143
162.6150336
162.9444655
163.2323689
163.4853024
163.7098252
163.9124959
164.0998734
164.2785166
164.4549845
164.6358356
164.8276281
165.035941
165.2609224
165.5008613
165.754045
166.0187605
166.2932945
166.5759341
166.8649662
167.1586777
167.4553557
167.7532869
168.0507583
168.346057
168.6374698
168.923284
169.2021005
169.4742605
169.740701
170.0023595
170.2601738
170.5150814
170.7680201
171.0199275
171.2717411
171.5243988
171.7788381
172.0359967
172.2968122
172.5622223
172.8331644
173.1103585
173.3933173
173.6811404
173.9729272
174.2677767
174.5647882
174.8630607
175.1616935
175.4597857
175.7564365
176.0507451
176.3418105
176.6287321
176.9106089
177.1865403
177.4558609
177.7192096
177.9776717
178.2323333
178.4842802
178.7345985
178.9843741
179.2346929
179.4866409
179.7413041
179.9997684
180.2631199
180.5324443
180.8088277
181.0933557
181.3866821
181.6870653
181.9919442
182.2987566
182.60494
182.9079323
183.2051712
183.4940944
183.7721396
184.0367446
184.285347
184.5153845
184.7242949
184.9095161
185.0684868
185.1999094
185.3094967
185.4053608
185.4956165
185.5883786
185.6917624
185.8138827
185.9628545
186.1467929
186.3738129
186.6520294
186.9895575
187.3945122
187.8750082
188.4391581
189.0923843
189.8251818
190.6229374
191.4710316
192.354845
193.2597577
194.17115
195.0744023
195.9548948
196.7980079
197.5891218
198.3136161
198.957095
199.5141955
199.9914902
200.396376
200.7362485
201.0185034
201.2505364
201.4397431
201.5935191
201.71926
201.8243615
201.9162192
202.0022288
202.0897858
202.1862862
202.2990337
202.4316243
202.5827543
202.7507817
202.9340652
203.1309632
203.3398344
203.5590374
203.7869307
204.0218729
204.2622225
204.5063383
204.7525786
204.9993022
205.2448674
205.4876517
205.7267887
205.9624114
206.1947217
206.4239217
206.6502131
206.8737981
207.0948783
207.3136558
207.5303325
207.7451102
207.9581909
208.1697765
208.380069
208.5892701
208.7975839
209.0052974
209.2128073
209.420518
209.6288337
209.8381587
210.0488974
210.2614539
210.4762327
210.693638
210.9140741
211.1379454
211.365656
211.5976104
211.8342129
212.0758451
212.3219769
212.5708729
212.8207147
213.0696839
213.3159622
213.5577311
213.7931724
214.0204676
214.2377985
214.4433466
214.6352936
214.8118211
214.9711108
215.111344
215.2307907
215.3312777
215.4193334
215.5018104
215.5855606
215.6774363
215.7842896
215.9129725
216.0703372
216.2632358
216.4985203
216.783043
217.1236559
217.5272112
218.0005613
218.5503567
219.175101
219.8625312
220.5996419
221.3734287
222.1708871
222.9790125
223.7848004
224.5752465
225.3373462
226.058095
226.7244885
227.3235237
227.8445518
228.2899645
228.6666211
228.9813854
229.2411216
229.4526939
229.6229663
229.7588032
229.8670686
229.9546267
230.0283416
230.0950776
230.1616988
230.2350693
230.3220527
230.4284841
230.5545021
230.6982943
230.8580458
231.0319416
231.218167
231.414907
231.6203468
231.8326715
232.0500662
232.270716
232.492806
232.7145215
232.9340474
233.1495691
233.3595544
233.5640352
233.7635795
233.9587559
234.1501328
234.338279
234.523763
234.7071532
234.8890183
235.0699269
235.2504475
235.4311486
235.6125989
235.7953669
235.9800211
236.167059
236.3565854
236.5485702
236.7429832
236.9397943
237.1389732
237.34049
237.5443142
237.7504159
237.9587648
238.1693308
238.3820837
238.5969934
238.8140296
239.0331622
239.2541782
239.4758538
239.6966186
239.914902
240.1291334
240.3377419
240.539157
240.731808
240.914124
241.0845346
241.2414689
241.3833563
241.5086261
241.6157076
241.7030304
241.770011
241.821522
241.8643072
241.9051123
241.9506829
242.0077648
242.0831037
242.1834452
242.3155351
242.486119
242.7019427
242.9697518
243.296292
243.688309
244.1525483
244.6934271
245.3025006
245.9669114
246.6737979
247.4102982
248.1635507
248.9206937
249.6688653
250.395204
251.0868481
251.7309357
252.3146051
252.8251941
253.2581082
253.6194202
253.9159352
254.1544582
254.3417942
254.4847482
254.5901254
254.6647306
254.7153689
254.7488453
254.771965
254.7915327
254.8143537
254.8472329
254.8968885
254.966529
255.0547216
255.159715
255.2797582
255.4130998
255.5579887
255.7126736
255.8754035
256.0444271
256.2179931
256.3943504
256.5717479
256.7484342
256.9226583
257.0926925
257.2577699
257.4183932
257.5751523
257.7286371
257.8794375
258.0281434
258.1753448
258.3216314
258.4675932
258.6138201
258.760902
258.9094288
259.0599904
259.2131767
259.3695671
259.5293122
259.6919963
259.8571646
260.0243624
260.1931351
260.3630279
260.533586
260.7043548
260.8748796
261.0447056
261.2133781
261.3804425
261.5454439
261.7079277
261.8674373
262.0234399
262.1753019
262.3223829
262.4640424
262.59964
262.7285351
262.8500874
262.9636564
263.0686016
263.1642825
263.2500587
263.3252897
263.3893352
263.4415546
263.4813694
263.510703
263.5347891
263.5590874
263.589058
263.6301609
263.6878561
263.7676037
263.8748636
264.015096
264.1937608
264.4163181
264.688228
265.0149503
265.4019448
265.8545023
266.3710538
266.9409552
267.5529426
268.1957518
268.858118
269.5287767
270.1964635
270.8499138
271.477863
272.0690467
272.6122001
273.0960571
273.5114077
273.8603437
274.1488465
274.3828997
274.5684868
274.7115912
274.8181963
274.8942857
274.9458426
274.9788507
274.9992932
275.0131538
275.0264157
275.0450626
275.0750787
275.121546
275.1845916
275.2626364
275.3541003
275.4574034
275.5709657
275.6932073
275.8225483
275.9574087
276.0962087
276.2373682
276.3793073
276.5204462
276.6592048
276.7940029
276.9235073
277.0477392
277.1671867
277.2823381
277.3936815
277.5017053
277.6068976
277.7097467
277.8107408
277.9103682
278.0091169
278.1074754
278.2059317
278.3049742
278.4050911
278.5067255
278.6100725
278.7152418
278.8223429
278.9314856
279.0427794
279.156334
279.272259
279.390664
279.5116587
279.6353527
279.7618556
279.8912771
280.0237268
280.1593146
280.2979455
280.4384018
280.5790785
280.7183706
280.854673
280.9863806
281.1118886
281.2295917
281.3378851
281.4351637
281.5198224
281.5902562
281.6448601
281.6820289
281.7001562
281.6985945
281.6819466
281.6566265
281.6290489
281.6056281
281.5927787
281.5969151
281.6244516
281.6818027
281.7753829
281.9116066
282.0968883
282.3376424
282.6402835
283.01123
283.4546775
283.9626666
284.5230422
285.1236481
285.7523285
286.3969276
287.0452897
287.6852589
288.3046796
288.891396
289.4332524
289.9180942
290.3339556
290.6766173
290.9521139
291.167175
291.3285325
291.4429182
291.5170639
291.5577015
291.5715629
291.56538
291.5458845
291.5198085
291.4938836
291.4748418
291.4694143
291.4842409
291.5222024
291.5812036
291.6588125
291.7525958
291.8601203
291.9789526
292.1066596
292.2408079
292.3789642
292.5186953
292.6575679
292.7931488
292.9230046
293.0447025
293.1558455
293.2555267
293.3448117
293.4248994
293.4969891
293.5622802
293.6219723
293.6772646
293.7293567
293.7794478
293.8287375
293.8784252
293.9297102
293.9837921
294.0418699
294.1051235
294.1739299
294.247603
294.3253848
294.4065171
294.4902418
294.5758006
294.6624355
294.7493881
294.8359003
294.9212139
295.0045706
295.0852124
295.1623809
295.2353183
295.3032836
295.3662494
295.4251325
295.4809136
295.5345736
295.5870933
295.6394536
295.6926355
295.7476199
295.8053875
295.8669194
295.9331965
296.0051995
296.0839095
296.1703069
296.2653406
296.368642
296.478098
296.5914779
296.7065506
296.821085
296.9328498
297.0396137
297.1391457
297.2292146
297.3075891
297.372038
297.4203302
297.4502346
297.4595207
297.4460451
297.4112524
297.36134
297.3028254
297.2422274
297.1860651
297.1408573
297.113123
297.1093813
297.136151
297.1999511
297.3073006
297.4647185
297.6787235
297.9558329
298.302384
298.7172722
299.1895358
299.7075497
300.2596857
300.8343155
301.4198106
302.0045426
302.5768833
303.1252042
303.6378769
304.1032725
304.5097559
304.8478293
305.1195892
305.3311539
305.4886406
305.5981657
305.6658455
305.6977966
305.7001351
305.6789776
305.6404403
305.5906397
305.5356921
305.4817138
305.4348216
305.401135
305.3857943
305.3886325
305.4076402
305.440809
305.4861306
305.5415968
305.6051994
305.6749303
305.7487812
305.824744
305.9008105
305.9749724
306.0452217
306.10955
306.1659477
306.2127906
306.2505396
306.2803801
306.3034971
306.3210753
306.3342997
306.3443549
306.352426
306.3596976
306.3673546
306.3765819
306.3885643
306.4044865
306.4255336
306.4528911
306.4875167
306.5291351
306.5770423
306.6305349
306.6889091
306.7514615
306.8174885
306.8862865
306.957152
307.0293813
307.1022711
307.1751177
307.2472176
307.3178672
307.3863629
307.4520125
307.5141849
307.5722705
307.6256596
307.6737424
307.7159092
307.7515504
307.7800561
307.8008168
307.8132226
307.8166639
307.8105309
307.794214
307.7671031
307.7285861
307.6786987
307.6209751
307.5601668
307.5010247
307.4482991
307.4067405
307.3810993
307.376126
307.3965709
307.4471844
307.5327171
307.6579193
307.8275415
308.0463347
308.3190566
308.648718
309.0289082
309.4499367
309.9021154
310.3757567
310.8611735
311.3486783
311.8285839
312.2912028
312.7268477
313.1258316
313.4784691
313.7752214
314.0126689
314.1955033
314.3289574
314.4182677
314.468671
314.4854039
314.4737033
314.4388058
314.3859482
314.3203673
314.2472997
314.1719822
314.0996514
314.0355431
313.9848277
313.9499372
313.929674
313.9225984
313.927269
313.9422443
313.9660828
313.9973431
314.0345837
314.0763631
314.1212398
314.1677724
314.2145194
314.2600393
314.302891
314.341652
314.3756871
314.405405
314.4312836
314.4538013
314.4734369
314.4906687
314.5059755
314.5198356
314.5327277
314.5451303
314.5575219
314.5703812
314.5841866
314.5994165
314.6165429
314.635757
314.6568787
314.6797031
314.704025
314.7296395
314.7563413
314.7839253
314.8121864
314.8409196
314.8699197
314.8989815
314.9279
314.9564701
314.9844864
315.0117358
315.0376661
315.0612759
315.0815343
315.0974098
315.1078711
315.1118868
315.1084254
315.0964557
315.0749463
315.0428657
314.9991826
314.9428657
314.8728836
314.7882061
314.6878681
314.5736463
314.4509533
314.3254431
314.2027715
314.0885946
313.9885684
313.9083488
313.8535919
313.8299536
313.84309
313.8986572
314.002311
314.1597073
314.3764989
314.658173
315.003208
315.4007894
315.8394856
316.3078604
316.7944771
317.2878992
317.77669
318.2494128
318.694631
319.1009079
319.4568059
319.7508765
319.9738885
320.1284891
320.2214771
320.2596468
320.2497914
320.1987035
320.1131761
320.0000021
319.8659743
319.7178855
319.5625287
319.4066966
319.2571823
319.1207789
319.0042856
318.9133671
318.8476153
318.8044986
318.7814879
318.7760548
318.7856709
318.8078078
318.8399372
318.8795308
318.9240601
318.9709969
319.0178127
319.0619792
319.1009679
319.1322481
319.1536844
319.1652539
319.1676733
319.161658
319.1479235
319.127185
319.1001578
319.0675573
319.0300988
318.9884976
318.943469
318.8957283
318.845991
318.7949721
318.7433875
318.691909
318.6409758
318.5909458
318.5421766
318.4950261
318.4498522
318.4070126
318.3668654
318.3297682
318.2960789
318.2661554
318.2403555
318.2190371
318.2025581
318.1912777
318.1853147
318.1835023
318.1842238
318.1858632
318.1868045
318.1854318
318.1801291
318.1692805
318.1512702
318.124482
318.0873002
318.0381088
317.9752918
317.8972329
317.8023111
317.6897606
317.5633807
317.42857
317.2907248
317.1552411
317.0275144
316.9129407
316.8169155
316.7448347
316.7020941
316.6940893
316.7262161
316.8038704
316.9324487
317.1173582
317.3621522
317.6604971
318.0025946
318.3786508
318.7788734
319.1934701
319.6126485
320.0266164
320.4255815
320.7997516
321.1393345
321.4345412
321.6757249
321.8593109
321.9897791
322.0721409
322.1114127
322.1126111
322.0807528
322.0208545
321.937933
321.8370048
321.7230869
321.6011957
321.4763481
321.3535606
321.2378485
321.1341644
321.0447831
320.968427
320.9035846
320.8487419
320.8023848
320.7629993
320.7290713
320.6990868
320.6715316
320.6448917
320.617653
320.5883014
320.555323
320.5172041
320.4724537
320.4205453
320.3622317
320.2983497
320.2297374
320.1572327
320.0816734
320.0038975
319.924743
319.8450477
319.7656496
319.6873866
319.6110967
319.5376177
319.4677874
319.4024332
319.3419464
319.2861396
319.2347872
319.1876633
319.1445418
319.1051969
319.0694026
319.0369328
319.0075618
318.9810634
318.9572117
318.9357808
318.9165447
318.8992771
318.8837422
318.8692845
318.8546925
318.838718
318.8201124
318.797627
318.7700132
318.7360226
318.6944063
318.6439158
318.5833025
318.5113179
318.4267131
318.3282399
318.214651
318.0847594
317.9399543
317.7850432
317.6250585
317.4650348
317.3100068
317.1650093
317.0350771
316.9252449
316.8405476
316.7860199
316.7666966
316.7876124
316.8538019
316.9702964
317.1419938
317.3680549
317.640028
317.948961
318.285897
318.6418785
319.0079479
319.3751478
319.7345207
320.0771092
320.3939556
320.6761016
320.9145791
321.1020106
321.239471
321.3310043
321.38065
321.3924461
321.3704303
321.3186407
321.2411152
321.1418916
321.025008
320.8945021
320.7544119
320.6087754
320.4616307
320.3170195
320.1784337
320.0464455
319.9206012
319.8004487
319.6855364
319.5754128
319.4696262
319.3677252
319.2692581
319.1737733
319.0808194
318.9899448
318.9006978
318.8126269
318.7252802
318.6382663
318.5515172
318.4650778
318.3789934
318.2933087
318.2080688
318.1233186
318.0391032
317.9554672
317.8724559
317.7901142
317.7084868
317.6276189
317.5475554
317.4683414
317.3900056
317.3124903
317.2357073
317.1595685
317.083986
317.0088715
316.934137
316.8596944
316.7854557
316.7113328
316.6372376
316.563082
316.4887779
316.4142372
316.3393717
316.2641302
316.1886593
316.1131752
316.0378939
315.9630313
315.8888035
315.8154264
315.743116
315.6720882
315.6025591
315.5347447
315.4688608
315.4051236
315.343749
315.284954
315.2288137
315.1746504
315.1215215
315.0684851
315.0145992
314.9589221
314.9005118
314.8384264
314.7717241
314.6994629
314.6207011
314.5344967
314.4399079
314.3359923
314.2218043
314.0969638
313.9640928
313.826869
313.6889682
313.5540656
313.4258366
313.3079563
313.2041001
313.1179433
313.0531611
313.0134288
313.0024217
313.0238151
313.081285
313.178516
313.3178693
313.4946869
313.7018425
313.9322139
314.1786801
314.4341201
314.6914132
314.9434382
315.1830744
315.4032009
315.5966968
315.7564441
315.875427
315.9510408
315.9865352
315.9855438
315.9517043
315.8886546
315.8000328
315.6894769
315.5606248
315.4171146
315.2625844
315.100672
314.9350155
314.7692529
314.607021
314.4519155
314.3057551
314.1680003
314.0379568
313.9149289
313.7982203
313.6871353
313.5809778
313.4790518
313.3806614
313.2851104
313.1917029
313.099743
313.0085346
312.917382
312.8255964
312.7327982
312.6390174
312.5443109
312.4487362
312.3523505
312.255211
312.1573751
312.0589
311.9598431
311.8602616
311.7602129
311.6597543
311.5589429
311.4578363
311.3564922
311.2549972
311.1534752
311.0520529
310.9508568
310.8500136
310.7496497
310.6498918
310.5508665
310.4527004
310.35552
310.2594519
310.1646227
310.071159
309.9791871
309.8888223
309.7997086
309.7108647
309.6212679
309.5298953
309.435724
309.3377311
309.2348935
309.1261882
309.0105924
308.887083
308.7546371
308.6122316
308.4588438
308.293452
308.1150846
307.9249234
307.7270084
307.5255668
307.3248282
307.129022
306.9423777
306.7691248
306.6134929
306.4797115
306.37201
306.2946181
306.2517652
306.2476806
306.2865908
306.3726091
306.504965
306.6764078
306.8792615
307.1058455
307.3484791
307.5994812
307.8511711
308.0958678
308.3258904
308.5335581
308.7111892
308.8510929
308.9469961
309.0001493
309.0144477
308.9937821
308.942042
308.8631169
308.7608963
308.6392696
308.5021264
308.353356
308.1968481
308.036492
307.8761773
307.7197937
307.5712353
307.4337553
307.3072077
307.1902512
307.0815465
306.9797551
306.8835384
306.7915576
306.7024742
306.6149497
306.5276452
306.4392223
306.3483424
306.2536667
306.1538566
306.0475717
305.9337192
305.8125204
305.6846585
305.5508158
305.4116744
305.2679165
305.1202242
304.9692797
304.8157651
304.6603625
304.5037541
304.346622
304.1896483
304.0335152
303.8789054
303.7264368
303.5763858
303.4289079
303.2841594
303.1422964
303.0034749
302.8678511
302.735581
302.6068208
302.4817266
302.3604545
302.2431606
302.130001
302.021132
301.9167109
301.8167029
301.7200505
301.6253374
301.5311478
301.436066
301.3386763
301.2375633
301.1313111
301.0185041
300.8977268
300.7675634
300.6265984
300.4734159
300.3066001
300.1247304
299.9271164
299.7169491
299.4987824
299.2771682
299.0566576
298.841802
298.6371524
298.4472601
298.2766763
298.1299521
298.0116387
297.9262874
297.8784493
297.8726765
297.9135304
298.0040175
298.1388747
298.3099357
298.5090385
298.7280227
298.9587275
299.1929925
299.4226572
299.6395609
299.8355433
300.0024439
300.1321052
300.2164902
300.25273
300.2448126
300.1971773
300.1142678
300.0005281
299.8604024
299.6983347
299.5187691
299.3261497
299.1249206
298.9195257
298.7144093
298.5140152
298.3227861
298.1451043
297.982767
297.834142
297.6973712
297.5705944
297.4519511
297.3395808
297.2316233
297.1262179
297.0215043
296.9156221
296.8067107
296.6929098
296.5723589
296.4431984
296.3035987
296.1530199
295.9926333
295.8237226
295.6475731
295.4654697
295.2786976
295.0885418
294.8962875
294.7032197
294.5106236
294.3197842
294.1319866
293.948516
293.770657
293.599677
293.4361056
293.2794939
293.129328
292.9850938
292.846277
292.7123632
292.5828381
292.4571875
292.334897
292.2154524
292.0983393
291.9830435
291.8690506
291.7558462
291.6429146
291.5296728
291.4154496
291.2995676
291.1813495
291.0601179
290.9351955
290.805905
290.671569
290.5315101
290.3850511
290.2315146
290.0702233
289.9004998
289.7216677
289.5330888
289.3357571
289.1328311
288.9276127
288.7234048
288.5235105
288.331233
288.1498754
287.9827407
287.8331321
287.7043527
287.5997055
287.5224937
287.4760203
287.4635864
287.4884
287.5497165
287.6415481
287.7575602
287.8914155
288.0367761
288.1873044
288.3366627
288.4785132
288.6065182
288.7143399
288.7956402
288.8440744
288.8544881
288.828088
288.7683071
288.6785761
288.5623242
288.4229812
288.2639764
288.0887395
287.9006998
287.703287
287.4999305
287.2940598
287.0891045
286.8884943
286.6956618
286.5134817
286.3418434
286.179592
286.0255742
285.8786365
285.7376259
285.6013892
285.4687731
285.3386245
285.2097903
285.0811172
284.951452
284.8196417
284.6845328
284.5449713
284.3999981
284.2497001
284.09453
283.9349399
283.7713817
283.6043076
283.4341695
283.2614194
283.0865093
282.9098914
282.7320175
282.5533397
282.3743101
282.1953805
282.0170036
281.839556
281.6630092
281.4871928
281.3119368
281.137071
280.9624255
280.7878301
280.6131148
280.4381096
280.2626443
280.0865488
279.9096532
279.7317874
279.5527813
279.3724644
279.1907334
279.0078453
278.8241825
278.6401276
278.4560628
278.2723707
278.0894336
277.9076339
277.727354
277.5489763
277.3728832
277.1994572
277.0290806
276.8621359
276.6990063
276.539905
276.3841317
276.2306672
276.0784927
275.9265896
275.7739391
275.6195224
275.462321
275.301316
275.1354887
274.9638206
274.7852927
274.5988865
274.4035829
274.198361
273.9827207
273.7589652
273.5303752
273.3002305
273.0718105
272.8483948
272.6332629
272.4296944
272.2409686
272.0703651
271.9211634
271.7966431
271.7000836
271.6347648
271.6039713
271.6098651
271.6485659
271.7140875
271.8004454
271.9016556
272.0117342
272.1246973
272.234561
272.3353415
272.4210547
272.4857169
272.5233455
272.5280443
272.4975409
272.4343649
272.3413669
272.2213994
272.077315
271.9119666
271.7282067
271.5288881
271.3168635
271.0949855
270.8661068
270.6330801
270.3987582
270.1659931
269.9376056
269.7150934
269.4982011
269.2865564
269.0797858
268.8775162
268.6793743
268.4849868
268.2939803
268.1059817
267.9206176
267.7375148
267.5562999
267.3765997
267.1980409
267.0202516
266.8429152
266.6657886
266.4886334
266.3112114
266.1332844
265.9546141
265.7749624
265.5940909
265.4117614
265.2277356
265.0417755
264.8536426
264.6630988
264.4699059
264.2738352
264.0750502
263.8742335
263.6721026
263.4693755
263.2667699
263.0650035
262.8647942
262.6668598
262.471918
262.2806867
262.0938836
261.9122265
261.7364332
261.5672212
261.405286
261.2504013
261.1011201
260.9559136
260.8132524
260.6716072
260.5294486
260.3852472
260.2374736
260.0845985
259.9250925
259.7574262
259.5800703
259.3914954
259.1901729
258.9746257
258.7455331
258.5064302
258.2610443
258.0131034
257.7663355
257.524469
257.2912317
257.0703521
256.8655581
256.6805779
256.5191396
256.3849714
256.2818014
256.2133565
256.1832653
256.1910602
256.2308491
256.296375
256.3813788
256.4796017
256.5847847
256.6906688
256.7909951
256.8795047
256.9499384
256.9960372
257.0115387
256.9913179
256.9364267
256.8500579
256.7354042
256.5956576
256.4340102
256.2536542
256.0577817
255.8495848
255.6322555
255.408986
255.1829685
254.9573949
254.7354576
254.52035
254.3147525
254.1185549
253.9306809
253.7500538
253.5755974
253.4062354
253.2408914
253.0784892
252.9179525
252.7582049
252.5981702
252.4367721
252.2729343
252.1055804
251.9336336
251.7561951
251.5733333
251.3854516
251.1929535
250.9962422
250.7957211
250.5917936
250.3848631
250.1753328
249.9636062
249.7500865
249.5351772
249.3192816
249.102803
248.8861449
248.6696981
248.453786
248.2387083
248.024765
247.8122557
247.6014805
247.392739
247.1863311
246.9825568
246.7817157
246.5841077
246.3900327
246.1997905
246.013681
245.8320044
245.6548976
245.4816075
245.3110733
245.1422341
244.974029
244.8053972
244.6352778
244.46261
244.2863329
244.1053857
243.9187076
243.7252376
243.523915
243.3136788
243.0934673
242.8626959
242.6233868
242.3784628
242.1308466
241.8834611
241.6392289
241.4010728
241.1719156
240.9546799
240.7522886
240.5676644
240.4037299
240.263408
240.1496216
240.065295
240.0123847
239.9875541
239.9856398
240.0014775
240.0299033
240.0657532
240.1038633
240.1390697
240.1662084
240.1801156
240.1756273
240.14758
240.0908891
240.0037006
239.8884363
239.7478082
239.5845293
239.4013122
239.2008701
238.9859155
238.7591616
238.523321
238.2811068
238.0352318
237.7884087
237.5433506
237.3027701
237.069345
236.8443257
236.6270736
236.4168217
236.2128028
236.0142496
235.8203947
235.6304709
235.4437109
235.2593474
235.0766131
234.8947407
234.7129628
234.5305123
234.3466219
234.1605309
233.9717521
233.7801599
233.5856535
233.3881317
233.1874938
232.9836389
232.7764659
232.5658741
232.3517623
232.1340299
231.9125758
231.6872992
231.458099
231.2248745
230.9875341
230.7463662
230.5021624
230.2557482
230.0079495
229.759592
229.5115013
229.2645033
229.0194237
228.7770883
228.5383226
228.3039527
228.074804
227.8517024
227.6354737
227.426921
227.2259394
227.0312219
226.8413797
226.6550236
226.4707648
226.2872141
226.1029825
225.9166809
225.7269204
225.532312
225.3314665
225.122995
224.9055084
224.6776179
224.4379804
224.1871235
223.928049
223.6639276
223.3979303
223.1332281
222.8729918
222.6203925
222.3786012
222.1507887
221.9401261
221.7497843
221.5829343
221.4427471
221.3323935
221.2549565
221.2099582
221.1922104
221.1962028
221.216425
221.2473662
221.2835159
221.3193637
221.3493988
221.3681106
221.3699888
221.3495226
221.3012012
221.2205155
221.1084794
220.9680038
220.8020013
220.6133842
220.4050652
220.1799566
219.9409709
219.6910207
219.4330183
219.1698764
218.9045072
218.6398234
218.3787375
218.1241618
217.8785635
217.6419508
217.4134882
217.1923392
216.9776673
216.7686362
216.5644093
216.3641504
216.167023
215.9721905
215.7788168
215.5860652
215.3930994
215.199083
215.0031796
214.8046812
214.6035904
214.4001531
214.1946155
213.9872241
213.778225
213.5678646
213.3563891
213.1440448
212.931078
212.7177349
212.5042618
212.2909051
212.0779109
211.8655257
211.6539562
211.4431922
211.2331488
211.023741
210.814884
210.6064927
210.3984823
210.1907677
209.9832641
209.7758864
209.5685498
209.3611693
209.1536599
208.9459368
208.7379148
208.5294886
208.3204384
208.1105057
207.8994315
207.6869573
207.4728242
207.2567735
207.0385465
206.8178845
206.5945286
206.3682202
206.1387005
205.9057107
205.6689922
205.4282863
205.1835824
204.9362421
204.6880975
204.4409811
204.1967256
203.9571635
203.7241273
203.4994496
203.284963
203.0825
202.8938933
202.7209752
202.5655786
202.4295358
202.3146791
202.2221865
202.1496135
202.0932746
202.0494826
202.0145507
201.9847917
201.9565187
201.9260446
201.8896825
201.8437452
201.7845458
201.7083972
201.6116679
201.492976
201.3539121
201.1962716
201.02185
200.8324425
200.6298445
200.4158512
200.1922579
199.96086
199.7234528
199.4818316
199.2377916
198.9931283
198.7496369
198.5090929
198.2724651
198.0396572
197.8104988
197.5848202
197.3624514
197.1432222
196.9269629
196.7135033
196.5026736
196.2943038
196.0882238
195.8842637
195.6822535
195.4820233
195.2834028
195.0862101
194.890248
194.6953182
194.5012225
194.3077627
194.1147404
193.9219573
193.7292153
193.536316
193.3430612
193.1492526
192.954692
192.759181
192.5625214
192.3645166
192.1650333
191.9640225
191.7614408
191.5572447
191.3513911
191.1438364
190.9345374
190.7234506
190.5105327
190.2957404
190.0790303
189.8603589
189.6396831
189.4169593
189.1921469
188.9653136
188.7366697
188.5064359
188.2748324
188.0420798
187.8083985
187.574009
187.3391316
187.1039868
186.868795
186.6337767
186.3991523
186.1651423
185.931967
185.6998414
185.4687559
185.2384044
185.0084604
184.7785974
184.5484887
184.3178079
184.0862284
183.8534237
183.6190673
183.3828326
183.1443931
182.9034223
182.6595936
182.4125804
182.1620778
181.908652
181.6540203
181.3999795
181.1483261
180.900857
180.6593687
180.425658
180.2015215
179.9887558
179.7891576
179.6045236
179.4366504
179.2873348
179.1583736
179.0515061
178.9661605
178.898711
178.8453209
178.8021539
178.7653736
178.7311436
178.6956275
178.654989
178.6053917
178.5429991
178.4639751
178.3644839
178.2413857
178.0954033
177.9285808
177.7429642
177.5405994
177.3235324
177.0938092
176.8534758
176.6045781
176.3491621
176.0892738
175.8269592
175.5642643
175.3032349
175.0459168
174.7940614
174.5477868
174.3066523
174.0702165
173.8380379
173.6096751
173.3846865
173.1626308
172.9430664
172.725552
172.5096461
172.2949072
172.0808939
171.8671646
171.6532781
171.4388397
171.2237148
171.0078577
170.7912228
170.5737645
170.3554372
170.1361953
169.9159933
169.6947856
169.4725265
169.2491706
169.0246722
168.7989856
168.5720655
168.3438661
168.1143793
167.8838041
167.6524102
167.4204676
167.1882462
166.9560161
166.7240469
166.4926089
166.2619718
166.0324055
165.8041801
165.5775655
165.3528315
165.1302482
164.9100853
164.6924968
164.4769941
164.2628685
164.0494113
163.8359134
163.6216661
163.4059604
163.1880875
162.9673385
162.7430044
162.5143764
162.2807456
162.0414032
161.7956402
161.5427481
161.2823881
161.0162718
160.7468127
160.4764253
160.207524
159.9425232
159.6838373
159.4338809
159.1950682
158.9698138
158.7605321
158.5696375
158.3995445
158.2526675
158.1314203
158.0373753
157.9674427
157.9169357
157.8811659
157.8554445
157.8350831
157.8153931
157.7916857
157.7592725
157.7134648
157.649574
157.5629115
157.4488644
157.3058863
157.1364833
156.9434406
156.7295431
156.4975759
156.250324
155.9905723
155.7211058
155.4447094
155.1641683
154.8822673
154.6017914
154.3255257
154.0562551
153.7967262
153.5481307
153.3096052
153.0801449
152.8587452
152.6444012
152.4361084
152.2328618
152.0336569
151.8374889
151.6433531
151.4502448
151.2571592
151.0630917
150.8670375
150.6680044
150.465505
150.2597193
150.0508733
149.8391927
149.6249035
149.4082315
149.1894026
148.9686427
148.7461777
148.5222335
148.2970358
148.0708107
147.8437839
147.6161813
147.3882271
147.1600715
146.9317672
146.7033605
146.4748974
146.246424
146.0179864
145.7896307
145.5614031
145.3333496
145.1055163
144.8779494
144.6506949
144.423799
144.1973077
143.9712655
143.74565
143.5203503
143.2952494
143.0702304
142.8451764
142.6199704
142.3944955
142.1686347
141.9422711
141.7152877
141.4875675
141.2589938
141.0294494
140.7988175
140.5669945
140.3344163
140.1022327
139.8716422
139.6438434
139.4200349
139.2014154
138.9891833
138.7845373
138.5886759
138.4027978
138.2281016
138.0657858
137.9170491
137.7830899
137.6650653
137.5624459
137.4724723
137.3922322
137.3188133
137.2493034
137.1807902
137.1103615
137.0351048
136.9521081
136.8584588
136.7512449
136.6275537
136.4850355
136.3244398
136.1475814
135.9562761
135.7523394
135.5375871
135.3138346
135.0828977
134.8465919
134.6067328
134.3651362
134.1236176
133.8839927
133.648077
133.4176865
133.1943156
132.977691
132.7669313
132.5611546
132.3594793
132.1610236
131.9649057
131.7702439
131.5761564
131.3817613
131.1861771
130.9885218
130.7879138
130.5834712
130.3743122
130.1597401
129.9400758
129.7159906
129.4881562
129.257244
129.0239255
128.7888723
128.5527557
128.3162475
128.0800189
127.8447417
127.6110872
127.379727
127.1513326
126.9265756
126.7059866
126.4893208
126.2760666
126.0657124
125.8577463
125.6516566
125.4469317
125.2430597
125.039529
124.8358277
124.6314443
124.4258669
124.2185839
124.0090835
123.7968538
123.5814641
123.3629278
123.1414116
122.9170819
122.6901055
122.460649
122.228879
121.9949622
121.7590652
121.5213545
121.2819969
121.041159
120.7990073
120.5557086
120.3114292
120.0664619
119.8217912
119.5786401
119.3382318
119.1017894
118.870536
118.6456948
118.4284888
118.2201411
118.021875
117.8349134
117.6604796
117.4997965
117.3540876
117.2245766
117.1119858
117.0142936
116.9285311
116.8517292
116.7809189
116.7131312
116.6453971
116.5747475
116.4982137
116.4128264
116.3156167
116.2036161
116.0739034
115.9255185
115.7600967
115.5794489
115.3853868
115.179722
114.9642662
114.7408311
114.5112282
114.2772692
114.0407658
113.8035297
113.5673723
113.3341055
113.1055406
112.8834627
112.6685691
112.4601175
112.2572679
112.0591802
111.8650142
111.6739295
111.4850861
111.2976437
111.110762
110.923601
110.7353202
110.5450796
110.3520389
110.155358
109.954211
109.7483568
109.5383288
109.3247126
109.108094
108.889059
108.6681933
108.4460828
108.2233134
108.0004708
107.7781411
107.5569099
107.3373632
107.1200868
106.9056665
106.694677
106.4872373
106.2828631
106.0810294
105.881211
105.6828826
105.4855191
105.2885951
105.0915856
104.8939653
104.6952089
104.4947912
104.2921871
104.0868714
103.8783188
103.6660136
103.4498215
103.2301145
103.007298
102.7817781
102.5539606
102.3242515
102.0930565
101.8607816
101.6278327
101.3946157
101.1615365
100.929001
100.6974149
100.4671844
100.2387156
100.0124316
99.78877765
99.56820059
99.35114711
99.13806402
98.92939805
98.725596
98.52710461
98.33437065
98.14784089
97.9679621
97.79518105
97.62994448
97.47269895
97.32387225
97.18311413
97.04904332
96.92020942
96.79516166
96.67244924
96.55062136
96.42822724
96.30381607
96.17593704
96.04313938
95.9039722
95.75698369
95.60099432
95.43629703
95.26369638
95.08399673
94.89800238
94.70651753
94.51034644
94.31029335
94.10716249
93.90175812
93.69488448
93.48734577
93.27994632
93.07349035
92.86878274
92.66647309
92.46637247
92.26800039
92.07087645
91.87452037
91.67845188
91.48219065
91.2852564
91.08716884
90.88744768
90.68561262
90.4811834
90.2736797
90.06262119
89.84752703
89.62804583
89.40452404
89.17755115
88.94771637
88.71560897
88.48181813
88.24693308
88.01154304
87.77623721
87.54160479
87.308235
87.07671706
86.84764017
86.6215936
86.39916693
86.18086131
85.9667014
85.75654592
85.55025366
85.34768348
85.14869424
84.95314478
84.76089399
84.57180074
84.38572383
84.2025222
84.02205466
83.84418007
83.66875732
83.49564545
83.32466573
83.1554361
82.98750377
82.82041592
82.65371976
82.48696252
82.31969144
82.15145372
81.98179661
81.8102673
81.63641304
81.45978107
81.27991858
81.09637278
80.90869029
80.71653327
80.5201839
80.32014088
80.11690255
79.91096733
79.70283357
79.49299962
79.28196384
79.07022459
78.85828021
78.64662909
78.43576959
78.22620003
78.01841884
77.81292454
77.61017496
77.41040916
77.21378986
77.02047984
76.83064191
76.64443887
76.46203354
76.28358871
76.1092672
75.93923183
75.77364538
75.61267068
75.45647056
75.30520785
75.15904616
75.0180019
74.8813027
74.7479006
74.6167479
74.48679702
74.35700036
74.22631034
74.09367935
73.95805983
73.81840418
73.67366487
73.52279458
73.3647631
73.19925859
73.02692223
72.84845827
72.66457144
72.47596659
72.28334851
72.08742203
71.88889197
71.68846313
71.48684032
71.28472839
71.08283213
70.88185633
70.68250565
70.48547574
70.29108163
70.09913353
69.90940821
69.7216822
69.53573199
69.35133403
69.16826486
68.98630091
68.8052187
68.62479472
68.44480543
68.26502734
68.08523694
67.90521076
67.72472797
67.54367881
67.36210088
67.18004156
66.99754825
66.81466842
66.63144946
66.44793886
66.26418403
66.08023242
65.89613148
65.71192865
65.52767136
65.34340706
65.15918321
64.97504853
64.79110462
64.6075232
64.42448063
64.24215335
64.06071775
63.88035027
63.70122731
63.52352526
63.34742056
63.17308964
63.0007089
62.83045474
62.66250359
62.49703166
62.33420785
62.17388489
62.01549631
61.85844801
61.70214552
61.54599448
61.38940043
61.23176897
61.07250568
60.91101616
60.74670594
60.57898067
60.40724587
60.23090717
60.04937054
59.86205666
59.66901963
59.47115367
59.2694084
59.06473396
58.85808053
58.65039828
58.44263742
58.2357481
58.03068052
57.82838487
57.62981131
57.43591002
57.24763119
57.06592452
56.89172138
56.72516559
56.56535615
56.41132327
56.26209649
56.11670531
55.9741792
55.83354764
55.69384014
55.55408617
55.41331521
55.27055667
55.12483898
54.97535049
54.82213014
54.66551549
54.50584361
54.34345143
54.17867589
54.011854
53.84332263
53.67341876
53.50247934
53.33084129
53.15884157
52.98681713
52.81510494
52.64404237
52.47390372
52.30462789
52.13603604
51.96794956
51.80018982
51.63257822
51.46493619
51.29708509
51.12884638
50.96004142
50.79049164
50.62001844
50.44844321
50.27558735
50.10127186
49.92537332
49.74806321
49.56961657
49.39030838
49.21041349
49.03020676
48.8499631
48.66995739
48.49046445
48.31175921
48.13411652
47.95781126
47.78311833
47.61031259
47.43966922
47.2714226
47.10559053
46.94211477
46.78093711
46.62199949
46.46524374
46.31061179
46.15804551
46.00748678
45.8588775
45.71215951
45.56727476
45.4241651
45.28277244
45.14303902
45.00486192
44.86789924
44.73172494
44.59591315
44.46003804
44.32367381
44.18639461
44.04777459
43.90738798
43.76480891
43.61961155
43.47137009
43.31965871
43.16405148
43.00412144
42.83960066
42.67106461
42.49938527
42.32543418
42.15008268
41.97420217
41.798664
41.62433954
41.45210015
41.28281721
41.11736206
40.95660607
40.80142065
40.65267728
40.51124925
40.37774089
40.25133034
40.13069408
40.0145096
39.90145448
39.79020639
39.67944299
39.56784197
39.45408093
39.33683757
39.21478956
39.08661513
38.95101304
38.80756855
38.65704327
38.50027601
38.33810638
38.17137406
38.00091874
37.8275801
37.65219782
37.47561162
37.29866113
37.12218608
36.94702611
36.77402094
36.60400998
36.43782262
36.27585737
36.11794092
35.96386239
35.81341055
35.66637409
35.52254175
35.38170224
35.24364428
35.10815656
34.97502785
34.84404681
34.7150022
34.58768272
34.46187712
34.33737532
34.21401698
34.09170787
33.97035807
33.8498777
33.73017692
33.61116583
33.4927546
33.37485333
33.25737218
33.14022129
33.02331077
32.90655079
32.78985144
32.67312288
32.55627431
32.43917706
32.32165214
32.20351728
32.08459013
31.96468839
31.84362969
31.72123173
31.59731219
31.47168874
31.34417904
31.21460078
31.08277162
30.94850925
30.81163154
30.67196307
30.52961911
30.38510064
30.23893392
30.09164549
29.94376194
29.79580981
29.64831566
29.50180613
29.35680769
29.21384696
29.07345053
28.93614492
28.8024567
28.67291209
28.54802416
28.42774039
28.31125763
28.19772343
28.08628491
27.97608906
27.86628293
27.75601354
27.64442791
27.5306731
27.4138961
27.29324398
27.16786372
27.03690243
26.89950768
26.75484788
26.60298895
26.44518772
26.28277918
26.11709914
25.94948355
25.78126826
25.61378916
25.4483822
25.28638323
25.12912817
24.97795302
24.83419572
24.69891059
24.57164698
24.45142526
24.33726674
24.22819293
24.12322535
24.02138553
23.92169501
23.82317532
23.724848
23.62573456
23.52485655
23.42123551
23.31389283
23.20184856
23.08434214
22.96177852
22.83497211
22.70473663
22.57188566
22.43723275
22.30159144
22.16577528
22.03059782
21.89687258
21.76541318
21.63703312
21.51254595
21.39276536
21.27850623
21.1703781
21.06789854
20.97020162
20.87642211
20.7856948
20.69715465
20.6099365
20.52317526
20.43600581
20.34756305
20.25698183
20.1633971
20.06594369
19.96375639
19.85596869
19.74193186
19.62215614
19.49755853
19.36905542
19.23756304
19.10399759
18.96927525
18.83431229
18.70002484
18.56732913
18.4371414
18.31037781
18.18795461
18.07078807
17.95979581
17.85568335
17.75802757
17.66600932
17.57881001
17.49561133
17.4155948
17.33794211
17.26183485
17.18645465
17.1109831
17.03460187
16.95649252
16.87583671
16.79181598
16.70361084
16.61057507
16.51298558
16.41144295
16.30654735
16.19889877
16.08909719
15.97774267
15.86543516
15.75277468
15.64036123
15.52879481
15.41867543
15.31060309
15.20517785
15.10300072
15.0045141
14.90931491
14.81670369
14.72598139
14.63644906
14.54740783
14.45815877
14.36800297
14.27624147
14.1821754
14.08510582
13.98433383
13.87916051
13.76888684
13.65281262
13.53045246
13.4024676
13.26992094
13.13387488
12.9953916
12.85553332
12.71536223
12.57594055
12.43833048
12.30359422
12.17279395
12.04699157
11.92723409
11.81393559
11.70667075
11.60495873
11.50831819
11.41626778
11.32832613
11.24401188
11.16284364
11.08434008
11.00801981
10.93340151
10.86000376
10.78734523
10.71494466
10.64232491
10.56918584
10.49546196
10.42110327
10.34605998
10.27028223
10.19372024
10.11632415
10.0380442
9.958830504
9.878633281
9.797402715
9.71508897
9.631642228
9.547012764
9.461154374
9.374170586
9.28636355
9.19804864
9.109541262
9.021156844
8.933210833
8.846018681
8.759895837
8.675157719
8.592119784
8.511097494
8.432406252
8.356361533
8.283278622
8.21346518
8.146907022
8.083163176
8.021764287
7.962240811
7.904123175
7.846941793
7.790227129
7.733509601
7.676319639
7.618187695
7.558644152
7.49721949
7.43344416
7.366848769
7.296975968
7.223873441
7.148258419
7.070892659
6.992538273
6.913957388
6.835912139
6.75916463
6.68447701
6.612611392
6.544329893
6.480394646
6.421567802
6.368611441
6.322287323
6.283334454
6.251535574
6.225405989
6.20337647
6.183877216
6.165338394
6.146190164
6.124862699
6.099786147
6.069390683
6.032106461
5.986363667
5.930592436
5.863222988
5.782686079
5.687450365
5.577574868
5.455226323
5.322712169
5.182340724
5.036420478
4.887259817
4.737167155
4.588450953
4.443419606
4.304381565
4.17364535
4.053521032
3.945924936
3.850649004
3.766745951
3.693268935
3.629271252
3.573806256
3.525927312
3.484687753
3.449140936
3.418340209
3.391338938
3.367190442
3.344948085
3.323665203
3.302394769
3.280282909
3.25697907
3.232307617
3.206092889
3.178159138
3.148330631
3.11643162
3.082286382
3.045719205
3.006554336
2.964616043
2.919728592
2.871716238
2.820403253
2.765613455
2.707290015
2.646022211
2.582623572
2.517907669
2.452687933
2.387777796
2.323990732
2.262140214
2.203039665
2.147502541
2.096342343
2.050372498
2.010406453
1.977257748
1.951740547
1.934441294
1.924711436
1.921473877
1.92365167
1.930167929
1.939945826
1.951908506
1.964979059
1.978080681
1.990136496
2.00006964
2.00680325
2.00926051
2.006364466
1.997037583
1.980437804
1.957002088
1.927610739
1.893143934
1.85448183
1.812504523
1.768092147
1.722124841
1.675482699
1.629045877
1.583694479
1.540308617
1.499768448
1.462954103
1.430746292
1.403818244
1.381714697
1.363589702
1.348597218
1.335891407
1.324626289
1.313956031
1.303034682
1.291016335
1.277055122
1.26030514
1.239920455
1.215055176
1.184863364
1.148498583
1.105348789
1.056079418
1.001797905
0.943611601
0.882627868
0.819953996
0.756697345
0.693965226
0.632864951
0.57450387
0.519989296
0.470428432
0.426911454
0.389828385
0.358642422
0.332753965
0.311563225
0.294470422
0.280875703
0.270179322
0.261781466
0.255082334
0.249482131
0.244381073
0.239179353
0.233277138
0.226074762
0.216982464
0.205821781
0.192958461
0.178795233
0.163734917
0.148180314
0.132534237
0.117199488
0.102578915
0.089075299
0.077091511
0.067030298
0.059294528
0.054287
0.052410485
0.054058604
0.059250363
0.067509029
0.078324166
0.091185265
0.105581813
0.121003297
0.136939206
0.152879041
0.168312258
0.182728363
0.195616859
0.206467201
0.214768918
0.220011515
0.22169365
0.21968739
0.214358789
0.206107535
0.195333429
0.182436226
0.167815682
0.151871603
0.135003746
0.117611886
0.100095778
0.08285523
0.066290017
0.050799882
0.036784609
0.024641956
0.014687748
0.007129332
0.002166752
0
0.000829028
0.004853843
0.01227445
0.023290821
0.038102928
0.056910779
0.079914381
0.107313706
0.139308727
0.176099435
0.217871078
0.264212112
0.313921338
0.365743751
0.41842416
0.470707484
0.521338559
0.569062307
0.612623549
0.650767155
0.682238047
0.705781048
0.720141064
0.724062919
0.716291604
0.695606633
0.662193771
0.618098578
0.565493828
0.506552432
0.443447304
0.378351329
0.313437388
0.250878416
0.192847297
0.141516932
0.099060213
0.067650156
0.049060576
0.042864105
0.047877344
0.062916314
0.086796999
0.118335399
0.156347517
0.199649372
0.247056913
0.297386196
0.349453224
0.402073948
0.45406444
0.504240654
0.551418622
0.594613191
0.633937104
0.669879953
0.702931627
0.733582034
0.762321047
0.789638641
0.816024692
0.84196909
0.867961778
0.89449265
0.922051596
0.951128579
0.982213456
1.015796141
1.052279165
1.091582275
1.133459606
1.177665135
1.223952819
1.272076668
1.321790658
1.37284873
1.425004895
1.478013096
1.531627326
1.585601564
1.639689822
1.69364601
1.747224166
1.800243952
1.852888099
1.905463897
1.958278695
2.01163991
2.065854914
2.121231091
2.178075813
2.236696517
2.29740054
2.360495286
2.426288145
2.495086487
2.567197734
2.642929222
2.72251705
2.805802676
2.892492467
2.982292532
3.074909055
3.170048155
3.267416005
3.366718755
3.467662577
3.569953593
3.67329799
3.777401889
3.88197148
3.986712897
4.091332222
4.195445971
4.298174095
4.398466482
4.495272901
4.587542988
4.67422651
4.754273155
4.826632634
4.890254675
4.944088935
4.98708518
5.018193102
5.036362415
5.040542854
5.029684464
5.003157592
4.962662958
4.910699169
4.849765697
4.782362121
4.710987977
4.638142798
4.566326149
4.498037605
4.435776694
4.382042963
4.339336079
4.310122771
4.295546069
4.29499963
4.307756422
4.333089604
4.370272292
4.418577622
4.477278727
4.545648765
4.622960821
4.708488099
4.801503685
4.901280718
5.007092389
5.118211779
5.233913205
5.353516914
5.476404018
5.60195975
5.729569402
5.858618251
5.988491532
6.118574549
6.248252553
6.376910795
6.503934575
6.628709149
6.750619786
6.869051737
6.983390269
7.093033482
7.197897995
7.298585532
7.395745125
7.49002577
7.582076388
7.672545993
7.762083562
7.851338024
7.940958374
8.031593579
8.123892625
8.218504458
8.316078076
8.417262463
8.522694771
8.632534042
8.746307712
8.863499525
8.983593354
9.106073001
9.23042235
9.356125227
9.48266547
9.60952693
9.736193454
9.862148863
9.986877042
10.10986183
10.23058702
10.34854662
10.46364437
10.57632539
10.68707219
10.79636725
10.904693
11.01253192
11.12036649
11.22867912
11.33795231
11.44866851
11.56131018
11.67635978
11.7942998
11.9156127
12.04077342
12.16995309
12.30292146
12.43942052
12.57919231
12.72197886
12.86752226
13.01556454
13.1658477
13.31811385
13.47210501
13.62756323
13.78423057
13.94184907
14.10016079
14.25890137
14.41754769
14.57523466
14.73107357
14.88417577
15.03365264
15.17861548
15.31817564
15.45144447
15.57753334
15.69555357
15.80461652
15.90383352
15.99231593
16.069175
16.13355494
16.18592464
16.22850386
16.26363306
16.29365256
16.32090268
16.34772374
16.37645612
16.40944007
16.44901596
16.49752411
16.5573048
16.6306981
16.71960478
16.82349206
16.94099353
17.07074185
17.21136975
17.36150986
17.51979484
17.68485734
17.85533005
18.0298456
18.20703667
18.3855359
18.56397598
18.74098956
18.91520942
19.08548226
19.25183921
19.41471722
19.57455375
19.73178616
19.8868519
20.0401884
20.19223309
20.34342335
20.49419666
20.64499041
20.79624204
20.94838899
21.10186865
21.25711847
21.41451171
21.57406721
21.73568217
21.89925375
22.06467904
22.23185516
22.40067925
22.57104842
22.74285978
22.91601045
23.09039757
23.26591825
23.44246961
23.61994878
23.79825287
23.97728292
24.15696157
24.33721888
24.51798488
24.69918965
24.88076324
25.06263569
25.2447371
25.42699748
25.60934692
25.79171546
25.97403317
26.15623012
26.33823638
26.51998197
26.7014793
26.88319534
27.06575301
27.2497754
27.43588564
27.62470677
27.8168619
28.01297417
28.21366659
28.41956234
28.63128445
28.84945607
29.07470024
29.3076401
29.54889886
29.79873772
30.05542253
30.31653367
30.57965098
30.84235423
31.10222331
31.356838
31.60377815
31.84062364
32.06495422
32.27434976
32.46639013
32.63865511
32.78872452
32.91417773
33.01338529
33.08907172
33.14545883
33.1867695
33.21722644
33.24105249
33.26247043
33.28570302
33.31497302
33.35450328
33.40851652
33.48123539
33.57682078
33.69692318
33.83987187
34.00376942
34.18671815
34.38682037
34.60217839
34.83089448
35.07107096
35.3208101
35.57821421
35.84138562
36.10842658
36.37743941
36.64652652
36.91381043
37.17823772
37.43984512
37.69874362
37.95504436
38.20885853
38.46029725
38.7094717
38.95649297
39.20147229
39.44452077
39.68574954
39.9252698
40.16319269
40.39962935
40.63469225
40.86854571
41.10142278
41.33356126
41.56519883
41.79657329
42.02792239
42.25948384
42.4914954
42.72419487
42.95781996
43.19260842
43.42879805
43.66662654
43.90633163
44.1481469
44.39213392
44.63812673
44.88594388
45.13540393
45.38632544
45.63852694
45.89182695
46.14604406
46.40099675
46.65650361
46.91238316
47.168454
47.42453458
47.68044356
47.93600676
48.19134673
48.44697898
48.70344554
48.96128856
49.22105024
49.48327267
49.74849805
50.01726854
50.29012629
50.56761344
50.85027217
51.13864464
51.43327299
51.73469913
52.04343617
52.35880934
52.67857089
53.00036688
53.32184293
53.64064469
53.95441775
54.26080773
54.55746026
54.84202094
55.11213539
55.36544926
55.59960812
55.81225771
56.00104422
56.16368421
56.30079675
56.41684471
56.51655029
56.60463662
56.68582693
56.76484456
56.8464127
56.93525466
57.03609365
57.153653
57.29265611
57.45782899
57.65301536
57.87727012
58.1279878
58.40256324
58.69839158
59.01286803
59.34338774
59.68734593
60.04213776
60.40515842
60.77380313
61.14546703
61.51754532
61.88743312
62.25252428
62.61059531
62.96149539
63.30579324
63.64405737
63.97685605
64.30475763
64.62833043
64.94814274
65.2647629
65.57875921
65.8907
66.20115357
66.51068824
66.81987237
67.12927444
67.43941726
67.75057687
68.06294351
68.37670749
68.69205905
69.00918853
69.32828624
69.64954247
69.97314749
70.29929167
70.62816526
70.9599586
71.29486198
71.63306576
71.97476074
72.32001341
72.66821916
73.01854002
73.37013805
73.72217537
74.07381419
74.42421665
74.7725449
75.11796111
75.45962747
75.79670609
76.12835914
76.45374881
76.77203715
77.08238491
77.3842717
77.67889482
77.96804992
78.25353216
78.53713657
78.82065817
79.10589199
79.39463301
79.68867628
79.98981683
80.29984966
80.62056979
80.95377223
81.30125229
81.66480802
82.04558073
82.44117956
82.84798202
83.26236657
83.68071209
84.09939748
84.51480163
84.92330342
85.32128175
85.70511553
86.07118365
86.415865
86.73553846
87.02658247
87.28537035
87.50940072
87.70221345
87.86945722
88.01677878
88.14982416
88.27423941
88.39567048
88.51976341
88.6521642
88.79851883
88.96447324
89.15567189
89.37767857
89.63264629
89.91820552
90.23168642
90.57041691
90.93172468
91.31293747
91.71138296
92.12438887
92.54928289
92.98339274
93.42404611
93.86857073
94.31429435
94.7585452
95.19867927
95.633226
96.06227107
96.48600328
96.90461232
97.31828789
97.7272197
98.13159747
98.53161094
98.92744982
99.31930386
99.70736276
100.0918162
100.4728541
100.850666
101.2254457
101.5975512
101.9675581
102.3360566
102.703637
103.0708896
103.4384046
103.8067723
104.176583
104.5484271
104.9228947
105.3005762
105.6820618
106.0679418
106.4588064
106.8552348
107.2573507
107.6646734
108.0766822
108.4928562
108.9126743
109.3356154
109.7611586
110.1887827
110.6179668
111.0481898
111.4789306
111.9096684
112.3398819
112.7690505
113.1966653
113.622721
114.0478809
114.4728523
114.8983428
115.3250603
115.7537124
116.185007
116.6196517
117.0583543
117.5018225
117.9507642
118.4058869
118.8678985
119.3375059
119.8153852
120.3008899
120.7916184
121.2850539
121.778678
122.2699727
122.7564197
123.2355008
123.7046978
124.1614924
124.6033665
125.0278019
125.4322802
125.8142835
126.1712951
126.5008677
126.8035102
127.0836545
127.3459907
127.5952114
127.8360094
128.0730774
128.3111082
128.5547946
128.8088295
129.0779056
129.3667163
129.6799601
130.021458
130.3903655
130.7841999
131.2004806
131.6367282
132.0904631
132.5592056
133.0404763
133.5317956
134.0306839
134.5346617
135.0412495
135.5479676
136.0523363
136.5518731
137.0445218
137.5304893
138.0107781
138.4863892
138.9583233
139.427581
139.8951631
140.3620703
140.8293031
141.2978622
141.7687485
142.2429624
142.7215047
143.2053763
143.6955792
144.1929035
144.6970137
145.2071787
145.7226679
146.242751
146.7666977
147.2937778
147.8232608
148.3544165
148.8865146
149.4188247
149.9506167
150.48116
151.0097244
151.5355787
152.0581281
152.577503
153.0940884
153.608269
154.1204295
154.6309543
155.140228
155.6486353
156.1565606
156.6643885
157.1725037
157.6812906
158.1911338
158.7024179
159.2155282
159.7307676
160.2480037
160.766951
161.2873242
161.808838
162.3312071
162.8541466
163.377371
163.9005952
164.4235339
164.9459021
165.4674143
165.9877855
166.5067303
167.0239625
167.5393497
168.0535769
168.5676161
169.0824391
169.5990174
170.1183226
170.6413261
171.1689996
171.7023145
172.2422424
172.7897548
173.3458233
173.9114194
174.487515
175.0750852
175.6745881
176.2837392
176.8992893
177.5179909
178.1365972
178.7518611
179.3605357
179.9593739
180.545129
181.1145538
181.6644015
182.1914251
182.6923776
183.1640114
183.6030718
184.0074062
184.3807066
184.7287208
185.0571929
185.3718661
185.6784835
185.9827883
186.2905235
186.6074322
186.9392577
187.2917428
187.6706284
188.0815728
188.5266683
189.0032755
189.5084446
190.0392225
190.5926557
191.1657909
191.7556746
192.3593533
192.9738738
193.5962825
194.2236262
194.8529513
195.4813045
196.1057335
196.7233253
197.3328606
197.9353682
198.5320242
199.1240063
199.7124925
200.2986605
200.8836883
201.4687537
202.0550345
202.6437086
203.2359539
203.8329483
204.4358696
205.045895
205.6641809
206.2909805
206.925348
207.5662593
208.2126893
208.8636128
209.5180048
210.17484
210.8330933
211.4917396
212.1497538
212.8061107
213.4597851
214.109752
214.7549867
215.3944795
216.0278724
216.6556722
217.2784423
217.8967467
218.5111496
219.1222151
219.7305073
220.3365902
220.941028
221.5443849
222.1472248
222.750112
223.3536104
223.9582844
224.5646987
225.1734522
225.7851885
226.4005541
227.0201958
227.6447602
228.2748938
228.9112433
229.5544554
230.2051768
230.8640539
231.5317335
232.2088622
232.8960867
233.5940525
234.3033672
235.0229999
235.7497461
236.4802582
237.2111872
237.9391841
238.6608997
239.3729849
240.0720906
240.7548678
241.4179673
242.05804
242.6717369
243.255709
243.8066092
244.3211834
244.8001325
245.2494041
245.675292
246.0840935
246.4821058
246.8756263
247.2709521
247.6743808
248.0922097
248.5307361
248.9962578
249.4950792
250.0323159
250.6067338
251.2148755
251.8532866
252.5185132
253.2071019
253.915599
254.6405508
255.3785038
256.1260043
256.8795987
257.6358334
258.3912547
259.1424089
259.8858392
260.6186391
261.3408463
262.0535279
262.7577501
263.4545786
264.1450791
264.8303173
265.5113589
266.1892696
266.865115
267.539961
268.2148731
268.8909172
269.5691588
270.2506645
270.9363841
271.6266443
272.3215539
273.021222
273.7257575
274.4352697
275.1498677
275.8696605
276.5947573
277.3252671
278.0612992
278.8029626
279.5503665
280.3036199
281.0628327
281.827989
282.5983987
283.3731364
284.1512769
284.9318951
285.7140659
286.4968641
287.2793646
288.0606424
288.8397723
289.6158291
290.3878878
291.1550233
291.9163103
292.6708225
293.4179267
294.1585697
294.8942483
295.6264594
296.3566992
297.0864644
297.8172513
298.5505564
299.2878762
300.0307072
300.7805457
301.5388883
302.3072315
303.0870719
303.8799088
304.686609
305.5046318
306.3302498
307.1597366
307.9893659
308.8154114
309.634147
310.4418463
311.2347834
312.0092318
312.7614655
313.4877581
314.1843835
314.8476151
315.4737217
316.0602712
316.6118508
317.1354883
317.6382105
318.1270433
318.6090127
319.0911447
319.5804653
320.0840005
320.6087763
321.1618185
321.7501519
322.3806925
323.0558378
323.7719989
324.5251852
325.311404
326.1266625
326.9669679
327.8283273
328.7067478
329.5982367
330.4988011
331.4044481
332.311185
333.2150189
334.1119575
334.9980585
335.8714516
336.733011
337.5837957
338.4248652
339.2572796
340.0820984
340.9003815
341.7131888
342.5215799
343.3266147
344.1293531
344.9308547
345.7321794
346.5343869
347.3385272
348.1452518
348.954684
349.7669116
350.5820221
351.4001034
352.2212429
353.0455283
353.8730472
354.7038872
355.538136
356.3758813
357.2172105
358.0622114
358.9109716
359.7635741
360.6199148
361.4796419
362.3423866
363.2077803
364.0754543
364.94504
365.8161686
366.6884714
367.5615797
368.4351249
369.3087382
370.182051
371.0546945
371.9263003
372.7965121
373.6654877
374.5340647
375.403127
376.2735584
377.146243
378.0220647
378.9019075
379.7866553
380.677192
381.5744016
382.4791681
383.3923754
384.3149075
385.2476481
386.191438
387.1453641
388.1061915
389.0705279
390.0349801
390.9961556
391.9506611
392.8951041
393.8260915
394.7402304
395.634128
396.5043914
397.3476277
398.160444
398.9394479
399.6813464
400.386908
401.0622753
401.7139569
402.3484621
402.9723002
403.5919804
404.214012
404.8449044
405.4911668
406.1593086
406.8558391
407.5872686
408.3589241
409.1696306
410.015975
410.8945427
411.8019197
412.7346915
413.6894439
414.6627626
415.6512333
416.6514417
417.6599736
418.6734146
419.6883506
420.7013672
421.7090498
422.7085001
423.6996617
424.6834551
425.6608014
426.6326221
427.5998381
428.5633709
429.5241415
430.4830713
431.4410814
432.399093
433.3580275
434.3188059
435.2823496
436.2495798
437.2212754
438.1974306
439.1777701
440.1620184
441.1498999
442.141139
443.1354602
444.1325879
445.1322465
446.1341606
447.1380545
448.1436528
449.1506799
450.1588602
451.1679181
452.177629
453.1880477
454.1993255
455.2116136
456.2250633
457.2398257
458.2560522
459.273894
460.2935022
461.3150282
462.3386233
463.3644385
464.3926253
465.4233348
466.4567183
467.4928768
468.5316337
469.5727171
470.615855
471.6607755
472.7072066
473.7548764
474.803513
475.8528443
476.9025985
477.9525036
479.0022876
480.0516786
481.1004047
482.1481939
483.1949058
484.2411268
485.2876926
486.335439
487.385202
488.4378174
489.4941212
490.5549493
491.6211375
492.6935219
493.7729382
494.8602225
495.9562106
497.0617384
498.1776415
499.3041892
500.4385135
501.5766718
502.7147205
503.8487156
504.9747135
506.0887703
507.1869423
508.2652857
509.3198567
510.3467115
511.3419063
512.3014974
513.2215411
514.0980947
514.9286495
515.7186474
516.4762526
517.2096321
517.9269533
518.6363834
519.3460897
520.0642396
520.7990004
521.5585394
522.3510239
523.1846216
524.067373
525.0022019
525.9852711
527.0122763
528.078914
529.1808808
530.313873
531.4735874
532.6557203
533.8559684
535.070028
536.2935959
537.5223684
538.7520422
539.9783135
541.19693
542.4056978
543.6051433
544.7959807
545.978924
547.1546871
548.3239838
549.4875284
550.6460344
551.8002161
552.9507873
554.098462
555.2439541
556.3879775
557.5312463
558.674469
559.8181387
560.9624634
562.1076316
563.2538318
564.4012524
565.5500819
566.7005088
567.8527216
569.0069087
570.1632586
571.3219599
572.4832009
573.6471702
574.8140563
575.9840434
577.1571475
578.3331618
579.5118642
580.6930326
581.8764449
583.0618791
584.2491131
585.4379249
586.6280922
587.8193932
589.0116057
590.2045076
591.3978769
592.5914915
593.7851394
594.9790152
596.1738505
597.3704144
598.5694757
599.771803
600.9781653
602.1893314
603.40607
604.6291501
605.8593404
607.0974098
608.344127
609.6002609
610.8665806
612.143808
613.4307849
614.7238672
616.0192396
617.3130867
618.6015934
619.8809446
621.147325
622.3969195
623.6259128
624.8304898
626.0068353
627.1511341
628.259571
629.3283307
630.3537175
631.3368687
632.2853091
633.2070034
634.1099161
635.0020115
635.8912541
636.7856081
637.6930379
638.621508
639.5789828
640.5734264
641.6128031
642.70359
643.8440446
645.0296055
646.2557083
647.517789
648.811283
650.1316263
651.4742545
652.8346033
654.2081085
655.5902059
656.9763311
658.3619199
659.742408
661.1132311
662.4705069
663.8141176
665.1452373
666.4650416
667.7747058
669.0754053
670.3683156
671.6546121
672.9354703
674.2120655
675.4855732
676.7571688
678.0280279
679.2993256
680.5722377
681.847834
683.1266021
684.4088302
685.6948058
686.9848168
688.2791508
689.5780955
690.8819388
692.1909683
693.5054717
694.8257369
696.1520515
697.4847033
698.82398
700.1701694
701.5234298
702.883206
704.2486975
705.6191037
706.993624
708.3714578
709.7518045
711.1338634
712.516834
713.8999156
715.2823077
716.6632096
718.0418208
719.4173406
720.7889681
722.156177
723.5199482
724.8817815
726.2431771
727.6056352
728.9706557
730.3397391
731.7143852
733.0960944
734.4863667
735.8867023
737.2986013
738.7235638
740.1630902
741.6186816
743.0910805
744.5768733
746.0712131
747.5692526
749.0661444
750.5570412
752.037096
753.5014612
754.9452898
756.3637344
757.7519478
759.1050827
760.4182919
761.6867278
762.9055402
764.0715271
765.1904932
766.2713541
767.3230257
768.3544239
769.3744642
770.3920625
771.4161344
772.4555956
773.5193619
774.6163488
775.7554712
776.9455083
778.1896748
779.4838172
780.8232837
782.2034208
783.6195752
785.0670931
786.541321
788.0376054
789.5512927
791.0777294
792.6122619
794.1502366
795.6870001
797.2178994
798.7383417
800.2462258
801.7427494
803.2293329
804.7073976
806.1783648
807.6436558
809.1046921
810.5628948
812.0196854
813.4764852
