0.00000825544568163073 
0.00000823045940850713 
0.00000820547313538353 
0.00000818048686225993 
0.00000815550058913633 
0.00000813051431601273 
0.00000810552804288912 
0.00000808054176976552 
0.00000805555549664192 
0.00000803056922351832 
0.00000800558295039472 
0.00000798059667727112 
0.00000795561040414752 
0.00000793062413102392 
0.00000790563785790032 
0.00000788065158477672 
0.00000785566531165312 
0.00000783067903852952 
0.00000780569276540592 
0.00000778070649228231 
0.00000775572021915871 
0.00000773073394603511 
0.00000770574767291151 
0.00000768076139978791 
0.00000765577512666431 
0.00000763078885354071 
0.00000760580258041711 
0.00000758081630729351 
0.00000755583003416991 
0.00000753084376104631 
0.00000750585748792271 
0.00000748087121479911 
0.00000745588494167550 
0.00000743089866855190 
0.00000740591239542830 
0.00000738092612230470 
0.00000735593984918110 
0.00000733095357605750 
0.00000730596730293390 
0.00000728098102981030 
0.00000725599475668670 
0.00000723100848356310 
0.00000720602221043950 
0.00000718103593731590 
0.00000715604966419229 
0.00000713106339106869 
0.00000710607711794509 
0.00000708109084482149 
0.00000705610457169789 
0.00000703111829857429 
0.00000700613202545069 
0.00000698114575232709 
0.00000695615947920349 
0.00000693117320607989 
0.00000690618693295629 
0.00000688120065983269 
0.00000685621438670909 
0.00000683122811358548 
0.00000680624184046188 
0.00000678125556733828 
0.00000675626929421468 
0.00000673128302109108 
0.00000670629674796748 
0.00000668131047484388 
0.00000665632420172028 
0.00000663133792859668 
0.00000660635165547308 
0.00000658136538234948 
0.00000655637910922588 
0.00000653139283610227 
0.00000650640656297867 
0.00000648142028985507 
0.00000645643401673147 
0.00000643144774360787 
0.00000640646147048427 
0.00000638147519736067 
0.00000635648892423707 
0.00000633150265111347 
0.00000630651637798987 
0.00000628153010486627 
0.00000625654383174267 
0.00000623155755861907 
0.00000620657128549547 
0.00000618158501237186 
0.00000615659873924826 
0.00000613161246612466 
0.00000610772764227642 
0.00000608384281842819 
0.00000605995799457995 
0.00000603607317073171 
0.00000601218834688347 
0.00000598830352303523 
0.00000596441869918699 
0.00000594053387533876 
0.00000591664905149052 
0.00000589276422764228 
0.00000586887940379404 
0.00000584499457994580 
0.00000582110975609756 
0.00000579722493224932 
0.00000577334010840109 
0.00000568834417344174 
0.00000560334823848239 
0.00000551835230352304 
0.00000543335636856369 
0.00000534836043360434 
0.00000526336449864499 
0.00000517836856368564 
0.00000509337262872629 
0.00000500837669376694 
0.00000492338075880759 
0.00000483838482384824 
0.00000475338888888889 
0.00000466839295392954 
0.00000458339701897019 
0.00000449840108401084 
0.00000480118292682927 
0.00000510396476964770 
0.00000540674661246613 
0.00000570952845528455 
0.00000601231029810298 
0.00000631509214092141 
0.00000661787398373984 
0.00000692065582655827 
0.00000722343766937669 
0.00000752621951219512 
0.00000782900135501355 
0.00000813178319783198 
0.00000843456504065041 
0.00000873734688346883 
0.00000904012872628726 
0.00000905002168021680 
0.00000905991463414634 
0.00000906980758807588 
0.00000907970054200542 
0.00000908959349593496 
0.00000909948644986450 
0.00000910937940379404 
0.00000911927235772358 
0.00000912916531165312 
0.00000913905826558266 
0.00000914895121951220 
0.00000915884417344174 
0.00000916873712737128 
0.00000917863008130082 
0.00000918852303523035 
0.00000914708265582656 
0.00000910564227642277 
0.00000906420189701897 
0.00000902276151761518 
0.00000898132113821138 
0.00000893988075880759 
0.00000889844037940379 
0.00000885700000000000 
0.00000881555962059621 
0.00000877411924119241 
0.00000873267886178862 
0.00000869123848238482 
0.00000864979810298103 
0.00000860835772357724 
0.00000856691734417344 
0.00000875936585365854 
0.00000895181436314363 
0.00000914426287262873 
0.00000933671138211382 
0.00000952915989159892 
0.00000972160840108401 
0.00000991405691056911 
0.00001010650542005420 
0.00001029895392953930 
0.00001049140243902440 
0.00001068385094850950 
0.00001087629945799460 
0.00001106874796747970 
0.00001126119647696480 
0.00001145364498644990 
0.00001144672170106320 
0.00001143979841567650 
0.00001143287513028980 
0.00001142595184490310 
0.00001141902855951640 
0.00001141210527412970 
0.00001140518198874300 
0.00001139825870335630 
0.00001139133541796960 
0.00001138441213258290 
0.00001137748884719620 
0.00001137056556180950 
0.00001136364227642280 
0.00001135671899103610 
0.00001134979570564940 
0.00001134287242026270 
0.00001133594913487600 
0.00001132902584948930 
0.00001132210256410260 
0.00001131517927871590 
0.00001130825599332920 
0.00001130133270794250 
0.00001129440942255580 
0.00001128748613716910 
0.00001128056285178240 
0.00001127363956639570 
0.00001126671628100900 
0.00001125979299562230 
0.00001125286971023560 
0.00001124594642484890 
0.00001123902313946220 
0.00001123209985407550 
0.00001122517656868880 
0.00001121825328330210 
0.00001121132999791540 
0.00001120440671252870 
0.00001119748342714200 
0.00001119056014175530 
0.00001118363685636860 
0.00001117671357098190 
0.00001116979028559520 
0.00001116286700020850 
0.00001115594371482180 
0.00001114902042943510 
0.00001114209714404840 
0.00001113517385866170 
0.00001112825057327500 
0.00001112132728788830 
0.00001111440400250160 
0.00001110748071711490 
0.00001110055743172820 
0.00001109363414634150 
0.00001108671086095480 
0.00001107978757556810 
0.00001107286429018140 
0.00001106594100479470 
0.00001105901771940800 
0.00001105209443402130 
0.00001104517114863460 
0.00001103824786324790 
0.00001103132457786120 
0.00001102440129247450 
0.00001101747800708780 
0.00001101055472170110 
0.00001100363143631440 
0.00001099670815092770 
0.00001098978486554100 
0.00001098286158015430 
0.00001097593829476760 
0.00001096901500938090 
0.00001096209172399420 
0.00001095516843860750 
0.00001094824515322080 
0.00001094132186783410 
0.00001093439858244740 
0.00001092747529706070 
0.00001092055201167400 
0.00001091362872628730 
0.00001090670544090060 
0.00001089978215551390 
0.00001089285887012720 
0.00001088593558474050 
0.00001087901229935380 
0.00001087208901396710 
0.00001086516572858040 
0.00001085824244319370 
0.00001085131915780700 
0.00001084439587242030 
0.00001083747258703360 
0.00001083054930164690 
0.00001082362601626020 
0.00001081670273087350 
0.00001080977944548680 
0.00001080285616010010 
0.00001079593287471340 
0.00001078900958932670 
0.00001078208630394000 
0.00001077516301855330 
0.00001076823973316660 
0.00001076131644777990 
0.00001075439316239320 
0.00001074746987700650 
0.00001074054659161980 
0.00001073362330623310 
0.00001072670002084640 
0.00001071977673545970 
0.00001071285345007300 
0.00001070593016468630 
0.00001069900687929960 
0.00001069208359391290 
0.00001068516030852620 
0.00001067823702313950 
0.00001067131373775280 
0.00001066439045236610 
0.00001065746716697940 
0.00001065054388159270 
0.00001064362059620600 
0.00001063669731081930 
0.00001062977402543260 
0.00001062285074004590 
0.00001061592745465920 
0.00001060900416927250 
0.00001060208088388580 
0.00001059515759849910 
0.00001058823431311240 
0.00001058131102772570 
0.00001057438774233900 
0.00001056746445695230 
0.00001056054117156560 
0.00001055361788617890 
0.00001055106639566400 
0.00001054851490514910 
0.00001054596341463410 
0.00001054341192411920 
0.00001054086043360430 
0.00001053830894308940 
0.00001053575745257450 
0.00001053320596205960 
0.00001053065447154470 
0.00001052810298102980 
0.00001052555149051490 
0.00001052300000000000 
0.00001052044850948510 
0.00001051789701897020 
0.00001051534552845530 
0.00001050001626016260 
0.00001048468699186990 
0.00001046935772357720 
0.00001045402845528460 
0.00001043869918699190 
0.00001042336991869920 
0.00001040804065040650 
0.00001039271138211380 
0.00001037738211382110 
0.00001036205284552850 
0.00001034672357723580 
0.00001033139430894310 
0.00001031606504065040 
0.00001030073577235770 
0.00001028540650406500 
0.00001020341056910570 
0.00001012141463414630 
0.00001003941869918700 
0.00000995742276422764 
0.00000987542682926829 
0.00000979343089430894 
0.00000971143495934959 
0.00000962943902439024 
0.00000954744308943089 
0.00000946544715447154 
0.00000938345121951220 
0.00000930145528455285 
0.00000921945934959350 
0.00000913746341463415 
0.00000905546747967480 
0.00000895702710027100 
0.00000885858672086721 
0.00000876014634146341 
0.00000866170596205962 
0.00000856326558265583 
0.00000846482520325203 
0.00000836638482384824 
0.00000826794444444444 
0.00000816950406504065 
0.00000807106368563686 
0.00000797262330623306 
0.00000787418292682927 
0.00000777574254742548 
0.00000767730216802168 
0.00000757886178861789 
0.00000761097696476965 
0.00000764309214092141 
0.00000767520731707317 
0.00000770732249322493 
0.00000773943766937669 
0.00000777155284552846 
0.00000780366802168022 
0.00000783578319783198 
0.00000786789837398374 
0.00000790001355013550 
0.00000793212872628726 
0.00000796424390243902 
0.00000799635907859079 
0.00000802847425474255 
0.00000806058943089431 
0.00000836326016260163 
0.00000866593089430894 
0.00000896860162601626 
0.00000927127235772358 
0.00000957394308943089 
0.00000987661382113821 
0.00001017928455284550 
0.00001048195528455280 
0.00001078462601626020 
0.00001108729674796750 
0.00001138996747967480 
0.00001169263821138210 
0.00001199530894308940 
0.00001229797967479670 
0.00001260065040650410 
0.00001291437427830800 
0.00001322809815011190 
0.00001354182202191590 
0.00001385554589371980 
0.00001416926976552370 
0.00001448299363732770 
0.00001479671750913160 
0.00001511044138093550 
0.00001542416525273950 
0.00001573788912454340 
0.00001605161299634740 
0.00001636533686815130 
0.00001667906073995520 
0.00001699278461175920 
0.00001730650848356310 
0.00001762023235536700 
0.00001793395622717100 
0.00001824768009897490 
0.00001856140397077880 
0.00001887512784258280 
0.00001918885171438670 
0.00001950257558619060 
0.00001981629945799460 
0.00002013002332979850 
0.00002044374720160250 
0.00002075747107340640 
0.00002107119494521030 
0.00002138491881701430 
0.00002169864268881820 
0.00002201236656062210 
0.00002232609043242610 
0.00002263981430423000 
0.00002295353817603390 
0.00002326726204783790 
0.00002358098591964180 
0.00002389470979144570 
0.00002420843366324970 
0.00002452215753505360 
0.00002483588140685750 
0.00002514960527866150 
0.00002546332915046540 
0.00002577705302226930 
0.00002609077689407330 
0.00002640450076587720 
0.00002671822463768120 
0.00002703194850948510 
0.00002734567238128900 
0.00002765939625309300 
0.00002797312012489690 
0.00002828684399670080 
0.00002860056786850480 
0.00002891429174030870 
0.00002922801561211260 
0.00002954173948391660 
0.00002985546335572050 
0.00003016918722752440 
0.00003048291109932840 
0.00003079663497113230 
0.00003111035884293630 
0.00003142408271474020 
0.00003173780658654410 
0.00003205153045834810 
0.00003236525433015200 
0.00003267897820195590 
0.00003299270207375990 
0.00003330642594556380 
0.00003362014981736770 
0.00003393387368917170 
0.00003424759756097560 
0.00003456132143277950 
0.00003487504530458350 
0.00003518876917638740 
0.00003550249304819140 
0.00003581621691999530 
0.00003612994079179920 
0.00003644366466360320 
0.00003675738853540710 
0.00003707111240721100 
0.00003738483627901500 
0.00003769856015081890 
0.00003801228402262280 
0.00003832600789442680 
0.00003863973176623070 
0.00003895345563803460 
0.00003926717950983860 
0.00003958090338164250 
0.00003989462725344640 
0.00004020835112525040 
0.00004052207499705430 
0.00004083579886885820 
0.00004114952274066220 
0.00004146324661246610 
0.00004177697048427010 
0.00004209069435607400 
0.00004240441822787790 
0.00004271814209968190 
0.00004303186597148580 
0.00004334558984328970 
0.00004365931371509370 
0.00004397303758689760 
0.00004428676145870150 
0.00004460048533050550 
0.00004491420920230940 
0.00004522793307411330 
0.00004554165694591730 
0.00004585538081772120 
0.00004616910468952520 
0.00004648282856132910 
0.00004679655243313300 
0.00004711027630493700 
0.00004742400017674090 
0.00004773772404854480 
0.00004805144792034880 
0.00004836517179215270 
0.00004867889566395660 
0.00004988212195121950 
0.00005108534823848240 
0.00005228857452574530 
0.00005349180081300810 
0.00005469502710027100 
0.00005589825338753390 
0.00005710147967479670 
0.00005830470596205960 
0.00005950793224932250 
0.00006071115853658540 
0.00006191438482384820 
0.00006311761111111110 
0.00006432083739837400 
0.00006552406368563680 
0.00006672728997289970 
0.00006809973848238480 
0.00006947218699186990 
0.00007084463550135500 
0.00007221708401084010 
0.00007358953252032520 
0.00007496198102981030 
0.00007633442953929540 
0.00007770687804878050 
0.00007907932655826560 
0.00008045177506775070 
0.00008182422357723580 
0.00008319667208672090 
0.00008456912059620600 
0.00008594156910569110 
0.00008731401761517620 
0.00008914168834688350 
0.00009096935907859080 
0.00009279702981029810 
0.00009462470054200540 
0.00009645237127371270 
0.00009828004200542010 
0.00010010771273712700 
0.00010193538346883500 
0.00010376305420054200 
0.00010559072493224900 
0.00010741839566395700 
0.00010924606639566400 
0.00011107373712737100 
0.00011290140785907900 
0.00011472907859078600 
0.00011719252710027100 
0.00011965597560975600 
0.00012211942411924100 
0.00012458287262872600 
0.00012704632113821100 
0.00012950976964769600 
0.00013197321815718200 
0.00013443666666666700 
0.00013690011517615200 
0.00013936356368563700 
0.00014182701219512200 
0.00014429046070460700 
0.00014675390921409200 
0.00014921735772357700 
0.00015168080623306200 
0.00015380903252032500 
0.00015593725880758800 
0.00015806548509485100 
0.00016019371138211400 
0.00016232193766937700 
0.00016445016395664000 
0.00016657839024390200 
0.00016870661653116500 
0.00017083484281842800 
0.00017296306910569100 
0.00017509129539295400 
0.00017721952168021700 
0.00017934774796748000 
0.00018147597425474300 
0.00018360420054200500 
0.00018519409349593500 
0.00018678398644986500 
0.00018837387940379400 
0.00018996377235772400 
0.00019155366531165300 
0.00019314355826558300 
0.00019473345121951200 
0.00019632334417344200 
0.00019791323712737100 
0.00019950313008130100 
0.00020109302303523000 
0.00020268291598916000 
0.00020427280894308900 
0.00020586270189701900 
0.00020745259485094900 
0.00020835497089666500 
0.00020925734694238200 
0.00021015972298809900 
0.00021106209903381600 
0.00021196447507953300 
0.00021286685112525000 
0.00021376922717096700 
0.00021467160321668400 
0.00021557397926240100 
0.00021647635530811800 
0.00021737873135383500 
0.00021828110739955200 
0.00021918348344526900 
0.00022008585949098600 
0.00022098823553670300 
0.00022189061158242000 
0.00022279298762813700 
0.00022369536367385400 
0.00022459773971957100 
0.00022550011576528800 
0.00022640249181100500 
0.00022730486785672200 
0.00022820724390243900 
0.00022910961994815600 
0.00023001199599387300 
0.00023091437203959000 
0.00023181674808530700 
0.00023271912413102400 
0.00023362150017674100 
0.00023452387622245800 
0.00023542625226817500 
0.00023632862831389200 
0.00023723100435960900 
0.00023813338040532600 
0.00023903575645104300 
0.00023993813249676000 
0.00024084050854247700 
0.00024174288458819400 
0.00024264526063391100 
0.00024354763667962800 
0.00024445001272534500 
0.00024535238877106200 
0.00024625476481677900 
0.00024715714086249600 
0.00024805951690821300 
0.00024896189295393000 
0.00024986426899964700 
0.00025076664504536300 
0.00025166902109108100 
0.00025257139713679700 
0.00025347377318251400 
0.00025437614922823100 
0.00025527852527394800 
0.00025618090131966500 
0.00025708327736538200 
0.00025798565341109900 
0.00025888802945681600 
0.00025979040550253300 
0.00026069278154825000 
0.00026159515759396700 
0.00026249753363968400 
0.00026339990968540100 
0.00026430228573111800 
0.00026520466177683500 
0.00026610703782255200 
0.00026700941386826900 
0.00026791178991398600 
0.00026881416595970300 
0.00026971654200542000 
0.00027061891805113700 
0.00027152129409685400 
0.00027242367014257100 
0.00027332604618828800 
0.00027422842223400500 
0.00027513079827972200 
0.00027603317432543900 
0.00027693555037115600 
0.00027783792641687300 
0.00027874030246259000 
0.00027964267850830700 
0.00028054505455402400 
0.00028144743059974100 
0.00028234980664545800 
0.00028325218269117500 
0.00028415455873689200 
0.00028505693478260900 
0.00028595931082832600 
0.00028686168687404300 
0.00028776406291976000 
0.00028866643896547700 
0.00028956881501119400 
0.00029047119105691100 
0.00029137356710262800 
0.00029227594314834500 
0.00029317831919406200 
0.00029408069523977900 
0.00029498307128549500 
0.00029588544733121200 
0.00029678782337692900 
0.00029769019942264600 
0.00029859257546836300 
0.00029949495151408000 
0.00030039732755979700 
0.00030129970360551400 
0.00030220207965123100 
0.00030310445569694800 
0.00030400683174266500 
0.00030490920778838200 
0.00030581158383409900 
0.00030671395987981600 
0.00030761633592553300 
0.00030851871197125000 
0.00030942108801696700 
0.00031032346406268400 
0.00031122584010840100 
0.00031160584417344200 
0.00031198584823848200 
0.00031236585230352300 
0.00031274585636856400 
0.00031312586043360400 
0.00031350586449864500 
0.00031388586856368600 
0.00031426587262872600 
0.00031464587669376700 
0.00031502588075880800 
0.00031540588482384800 
0.00031578588888888900 
0.00031616589295393000 
0.00031654589701897000 
0.00031692590108401100 
0.00031717534959349600 
0.00031742479810298100 
0.00031767424661246600 
0.00031792369512195100 
0.00031817314363143600 
0.00031842259214092100 
0.00031867204065040600 
0.00031892148915989200 
0.00031917093766937700 
0.00031942038617886200 
0.00031966983468834700 
0.00031991928319783200 
0.00032016873170731700 
0.00032041818021680200 
0.00032066762872628700 
0.00032068907723577200 
0.00032071052574525700 
0.00032073197425474300 
0.00032075342276422800 
0.00032077487127371300 
0.00032079631978319800 
0.00032081776829268300 
0.00032083921680216800 
0.00032086066531165300 
0.00032088211382113800 
0.00032090356233062300 
0.00032092501084010800 
0.00032094645934959300 
0.00032096790785907900 
0.00032098935636856400 
0.00032100880487804900 
0.00032102825338753400 
0.00032104770189701900 
0.00032106715040650400 
0.00032108659891598900 
0.00032110604742547400 
0.00032112549593495900 
0.00032114494444444400 
0.00032116439295393000 
0.00032118384146341500 
0.00032120328997290000 
0.00032122273848238500 
0.00032124218699187000 
0.00032126163550135500 
0.00032128108401084000 
0.00032134508807588100 
0.00032140909214092100 
0.00032147309620596200 
0.00032153710027100300 
0.00032160110433604300 
0.00032166510840108400 
0.00032172911246612500 
0.00032179311653116500 
0.00032185712059620600 
0.00032192112466124700 
0.00032198512872628700 
0.00032204913279132800 
0.00032211313685636900 
0.00032217714092140900 
0.00032224114498645000 
0.00032244814905149100 
0.00032265515311653100 
0.00032286215718157200 
0.00032306916124661200 
0.00032327616531165300 
0.00032348316937669400 
0.00032369017344173400 
0.00032389717750677500 
0.00032410418157181600 
0.00032431118563685600 
0.00032451818970189700 
0.00032472519376693800 
0.00032493219783197800 
0.00032513920189701900 
0.00032534620596206000 
0.00032525743224932300 
0.00032516865853658500 
0.00032507988482384800 
0.00032499111111111100 
0.00032490233739837400 
0.00032481356368563700 
0.00032472478997290000 
0.00032463601626016300 
0.00032454724254742500 
0.00032445846883468800 
0.00032436969512195100 
0.00032428092140921400 
0.00032419214769647700 
0.00032410337398374000 
0.00032401460027100300 
0.00032412399080947300 
0.00032423338134794400 
0.00032434277188641500 
0.00032445216242488500 
0.00032456155296335600 
0.00032467094350182600 
0.00032478033404029700 
0.00032488972457876800 
0.00032499911511723800 
0.00032510850565570900 
0.00032521789619417900 
0.00032532728673265000 
0.00032543667727112100 
0.00032554606780959100 
0.00032565545834806200 
0.00032576484888653200 
0.00032587423942500300 
0.00032598362996347400 
0.00032609302050194400 
0.00032620241104041500 
0.00032631180157888500 
0.00032642119211735600 
0.00032653058265582700 
0.00032663997319429700 
0.00032674936373276800 
0.00032685875427123800 
0.00032696814480970900 
0.00032707753534818000 
0.00032718692588665000 
0.00032729631642512100 
0.00032740570696359100 
0.00032751509750206200 
0.00032762448804053300 
0.00032773387857900300 
0.00032784326911747400 
0.00032795265965594400 
0.00032806205019441500 
0.00032817144073288600 
0.00032828083127135600 
0.00032839022180982700 
0.00032849961234829700 
0.00032860900288676800 
0.00032871839342523900 
0.00032882778396370900 
0.00032893717450218000 
0.00032904656504065000 
0.00032915595557912100 
0.00032926534611759200 
0.00032937473665606200 
0.00032948412719453300 
0.00032959351773300300 
0.00032970290827147400 
0.00032981229880994500 
0.00032992168934841500 
0.00033003107988688600 
0.00033014047042535600 
0.00033024986096382700 
0.00033035925150229800 
0.00033046864204076800 
0.00033057803257923900 
0.00033068742311771000 
0.00033079681365618000 
0.00033090620419465100 
0.00033101559473312100 
0.00033112498527159200 
0.00033123437581006200 
0.00033134376634853300 
0.00033145315688700400 
0.00033156254742547400 
0.00033167193796394500 
0.00033178132850241500 
0.00033189071904088600 
0.00033200010957935700 
0.00033210950011782700 
0.00033221889065629800 
0.00033232828119476800 
0.00033243767173323900 
0.00033254706227171000 
0.00033265645281018000 
0.00033276584334865100 
0.00033287523388712100 
0.00033298462442559200 
0.00033309401496406300 
0.00033320340550253300 
0.00033331279604100400 
0.00033342218657947500 
0.00033353157711794500 
0.00033364096765641600 
0.00033375035819488600 
0.00033385974873335700 
0.00033396913927182800 
0.00033407852981029800 
0.00033418792034876900 
0.00033429731088723900 
0.00033440670142571000 
0.00033451609196418100 
0.00033462548250265100 
0.00033473487304112200 
0.00033484426357959200 
0.00033495365411806300 
0.00033506304465653400 
0.00033517243519500400 
0.00033528182573347500 
0.00033539121627194500 
0.00033550060681041600 
0.00033560999734888700 
0.00033571938788735700 
0.00033582877842582800 
0.00033593816896429800 
0.00033604755950276900 
0.00033615695004124000 
0.00033626634057971000 
0.00033637573111818100 
0.00033648512165665100 
0.00033659451219512200 
0.00033649707181571800 
0.00033639963143631400 
0.00033630219105691100 
0.00033620475067750700 
0.00033610731029810300 
0.00033600986991869900 
0.00033591242953929500 
0.00033581498915989200 
0.00033571754878048800 
0.00033562010840108400 
0.00033552266802168000 
0.00033542522764227600 
0.00033532778726287300 
0.00033523034688346900 
0.00033513290650406500 
0.00033516213279132800 
0.00033519135907859100 
0.00033522058536585400 
0.00033524981165311600 
0.00033527903794037900 
0.00033530826422764200 
0.00033533749051490500 
0.00033536671680216800 
0.00033539594308943100 
0.00033542516937669400 
0.00033545439566395700 
0.00033548362195122000 
0.00033551284823848200 
0.00033554207452574500 
0.00033557130081300800 
0.00033555208265582700 
0.00033553286449864500 
0.00033551364634146300 
0.00033549442818428200 
0.00033547521002710000 
0.00033545599186991900 
0.00033543677371273700 
0.00033541755555555600 
0.00033539833739837400 
0.00033537911924119200 
0.00033535990108401100 
0.00033534068292682900 
0.00033532146476964800 
0.00033530224661246600 
0.00033528302845528500 
0.00033538281029810300 
0.00033548259214092100 
0.00033558237398374000 
0.00033568215582655800 
0.00033578193766937700 
0.00033588171951219500 
0.00033598150135501400 
0.00033608128319783200 
0.00033618106504065000 
0.00033628084688346900 
0.00033638062872628700 
0.00033648041056910600 
0.00033658019241192400 
0.00033667997425474300 
0.00033677975609756100 
0.00033668031571815700 
0.00033658087533875300 
0.00033648143495935000 
0.00033638199457994600 
0.00033628255420054200 
0.00033618311382113800 
0.00033608367344173400 
0.00033598423306233100 
0.00033588479268292700 
0.00033578535230352300 
0.00033568591192411900 
0.00033558647154471500 
0.00033548703116531200 
0.00033538759078590800 
0.00033528815040650400 
0.00033538115447154500 
0.00033547415853658500 
0.00033556716260162600 
0.00033566016666666700 
0.00033575317073170700 
0.00033584617479674800 
0.00033593917886178900 
0.00033603218292682900 
0.00033612518699187000 
0.00033621819105691100 
0.00033631119512195100 
0.00033640419918699200 
0.00033649720325203300 
0.00033659020731707300 
0.00033668321138211400 
0.00033670676134087400 
0.00033673031129963500 
0.00033675386125839500 
0.00033677741121715600 
0.00033680096117591600 
0.00033682451113467700 
0.00033684806109343700 
0.00033687161105219700 
0.00033689516101095800 
0.00033691871096971800 
0.00033694226092847900 
0.00033696581088723900 
0.00033698936084600000 
0.00033701291080476000 
0.00033703646076352100 
0.00033706001072228100 
0.00033708356068104200 
0.00033710711063980200 
0.00033713066059856200 
0.00033715421055732300 
0.00033717776051608300 
0.00033720131047484400 
0.00033722486043360400 
0.00033724841039236500 
0.00033727196035112500 
0.00033729551030988600 
0.00033731906026864600 
0.00033734261022740700 
0.00033736616018616700 
0.00033738971014492800 
0.00033741326010368800 
0.00033743681006244800 
0.00033746036002120900 
0.00033748390997996900 
0.00033750745993873000 
0.00033753100989749000 
0.00033755455985625100 
0.00033757810981501100 
0.00033760165977377200 
0.00033762520973253200 
0.00033764875969129300 
0.00033767230965005300 
0.00033769585960881300 
0.00033771940956757400 
0.00033774295952633400 
0.00033776650948509500 
0.00033779005944385500 
0.00033781360940261600 
0.00033783715936137600 
0.00033786070932013700 
0.00033788425927889700 
0.00033790780923765800 
0.00033793135919641800 
0.00033795490915517800 
0.00033797845911393900 
0.00033800200907269900 
0.00033802555903146000 
0.00033804910899022000 
0.00033807265894898100 
0.00033809620890774100 
0.00033811975886650200 
0.00033814330882526200 
0.00033816685878402300 
0.00033819040874278300 
0.00033821395870154300 
0.00033823750866030400 
0.00033826105861906400 
0.00033828460857782500 
0.00033830815853658500 
0.00033833170849534600 
0.00033835525845410600 
0.00033837880841286700 
0.00033840235837162700 
0.00033842590833038800 
0.00033844945828914800 
0.00033847300824790900 
0.00033849655820666900 
0.00033852010816542900 
0.00033854365812419000 
0.00033856720808295000 
0.00033859075804171100 
0.00033861430800047100 
0.00033863785795923200 
0.00033866140791799200 
0.00033868495787675300 
0.00033870850783551300 
0.00033873205779427400 
0.00033875560775303400 
0.00033877915771179400 
0.00033880270767055500 
0.00033882625762931500 
0.00033884980758807600 
0.00033887335754683600 
0.00033889690750559700 
0.00033892045746435700 
0.00033894400742311800 
0.00033896755738187800 
0.00033899110734063900 
0.00033901465729939900 
0.00033903820725815900 
0.00033906175721692000 
0.00033908530717568000 
0.00033910885713444100 
0.00033913240709320100 
0.00033915595705196200 
0.00033917950701072200 
0.00033920305696948300 
0.00033922660692824300 
0.00033925015688700400 
0.00033927370684576400 
0.00033929725680452500 
0.00033932080676328500 
0.00033934435672204500 
0.00033936790668080600 
0.00033939145663956600 
0.00033916068292682900 
0.00033892990921409200 
0.00033869913550135500 
0.00033846836178861800 
0.00033823758807588100 
0.00033800681436314400 
0.00033777604065040700 
0.00033754526693766900 
0.00033731449322493200 
0.00033708371951219500 
0.00033685294579945800 
0.00033662217208672100 
0.00033639139837398400 
0.00033616062466124700 
0.00033592985094851000 
0.00033582374390243900 
0.00033571763685636900 
0.00033561152981029800 
0.00033550542276422800 
0.00033539931571815700 
0.00033529320867208700 
0.00033518710162601600 
0.00033508099457994600 
0.00033497488753387500 
0.00033486878048780500 
0.00033476267344173400 
0.00033465656639566400 
0.00033455045934959300 
0.00033444435230352300 
0.00033433824525745300 
0.00033437502710027100 
0.00033441180894308900 
0.00033444859078590800 
0.00033448537262872600 
0.00033452215447154500 
0.00033455893631436300 
0.00033459571815718200 
0.00033463250000000000 
0.00033466928184281800 
0.00033470606368563700 
0.00033474284552845500 
0.00033477962737127400 
0.00033481640921409200 
0.00033485319105691100 
0.00033488997289972900 
0.00033491342140921400 
0.00033493686991869900 
0.00033496031842818400 
0.00033498376693766900 
0.00033500721544715400 
0.00033503066395664000 
0.00033505411246612500 
0.00033507756097561000 
0.00033510100948509500 
0.00033512445799458000 
0.00033514790650406500 
0.00033517135501355000 
0.00033519480352303500 
0.00033521825203252000 
0.00033524170054200500 
0.00033582272682926800 
0.00033640375311653100 
0.00033698477940379400 
0.00033756580569105700 
0.00033814683197832000 
0.00033872785826558300 
0.00033930888455284600 
0.00033988991084010800 
0.00034047093712737100 
0.00034105196341463400 
0.00034163298970189700 
0.00034221401598916000 
0.00034279504227642300 
0.00034337606856368600 
0.00034395709485094800 
0.00034323341002710000 
0.00034250972520325200 
0.00034178604037940400 
0.00034106235555555600 
0.00034033867073170700 
0.00033961498590785900 
0.00033889130108401100 
0.00033816761626016300 
0.00033744393143631400 
0.00033672024661246600 
0.00033599656178861800 
0.00033527287696477000 
0.00033454919214092100 
0.00033382550731707300 
0.00033310182249322500 
0.00033313971544715400 
0.00033317760840108400 
0.00033321550135501400 
0.00033325339430894300 
0.00033329128726287300 
0.00033332918021680200 
0.00033336707317073200 
0.00033340496612466100 
0.00033344285907859100 
0.00033348075203252000 
0.00033351864498645000 
0.00033355653794037900 
0.00033359443089430900 
0.00033363232384823800 
0.00033367021680216800 
0.00033367421603629100 
0.00033367821527041400 
0.00033368221450453600 
0.00033368621373865900 
0.00033369021297278200 
0.00033369421220690500 
0.00033369821144102700 
0.00033370221067515000 
0.00033370620990927300 
0.00033371020914339600 
0.00033371420837751900 
0.00033371820761164100 
0.00033372220684576400 
0.00033372620607988700 
0.00033373020531401000 
0.00033373420454813200 
0.00033373820378225500 
0.00033374220301637800 
0.00033374620225050100 
0.00033375020148462300 
0.00033375420071874600 
0.00033375819995286900 
0.00033376219918699200 
0.00033376619842111500 
0.00033377019765523700 
0.00033377419688936000 
0.00033377819612348300 
0.00033378219535760600 
0.00033378619459172900 
0.00033379019382585100 
0.00033379419305997400 
0.00033379819229409700 
0.00033380219152822000 
0.00033380619076234200 
0.00033381018999646500 
0.00033381418923058800 
0.00033381818846471100 
0.00033382218769883300 
0.00033382618693295600 
0.00033383018616707900 
0.00033383418540120200 
0.00033383818463532500 
0.00033384218386944700 
0.00033384618310357000 
0.00033385018233769300 
0.00033385418157181600 
0.00033385818080593800 
0.00033386218004006100 
0.00033386617927418400 
0.00033387017850830700 
0.00033387417774243000 
0.00033387817697655200 
0.00033388217621067500 
0.00033388617544479800 
0.00033389017467892100 
0.00033389417391304300 
0.00033389817314716600 
0.00033390217238128900 
0.00033390617161541200 
0.00033391017084953500 
0.00033391417008365700 
0.00033391816931778000 
0.00033392216855190300 
0.00033392616778602600 
0.00033393016702014800 
0.00033393416625427100 
0.00033393816548839400 
0.00033394216472251700 
0.00033394616395664000 
0.00033395016319076200 
0.00033395416242488500 
0.00033395816165900800 
0.00033396216089313100 
0.00033396616012725300 
0.00033397015936137600 
0.00033397415859549900 
0.00033397815782962200 
0.00033398215706374500 
0.00033398615629786700 
0.00033399015553199000 
0.00033399415476611300 
0.00033399815400023600 
0.00033400215323435800 
0.00033400615246848100 
0.00033401015170260400 
0.00033401415093672700 
0.00033401815017085000 
0.00033402214940497200 
0.00033402614863909500 
0.00033403014787321800 
0.00033403414710734100 
0.00033403814634146300 
0.00033404214557558600 
0.00033404614480970900 
0.00033405014404383200 
0.00033405414327795500 
0.00033405814251207700 
0.00033406214174620000 
0.00033406614098032300 
0.00033407014021444600 
0.00033407413944856800 
0.00033407813868269100 
0.00033408213791681400 
0.00033408613715093700 
0.00033409013638505900 
0.00033409413561918200 
0.00033409813485330500 
0.00033410213408742800 
0.00033410613332155100 
0.00033411013255567300 
0.00033411413178979600 
0.00033411813102391900 
0.00033412213025804200 
0.00033412612949216500 
0.00033413012872628700 
0.00033400568834688300 
0.00033388124796748000 
0.00033375680758807600 
0.00033363236720867200 
0.00033350792682926800 
0.00033338348644986500 
0.00033325904607046100 
0.00033313460569105700 
0.00033301016531165300 
0.00033288572493224900 
0.00033276128455284600 
0.00033263684417344200 
0.00033251240379403800 
0.00033238796341463400 
0.00033226352303523000 
0.00033229841598916000 
0.00033233330894309000 
0.00033236820189701900 
0.00033240309485094900 
0.00033243798780487800 
0.00033247288075880800 
0.00033250777371273700 
0.00033254266666666700 
0.00033257755962059600 
0.00033261245257452600 
0.00033264734552845500 
0.00033268223848238500 
0.00033271713143631400 
0.00033275202439024400 
0.00033278691734417300 
0.00033264125474254700 
0.00033249559214092100 
0.00033234992953929500 
0.00033220426693766900 
0.00033205860433604300 
0.00033191294173441700 
0.00033176727913279100 
0.00033162161653116500 
0.00033147595392953900 
0.00033133029132791300 
0.00033118462872628700 
0.00033103896612466100 
0.00033089330352303500 
0.00033074764092140900 
0.00033060197831978300 
0.00033054420460704600 
0.00033048643089430900 
0.00033042865718157200 
0.00033037088346883500 
0.00033031310975609800 
0.00033025533604336000 
0.00033019756233062300 
0.00033013978861788600 
0.00033008201490514900 
0.00033002424119241200 
0.00032996646747967500 
0.00032990869376693800 
0.00032985092005420100 
0.00032979314634146300 
0.00032973537262872600 
0.00032998282113821100 
0.00033023026964769600 
0.00033047771815718200 
0.00033072516666666700 
0.00033097261517615200 
0.00033122006368563700 
0.00033146751219512200 
0.00033171496070460700 
0.00033196240921409200 
0.00033220985772357700 
0.00033245730623306200 
0.00033270475474254700 
0.00033295220325203200 
0.00033319965176151800 
0.00033344710027100300 
0.00033352277100271000 
0.00033359844173441700 
0.00033367411246612500 
0.00033374978319783200 
0.00033382545392953900 
0.00033390112466124700 
0.00033397679539295400 
0.00033405246612466100 
0.00033412813685636900 
0.00033420380758807600 
0.00033427947831978300 
0.00033435514905149000 
0.00033443081978319800 
0.00033450649051490500 
0.00033458216124661200 
0.00033446742135030000 
0.00033435268145398800 
0.00033423794155767600 
0.00033412320166136400 
0.00033400846176505200 
0.00033389372186874000 
0.00033377898197242800 
0.00033366424207611600 
0.00033354950217980400 
0.00033343476228349200 
0.00033332002238718000 
0.00033320528249086800 
0.00033309054259455600 
0.00033297580269824400 
0.00033286106280193200 
0.00033274632290562000 
0.00033263158300930800 
0.00033251684311299600 
0.00033240210321668400 
0.00033228736332037200 
0.00033217262342406000 
0.00033205788352774800 
0.00033194314363143600 
0.00033182840373512400 
0.00033171366383881200 
0.00033159892394250000 
0.00033148418404618800 
0.00033136944414987600 
0.00033125470425356400 
0.00033113996435725200 
0.00033102522446094000 
0.00033091048456462800 
0.00033079574466831600 
0.00033068100477200400 
0.00033056626487569200 
0.00033045152497938000 
0.00033033678508306800 
0.00033022204518675600 
0.00033010730529044400 
0.00032999256539413200 
0.00032987782549782000 
0.00032976308560150800 
0.00032964834570519600 
0.00032953360580888400 
0.00032941886591257200 
0.00032930412601626000 
0.00032918938611994800 
0.00032907464622363600 
0.00032895990632732400 
0.00032884516643101200 
0.00032873042653470000 
0.00032861568663838800 
0.00032850094674207600 
0.00032838620684576400 
0.00032827146694945200 
0.00032815672705314000 
0.00032804198715682800 
0.00032792724726051600 
0.00032781250736420400 
0.00032769776746789200 
0.00032758302757158000 
0.00032746828767526800 
0.00032735354777895600 
0.00032723880788264400 
0.00032712406798633200 
0.00032700932809002000 
0.00032689458819370800 
0.00032677984829739600 
0.00032666510840108400 
0.00032655036850477200 
0.00032643562860846000 
0.00032632088871214800 
0.00032620614881583600 
0.00032609140891952400 
0.00032597666902321200 
0.00032586192912690000 
0.00032574718923058800 
0.00032563244933427600 
0.00032551770943796400 
0.00032540296954165200 
0.00032528822964534000 
0.00032517348974902800 
0.00032505874985271600 
0.00032494400995640400 
0.00032482927006009200 
0.00032471453016378000 
0.00032459979026746800 
0.00032448505037115600 
0.00032437031047484400 
0.00032425557057853200 
0.00032414083068222000 
0.00032402609078590800 
0.00032391135088959600 
0.00032379661099328400 
0.00032368187109697200 
0.00032356713120066000 
0.00032345239130434800 
0.00032333765140803600 
0.00032322291151172400 
0.00032310817161541200 
0.00032299343171910000 
0.00032287869182278800 
0.00032276395192647600 
0.00032264921203016400 
0.00032253447213385200 
0.00032241973223754000 
0.00032230499234122800 
0.00032219025244491600 
0.00032207551254860400 
0.00032196077265229200 
0.00032184603275598000 
0.00032173129285966800 
0.00032161655296335600 
0.00032150181306704400 
0.00032138707317073200 
0.00032142196612466100 
0.00032145685907859100 
0.00032149175203252000 
0.00032152664498645000 
0.00032156153794037900 
0.00032159643089430900 
0.00032163132384823800 
0.00032166621680216800 
0.00032170110975609800 
0.00032173600271002700 
0.00032177089566395700 
0.00032180578861788600 
0.00032184068157181600 
0.00032187557452574500 
0.00032191046747967500 
0.00032198324932249300 
0.00032205603116531200 
0.00032212881300813000 
0.00032220159485094800 
0.00032227437669376700 
0.00032234715853658500 
0.00032241994037940400 
0.00032249272222222200 
0.00032256550406504100 
0.00032263828590785900 
0.00032271106775067800 
0.00032278384959349600 
0.00032285663143631400 
0.00032292941327913300 
0.00032300219512195100 
0.00032291342140921400 
0.00032282464769647700 
0.00032273587398374000 
0.00032264710027100300 
0.00032255832655826600 
0.00032246955284552800 
0.00032238077913279100 
0.00032229200542005400 
0.00032220323170731700 
0.00032211445799458000 
0.00032202568428184300 
0.00032193691056910600 
0.00032184813685636900 
0.00032175936314363100 
0.00032167058943089400 
0.00032161570460704600 
0.00032156081978319800 
0.00032150593495935000 
0.00032145105013550100 
0.00032139616531165300 
0.00032134128048780500 
0.00032128639566395700 
0.00032123151084010800 
0.00032117662601626000 
0.00032112174119241200 
0.00032106685636856400 
0.00032101197154471500 
0.00032095708672086700 
0.00032090220189701900 
0.00032084731707317100 
0.00032066287669376700 
0.00032047843631436300 
0.00032029399593495900 
0.00032010955555555600 
0.00031992511517615200 
0.00031974067479674800 
0.00031955623441734400 
0.00031937179403794000 
0.00031918735365853700 
0.00031900291327913300 
0.00031881847289972900 
0.00031863403252032500 
0.00031844959214092100 
0.00031826515176151800 
0.00031808071138211400 
0.00031805582655826600 
0.00031803094173441700 
0.00031800605691056900 
0.00031798117208672100 
0.00031795628726287300 
0.00031793140243902400 
0.00031790651761517600 
0.00031788163279132800 
0.00031785674796748000 
0.00031783186314363100 
0.00031780697831978300 
0.00031778209349593500 
0.00031775720867208700 
0.00031773232384823800 
0.00031770743902439000 
0.00031721601573900400 
0.00031672459245361700 
0.00031623316916823000 
0.00031574174588284300 
0.00031525032259745700 
0.00031475889931207000 
0.00031426747602668300 
0.00031377605274129700 
0.00031328462945591000 
0.00031279320617052300 
0.00031230178288513700 
0.00031181035959975000 
0.00031131893631436300 
0.00031082751302897600 
0.00031033608974359000 
0.00030984466645820300 
0.00030935324317281600 
0.00030886181988743000 
0.00030837039660204300 
0.00030787897331665600 
0.00030738755003127000 
0.00030689612674588300 
0.00030640470346049600 
0.00030591328017510900 
0.00030542185688972300 
0.00030493043360433600 
0.00030443901031894900 
0.00030394758703356300 
0.00030345616374817600 
0.00030296474046278900 
0.00030247331717740300 
0.00030198189389201600 
0.00030149047060662900 
0.00030099904732124200 
0.00030050762403585600 
0.00030001620075046900 
0.00029952477746508200 
0.00029903335417969600 
0.00029854193089430900 
0.00029805050760892200 
0.00029755908432353600 
0.00029706766103814900 
0.00029657623775276200 
0.00029608481446737500 
0.00029559339118198900 
0.00029510196789660200 
0.00029461054461121500 
0.00029411912132582900 
0.00029362769804044200 
0.00029313627475505500 
0.00029264485146966800 
0.00029215342818428200 
0.00029166200489889500 
0.00029117058161350800 
0.00029067915832812200 
0.00029018773504273500 
0.00028969631175734800 
0.00028920488847196200 
0.00028871346518657500 
0.00028822204190118800 
0.00028773061861580200 
0.00028723919533041500 
0.00028674777204502800 
0.00028625634875964100 
0.00028576492547425500 
0.00028527350218886800 
0.00028478207890348100 
0.00028429065561809500 
0.00028379923233270800 
0.00028330780904732100 
0.00028281638576193500 
0.00028232496247654800 
0.00028183353919116100 
0.00028134211590577400 
0.00028085069262038800 
0.00028035926933500100 
0.00027986784604961400 
0.00027937642276422800 
0.00027888499947884100 
0.00027839357619345400 
0.00027790215290806800 
0.00027741072962268100 
0.00027691930633729400 
0.00027642788305190700 
0.00027593645976652100 
0.00027544503648113400 
0.00027495361319574700 
0.00027446218991036100 
0.00027397076662497400 
0.00027347934333958700 
0.00027298792005420100 
0.00027249649676881400 
0.00027200507348342700 
0.00027151365019804000 
0.00027102222691265400 
0.00027053080362726700 
0.00027003938034188000 
0.00026954795705649400 
0.00026905653377110700 
0.00026856511048572000 
0.00026807368720033400 
0.00026758226391494700 
0.00026709084062956000 
0.00026659941734417300 
0.00026610799405878700 
0.00026561657077340000 
0.00026512514748801300 
0.00026463372420262700 
0.00026414230091724000 
0.00026365087763185300 
0.00026315945434646600 
0.00026266803106108000 
0.00026217660777569300 
0.00026168518449030600 
0.00026119376120492000 
0.00026070233791953300 
0.00026021091463414600 
0.00025971949134876000 
0.00025922806806337300 
0.00025873664477798600 
0.00025824522149260000 
0.00025775379820721300 
0.00025726237492182600 
0.00025677095163643900 
0.00025627952835105300 
0.00025578810506566600 
0.00025529668178027900 
0.00025480525849489300 
0.00025431383520950600 
0.00025382241192411900 
0.00025265619376693800 
0.00025148997560975600 
0.00025032375745257500 
0.00024915753929539300 
0.00024799132113821100 
0.00024682510298103000 
0.00024565888482384800 
0.00024449266666666700 
0.00024332644850948500 
0.00024216023035230400 
0.00024099401219512200 
0.00023982779403794000 
0.00023866157588075900 
0.00023749535772357700 
0.00023632913956639600 
0.00023498225474254700 
0.00023363536991869900 
0.00023228848509485100 
0.00023094160027100300 
0.00022959471544715400 
0.00022824783062330600 
0.00022690094579945800 
0.00022555406097561000 
0.00022420717615176200 
0.00022286029132791300 
0.00022151340650406500 
0.00022016652168021700 
0.00021881963685636900 
0.00021747275203252000 
0.00021612586720867200 
0.00021421931571815700 
0.00021231276422764200 
0.00021040621273712700 
0.00020849966124661200 
0.00020659310975609800 
0.00020468655826558300 
0.00020278000677506800 
0.00020087345528455300 
0.00019896690379403800 
0.00019706035230352300 
0.00019515380081300800 
0.00019324724932249300 
0.00019134069783197800 
0.00018943414634146300 
0.00018752759485094900 
0.00018536115447154500 
0.00018319471409214100 
0.00018102827371273700 
0.00017886183333333300 
0.00017669539295393000 
0.00017452895257452600 
0.00017236251219512200 
0.00017019607181571800 
0.00016802963143631400 
0.00016586319105691100 
0.00016369675067750700 
0.00016153031029810300 
0.00015936386991869900 
0.00015719742953929500 
0.00015503098915989200 
0.00015249243766937700 
0.00014995388617886200 
0.00014741533468834700 
0.00014487678319783200 
0.00014233823170731700 
0.00013979968021680200 
0.00013726112872628700 
0.00013472257723577200 
0.00013218402574525700 
0.00012964547425474300 
0.00012710692276422800 
0.00012456837127371300 
0.00012202981978319800 
0.00011949126829268300 
0.00011695271680216800 
0.00011509460975609800 
0.00011323650271002700 
0.00011137839566395700 
0.00010952028861788600 
0.00010766218157181600 
0.00010580407452574500 
0.00010394596747967500 
0.00010208786043360400 
0.00010022975338753400 
0.00009837164634146340 
0.00009651353929539300 
0.00009465543224932250 
0.00009279732520325200 
0.00009093921815718160 
0.00008908111111111110 
0.00008841993643219040 
0.00008775876175326970 
0.00008709758707434900 
0.00008643641239542830 
0.00008577523771650760 
0.00008511406303758690 
0.00008445288835866620 
0.00008379171367974550 
0.00008313053900082480 
0.00008246936432190410 
0.00008180818964298340 
0.00008114701496406270 
0.00008048584028514200 
0.00007982466560622130 
0.00007916349092730060 
0.00007850231624837990 
0.00007784114156945920 
0.00007717996689053850 
0.00007651879221161780 
0.00007585761753269710 
0.00007519644285377640 
0.00007453526817485570 
0.00007387409349593500 
0.00007321291881701430 
0.00007255174413809360 
0.00007189056945917280 
0.00007122939478025220 
0.00007056822010133140 
0.00006990704542241070 
0.00006924587074349000 
0.00006858469606456930 
0.00006792352138564860 
0.00006726234670672790 
0.00006660117202780720 
0.00006593999734888650 
0.00006527882266996580 
0.00006461764799104510 
0.00006395647331212440 
0.00006329529863320370 
0.00006263412395428300 
0.00006197294927536230 
0.00006131177459644160 
0.00006065059991752090 
0.00005998942523860020 
0.00005932825055967950 
0.00005866707588075880 
0.00005800590120183810 
0.00005734472652291740 
0.00005668355184399670 
0.00005602237716507600 
0.00005536120248615530 
0.00005470002780723460 
0.00005403885312831390 
0.00005337767844939320 
0.00005271650377047250 
0.00005205532909155180 
0.00005139415441263110 
0.00005073297973371040 
0.00005007180505478970 
0.00004941063037586900 
0.00004874945569694830 
0.00004808828101802760 
0.00004742710633910690 
0.00004676593166018620 
0.00004610475698126550 
0.00004544358230234480 
0.00004478240762342410 
0.00004412123294450340 
0.00004346005826558270 
0.00004279888358666200 
0.00004213770890774130 
0.00004147653422882050 
0.00004081535954989980 
0.00004015418487097910 
0.00003949301019205840 
0.00003883183551313770 
0.00003817066083421700 
0.00003750948615529630 
0.00003684831147637560 
0.00003618713679745490 
0.00003552596211853420 
0.00003486478743961350 
0.00003420361276069280 
0.00003354243808177210 
0.00003288126340285140 
0.00003222008872393070 
0.00003155891404501000 
0.00003089773936608930 
0.00003023656468716860 
0.00002957539000824790 
0.00002891421532932720 
0.00002825304065040650 
0.00002759186597148580 
0.00002693069129256510 
0.00002626951661364440 
0.00002560834193472370 
0.00002494716725580300 
0.00002428599257688230 
0.00002362481789796160 
0.00002296364321904090 
0.00002230246854012020 
0.00002164129386119950 
0.00002098011918227880 
0.00002031894450335810 
0.00001965776982443740 
0.00001899659514551670 
0.00001833542046659600 
0.00001767424578767530 
0.00001701307110875460 
0.00001635189642983390 
0.00001569072175091320 
0.00001502954707199250 
0.00001436837239307180 
0.00001370719771415110 
0.00001304602303523040 
0.00001308191598915990 
0.00001311780894308940 
0.00001315370189701900 
0.00001318959485094850 
0.00001322548780487800 
0.00001326138075880760 
0.00001329727371273710 
0.00001333316666666670 
0.00001336905962059620 
0.00001340495257452570 
0.00001344084552845530 
0.00001347673848238480 
0.00001351263143631440 
0.00001354852439024390 
0.00001358441734417340 
0.00001343875474254740 
0.00001329309214092140 
0.00001314742953929540 
0.00001300176693766940 
0.00001285610433604340 
0.00001271044173441730 
0.00001256477913279130 
0.00001241911653116530 
0.00001227345392953930 
0.00001212779132791330 
0.00001198212872628730 
0.00001183646612466120 
0.00001169080352303520 
0.00001154514092140920 
0.00001139947831978320 
0.00001121892682926830 
0.00001103837533875340 
0.00001085782384823850 
0.00001067727235772360 
0.00001049672086720870 
0.00001031616937669380 
0.00001013561788617890 
0.00000995506639566396 
0.00000977451490514905 
0.00000959396341463415 
0.00000941341192411924 
0.00000923286043360434 
0.00000905230894308943 
0.00000887175745257453 
0.00000869120596205962 
0.00000858798780487805 
0.00000848476964769648 
0.00000838155149051490 
0.00000827833333333333 
0.00000817511517615176 
0.00000807189701897019 
0.00000796867886178862 
0.00000786546070460705 
0.00000776224254742547 
0.00000765902439024390 
0.00000755580623306233 
0.00000745258807588076 
0.00000734936991869919 
0.00000724615176151762 
0.00000714293360433604 
0.00000735860433604336 
0.00000757427506775068 
0.00000778994579945799 
0.00000800561653116531 
0.00000822128726287263 
0.00000843695799457995 
0.00000865262872628726 
0.00000886829945799458 
0.00000908397018970190 
0.00000929964092140921 
0.00000951531165311653 
0.00000973098238482385 
0.00000994665311653116 
0.00001016232384823850 
0.00001037799457994580 
0.00001035877642276420 
0.00001033955826558270 
0.00001032034010840110 
0.00001030112195121950 
0.00001028190379403790 
0.00001026268563685640 
0.00001024346747967480 
0.00001022424932249320 
0.00001020503116531170 
0.00001018581300813010 
0.00001016659485094850 
0.00001014737669376690 
0.00001012815853658540 
0.00001010894037940380 
0.00001008972222222220 
0.00001005818522446090 
0.00001002664822669970 
0.00000999511122893838 
0.00000996357423117710 
0.00000993203723341581 
0.00000990050023565453 
0.00000986896323789325 
0.00000983742624013197 
0.00000980588924237069 
0.00000977435224460940 
0.00000974281524684812 
0.00000971127824908684 
0.00000967974125132556 
0.00000964820425356427 
0.00000961666725580299 
0.00000958513025804171 
0.00000955359326028043 
0.00000952205626251915 
0.00000949051926475786 
0.00000945898226699658 
0.00000942744526923530 
0.00000939590827147402 
0.00000936437127371274 
0.00000933283427595145 
0.00000930129727819017 
0.00000926976028042889 
0.00000923822328266761 
0.00000920668628490633 
0.00000917514928714505 
0.00000914361228938376 
0.00000911207529162248 
0.00000908053829386120 
0.00000904900129609992 
0.00000901746429833864 
0.00000898592730057735 
0.00000895439030281607 
0.00000892285330505479 
0.00000889131630729351 
0.00000885977930953223 
0.00000882824231177094 
0.00000879670531400966 
0.00000876516831624838 
0.00000873363131848710 
0.00000870209432072582 
0.00000867055732296453 
0.00000863902032520325 
0.00000860748332744197 
0.00000857594632968069 
0.00000854440933191941 
0.00000851287233415812 
0.00000848133533639684 
0.00000844979833863556 
0.00000841826134087428 
0.00000838672434311300 
0.00000835518734535171 
0.00000832365034759043 
0.00000829211334982915 
0.00000826057635206787 
0.00000822903935430659 
0.00000819750235654530 
0.00000816596535878402 
0.00000813442836102274 
0.00000810289136326146 
0.00000807135436550018 
0.00000803981736773890 
0.00000800828036997761 
0.00000797674337221633 
0.00000794520637445505 
0.00000791366937669377 
0.00000788213237893249 
0.00000785059538117120 
0.00000781905838340992 
0.00000778752138564864 
0.00000775598438788736 
0.00000772444739012608 
0.00000769291039236479 
0.00000766137339460351 
0.00000762983639684223 
0.00000759829939908095 
0.00000756676240131967 
0.00000753522540355838 
0.00000750368840579710 
0.00000747215140803582 
0.00000744061441027454 
0.00000740907741251326 
0.00000737754041475197 
0.00000734600341699069 
0.00000731446641922941 
0.00000728292942146813 
0.00000725139242370685 
0.00000721985542594556 
0.00000718831842818428 
0.00000715678143042300 
0.00000712524443266172 
0.00000709370743490044 
0.00000706217043713915 
0.00000703063343937787 
0.00000699909644161659 
0.00000696755944385531 
0.00000693602244609403 
0.00000690448544833275 
0.00000687294845057146 
0.00000684141145281018 
0.00000680987445504890 
0.00000677833745728762 
0.00000674680045952633 
0.00000671526346176505 
0.00000668372646400377 
0.00000665218946624249 
0.00000662065246848121 
0.00000658911547071992 
0.00000655757847295864 
0.00000652604147519736 
0.00000649450447743608 
0.00000646296747967480 
0.00000651252710027100 
0.00000656208672086721 
0.00000661164634146341 
0.00000666120596205962 
0.00000671076558265583 
0.00000676032520325203 
0.00000680988482384824 
0.00000685944444444444 
0.00000690900406504065 
0.00000695856368563686 
0.00000700812330623306 
0.00000705768292682927 
0.00000710724254742547 
0.00000715680216802168 
0.00000720636178861789 
0.00000704892140921409 
0.00000689148102981030 
0.00000673404065040650 
0.00000657660027100271 
0.00000641915989159892 
0.00000626171951219512 
0.00000610427913279133 
0.00000594683875338753 
0.00000578939837398374 
0.00000563195799457995 
0.00000547451761517615 
0.00000531707723577236 
0.00000515963685636856 
0.00000500219647696477 
0.00000484475609756098 
0.00000469520460704607 
0.00000454565311653117 
0.00000439610162601626 
0.00000424655013550135 
0.00000409699864498645 
0.00000394744715447154 
0.00000379789566395664 
0.00000364834417344173 
0.00000349879268292683 
0.00000334924119241192 
0.00000319968970189702 
0.00000305013821138211 
0.00000290058672086721 
0.00000275103523035230 
0.00000260148373983740 
0.00000265871002710027 
0.00000271593631436314 
0.00000277316260162602 
0.00000283038888888889 
0.00000288761517615176 
0.00000294484146341463 
0.00000300206775067751 
0.00000305929403794038 
0.00000311652032520325 
0.00000317374661246612 
0.00000323097289972900 
0.00000328819918699187 
0.00000334542547425474 
0.00000340265176151762 
0.00000345987804878049 
0.00000328321544715447 
0.00000310655284552846 
0.00000292989024390244 
0.00000275322764227642 
0.00000257656504065041 
0.00000239990243902439 
0.00000222323983739837 
0.00000204657723577236 
0.00000186991463414634 
0.00000169325203252033 
0.00000151658943089431 
0.00000133992682926829 
0.00000116326422764228 
0.00000098660162601626 
0.00000080993902439025 
0.00000075594308943089 
0.00000070194715447155 
0.00000064795121951220 
0.00000059395528455285 
0.00000053995934959350 
0.00000048596341463415 
0.00000043196747967480 
0.00000037797154471545 
0.00000032397560975610 
0.00000026997967479675 
0.00000021598373983740 
0.00000016198780487805 
0.00000010799186991870 
0.00000005399593495935 
0.00000000000000000000 
0.00000035778184281843 
0.00000071556368563686 
0.00000107334552845529 
0.00000143112737127371 
0.00000178890921409214 
0.00000214669105691057 
0.00000250447289972900 
0.00000286225474254743 
0.00000322003658536585 
0.00000357781842818428 
0.00000393560027100271 
0.00000429338211382114 
0.00000465116395663957 
0.00000500894579945799 
0.00000536672764227642 
0.00000541711818074702 
0.00000546750871921763 
0.00000551789925768823 
0.00000556828979615883 
0.00000561868033462943 
0.00000566907087310003 
0.00000571946141157064 
0.00000576985195004124 
0.00000582024248851184 
0.00000587063302698244 
0.00000592102356545305 
0.00000597141410392365 
0.00000602180464239425 
0.00000607219518086485 
0.00000612258571933545 
0.00000617297625780606 
0.00000622336679627666 
0.00000627375733474726 
0.00000632414787321786 
0.00000637453841168846 
0.00000642492895015907 
0.00000647531948862967 
0.00000652571002710027 
0.00000657610056557087 
0.00000662649110404147 
0.00000667688164251208 
0.00000672727218098268 
0.00000677766271945328 
0.00000682805325792388 
0.00000687844379639449 
0.00000692883433486509 
0.00000697922487333569 
0.00000702961541180629 
0.00000708000595027689 
0.00000713039648874750 
0.00000718078702721810 
0.00000723117756568870 
0.00000728156810415930 
0.00000733195864262990 
0.00000738234918110051 
0.00000743273971957111 
0.00000748313025804171 
0.00000753352079651231 
0.00000758391133498291 
0.00000763430187345352 
0.00000768469241192412 
0.00000773508295039472 
0.00000778547348886532 
0.00000783586402733593 
0.00000788625456580653 
0.00000793664510427713 
0.00000798703564274773 
0.00000803742618121833 
0.00000808781671968894 
0.00000813820725815954 
0.00000818859779663014 
0.00000823898833510074 
0.00000828937887357134 
0.00000833976941204195 
0.00000839015995051255 
0.00000844055048898315 
0.00000849094102745375 
0.00000854133156592435 
0.00000859172210439496 
0.00000864211264286556 
0.00000869250318133616 
0.00000874289371980676 
0.00000879328425827736 
0.00000884367479674797 
0.00000889406533521857 
0.00000894445587368917 
0.00000899484641215977 
0.00000904523695063038 
0.00000909562748910098 
0.00000914601802757158 
0.00000919640856604218 
0.00000924679910451278 
0.00000929718964298339 
0.00000934758018145399 
0.00000939797071992459 
0.00000944836125839519 
0.00000949875179686580 
0.00000954914233533640 
0.00000959953287380700 
0.00000964992341227760 
0.00000970031395074820 
0.00000975070448921881 
0.00000980109502768941 
0.00000985148556616001 
0.00000990187610463061 
0.00000995226664310121 
0.00001000265718157180 
0.00001005304772004240 
0.00001010343825851300 
0.00001015382879698360 
0.00001020421933545420 
0.00001025460987392480 
0.00001030500041239540 
0.00001035539095086600 
0.00001040578148933660 
0.00001045617202780720 
0.00001050656256627780 
0.00001055695310474840 
0.00001060734364321900 
0.00001065773418168960 
0.00001070812472016020 
0.00001075851525863080 
0.00001080890579710140 
0.00001085929633557210 
0.00001090968687404270 
0.00001096007741251330 
0.00001101046795098390 
0.00001106085848945450 
0.00001111124902792510 
0.00001116163956639570 
0.00001101786585365850 
0.00001087409214092140 
0.00001073031842818430 
0.00001058654471544720 
0.00001044277100271000 
0.00001029899728997290 
0.00001015522357723580 
0.00001001144986449860 
0.00000986767615176152 
0.00000972390243902439 
0.00000958012872628726 
0.00000943635501355014 
0.00000929258130081301 
0.00000914880758807588 
0.00000900503387533875 
