                    Count                    Target                     Error                Dwell Time           Expected Figure             Sputter Yield              Error in RMS           Target Elements             Unit Elements            Total Elements 
                      171  1.895155192421919082e+03  1.180361964239659756e+01  4.510471101590724720e+04  1.883351572779522485e+03  2.156449999999999911e-06  1.851849315002036089e+00  3.630000000000000000e+02  1.710000000000000000e+02  1.047000000000000000e+03 
                      343  3.064927083548031987e+02  1.371093368900801579e+00  6.679511646392487819e+03  3.051216149859023972e+02  0.000000000000000000e+00 
                      344  3.080939566204608582e+02  1.446029133437207292e+00  6.404001517453269116e+03  3.066479274870236509e+02  0.000000000000000000e+00 
                      345  3.097074725871325995e+02  1.434838685160286786e+00  6.355008359603710232e+03  3.082726339019723127e+02  0.000000000000000000e+00 
                      346  3.113362176422659218e+02  1.311538434635281192e+00  6.574738376187320682e+03  3.100246792076306406e+02  0.000000000000000000e+00 
                      347  3.129902615835374604e+02  1.077437803269333472e+00  7.077306554836731266e+03  3.119128237802681269e+02  0.000000000000000000e+00 
                      348  3.146789563407431274e+02  7.511035907314749238e-01  7.844995320395632916e+03  3.139278527500116525e+02  0.000000000000000000e+00 
                      349  3.164027084555858096e+02  3.548594870663919210e-01  8.828039238528321221e+03  3.160478489685194177e+02  0.000000000000000000e+00 
                      350  3.181505211756286258e+02 -9.275828810115172018e-02  9.948090629473670560e+03  3.182432794637297775e+02  0.000000000000000000e+00 
                      351  3.199060312833446460e+02 -5.739348136318085380e-01  1.110522516491328315e+04  3.204799660969764545e+02  0.000000000000000000e+00 
                      352  3.216587899435343161e+02 -1.061213778350122539e+00  1.218816289611248612e+04  3.227200037218844386e+02  0.000000000000000000e+00 
                      353  3.234129570409276084e+02 -1.509469909317715519e+00  1.308706200391058883e+04  3.249224269502453240e+02  0.000000000000000000e+00 
                      354  3.251871718542866461e+02 -1.858640178224845840e+00  1.370765673709596376e+04  3.270458120325114919e+02  0.000000000000000000e+00 
                      355  3.270054623450440658e+02 -2.048253281609618170e+00  1.398482359001306031e+04  3.290537156266536840e+02  0.000000000000000000e+00 
                      356  3.288850353750059412e+02 -2.036785492676870035e+00  1.389324686300687972e+04  3.309218208676828112e+02  0.000000000000000000e+00 
                      357  3.308286366604011164e+02 -1.815661814539623720e+00  1.345303898577344989e+04  3.326442984749407401e+02  0.000000000000000000e+00 
                      358  3.328243337218948454e+02 -1.412636101980695003e+00  1.272900443374906718e+04  3.342369698238755404e+02  0.000000000000000000e+00 
                      359  3.348496803882702579e+02 -8.864202656192219365e-01  1.182346508482443278e+04  3.357361006538894799e+02  0.000000000000000000e+00 
                      360  3.368784389779967796e+02 -3.147369013868228649e-01  1.086375927182702799e+04  3.371931758793836025e+02  0.000000000000000000e+00 
                      361  3.388906594835065107e+02  2.235705006103216874e-01  9.986313306314530564e+03  3.386670889828961890e+02  0.000000000000000000e+00 
                      362  3.408816349611227565e+02  6.660918014454750846e-01  9.319445690944750822e+03  3.402155431596772814e+02  0.000000000000000000e+00 
                      363  3.428611062017464519e+02  9.738766648994783282e-01  8.966937664695476997e+03  3.418872295368469736e+02  0.000000000000000000e+00 
                      364  3.448431236508253050e+02  1.127240544466189931e+00  8.994120770585746868e+03  3.437158831063591151e+02  0.000000000000000000e+00 
                      365  3.468375504739949520e+02  1.120984403370755444e+00  9.417979964866011869e+03  3.457165660706241965e+02  0.000000000000000000e+00 
                      366  3.488495028457209628e+02  9.651629580565668221e-01  1.020260462085458494e+04  3.478843398876643960e+02  0.000000000000000000e+00 
                      367  3.508815583410963654e+02  6.866609799828893301e-01  1.126109790894444268e+04  3.501948973611134761e+02  0.000000000000000000e+00 
                      368  3.529325428737976154e+02  3.256414432841552298e-01  1.246451874475017576e+04  3.526069014305134601e+02  0.000000000000000000e+00 
                      369  3.549944493777587695e+02 -7.164882993606624950e-02  1.365745767744031400e+04  3.550660982076948358e+02  0.000000000000000000e+00 
                      370  3.570535689425919941e+02 -4.578226703253562846e-01  1.467858705282803385e+04  3.575113916129173504e+02  0.000000000000000000e+00 
                      371  3.590981713523740382e+02 -7.844811327844354309e-01  1.538328731572253855e+04  3.598826524851584736e+02  0.000000000000000000e+00 
                      372  3.611271302660987885e+02 -1.002154581348975171e+00  1.566460283197570061e+04  3.621292848474477637e+02  0.000000000000000000e+00 
                      373  3.631512748110500297e+02 -1.066714286970409375e+00  1.546867664687778597e+04  3.642179890980204391e+02  0.000000000000000000e+00 
                      374  3.651860480487457608e+02 -9.521047291764830334e-01  1.480163370031001978e+04  3.661381527779222438e+02  0.000000000000000000e+00 
                      375  3.672418489253955158e+02 -6.620410475380253956e-01  1.372650784972493238e+04  3.679038899729335412e+02  0.000000000000000000e+00 
                      376  3.693192903840646295e+02 -2.332647529878499881e-01  1.235086707824283258e+04  3.695525551370524795e+02  0.000000000000000000e+00 
                      377  3.714122095591507104e+02  2.720504082153070158e-01  1.080778768024803503e+04  3.711401591509354034e+02  0.000000000000000000e+00 
                      378  3.735153467520397612e+02  7.809117167892054567e-01  9.234255379300881032e+03  3.727344350352505558e+02  0.000000000000000000e+00 
                      379  3.756296571508069064e+02  1.223178587280131069e+00  7.751506476907342403e+03  3.744064785635267754e+02  0.000000000000000000e+00 
                      380  3.777605278306667742e+02  1.538545266017308677e+00  6.451085860553615930e+03  3.762219825646494655e+02  0.000000000000000000e+00 
                      381  3.799117505925964338e+02  1.678748368541278069e+00  5.388696658751522591e+03  3.782330022240551557e+02  0.000000000000000000e+00 
                      382  3.820821800289583621e+02  1.611173596950152387e+00  4.585797677770774499e+03  3.804710064320082097e+02  0.000000000000000000e+00 
                      383  3.842667048254129440e+02  1.320438055922011245e+00  4.037021304260798388e+03  3.829462667694909328e+02  0.000000000000000000e+00 
                      384  3.864577022068151564e+02  8.124616533608559621e-01  3.720377777384282581e+03  3.856452405534543004e+02  0.000000000000000000e+00 
                      385  3.886464987893846796e+02  1.219625524936418515e-01  3.607110121968981730e+03  3.885245362368910378e+02  0.000000000000000000e+00 
                      386  3.908265152033781078e+02 -6.872477922730695354e-01  3.668843193009189235e+03  3.915137629956511773e+02  0.000000000000000000e+00 
                      387  3.929953003627623502e+02 -1.526746697385192419e+00  3.880956061223948836e+03  3.945220470601475427e+02  0.000000000000000000e+00 
                      388  3.951528315330357373e+02 -2.294733505196745682e+00  4.222418951372515039e+03  3.974475650382324829e+02  0.000000000000000000e+00 
                      389  3.972981953857846520e+02 -2.890918815775535222e+00  4.673277744157774578e+03  4.001891142015601872e+02  0.000000000000000000e+00 
                      390  3.994275728845124149e+02 -3.230841430327586750e+00  5.211346755632908753e+03  4.026584143148400017e+02  0.000000000000000000e+00 
                      391  4.015359029613485973e+02 -3.255764589436523693e+00  5.809500631818281363e+03  4.047916675507851210e+02  0.000000000000000000e+00 
                      392  4.036227210919257118e+02 -2.936195513671634671e+00  6.434441349581021313e+03  4.065589166055973465e+02  0.000000000000000000e+00 
                      393  4.056962553225258716e+02 -2.273972016309642186e+00  7.047257494969297113e+03  4.079702273388355138e+02  0.000000000000000000e+00 
                      394  4.077679433509630371e+02 -1.309025897897754476e+00  7.605698601990778116e+03  4.090769692488607916e+02  0.000000000000000000e+00 
                      395  4.098392149949502254e+02 -1.281449391964883944e-01  8.067860480306640966e+03  4.099673599341467138e+02  0.000000000000000000e+00 
                      396  4.118937799446651979e+02  1.136145843023939506e+00  8.396817907260328866e+03  4.107576341016412584e+02  0.000000000000000000e+00 
                      397  4.139067119908883683e+02  2.327160259472691450e+00  8.565595012462870727e+03  4.115795517314156768e+02  0.000000000000000000e+00 
                      398  4.158647368028324536e+02  3.299388925820210261e+00  8.561751230617515830e+03  4.125653478770122433e+02  0.000000000000000000e+00 
                      399  4.177791490930696341e+02  3.947054155818648269e+00  8.390816633033455219e+03  4.138320949372509858e+02  0.000000000000000000e+00 
                      400  4.196805587273539118e+02  4.213148334282436736e+00  8.077840618492957219e+03  4.154674103930714750e+02  0.000000000000000000e+00 
                      401  4.216019876461398326e+02  4.083971339218578578e+00  7.666435986071635853e+03  4.175180163069212540e+02  0.000000000000000000e+00 
                      402  4.235631168523310066e+02  3.580149923636270159e+00  7.214970799557935607e+03  4.199829669286947365e+02  0.000000000000000000e+00 
                      403  4.255630052228657405e+02  2.750201114289552606e+00  6.790033651455425570e+03  4.228128041085761879e+02  0.000000000000000000e+00 
                      404  4.275820914309633736e+02  1.667449928069231646e+00  6.457923331356633753e+03  4.259146415028941419e+02  0.000000000000000000e+00 
                      405  4.295914803290863802e+02  4.288867822409656583e-01  6.275535440584162643e+03  4.291625935468454145e+02  0.000000000000000000e+00 
                      406  4.315663677622986825e+02 -8.461015831260851883e-01  6.282403354740833493e+03  4.324124693454247677e+02  0.000000000000000000e+00 
                      407  4.334977194099554936e+02 -2.021157918639801210e+00  6.495561857078184403e+03  4.355188773285952948e+02  0.000000000000000000e+00 
                      408  4.353945465192027768e+02 -2.957884047505842773e+00  6.908258785220347818e+03  4.383524305667086196e+02  0.000000000000000000e+00 
                      409  4.372741596006169971e+02 -3.541225817501072015e+00  7.492514212433095963e+03  4.408153854181180691e+02  0.000000000000000000e+00 
                      410  4.391470567028145524e+02 -3.706246540908864517e+00  8.204521679804456653e+03  4.428533032437234169e+02  0.000000000000000000e+00 
                      411  4.410071009232128176e+02 -3.453490535309526877e+00  8.991271691663845559e+03  4.444605914585223445e+02  0.000000000000000000e+00 
                      412  4.428325697619368384e+02 -2.847090766966573483e+00  9.796800135148418121e+03  4.456796605289034119e+02  0.000000000000000000e+00 
                      413  4.445962314854119768e+02 -1.997527469416581880e+00  1.056709502116846852e+04  4.465937589548285587e+02  0.000000000000000000e+00 
                      414  4.462797462646184385e+02 -1.034711731696802417e+00  1.125359020657483234e+04  4.473144579963152410e+02  0.000000000000000000e+00 
                      415  4.478859344989812143e+02 -7.984558058888069354e-02  1.181585440933659265e+04  4.479657800795700950e+02  0.000000000000000000e+00 
                      416  4.494400036640226972e+02  7.725117957039628891e-01  1.222421983288578485e+04  4.486674918683187343e+02  0.000000000000000000e+00 
                      417  4.509767432010407902e+02  1.456601822816537606e+00  1.246266867784424358e+04  4.495201413782242525e+02  0.000000000000000000e+00 
                      418  4.525238241346553991e+02  1.929828974679139719e+00  1.253159065270721658e+04  4.505939951599762594e+02  0.000000000000000000e+00 
                      419  4.540945844293107712e+02  2.171359674324833122e+00  1.244946153936238625e+04  4.519232247549859380e+02  0.000000000000000000e+00 
                      420  4.556917021967482242e+02  2.186017176642337745e+00  1.225238407440961055e+04  4.535056850201058865e+02  0.000000000000000000e+00 
                      421  4.573117981366922322e+02  2.004155326394311487e+00  1.199084806946739445e+04  4.553076428102979207e+02  0.000000000000000000e+00 
                      422  4.589447618569045630e+02  1.672707041280148133e+00  1.172383955064167094e+04  4.572720548156244149e+02  0.000000000000000000e+00 
                      423  4.605731667776099130e+02  1.244573962233459952e+00  1.151121707625983254e+04  4.593285928153764530e+02  0.000000000000000000e+00 
                      424  4.621774038286501423e+02  7.737866452166599629e-01  1.140573972273252548e+04  4.614036171834334823e+02  0.000000000000000000e+00 
                      425  4.637408443130640876e+02  3.121894552164690140e-01  1.144614998937455675e+04  4.634286548578476186e+02  0.000000000000000000e+00 
                      426  4.652474778181573356e+02 -9.904127568620424427e-02  1.165238142044534288e+04  4.653465190938435398e+02  0.000000000000000000e+00 
                      427  4.666778930795321116e+02 -4.369552280465995864e-01  1.202344576017453801e+04  4.671148483075787112e+02  0.000000000000000000e+00 
                      428  4.680147638279539137e+02 -6.926075594408303004e-01  1.253801017396158386e+04  4.687073713873947440e+02  0.000000000000000000e+00 
                      429  4.692546121723511305e+02 -8.588974222812453263e-01  1.315723347554582324e+04  4.701135095946323759e+02  0.000000000000000000e+00 
                      430  4.704122367362727459e+02 -9.247259100123983444e-01  1.382920543358187933e+04  4.713369626462851443e+02  0.000000000000000000e+00 
                      431  4.715141512291626782e+02 -8.796023472949059396e-01  1.449436074544942858e+04  4.723937535764575841e+02  0.000000000000000000e+00 
                      432  4.725896854639399294e+02 -7.202579150258543450e-01  1.509143010958389277e+04  4.733099433789657837e+02  0.000000000000000000e+00 
                      433  4.736656857950014796e+02 -4.533261105381711786e-01  1.556369086874635286e+04  4.741190119055396508e+02  0.000000000000000000e+00 
                      434  4.747615678451405756e+02 -9.727114718793927750e-02  1.586534697783887714e+04  4.748588389923285149e+02  0.000000000000000000e+00 
                      435  4.758814159359099563e+02  3.130825265852763550e-01  1.596770671146710083e+04  4.755683334093246799e+02  0.000000000000000000e+00 
                      436  4.770087045812962856e+02  7.247226843324483525e-01  1.586445915856969623e+04  4.762839818969638372e+02  0.000000000000000000e+00 
                      437  4.781123731342460133e+02  1.075573570460392148e+00  1.557497189478313885e+04  4.770367995637856211e+02  0.000000000000000000e+00 
                      438  4.791631801232914540e+02  1.312959571865917496e+00  1.514442462506485936e+04  4.778502205514255365e+02  0.000000000000000000e+00 
                      439  4.801485504162548068e+02  1.409257400378976399e+00  1.463995692006278114e+04  4.787392930158758304e+02  0.000000000000000000e+00 
                      440  4.810757591155418140e+02  1.364600881767103147e+00  1.414282501239425801e+04  4.797111582337747109e+02  0.000000000000000000e+00 
                      441  4.819633438857115948e+02  1.197011018564523965e+00  1.373757196294009373e+04  4.807663328671470708e+02  0.000000000000000000e+00 
                      442  4.828272405790289667e+02  9.272600702697673114e-01  1.350002515103442420e+04  4.818999805087591994e+02  0.000000000000000000e+00 
                      443  4.836695936222058663e+02  5.672481246495522100e-01  1.348623187537012018e+04  4.831023454975563141e+02  0.000000000000000000e+00 
                      444  4.844777651873543505e+02  1.198582845258897578e-01  1.372417210343960505e+04  4.843579069028284607e+02  0.000000000000000000e+00 
                      445  4.852349069467125560e+02 -4.085833592664585012e-01  1.420944496522209738e+04  4.856434903059790145e+02  0.000000000000000000e+00 
                      446  4.859335121786616583e+02 -9.927653102782869610e-01  1.490538039722709073e+04  4.869262774889399452e+02  0.000000000000000000e+00 
                      447  4.865817968178988622e+02 -1.581243308310092743e+00  1.574734867198391657e+04  4.881630401262089549e+02  0.000000000000000000e+00 
                      448  4.871998920811917060e+02 -2.101873250302105589e+00  1.665049250640216997e+04  4.893017653314938116e+02  0.000000000000000000e+00 
                      449  4.878079318654618532e+02 -2.478217385001983075e+00  1.754112930525356933e+04  4.902861492504638363e+02  0.000000000000000000e+00 
                      450  4.884109097324914615e+02 -2.651568654108189094e+00  1.831236946050858387e+04  4.910624783865996505e+02  0.000000000000000000e+00 
                      451  4.889900840811257581e+02 -2.597502936692990261e+00  1.887860032960228273e+04  4.915875870178187483e+02  0.000000000000000000e+00 
                      452  4.895095635041741957e+02 -2.326632703601205776e+00  1.917299339018807586e+04  4.918361962077754015e+02  0.000000000000000000e+00 
                      453  4.899341283759291628e+02 -1.871975331744806681e+00  1.915621230254656257e+04  4.918061037076739694e+02  0.000000000000000000e+00 
                      454  4.902457275299323669e+02 -1.274541642729502655e+00  1.882160920136070126e+04  4.915202691726618696e+02  0.000000000000000000e+00 
                      455  4.904508906245257549e+02 -5.746623221934328285e-01  1.819570363180097047e+04  4.910255529467191877e+02  0.000000000000000000e+00 
                      456  4.905773121632130938e+02  1.888475675924041752e-01  1.733365629100125079e+04  4.903884645956206896e+02  0.000000000000000000e+00 
                      457  4.906610255778544456e+02  9.723963294629811571e-01  1.631047092846163650e+04  4.896886292483914644e+02  0.000000000000000000e+00 
                      458  4.907309149451851340e+02  1.720113763902759274e+00  1.520959783067180979e+04  4.890108011812823747e+02  0.000000000000000000e+00 
                      459  4.907987636729121164e+02  2.362516515197796707e+00  1.411113684402574108e+04  4.884362471577143197e+02  0.000000000000000000e+00 
                      460  4.908580860896753393e+02  2.823793799588656839e+00  1.308171951611746408e+04  4.880342922900866824e+02  0.000000000000000000e+00 
                      461  4.908903458008585972e+02  3.035531882895213585e+00  1.216753730135745354e+04  4.878548139179633836e+02  0.000000000000000000e+00 
                      462  4.908750394016083192e+02  2.952578763002122741e+00  1.139122673397868130e+04  4.879224606386061964e+02  0.000000000000000000e+00 
                      463  4.907996006893388881e+02  2.566301530279588405e+00  1.075266000461567819e+04  4.882332991590592997e+02  0.000000000000000000e+00 
                      464  4.906651146548571774e+02  1.910716072178729519e+00  1.023319547067059102e+04  4.887543985826784478e+02  0.000000000000000000e+00 
                      465  4.904849304834692134e+02  1.058387514859759904e+00  9.802554082792625195e+03  4.894265429686094535e+02  0.000000000000000000e+00 
                      466  4.902769558880541467e+02  1.044245544117075042e-01  9.427107230398050888e+03  4.901725313336424392e+02  0.000000000000000000e+00 
                      467  4.900534699827032910e+02 -8.472972561473284259e-01  9.078033889391350385e+03  4.909007672388506194e+02  0.000000000000000000e+00 
                      468  4.898129019208365094e+02 -1.702772897935744822e+00  8.737698694261749552e+03  4.915156748187722542e+02  0.000000000000000000e+00 
                      469  4.895377697724041468e+02 -2.389629450706763691e+00  8.402812813158354402e+03  4.919273992231109105e+02  0.000000000000000000e+00 
                      470  4.892005003141278507e+02 -2.860362686610812943e+00  8.083636721171782483e+03  4.920608630007386637e+02  0.000000000000000000e+00 
                      471  4.887747531705962274e+02 -3.088639025375243818e+00  7.799741253255296215e+03  4.918633921959714712e+02  0.000000000000000000e+00 
                      472  4.882467490469734912e+02 -3.063312418880059340e+00  7.574122923429526054e+03  4.913100614658535505e+02  0.000000000000000000e+00 
                      473  4.876201031857528960e+02 -2.786042312747838423e+00  7.427914478112232246e+03  4.904061454985007344e+02  0.000000000000000000e+00 
                      474  4.869117057205890546e+02 -2.274654177970148794e+00  7.377265354841241788e+03  4.891863598985592034e+02  0.000000000000000000e+00 
                      475  4.861430172067615558e+02 -1.567892403508949428e+00  7.432566550031174302e+03  4.877109096102705053e+02  0.000000000000000000e+00 
                      476  4.853317599762916075e+02 -7.269617320199586175e-01  7.598786408749074326e+03  4.860587217083115661e+02  0.000000000000000000e+00 
                      477  4.844849816848797559e+02  1.663996378055117020e-01  7.875077728778409437e+03  4.843185820470742442e+02  0.000000000000000000e+00 
                      478  4.835957224468356799e+02  1.016549869407185724e+00  8.252462403144216296e+03  4.825791725774284942e+02  0.000000000000000000e+00 
                      479  4.826476262324295021e+02  1.728453373891682077e+00  8.709970176500064554e+03  4.809191728585378200e+02  0.000000000000000000e+00 
                      480  4.816252576765705840e+02  2.226641666433636146e+00  9.211151409619145852e+03  4.793986160101369478e+02  0.000000000000000000e+00 
                      481  4.805212603277660719e+02  2.468690852432132488e+00  9.703616077443419272e+03  4.780525694753339394e+02  0.000000000000000000e+00 
                      482  4.793360842131095865e+02  2.448127082966720991e+00  1.012403918199987675e+04  4.768879571301428655e+02  0.000000000000000000e+00 
                      483  4.780750958449045811e+02  2.191125872842576428e+00  1.040978642960534853e+04  4.758839699720620047e+02  0.000000000000000000e+00 
                      484  4.767491044224860275e+02  1.753052232281277156e+00  1.051571935622448473e+04  4.749960521902047503e+02  0.000000000000000000e+00 
                      485  4.753760058422745942e+02  1.213063143219699214e+00  1.043163449999262775e+04  4.741629426990548950e+02  0.000000000000000000e+00 
                      486  4.739758198134359759e+02  6.600564125299683838e-01  1.019356945537820320e+04  4.733157634009060075e+02  0.000000000000000000e+00 
                      487  4.725594292298932828e+02  1.716507399327156236e-01  9.881759981048831833e+03  4.723877784899605672e+02  0.000000000000000000e+00 
                      488  4.711203452640951355e+02 -2.029821809477994066e-01  9.600492945249565309e+03  4.713233274450429349e+02  0.000000000000000000e+00 
                      489  4.696348764731000642e+02 -4.497373235130908142e-01  9.442855378085265329e+03  4.700846137966131550e+02  0.000000000000000000e+00 
                      490  4.680697672494655421e+02 -5.856768115082218173e-01  9.455186140403870013e+03  4.686554440609737640e+02  0.000000000000000000e+00 
                      491  4.663963088554658043e+02 -6.452159161266877163e-01  9.621044295799552856e+03  4.670415247715924920e+02  0.000000000000000000e+00 
                      492  4.646063203674662532e+02 -6.616719836488869078e-01  9.874136208845082365e+03  4.652679923511151401e+02  0.000000000000000000e+00 
                      493  4.627186624719327028e+02 -6.536965929781217710e-01  1.013091167094693628e+04  4.633723590649108246e+02  0.000000000000000000e+00 
                      494  4.607697407333697583e+02 -6.274898070004155670e-01  1.032343358142077886e+04  4.613972305403701739e+02  0.000000000000000000e+00 
                      495  4.587948076793854284e+02 -5.873121871281909989e-01  1.041805585994468674e+04  4.593821198665136194e+02  0.000000000000000000e+00 
                      496  4.568116540740313098e+02 -5.441018812310858266e-01  1.041671676659563855e+04  4.573557559552623957e+02  0.000000000000000000e+00 
                      497  4.548145152306733507e+02 -5.158926553191349740e-01  1.034656884916560921e+04  4.553304078859924857e+02  0.000000000000000000e+00 
                      498  4.527810438421138315e+02 -5.182263784399765427e-01  1.024647279742969477e+04  4.532992702205538080e+02  0.000000000000000000e+00 
                      499  4.506865569509433271e+02 -5.509427791781149608e-01  1.015637265493178893e+04  4.512374997301214421e+02  0.000000000000000000e+00 
                      500  4.485139578842164383e+02 -5.929901502031498239e-01  1.011165645499196944e+04  4.491069480344195881e+02  0.000000000000000000e+00 
                      501  4.462547218805988223e+02 -6.093007693423260207e-01  1.014136778899613455e+04  4.468640226499411483e+02  0.000000000000000000e+00 
                      502  4.439058021647301757e+02 -5.636451491742491271e-01  1.026796470164533093e+04  4.444694473139044248e+02  0.000000000000000000e+00 
                      503  4.414675283125628766e+02 -4.305248692345458039e-01  1.050666932959437690e+04  4.418980531817974224e+02  0.000000000000000000e+00 
                      504  4.389431565462382423e+02 -2.030708186806577942e-01  1.086360040718418531e+04  4.391462273649189001e+02  0.000000000000000000e+00 
                      505  4.363379915482662454e+02  1.034650129101919447e-01  1.133306485467180937e+04  4.362345265353560535e+02  0.000000000000000000e+00 
                      506  4.336569909443408051e+02  4.531728267262451482e-01  1.189543247073494786e+04  4.332038181176145599e+02  0.000000000000000000e+00 
                      507  4.309027656287744321e+02  7.971850049476074673e-01  1.251717648395678407e+04  4.301055806238268246e+02  0.000000000000000000e+00 
                      508  4.280752535597545716e+02  1.085539916160712437e+00  1.315372418987395758e+04  4.269897136435938592e+02  0.000000000000000000e+00 
                      509  4.251720607569873209e+02  1.277729577676893769e+00  1.375463021544297590e+04  4.238943311793104272e+02  0.000000000000000000e+00 
                      510  4.221900235940466928e+02  1.349503300905610104e+00  1.426988022870776513e+04  4.208405202931410827e+02  0.000000000000000000e+00 
                      511  4.191292674449020410e+02  1.297030838626767490e+00  1.465591197551306141e+04  4.178322366062752735e+02  0.000000000000000000e+00 
                      512  4.159973751165705380e+02  1.137847306461594599e+00  1.488055396642672713e+04  4.148595278101089434e+02  0.000000000000000000e+00 
                      513  4.128091680664613250e+02  9.065106267023566033e-01  1.492612930821235022e+04  4.119026574397589684e+02  0.000000000000000000e+00 
                      514  4.095808606462954913e+02  6.450253870677897794e-01  1.479048462918500991e+04  4.089358352592277015e+02  0.000000000000000000e+00 
                      515  4.063224172263064702e+02  3.923629302188373913e-01  1.448609771554832696e+04  4.059300542960876328e+02  0.000000000000000000e+00 
                      516  4.030325209656375023e+02  1.771511726321932656e-01  1.403816300285847683e+04  4.028553697930053090e+02  0.000000000000000000e+00 
                      517  3.996970018432583061e+02  1.386140576715888528e-02  1.348256533977280560e+04  3.996831404374911472e+02  0.000000000000000000e+00 
                      518  3.962914376876952929e+02 -9.711570433307770145e-02  1.286402476734895572e+04  3.963885533920283706e+02  0.000000000000000000e+00 
                      519  3.927902245228012816e+02 -1.631942501443290894e-01  1.223390404542527176e+04  3.929534187729456107e+02  0.000000000000000000e+00 
                      520  3.891795109862842992e+02 -1.893866281486111802e-01  1.164686440617235166e+04  3.893688976144329104e+02  0.000000000000000000e+00 
                      521  3.854652868050563939e+02 -1.723132661471709071e-01  1.115600848886451240e+04  3.856376000712035648e+02  0.000000000000000000e+00 
                      522  3.816702494672136936e+02 -1.041439514296484958e-01  1.080717644086284417e+04  3.817743934186433421e+02  0.000000000000000000e+00 
                      523  3.778207482711420653e+02  1.538391826369434057e-02  1.063362201017078405e+04  3.778053643528783709e+02  0.000000000000000000e+00 
                      524  3.739309048556184507e+02  1.662098155622970808e-01  1.065196821659767011e+04  3.737646950400561536e+02  0.000000000000000000e+00 
                      525  3.699929712454221544e+02  3.032903142586746981e-01  1.085996705057067811e+04  3.696896809311634797e+02  0.000000000000000000e+00 
                      526  3.659808205127451970e+02  3.661482851554751505e-01  1.123624020635487068e+04  3.656146722275897218e+02  0.000000000000000000e+00 
                      527  3.618657084016920180e+02  3.005008053985420702e-01  1.174225666494605139e+04  3.615652075962934759e+02  0.000000000000000000e+00 
                      528  3.576327832338989765e+02  7.897961242775863866e-02  1.232699473415735702e+04  3.575538036214712179e+02  0.000000000000000000e+00 
                      529  3.532854033612505873e+02 -2.932375295270048809e-01  1.293414001828669097e+04  3.535786408907775922e+02  0.000000000000000000e+00 
                      530  3.488382784822979374e+02 -7.873350855140870408e-01  1.351032936762389909e+04  3.496256135678120245e+02  0.000000000000000000e+00 
                      531  3.443126569569288336e+02 -1.360484920097576378e+00  1.401230510151871204e+04  3.456731418770264099e+02  0.000000000000000000e+00 
                      532  3.397389219374709910e+02 -1.959332911578826497e+00  1.441062711931981357e+04  3.416982548490498175e+02  0.000000000000000000e+00 
                      533  3.351560431591215092e+02 -2.526208270585129867e+00  1.468938435165009105e+04  3.376822514297066391e+02  0.000000000000000000e+00 
                      534  0.000000000000000000e+00  0.000000000000000000e+00  1.484296529862173156e+04  3.336146563625715089e+02  0.000000000000000000e+00 
                      535  0.000000000000000000e+00  0.000000000000000000e+00  1.487193036543546623e+04  3.294947596310863673e+02  0.000000000000000000e+00 
                      536  0.000000000000000000e+00  0.000000000000000000e+00  1.477915459138507140e+04  3.253303942682631487e+02  0.000000000000000000e+00 
                      537  0.000000000000000000e+00  0.000000000000000000e+00  1.456699561022962735e+04  3.211341292538500625e+02  0.000000000000000000e+00 
                      538  0.000000000000000000e+00  0.000000000000000000e+00  1.423554297786579446e+04  3.169178395929824319e+02  0.000000000000000000e+00 
                      539  0.000000000000000000e+00  0.000000000000000000e+00  1.378230226201903861e+04  3.126871693639043315e+02  0.000000000000000000e+00 
                      540  0.000000000000000000e+00  0.000000000000000000e+00  1.320340535606747835e+04  3.084375074525185028e+02  0.000000000000000000e+00 
                      541  0.000000000000000000e+00  0.000000000000000000e+00  1.249586617979481889e+04  3.041525188599794660e+02  0.000000000000000000e+00 
                      542  0.000000000000000000e+00  0.000000000000000000e+00  1.165978033991330267e+04  2.998053710103348521e+02  0.000000000000000000e+00 
                      543  0.000000000000000000e+00  0.000000000000000000e+00  1.069950438381595268e+04  2.953620266016943106e+02  0.000000000000000000e+00 
                      544  0.000000000000000000e+00  0.000000000000000000e+00  9.623562599672772194e+03  2.907856518817598044e+02  0.000000000000000000e+00 
                      545  0.000000000000000000e+00  0.000000000000000000e+00  8.443947785037909853e+03  2.860413253375774616e+02  0.000000000000000000e+00 
                      546  0.000000000000000000e+00  0.000000000000000000e+00  7.175619191801867601e+03  2.811005407047194353e+02  0.000000000000000000e+00 
                      547  0.000000000000000000e+00  0.000000000000000000e+00  5.836730260615171574e+03  2.759451778240025988e+02  0.000000000000000000e+00 
                      548  0.000000000000000000e+00  0.000000000000000000e+00  4.449176105478320096e+03  2.705706327069338499e+02  0.000000000000000000e+00 
                      549  0.000000000000000000e+00  0.000000000000000000e+00  3.038705556726868053e+03  2.649876986043821603e+02  0.000000000000000000e+00 
                      550  0.000000000000000000e+00  0.000000000000000000e+00  1.633916381222409655e+03  2.592228448292072471e+02  0.000000000000000000e+00 
                      551  0.000000000000000000e+00  0.000000000000000000e+00  1.500000000000000000e+03  2.533167458485638122e+02  0.000000000000000000e+00 
                      552  0.000000000000000000e+00  0.000000000000000000e+00  1.500000000000000000e+03  2.473212132085392909e+02  0.000000000000000000e+00 
                      553  0.000000000000000000e+00  0.000000000000000000e+00  1.500000000000000000e+03  2.412948758565459002e+02  0.000000000000000000e+00 
                      554  0.000000000000000000e+00  0.000000000000000000e+00  1.500000000000000000e+03  2.352981018249358272e+02  0.000000000000000000e+00 
                      555  0.000000000000000000e+00  0.000000000000000000e+00  1.500000000000000000e+03  2.293877111044011770e+02  0.000000000000000000e+00 
                      556  0.000000000000000000e+00  0.000000000000000000e+00  1.500000000000000000e+03  2.236120596291166294e+02  0.000000000000000000e+00 
                      557  0.000000000000000000e+00  0.000000000000000000e+00  1.500000000000000000e+03  2.180070212994853023e+02  0.000000000000000000e+00 
                      558  0.000000000000000000e+00  0.000000000000000000e+00  1.500000000000000000e+03  2.125932389863061474e+02  0.000000000000000000e+00 
                      559  0.000000000000000000e+00  0.000000000000000000e+00  1.500000000000000000e+03  2.073747909700091441e+02  0.000000000000000000e+00 
                      560  0.000000000000000000e+00  0.000000000000000000e+00  1.500000000000000000e+03  2.023392246423488245e+02  0.000000000000000000e+00 
                      561  0.000000000000000000e+00  0.000000000000000000e+00  1.500000000000000000e+03  1.974588126263794550e+02  0.000000000000000000e+00 
                      562  0.000000000000000000e+00  0.000000000000000000e+00  1.500000000000000000e+03  1.926929046353286594e+02  0.000000000000000000e+00 
                      563  0.000000000000000000e+00  0.000000000000000000e+00  1.500000000000000000e+03  1.879912770590099740e+02  0.000000000000000000e+00 
                      564  0.000000000000000000e+00  0.000000000000000000e+00  1.500000000000000000e+03  1.832983664770547136e+02  0.000000000000000000e+00 
                      565  0.000000000000000000e+00  0.000000000000000000e+00  1.500000000000000000e+03  1.785581367455808959e+02  0.000000000000000000e+00 
                      566  0.000000000000000000e+00  0.000000000000000000e+00  1.500000000000000000e+03  1.737191484330495541e+02  0.000000000000000000e+00 
                      567  0.000000000000000000e+00  0.000000000000000000e+00  1.500000000000000000e+03  1.687392468233718148e+02  0.000000000000000000e+00 
                      568  0.000000000000000000e+00  0.000000000000000000e+00  1.500000000000000000e+03  1.635892506351564748e+02  0.000000000000000000e+00 
                      569  0.000000000000000000e+00  0.000000000000000000e+00  1.500000000000000000e+03  1.582551538240230116e+02  0.000000000000000000e+00 
                      570  0.000000000000000000e+00  0.000000000000000000e+00  1.500000000000000000e+03  1.527386452806034924e+02  0.000000000000000000e+00 
                      571  0.000000000000000000e+00  0.000000000000000000e+00  1.500000000000000000e+03  1.470561529093366744e+02  0.000000000000000000e+00 
                      572  0.000000000000000000e+00  0.000000000000000000e+00  1.500000000000000000e+03  1.412369138780926505e+02  0.000000000000000000e+00 
                      573  0.000000000000000000e+00  0.000000000000000000e+00  1.500000000000000000e+03  1.353205747189927308e+02  0.000000000000000000e+00 
                      574  0.000000000000000000e+00  0.000000000000000000e+00  1.500000000000000000e+03  1.293546488229516740e+02  0.000000000000000000e+00 
                      575  0.000000000000000000e+00  0.000000000000000000e+00  1.500000000000000000e+03  1.233919689688351440e+02  0.000000000000000000e+00 
                      576  0.000000000000000000e+00  0.000000000000000000e+00  1.500000000000000000e+03  1.174882767021485250e+02  0.000000000000000000e+00 
                      577  0.000000000000000000e+00  0.000000000000000000e+00  1.762442661383489394e+03  1.117001128869117395e+02  0.000000000000000000e+00 
                      578  0.000000000000000000e+00  0.000000000000000000e+00  1.902676660459675077e+03  1.060831840753569395e+02  0.000000000000000000e+00 
                      579  0.000000000000000000e+00  0.000000000000000000e+00  1.894179220855083940e+03  1.006912545181062058e+02  0.000000000000000000e+00 
                      580  0.000000000000000000e+00  0.000000000000000000e+00  1.832176605381294621e+03  9.557550753243739905e+01  0.000000000000000000e+00 
                      581  0.000000000000000000e+00  0.000000000000000000e+00  1.776132107153731340e+03  9.078417984906621996e+01  0.000000000000000000e+00 
                      582  0.000000000000000000e+00  0.000000000000000000e+00  1.748739928512964298e+03  8.636218326754136854e+01  0.000000000000000000e+00 
                      583  0.000000000000000000e+00  0.000000000000000000e+00  1.747572082805591663e+03  8.235038864495484745e+01  0.000000000000000000e+00 
                      584  0.000000000000000000e+00  0.000000000000000000e+00  1.759491792555285429e+03  7.878426030592200391e+01  0.000000000000000000e+00 
                      585  0.000000000000000000e+00  0.000000000000000000e+00  1.771372202826084049e+03  7.569161952952912031e+01  0.000000000000000000e+00 
                      586  0.000000000000000000e+00  0.000000000000000000e+00  1.775111236280231878e+03  7.308945252961837014e+01  0.000000000000000000e+00 
                      587  0.000000000000000000e+00  0.000000000000000000e+00  1.767991180658632629e+03  7.097996607234927069e+01  0.000000000000000000e+00 
                      588  0.000000000000000000e+00  0.000000000000000000e+00  1.750704197519128456e+03  6.934655202233307136e+01  0.000000000000000000e+00 
                      589  0.000000000000000000e+00  0.000000000000000000e+00  1.725184820289749723e+03  6.815090819590555782e+01  0.000000000000000000e+00 
                      590  0.000000000000000000e+00  0.000000000000000000e+00  1.693498632960034229e+03  6.733295531951945634e+01  0.000000000000000000e+00 
                      591  0.000000000000000000e+00  0.000000000000000000e+00  1.657865949974833256e+03  6.681501717923467254e+01  0.000000000000000000e+00 
                      592  0.000000000000000000e+00  0.000000000000000000e+00  1.620980173537308019e+03  6.651068209812954990e+01  0.000000000000000000e+00 
                      593  0.000000000000000000e+00  0.000000000000000000e+00  1.585728503230197248e+03  6.633682659099103773e+01  0.000000000000000000e+00 
                      594  0.000000000000000000e+00  0.000000000000000000e+00  1.554234384483253734e+03  6.622530438694603561e+01  0.000000000000000000e+00 
                      595  0.000000000000000000e+00  0.000000000000000000e+00  1.526965523510336880e+03  6.613021384490733112e+01  0.000000000000000000e+00 
                      596  0.000000000000000000e+00  0.000000000000000000e+00  1.502639746206003338e+03  6.602848130139079785e+01  0.000000000000000000e+00 
                      597  0.000000000000000000e+00  0.000000000000000000e+00  1.500000000000000000e+03  6.591470726560297066e+01  0.000000000000000000e+00 
                      598  0.000000000000000000e+00  0.000000000000000000e+00  1.500000000000000000e+03  6.579350238456645172e+01  0.000000000000000000e+00 
                      599  0.000000000000000000e+00  0.000000000000000000e+00  1.500000000000000000e+03  6.567258841039308948e+01  0.000000000000000000e+00 
                      600  0.000000000000000000e+00  0.000000000000000000e+00  1.500000000000000000e+03  6.555843014922466239e+01  0.000000000000000000e+00 
                      601  0.000000000000000000e+00  0.000000000000000000e+00  1.500000000000000000e+03  6.545451405434720016e+01  0.000000000000000000e+00 
                      602  0.000000000000000000e+00  0.000000000000000000e+00  1.500000000000000000e+03  6.536145358453677545e+01  0.000000000000000000e+00 
                      603  0.000000000000000000e+00  0.000000000000000000e+00  1.500000000000000000e+03  6.527790562744901592e+01  0.000000000000000000e+00 
                      604  0.000000000000000000e+00  0.000000000000000000e+00  1.500000000000000000e+03  6.520154140330373593e+01  0.000000000000000000e+00 
                      605  0.000000000000000000e+00  0.000000000000000000e+00  1.500000000000000000e+03  6.512970832190197257e+01  0.000000000000000000e+00 
                      606  0.000000000000000000e+00  0.000000000000000000e+00  1.500000000000000000e+03  6.505975736991766212e+01  0.000000000000000000e+00 
                      607  0.000000000000000000e+00  0.000000000000000000e+00  1.500000000000000000e+03  6.498918181421989004e+01  0.000000000000000000e+00 
                      608  0.000000000000000000e+00  0.000000000000000000e+00  1.500000000000000000e+03  6.491571003185319455e+01  0.000000000000000000e+00 
                      609  0.000000000000000000e+00  0.000000000000000000e+00  1.500000000000000000e+03  6.483737623841668096e+01  0.000000000000000000e+00 
                      610  0.000000000000000000e+00  0.000000000000000000e+00  1.500000000000000000e+03  6.475248387867556232e+01  0.000000000000000000e+00 
                      611  0.000000000000000000e+00  0.000000000000000000e+00  1.500000000000000000e+03  6.465939002762297605e+01  0.000000000000000000e+00 
                      612  0.000000000000000000e+00  0.000000000000000000e+00  1.500000000000000000e+03  6.455615213368892569e+01  0.000000000000000000e+00 
                      613  0.000000000000000000e+00  0.000000000000000000e+00  1.500000000000000000e+03  6.444019663759253547e+01  0.000000000000000000e+00 
                      614  0.000000000000000000e+00  0.000000000000000000e+00  1.500000000000000000e+03  6.430820660564117475e+01  0.000000000000000000e+00 
                      615  0.000000000000000000e+00  0.000000000000000000e+00  1.500000000000000000e+03  6.415639729539660152e+01  0.000000000000000000e+00 
                      616  0.000000000000000000e+00  0.000000000000000000e+00  1.500000000000000000e+03  6.398125590128924500e+01  0.000000000000000000e+00 
                      617  0.000000000000000000e+00  0.000000000000000000e+00  1.500000000000000000e+03  6.378066480814939609e+01  0.000000000000000000e+00 
                      618  0.000000000000000000e+00  0.000000000000000000e+00  1.500000000000000000e+03  6.355511495856038806e+01  0.000000000000000000e+00 
                      619  0.000000000000000000e+00  0.000000000000000000e+00  1.500000000000000000e+03  6.330849625388903235e+01  0.000000000000000000e+00 
                      620  0.000000000000000000e+00  0.000000000000000000e+00  1.500000000000000000e+03  6.304789827538436953e+01  0.000000000000000000e+00 
                      621  0.000000000000000000e+00  0.000000000000000000e+00  1.500000000000000000e+03  6.278217786469851092e+01  0.000000000000000000e+00 
                      622  0.000000000000000000e+00  0.000000000000000000e+00  1.500000000000000000e+03  6.251976089666397485e+01  0.000000000000000000e+00 
                      623  0.000000000000000000e+00  0.000000000000000000e+00  1.500000000000000000e+03  6.226673372537609197e+01  0.000000000000000000e+00 
                      624  0.000000000000000000e+00  0.000000000000000000e+00  1.500000000000000000e+03  6.202617200254564978e+01  0.000000000000000000e+00 
                      625  0.000000000000000000e+00  0.000000000000000000e+00  1.500000000000000000e+03  6.179889144373854748e+01  0.000000000000000000e+00 
                      626  0.000000000000000000e+00  0.000000000000000000e+00  1.500000000000000000e+03  6.158500144200284154e+01  0.000000000000000000e+00 
                      627  0.000000000000000000e+00  0.000000000000000000e+00  1.500000000000000000e+03  6.138533423484170726e+01  0.000000000000000000e+00 
                      628  0.000000000000000000e+00  0.000000000000000000e+00  1.500000000000000000e+03  6.120207741810690294e+01  0.000000000000000000e+00 
                      629  0.000000000000000000e+00  0.000000000000000000e+00  1.500000000000000000e+03  6.103847175468806086e+01  0.000000000000000000e+00 
                      630  0.000000000000000000e+00  0.000000000000000000e+00  1.500000000000000000e+03  6.089789040652827623e+01  0.000000000000000000e+00 
                      631  0.000000000000000000e+00  0.000000000000000000e+00  1.500000000000000000e+03  6.078278358116817515e+01  0.000000000000000000e+00 
                      632  0.000000000000000000e+00  0.000000000000000000e+00  1.500000000000000000e+03  6.069387961181936930e+01  0.000000000000000000e+00 
                      633  0.000000000000000000e+00  0.000000000000000000e+00  1.500000000000000000e+03  6.062983806985909041e+01  0.000000000000000000e+00 
                      634  0.000000000000000000e+00  0.000000000000000000e+00  1.500000000000000000e+03  6.058737055075820876e+01  0.000000000000000000e+00 
                      635  0.000000000000000000e+00  0.000000000000000000e+00  1.500000000000000000e+03  6.056170522933319944e+01  0.000000000000000000e+00 
                      636  0.000000000000000000e+00  0.000000000000000000e+00  1.500000000000000000e+03  6.054720630692475680e+01  0.000000000000000000e+00 
                      637  0.000000000000000000e+00  0.000000000000000000e+00  1.500000000000000000e+03  6.053949144273730809e+01  0.000000000000000000e+00 
                      638  0.000000000000000000e+00  0.000000000000000000e+00  1.500000000000000000e+03  6.053617621940929894e+01  0.000000000000000000e+00 
                      639  0.000000000000000000e+00  0.000000000000000000e+00  1.500000000000000000e+03  6.053532652689890625e+01  0.000000000000000000e+00 
                      640  0.000000000000000000e+00  0.000000000000000000e+00  1.500000000000000000e+03  6.053547180498208746e+01  0.000000000000000000e+00 
                      641  0.000000000000000000e+00  0.000000000000000000e+00  1.500000000000000000e+03  6.053570827114570818e+01  0.000000000000000000e+00 
                      642  0.000000000000000000e+00  0.000000000000000000e+00  1.500000000000000000e+03  6.053566454117601126e+01  0.000000000000000000e+00 
                      643  0.000000000000000000e+00  0.000000000000000000e+00  1.500000000000000000e+03  6.053535200965522733e+01  0.000000000000000000e+00 
                      644  0.000000000000000000e+00  0.000000000000000000e+00  1.500000000000000000e+03  6.053496924825166303e+01  0.000000000000000000e+00 
                      645  0.000000000000000000e+00  0.000000000000000000e+00  1.500000000000000000e+03  6.053473491899293890e+01  0.000000000000000000e+00 
                      646  0.000000000000000000e+00  0.000000000000000000e+00  1.500000000000000000e+03  6.053478886875483767e+01  0.000000000000000000e+00 
                      647  0.000000000000000000e+00  0.000000000000000000e+00  1.500000000000000000e+03  6.053515825656488403e+01  0.000000000000000000e+00 
                      648  0.000000000000000000e+00  0.000000000000000000e+00  1.500000000000000000e+03  6.053576743120810733e+01  0.000000000000000000e+00 
                      649  0.000000000000000000e+00  0.000000000000000000e+00  1.500000000000000000e+03  6.053647675181504439e+01  0.000000000000000000e+00 
                      650  0.000000000000000000e+00  0.000000000000000000e+00  1.500000000000000000e+03  6.053714180086384999e+01  0.000000000000000000e+00 
                      651  0.000000000000000000e+00  0.000000000000000000e+00  1.500000000000000000e+03  6.053767704214804013e+01  0.000000000000000000e+00 
                      652  0.000000000000000000e+00  0.000000000000000000e+00  1.500000000000000000e+03  6.053809607901956014e+01  0.000000000000000000e+00 
                      653  0.000000000000000000e+00  0.000000000000000000e+00  1.500000000000000000e+03  6.053850207302116360e+01  0.000000000000000000e+00 
                      654  0.000000000000000000e+00  0.000000000000000000e+00  1.500000000000000000e+03  6.053902523768896060e+01  0.000000000000000000e+00 
                      655  0.000000000000000000e+00  0.000000000000000000e+00  1.500000000000000000e+03  6.053973808009374835e+01  0.000000000000000000e+00 
                      656  0.000000000000000000e+00  0.000000000000000000e+00  1.500000000000000000e+03  6.054059481634649842e+01  0.000000000000000000e+00 
                      657  0.000000000000000000e+00  0.000000000000000000e+00  1.500000000000000000e+03  6.054142369654987021e+01  0.000000000000000000e+00 
                      658  0.000000000000000000e+00  0.000000000000000000e+00  1.500000000000000000e+03  6.054196821809093620e+01  0.000000000000000000e+00 
                      659  0.000000000000000000e+00  0.000000000000000000e+00  1.500000000000000000e+03  6.054195331730890928e+01  0.000000000000000000e+00 
                      660  0.000000000000000000e+00  0.000000000000000000e+00  1.500000000000000000e+03  6.054115190459909002e+01  0.000000000000000000e+00 
                      661  0.000000000000000000e+00  0.000000000000000000e+00  1.500000000000000000e+03  6.053943118775715959e+01  0.000000000000000000e+00 
                      662  0.000000000000000000e+00  0.000000000000000000e+00  1.500000000000000000e+03  6.053676547785090634e+01  0.000000000000000000e+00 
                      663  0.000000000000000000e+00  0.000000000000000000e+00  1.500000000000000000e+03  6.053353476193928628e+01  0.000000000000000000e+00 
                      664  0.000000000000000000e+00  0.000000000000000000e+00  1.500000000000000000e+03  6.053036355696325188e+01  0.000000000000000000e+00 
                      665  0.000000000000000000e+00  0.000000000000000000e+00  1.500000000000000000e+03  6.052749119759395313e+01  0.000000000000000000e+00 
                      666  0.000000000000000000e+00  0.000000000000000000e+00  1.500000000000000000e+03  6.052484551953153868e+01  0.000000000000000000e+00 
                      667  0.000000000000000000e+00  0.000000000000000000e+00  1.500000000000000000e+03  6.052226751157729012e+01  0.000000000000000000e+00 
                      668  0.000000000000000000e+00  0.000000000000000000e+00  1.500000000000000000e+03  6.051964229150294727e+01  0.000000000000000000e+00 
                      669  0.000000000000000000e+00  0.000000000000000000e+00  1.500000000000000000e+03  6.051694135922334539e+01  0.000000000000000000e+00 
                      670  0.000000000000000000e+00  0.000000000000000000e+00  1.500000000000000000e+03  6.051420945504907678e+01  0.000000000000000000e+00 
                      671  0.000000000000000000e+00  0.000000000000000000e+00  1.500000000000000000e+03  6.051153164923193373e+01  0.000000000000000000e+00 
                      672  0.000000000000000000e+00  0.000000000000000000e+00  1.500000000000000000e+03  6.050900367528227974e+01  0.000000000000000000e+00 
                      673  0.000000000000000000e+00  0.000000000000000000e+00  1.500000000000000000e+03  6.050671323528573708e+01  0.000000000000000000e+00 
                      674  0.000000000000000000e+00  0.000000000000000000e+00  1.500000000000000000e+03  6.050472997827625932e+01  0.000000000000000000e+00 
                      675  0.000000000000000000e+00  0.000000000000000000e+00  1.500000000000000000e+03  6.050309937181591380e+01  0.000000000000000000e+00 
                      676  0.000000000000000000e+00  0.000000000000000000e+00  1.500000000000000000e+03  6.050183823323860821e+01  0.000000000000000000e+00 
                      677  0.000000000000000000e+00  0.000000000000000000e+00  1.500000000000000000e+03  6.050093291596159162e+01  0.000000000000000000e+00 
                      678  0.000000000000000000e+00  0.000000000000000000e+00  1.500000000000000000e+03  6.050034208743927167e+01  0.000000000000000000e+00 
                      679  0.000000000000000000e+00  0.000000000000000000e+00  1.500000000000000000e+03  6.050000437533232400e+01  0.000000000000000000e+00 
                      680  0.000000000000000000e+00  0.000000000000000000e+00  1.500000000000000000e+03  6.049984859991390351e+01  0.000000000000000000e+00 
                      681  0.000000000000000000e+00  0.000000000000000000e+00  1.500000000000000000e+03  6.049980278802644307e+01  0.000000000000000000e+00 
                      682  0.000000000000000000e+00  0.000000000000000000e+00  1.500000000000000000e+03  6.049979898599998052e+01  0.000000000000000000e+00 
                      683  0.000000000000000000e+00  0.000000000000000000e+00  1.500000000000000000e+03  6.049979898599998052e+01  0.000000000000000000e+00 
                      684  0.000000000000000000e+00  0.000000000000000000e+00  1.500000000000000000e+03  6.049979898599998052e+01  0.000000000000000000e+00 
                      685  0.000000000000000000e+00  0.000000000000000000e+00  1.500000000000000000e+03  6.049979898599998052e+01  0.000000000000000000e+00 
                      686  0.000000000000000000e+00  0.000000000000000000e+00  1.500000000000000000e+03  6.049979898599998052e+01  0.000000000000000000e+00 
                      687  0.000000000000000000e+00  0.000000000000000000e+00  1.500000000000000000e+03  6.049979898599998052e+01  0.000000000000000000e+00 
                      688  0.000000000000000000e+00  0.000000000000000000e+00  1.500000000000000000e+03  6.049979898599998052e+01  0.000000000000000000e+00 
                      689  0.000000000000000000e+00  0.000000000000000000e+00  1.500000000000000000e+03  6.049979898599998052e+01  0.000000000000000000e+00 
                      690  0.000000000000000000e+00  0.000000000000000000e+00  1.500000000000000000e+03  6.049979898599998052e+01  0.000000000000000000e+00 
                      691  0.000000000000000000e+00  0.000000000000000000e+00  1.500000000000000000e+03  6.049979898599997341e+01  0.000000000000000000e+00 
                      692  0.000000000000000000e+00  0.000000000000000000e+00  1.500000000000000000e+03  6.049979898599998052e+01  0.000000000000000000e+00 
                      693  0.000000000000000000e+00  0.000000000000000000e+00  1.500000000000000000e+03  6.049979898599998052e+01  0.000000000000000000e+00 
                      694  0.000000000000000000e+00  0.000000000000000000e+00  1.500000000000000000e+03  6.049979898599998052e+01  0.000000000000000000e+00 
                      695  0.000000000000000000e+00  0.000000000000000000e+00  1.500000000000000000e+03  6.049979898599998052e+01  0.000000000000000000e+00 
                      696  0.000000000000000000e+00  0.000000000000000000e+00  1.500000000000000000e+03  6.049979898599998052e+01  0.000000000000000000e+00 
                      697  0.000000000000000000e+00  0.000000000000000000e+00  1.500000000000000000e+03  6.049979898599998762e+01  0.000000000000000000e+00 
                      698  0.000000000000000000e+00  0.000000000000000000e+00  1.500000000000000000e+03  6.049979898599998762e+01  0.000000000000000000e+00 
                      699  0.000000000000000000e+00  0.000000000000000000e+00  1.500000000000000000e+03  6.049979898599998052e+01  0.000000000000000000e+00 
                      700  0.000000000000000000e+00  0.000000000000000000e+00  1.500000000000000000e+03  6.049979898599998762e+01  0.000000000000000000e+00 
                      701  0.000000000000000000e+00  0.000000000000000000e+00  1.500000000000000000e+03  6.049979898599998052e+01  0.000000000000000000e+00 
                      702  0.000000000000000000e+00  0.000000000000000000e+00  1.500000000000000000e+03  6.049979898599998052e+01  0.000000000000000000e+00 
                      703  0.000000000000000000e+00  0.000000000000000000e+00  1.500000000000000000e+03  6.049979898599998762e+01  0.000000000000000000e+00 
                      704  0.000000000000000000e+00  0.000000000000000000e+00  1.500000000000000000e+03  6.049979898599998762e+01  0.000000000000000000e+00 
