2706.094944999990000000 
3129.651617159020000000 
3206.066323884050000000 
3022.896597553800000000 
2660.530078029230000000 
2188.059441720980000000 
1664.179475801530000000 
1500.000000000000000000 
1500.000000000000000000 
1500.000000000000000000 
1500.000000000000000000 
1500.000000000000000000 
1500.000000000000000000 
1500.000000000000000000 
1500.000000000000000000 
2009.292792838950000000 
2904.228478953350000000 
3818.063694536320000000 
4685.192011764870000000 
5447.461893520050000000 
6054.798765757300000000 
6471.538130806000000000 
6684.583623754520000000 
6707.543044268640000000 
6580.476163485770000000 
6366.616932963100000000 
6141.321006232270000000 
5971.993368218790000000 
5896.682814506040000000 
5911.037952288110000000 
5970.243024873040000000 
6007.751635330130000000 
5963.174728508380000000 
5803.661722582300000000 
5529.952500164230000000 
5172.523169767240000000 
4784.818153325090000000 
4434.407740340740000000 
4193.108537759250000000 
4126.003489361270000000 
4275.643313373130000000 
4644.116348658240000000 
5183.419405353080000000 
5798.758854679200000000 
6360.566762035710000000 
6723.138292003120000000 
6750.748248627320000000 
6344.606815414010000000 
5458.282676552770000000 
4096.517712125430000000 
2303.438997739200000000 
1500.000000000000000000 
1500.000000000000000000 
1500.000000000000000000 
1500.000000000000000000 
1500.000000000000000000 
1500.000000000000000000 
1500.000000000000000000 
1500.000000000000000000 
1500.000000000000000000 
1500.000000000000000000 
1500.000000000000000000 
1500.000000000000000000 
1500.000000000000000000 
1500.000000000000000000 
1500.000000000000000000 
1500.000000000000000000 
1500.000000000000000000 
1500.000000000000000000 
1500.000000000000000000 
1500.000000000000000000 
1500.000000000000000000 
1500.000000000000000000 
1500.000000000000000000 
1500.000000000000000000 
1500.000000000000000000 
1500.000000000000000000 
1500.000000000000000000 
1500.000000000000000000 
1500.000000000000000000 
1500.000000000000000000 
1500.000000000000000000 
1500.000000000000000000 
1500.000000000000000000 
1500.000000000000000000 
1500.000000000000000000 
1500.000000000000000000 
1500.000000000000000000 
1500.000000000000000000 
1500.000000000000000000 
1500.000000000000000000 
1500.000000000000000000 
1500.000000000000000000 
1500.000000000000000000 
1500.000000000000000000 
1500.000000000000000000 
1500.000000000000000000 
1500.000000000000000000 
1500.000000000000000000 
1500.000000000000000000 
1500.000000000000000000 
1500.000000000000000000 
1500.000000000000000000 
1500.000000000000000000 
1500.000000000000000000 
1500.000000000000000000 
1500.000000000000000000 
1500.000000000000000000 
1500.000000000000000000 
1500.000000000000000000 
1500.000000000000000000 
1500.000000000000000000 
1500.000000000000000000 
1500.000000000000000000 
1500.000000000000000000 
1500.000000000000000000 
1500.000000000000000000 
1500.000000000000000000 
1500.000000000000000000 
1500.000000000000000000 
1500.000000000000000000 
1500.000000000000000000 
1500.000000000000000000 
1500.000000000000000000 
1500.000000000000000000 
1500.000000000000000000 
1500.000000000000000000 
1500.000000000000000000 
1500.000000000000000000 
1500.000000000000000000 
1500.000000000000000000 
1500.000000000000000000 
1500.000000000000000000 
1500.000000000000000000 
1500.000000000000000000 
1640.522486415880000000 
1906.156071444040000000 
2153.308224556350000000 
2360.697201317970000000 
2837.591740800500000000 
3770.274925162720000000 
4504.736779077120000000 
5030.234558980740000000 
5344.660503434100000000 
5464.259738175030000000 
5426.885966309140000000 
5283.706784683820000000 
5080.479752952820000000 
4843.044624214350000000 
4581.249057700930000000 
4306.335505311480000000 
4044.598602989340000000 
3836.311948512630000000 
3720.261737318920000000 
3714.375893412890000000 
3808.916150897230000000 
3977.358652326090000000 
4191.233644659240000000 
4427.578920622830000000 
4672.032840690080000000 
4921.681392562500000000 
5187.799422518420000000 
5498.656225345870000000 
5895.904753268340000000 
6415.327128912780000000 
7061.573351215780000000 
7802.318463478200000000 
8590.910924644820000000 
9397.470719835910000000 
10224.850736316700000000 
11105.671451391000000000 
12088.578623814600000000 
13221.062454373700000000 
14533.908039677500000000 
16026.376697630200000000 
17650.716917036900000000 
19305.826957640000000000 
20851.080491407600000000 
22136.395910857800000000 
23034.656679577000000000 
23466.465187568800000000 
23413.120298539600000000 
22917.283517821600000000 
22070.256966014900000000 
20989.748119985900000000 
19796.122111109200000000 
18592.637834191300000000 
17454.419919404200000000 
16425.768449952700000000 
15520.189282558400000000 
14724.541527613400000000 
14012.349964488800000000 
13363.040127590700000000 
12777.672167032000000000 
12283.237072978700000000 
11921.705340704500000000 
11729.064618019000000000 
11718.619227342100000000 
11876.650308511300000000 
12167.866927583100000000 
12547.972472706400000000 
12978.560194207300000000 
13434.033489768300000000 
13896.764834239900000000 
14348.185707531400000000 
14764.329339905900000000 
15118.360149359900000000 
15387.382112416200000000 
15557.982475397500000000 
15626.220268820400000000 
15593.245732415900000000 
15462.616604128100000000 
15242.289067954600000000 
14947.014329191200000000 
14598.177487217000000000 
14224.004015634900000000 
13860.103570640600000000 
13547.261658851800000000 
13327.481517254300000000 
13237.296595147900000000 
13296.505509293700000000 
13499.742263202100000000 
13819.023257326700000000 
14216.641908347700000000 
14660.740087108500000000 
15130.695351333800000000 
15605.395258563000000000 
16045.749349923800000000 
16392.568735459300000000 
16587.211556110600000000 
16599.333986791200000000 
16440.727643749000000000 
16158.615457996400000000 
15817.204435336000000000 
15480.010655598800000000 
15197.501567856400000000 
14997.530796184800000000 
14879.331578340000000000 
14817.158611669200000000 
14775.573864026000000000 
14728.180953948000000000 
14668.114228734500000000 
14606.365879589000000000 
14564.771709800700000000 
14572.426426374200000000 
14667.077722198500000000 
14894.546070688600000000 
15298.227593663200000000 
15902.963790498200000000 
16705.550107387500000000 
17674.299584873400000000 
18752.308322975400000000 
19863.617464690700000000 
20926.853127236300000000 
21879.660700101000000000 
22705.373405830100000000 
22989.478803718800000000 
23438.736840414100000000 
24027.770979841900000000 
24725.599709587100000000 
25497.132044535700000000 
26304.819359801000000000 
27110.380930641100000000 
27876.514077769300000000 
28568.514682358600000000 
29155.748930515400000000 
29612.882520173200000000 
29920.821105644700000000 
30067.332043355400000000 
30047.337002588100000000 
29862.879135669300000000 
29522.773751631200000000 
29042.031020372700000000 
28441.026635926700000000 
27744.481992249400000000 
26980.317614032800000000 
26178.430925088100000000 
25369.527611859100000000 
24583.662651381900000000 
23849.090916692800000000 
23191.096243793800000000 
22630.906416225700000000 
22184.795507995800000000 
21863.450151850100000000 
21671.653218298400000000 
21608.302626100000000000 
21666.746877857500000000 
21835.390954184100000000 
22098.509031035100000000 
22437.194859867000000000 
22830.384269999300000000 
23255.891354556600000000 
23691.407985242900000000 
24115.429253226700000000 
24508.083808773600000000 
24851.861233457400000000 
25132.232165798300000000 
25338.150385260900000000 
25462.414104547800000000 
25501.854472619900000000 
25457.319944192400000000 
25333.441210634000000000 
25138.182618341600000000 
24882.210406230900000000 
24578.131661287300000000 
24239.679906260300000000 
23880.932587542700000000 
23515.601141842500000000 
23156.458718895600000000 
22815.021648143700000000 
22501.281684981800000000 
22223.505439484800000000 
21988.088864397300000000 
21799.456630960200000000 
21660.007038103600000000 
21570.113379145900000000 
21528.201037650900000000 
21530.920010180900000000 
21573.426792669100000000 
21649.776051905600000000 
21753.405222936800000000 
21877.677142981100000000 
22016.434528927200000000 
22164.516923255000000000 
22318.195312676000000000 
22475.490468146200000000 
22636.352852332000000000 
22802.693744025800000000 
22978.268151407300000000 
23168.419357601200000000 
23379.703206097800000000 
23619.418112042400000000 
23895.074222357600000000 
24213.839015737900000000 
24581.993599472600000000 
25004.427869151400000000 
25484.196159317200000000 
26022.152107233600000000 
26616.677588800000000000 
27263.519940028600000000 
27955.750129522300000000 
28683.852079877500000000 
29435.947874881700000000 
30198.158904123500000000 
30955.096095636300000000 
31690.462190885800000000 
32387.736669023000000000 
33030.900191942400000000 
33605.144062949400000000 
34097.508309466100000000 
34497.402692854700000000 
34796.983059791500000000 
34991.376650558600000000 
35078.766692259000000000 
35060.359883074200000000 
34940.266456701900000000 
34725.322261627800000000 
34424.869660972000000000 
34050.496288052800000000 
33615.715999530000000000 
33135.572643665500000000 
32626.156505560600000000 
32104.041329378900000000 
31585.668436357100000000 
31086.717852741700000000 
30621.511999975200000000 
30202.496305659100000000 
29839.835340056500000000 
29541.151254478700000000 
29311.413276035900000000 
29152.965444796500000000 
29065.662142986100000000 
29047.072642244600000000 
29092.717330699700000000 
29196.306667545300000000 
29349.968290297100000000 
29544.464164292300000000 
29769.414393503900000000 
30013.550881231200000000 
30265.018691069000000000 
30511.730319277100000000 
30741.762174250400000000 
30943.771584795000000000 
31107.405933906900000000 
31223.638883750000000000 
31285.160066548900000000 
31286.526520754200000000 
31224.291164118500000000 
31097.046127582400000000 
30905.395676156800000000 
30651.877800290100000000 
30340.850990729800000000 
29978.361011550200000000 
29571.997657820000000000 
29130.735851725600000000 
28664.748179563900000000 
28185.224279147000000000 
27704.145321525600000000 
27233.939824814500000000 
26787.065064431300000000 
26375.526104760200000000 
26010.362661843400000000 
25701.149908875200000000 
25455.567637142700000000 
25279.088567303300000000 
25174.821086020500000000 
25143.520625960100000000 
25183.762127884800000000 
25292.246150541000000000 
25464.195139055800000000 
25693.787106685700000000 
25974.573091477700000000 
26299.834028995200000000 
26662.854012205200000000 
27057.110169730000000000 
27476.398933604200000000 
27914.927688138100000000 
28367.400567275500000000 
28829.117751605500000000 
29296.091638183100000000 
29765.165784684900000000 
30234.105369139300000000 
30701.616810098500000000 
31167.256652248600000000 
31631.210996474100000000 
32093.959239596100000000 
32555.865234361200000000 
33016.757486897200000000 
33475.563381976000000000 
33930.052023780800000000 
34376.720555207700000000 
34810.834438929100000000 
35226.608263157800000000 
35617.493391283900000000 
35976.529955470900000000 
36296.721477216900000000 
36571.399257435800000000 
36794.554947028800000000 
36961.131209189200000000 
37067.269500371800000000 
37110.518713776200000000 
37090.007372219800000000 
37006.577417429900000000 
36862.871255563200000000 
36663.358096502500000000 
36414.284181188000000000 
36123.534089371600000000 
35800.396491503400000000 
35455.239090041000000000 
35099.110318139700000000 
34743.296737798200000000 
34398.869052080000000000 
34076.247464882900000000 
33784.808475278500000000 
33532.545903720900000000 
33325.793133556500000000 
33169.010399579600000000 
33064.639641706200000000 
33013.029696276900000000 
33012.433804481300000000 
33059.078915337100000000 
33147.302786189200000000 
33269.753425716600000000 
33417.645203670300000000 
33581.067300426100000000 
33749.340061272100000000 
33911.411884619300000000 
34056.282704207100000000 
34173.433759450000000000 
34253.238808411400000000 
34287.332551942700000000 
34268.914665770600000000 
34192.974557016100000000 
34056.429825221900000000 
33858.179412903100000000 
33599.079249962200000000 
33281.853650775200000000 
32910.957440055300000000 
32492.402443547900000000 
32033.559910435300000000 
31542.947927552200000000 
31030.010687372300000000 
30504.893591684200000000 
29978.212220377100000000 
29460.807146385100000000 
28963.476046110300000000 
28496.681322799300000000 
28070.244543940400000000 
27693.048915816100000000 
27372.774616843500000000 
27115.688374507900000000 
26926.501373328600000000 
26808.301247023500000000 
26762.555611180900000000 
26789.176050950400000000 
26886.626834205000000000 
27052.061906055500000000 
27281.477579970300000000 
27569.873226957900000000 
27911.415062793700000000 
28299.600398510800000000 
28727.421458568400000000 
29187.529684370600000000 
29672.403840380800000000 
30174.523106333300000000 
30686.541470650800000000 
31201.455290592800000000 
31712.753750246900000000 
32214.541763577400000000 
32701.626168476300000000 
33169.558469639800000000 
33614.633063037400000000 
34033.874085975400000000 
34424.927098792000000000 
34785.999694923200000000 
35115.793581837400000000 
35413.433089955300000000 
35678.395063409900000000 
35910.444509873600000000 
36109.579756141600000000 
36275.990145934700000000 
36410.028080049100000000 
36512.196219641200000000 
36583.149455246600000000 
36623.710273563400000000 
36634.894633399300000000 
36617.945298309100000000 
36574.368109115500000000 
36505.966942755000000000 
36414.872713132000000000 
36303.562027591500000000 
36174.861727123400000000 
36031.936313660000000000 
35878.255960912100000000 
35717.544399772500000000 
35553.706270624500000000 
35390.735498429500000000 
35232.606553912600000000 
35083.152122296300000000 
34945.931147270800000000 
34824.092415367400000000 
34720.239214689500000000 
34636.301543162000000000 
34573.421987556400000000 
34531.862094165100000000 
34510.934919265900000000 
34508.969213928500000000 
34523.309195595800000000 
34550.352425236500000000 
34585.626870341900000000 
34623.905868510300000000 
34659.358324257600000000 
34685.729722331100000000 
34696.547602835900000000 
34685.344784752900000000 
34645.891839755000000000 
34572.430709149400000000 
34459.900513494800000000 
34304.147190584200000000 
34102.108846801200000000 
33851.969541922200000000 
33553.275223857300000000 
33207.006716006800000000 
32815.606228302200000000 
32382.955592819400000000 
31914.306106825700000000 
31416.161898881100000000 
30896.120604920800000000 
30362.676694568500000000 
29824.994626295900000000 
29292.659764139600000000 
28775.416086263800000000 
28282.899928982600000000 
27824.378697903200000000 
27408.503601915100000000 
27043.083801331600000000 
26734.888921654400000000 
26489.485462815800000000 
26311.110818720800000000 
26202.587924333500000000 
26165.281355014300000000 
26199.094956892600000000 
26302.509328869900000000 
26472.656580807100000000 
26705.428391722300000000 
26995.612951943700000000 
27337.054983194900000000 
27722.833207911700000000 
28145.448841884400000000 
28597.018860610100000000 
29069.468243428000000000 
29554.715580248100000000 
30044.847434721400000000 
30532.277540942600000000 
31009.887871142100000000 
31471.149594891000000000 
31910.222565984400000000 
32322.032941928300000000 
32702.328997483600000000 
33047.715576002000000000 
33355.668170881900000000 
33624.528030338700000000 
33853.479414996000000000 
34042.511200012100000000 
34192.364426618900000000 
34304.468124388200000000 
34380.865658889600000000 
34424.133748605800000000 
34437.296465300600000000 
34423.736256722500000000 
34387.103762920600000000 
34331.227939098800000000 
34260.028016867600000000 
34177.428109908900000000 
34087.275625199800000000 
33993.264142760900000000 
33898.861747028900000000 
33807.245414420800000000 
33721.242500878900000000 
33643.279990585000000000 
33575.341977874100000000 
33518.936425291000000000 
33475.070956410200000000 
33444.238295934500000000 
33426.411067042900000000 
33421.045671512500000000 
33427.095154821900000000 
33443.030388070200000000 
33466.869383634400000000 
33496.214186396700000000 
33528.295202101200000000 
33560.022470947500000000 
33588.043685215900000000 
33608.808377563100000000 
33618.637984506500000000 
33613.800705908800000000 
33590.590509516400000000 
33545.409016425700000000 
33474.848958007400000000 
33375.777802554200000000 
33245.419977248400000000 
33081.436014186200000000 
32881.997133369600000000 
32645.853501490000000000 
32372.394550056300000000 
32061.699758992400000000 
31714.578072754000000000 
31332.594548532600000000 
30918.082546115600000000 
30474.139946673800000000 
30004.608349515200000000 
29514.034353856200000000 
29007.612348728400000000 
28491.109155343200000000 
27970.770993810900000000 
27453.214531012600000000 
26945.303705801300000000 
26454.015217401300000000 
25986.295701577000000000 
25548.914224968200000000 
25148.313699643000000000 
24790.465484121300000000 
24480.730655652700000000 
24223.732175175200000000 
24023.241318015600000000 
23882.081910333300000000 
23802.055107598900000000 
23783.887416287200000000 
23827.203697375500000000 
23930.526407934200000000 
24091.301670624300000000 
24305.951615759200000000 
24569.952028824100000000 
24877.933269308600000000 
25223.801598774500000000 
25600.877749412800000000 
26002.048690480100000000 
26419.928475808400000000 
26847.023642200800000000 
27275.898783711400000000 
27699.338104440600000000 
28110.498776861600000000 
28503.052444772100000000 
28871.311611903600000000 
29210.338104820700000000 
29516.031380934400000000 
29785.195072665600000000 
30015.580436734700000000 
30205.906641304200000000 
30355.857552513200000000 
30466.056115478900000000 
30538.017229066600000000 
30574.080939743400000000 
30577.328098022400000000 
30551.480595607100000000 
30500.789120193400000000 
30429.910986062700000000 
30343.780951204600000000 
30247.477970606800000000 
30146.090699891700000000 
30044.584591387200000000 
29947.673284173300000000 
29859.697046306500000000 
29784.510545636300000000 
29725.382523400400000000 
29684.909368998300000000 
29664.944589270500000000 
29666.545701396900000000 
29689.940230039600000000 
29734.511542577100000000 
29798.805468695000000000 
29880.557739161900000000 
29976.742361263500000000 
30083.640152267500000000 
30196.926208870400000000 
30311.774812875800000000 
30422.979489850000000000 
30525.085351893300000000 
30612.530767576100000000 
30679.794387855400000000 
30721.543823236600000000 
30732.781610907800000000 
30708.984249244200000000 
30646.230199218900000000 
30541.312828324000000000 
30391.834900596700000000 
30196.281748906800000000 
29954.070836686900000000 
29665.576423167700000000 
29332.128636406800000000 
28955.987420006300000000 
28540.292436271200000000 
28088.990789316700000000 
27606.745311282800000000 
27098.826563664500000000 
26570.992246687300000000 
26029.358008525100000000 
25480.263922520900000000 
24930.140727252300000000 
24385.379997686700000000 
23852.212010122700000000 
23336.594530602200000000 
22844.115315822400000000 
22379.910245871700000000 
21948.598215481300000000 
21554.233037008900000000 
21200.271742896300000000 
20889.558047098100000000 
20624.318632185000000000 
20406.170154711600000000 
20236.133824237000000000 
20114.655083072000000000 
20041.625727885200000000 
20016.406284266200000000 
20037.847313268800000000 
20104.308618178900000000 
20213.676355797900000000 
20363.378783316600000000 
20550.401707217200000000 
20771.305656782100000000 
21022.246583020500000000 
21299.002534941300000000 
21597.008195373800000000 
21911.399325173900000000 
22237.068361978400000000 
22568.732158879800000000 
22901.012028844400000000 
23228.525460683800000000 
23545.988380778300000000 
23848.325805942200000000 
24130.788087410100000000 
24389.069383019400000000 
24619.424255034300000000 
24818.777905158200000000 
24984.825407256300000000 
25116.114872387300000000 
25212.110151766400000000 
25273.228598556100000000 
25300.850672488100000000 
25297.298406908500000000 
25265.781870137800000000 
25210.313375792500000000 
25135.591134112400000000 
25046.855274526800000000 
24949.720787387600000000 
24849.993057429100000000 
24753.472569972700000000 
24665.756069366600000000 
24592.041756982800000000 
24536.945703357600000000 
24504.336541915600000000 
24497.194334142500000000 
24517.498789246000000000 
24566.150430878500000000 
24642.927221388600000000 
24746.477639795000000000 
24874.349876652500000000 
25023.055627063200000000 
25188.165738422900000000 
25364.434078296200000000 
25545.945116850300000000 
25726.280294777000000000 
25898.697495049900000000 
26056.318281633800000000 
26192.316812209100000000 
26300.105299446700000000 
26373.510660317300000000 
26406.937748145600000000 
26395.515062432900000000 
26335.219733348100000000 
26222.979135313300000000 
26056.747606057500000000 
25835.557034272900000000 
25559.541493057400000000 
25229.936140098700000000 
24849.051607243700000000 
24420.225148706500000000 
23947.750685786700000000 
23436.789398600400000000 
22893.263424554200000000 
22323.734770889000000000 
21735.272020252900000000 
21135.307158474100000000 
20531.485232465500000000 
19931.509613946100000000 
19342.985679809400000000 
18773.265971378600000000 
18229.300259711000000000 
17717.493626521200000000 
17243.576380372200000000 
16812.489146693700000000 
16428.286703486500000000 
16094.063800693300000000 
15811.905649425000000000 
15582.865662607400000000 
15406.971464507200000000 
15283.260090769500000000 
15209.841417043700000000 
15183.988009746000000000 
15202.248265181000000000 
15260.578487184200000000 
15354.488284720900000000 
15479.193260248400000000 
15629.768461079600000000 
15801.295147982900000000 
15988.995434026200000000 
16188.348733858900000000 
16395.185598804800000000 
16605.756149998400000000 
16816.771578979000000000 
17025.419093614900000000 
17229.352144041200000000 
17426.659184885100000000 
17615.815257640000000000 
17795.621769394800000000 
17965.139885729000000000 
18123.623359865600000000 
18270.456304462700000000 
18405.100937019800000000 
18527.059440253200000000 
18635.853236739100000000 
18731.021614476100000000 
18812.140515523800000000 
18878.860772629300000000 
18930.963507540700000000 
18968.429174814600000000 
18991.515003422000000000 
19000.834723020300000000 
18997.433287309300000000 
18982.848820876200000000 
18959.154162878200000000 
18928.970642786400000000 
18895.448240187600000000 
18862.207778803200000000 
18833.243278542500000000 
18812.785221037400000000 
18805.128486977400000000 
18814.431440332500000000 
18844.495489454600000000 
18898.536283280200000000 
18978.959464506700000000 
19087.154321028600000000 
19223.318274378500000000 
19386.324397089000000000 
19573.641581976100000000 
19781.315172956600000000 
20004.012001982000000000 
20235.130993452500000000 
20466.977033316900000000 
20690.992232867400000000 
20898.036256981900000000 
21078.704577371500000000 
21223.671387044500000000 
21324.042881864400000000 
21371.705583585500000000 
21359.654263083600000000 
21282.284813531100000000 
21135.638550119900000000 
20917.586325507000000000 
20627.943618448000000000 
20268.510415656300000000 
19843.033607507500000000 
19357.092913908100000000 
18817.915288152900000000 
18234.126210113200000000 
17615.449342642400000000 
16972.368715614900000000 
16315.769281673900000000 
15656.572541400200000000 
15005.383981924700000000 
14372.168137234700000000 
13765.965083739200000000 
13194.659654329800000000 
12664.811729121800000000 
12181.550770076600000000 
11748.517147834800000000 
11367.918750123400000000 
11040.640720466700000000 
10766.387701494100000000 
10543.851807568500000000 
10370.895412664700000000 
10244.737409795400000000 
10162.131669226900000000 
10119.527173022600000000 
10113.200828622000000000 
10139.357286249000000000 
10194.195732373500000000 
10273.949492537000000000 
10374.907182443300000000 
10493.424064009900000000 
10625.930270519200000000 
10768.940472194400000000 
10919.067774718200000000 
11073.044773797800000000 
11227.753234178400000000 
11380.261346433900000000 
11527.865102978300000000 
11668.128841555400000000 
11798.920114351400000000 
11918.435488327500000000 
12025.216720504200000000 
12118.161045323300000000 
12196.532186596100000000 
12259.979675111400000000 
12308.570789880600000000 
12342.834103513900000000 
12363.806411136100000000 
12373.071110048900000000 
12372.774018334100000000 
12365.605310429500000000 
12354.738118029800000000 
12343.718846207700000000 
12336.309847619300000000 
12336.291679907800000000 
12347.239927190400000000 
12372.299160866400000000 
12413.979845281100000000 
12474.003009477000000000 
12553.212086619300000000 
12651.562559815700000000 
12768.188748148100000000 
12901.536462475300000000 
13049.541443189900000000 
13209.829328587100000000 
13379.910420916200000000 
13557.345119048300000000 
13739.897710064500000000 
13925.587857860100000000 
14112.715205209600000000 
14299.775259893900000000 
14485.328450423400000000 
14667.887822319900000000 
14845.791355620500000000 
15017.083048122000000000 
15179.428338369100000000 
15330.060631719300000000 
15465.760337338800000000 
15582.865432728000000000 
15677.332292578700000000 
15744.801275837700000000 
15780.688513087000000000 
15780.284455041400000000 
15738.859583451800000000 
15651.777435184400000000 
15514.630541739500000000 
15323.397122433300000000 
15074.635118141700000000 
14765.721175703000000000 
14395.131961841700000000 
13962.732723792600000000 
13470.073291075100000000 
12920.654333185900000000 
12320.123069522100000000 
11676.361503665000000000 
10999.435703399600000000 
10301.386267258300000000 
9595.856161323770000000 
8897.569907300180000000 
8221.696344526220000000 
7583.140691442940000000 
6995.818697944970000000 
6471.965276918150000000 
6021.514838171950000000 
5651.576235410660000000 
5366.283997593640000000 
5166.519008375920000000 
5049.941821267270000000 
5011.205172862230000000 
5042.324056923810000000 
5133.172104804040000000 
5272.066926228610000000 
5446.403022942520000000 
5643.289576089550000000 
5850.156035287050000000 
6055.297057485260000000 
6248.334566883180000000 
6420.579104961760000000 
6565.281065505320000000 
6677.772053045010000000 
6755.505778603410000000 
6798.012815399750000000 
6806.782872812620000000 
6785.083460683520000000 
6737.718158589400000000 
6670.725568410140000000 
6591.021659034210000000 
6505.993078048160000000 
6423.053595010020000000 
6349.199870828640000000 
6290.586211643990000000 
6252.137234372280000000 
6237.250276242500000000 
6247.610029280940000000 
6283.138196673200000000 
6342.089681669180000000 
6421.291944679480000000 
6516.511544949250000000 
6622.917908761240000000 
6735.603438642520000000 
6850.109219205020000000 
6962.902430754060000000 
7071.754900838160000000 
7175.890084698000000000 
7276.287939980820000000 
7375.507045469810000000 
7477.422511195440000000 
7586.843131166880000000 
7709.022289848950000000 
7849.107971729600000000 
8011.586586263560000000 
8199.777864123080000000 
8415.430144787530000000 
8658.453672670730000000 
8926.814598981760000000 
9216.593965910680000000 
9522.196349868640000000 
9836.674422994770000000 
10152.124328710800000000 
10460.101935485600000000 
10752.018051369700000000 
11019.484235520200000000 
11254.596508525600000000 
11450.157350966800000000 
11599.845915632300000000 
11698.350825002400000000 
11741.479064624800000000 
11726.248830372300000000 
11650.969709042100000000 
11515.309552925500000000 
11320.342741302900000000 
11068.564469072400000000 
10763.849087718200000000 
10411.331101849900000000 
10017.198403641400000000 
9588.403221608710000000 
9132.311894632160000000 
8656.322987316780000000 
8167.488947102610000000 
7672.181661715060000000 
7175.843942801660000000 
6682.859955038070000000 
6196.562390742470000000 
5719.375013139650000000 
5253.069367645140000000 
4799.097486407640000000 
4358.954519138370000000 
3934.522694739400000000 
3528.350937058610000000 
3143.832477258150000000 
2785.256999089230000000 
2457.728093251290000000 
2166.947598924470000000 
1918.878672276320000000 
1719.309027966270000000 
1573.243765072450000000 
1500.000000000000000000 
1500.000000000000000000 
1500.000000000000000000 
1575.093296216330000000 
1715.995273383840000000 
1901.948638960680000000 
2123.275688583260000000 
2368.518870040750000000 
2625.015240313630000000 
2879.553800964630000000 
3119.069903468740000000 
3331.327496730040000000 
3505.540729412120000000 
3632.896650489250000000 
3706.957532134360000000 
3723.936928946490000000 
3682.855616274640000000 
3585.587208834010000000 
3436.799820853630000000 
3243.793459269710000000 
3016.227687990520000000 
2765.736784459060000000 
2505.441109525780000000 
2249.374164823450000000 
2011.869032804850000000 
1806.909376686990000000 
1647.493294128150000000 
1545.030257376260000000 
1508.795539298810000000 
1545.466604404820000000 
1658.763662829200000000 
1849.215026844010000000 
2114.065762830560000000 
2447.345150729760000000 
2840.103378555670000000 
3280.818761846060000000 
3755.962804300360000000 
4250.692294529650000000 
4749.639934661320000000 
5237.746816488450000000 
5701.045480703180000000 
6127.517908651660000000 
6507.719015151090000000 
6835.192255107170000000 
7106.695837688140000000 
7322.189857570490000000 
7484.605798706070000000 
7599.442564590470000000 
7674.240826504360000000 
7717.985498986570000000 
7740.482209330320000000 
7751.726218414750000000 
7761.352912937040000000 
7778.181376202080000000 
7809.684631947880000000 
7861.554001223900000000 
7937.285088862430000000 
8037.779886974720000000 
8160.975718478270000000 
8301.521908807260000000 
8450.529558895600000000 
8595.412458488670000000 
8719.831700934660000000 
8803.743766781470000000 
8823.548730056170000000 
8752.339673598400000000 
8560.267937136130000000 
8215.017986909100000000 
7682.456111088150000000 
6927.337594670800000000 
5914.209010567730000000 
4608.467428686900000000 
2977.551604410800000000 
1500.000000000000000000 
1500.000000000000000000 
1500.000000000000000000 
1500.000000000000000000 
1500.000000000000000000 
1500.000000000000000000 
1500.000000000000000000 
1500.000000000000000000 
1500.000000000000000000 
1500.000000000000000000 
1500.000000000000000000 
1500.000000000000000000 
1500.000000000000000000 
1500.000000000000000000 
1500.000000000000000000 
1500.000000000000000000 
1500.000000000000000000 
1500.000000000000000000 
1500.000000000000000000 
1500.000000000000000000 
1500.000000000000000000 
1500.000000000000000000 
1500.000000000000000000 
1500.000000000000000000 
1500.000000000000000000 
1500.000000000000000000 
1500.000000000000000000 
1500.000000000000000000 
1500.000000000000000000 
1500.000000000000000000 
1500.000000000000000000 
1500.000000000000000000 
1500.000000000000000000 
1500.000000000000000000 
1500.000000000000000000 
1500.000000000000000000 
1500.000000000000000000 
1500.000000000000000000 
1500.000000000000000000 
1500.000000000000000000 
1500.000000000000000000 
1500.000000000000000000 
1500.000000000000000000 
1500.000000000000000000 
1500.000000000000000000 
1500.000000000000000000 
1500.000000000000000000 
1500.000000000000000000 
1500.000000000000000000 
1500.000000000000000000 
1500.000000000000000000 
1500.000000000000000000 
1500.000000000000000000 
2882.229887437190000000 
4704.380859021440000000 
6165.648908821350000000 
7302.222855410540000000 
8152.325261595610000000 
8754.782209372660000000 
9147.814917437670000000 
9368.083311796970000000 
9449.968245357930000000 
9425.073235656300000000 
9321.902902559140000000 
9165.672196623530000000 
8978.185006834490000000 
8777.795546425300000000 
8579.406967881050000000 
8394.513214422090000000 
8231.287550796830000000 
8094.731736058550000000 
7986.885569460820000000 
7907.111454231830000000 
7852.441171004280000000 
7817.968019750510000000 
7797.268494156720000000 
7782.867298854760000000 
7766.714859761070000000 
7740.669538711180000000 
7696.968013396540000000 
7628.657792748140000000 
7529.965668200230000000 
7396.584875282850000000 
7225.873941699300000000 
7016.967591166890000000 
6770.805108519970000000 
6490.086105739810000000 
6179.166358972160000000 
5843.908792690530000000 
5491.520637089250000000 
5130.419017316110000000 
4769.838685729020000000 
4419.689547821040000000 
4090.222176776270000000 
3791.605673977990000000 
3533.427504554240000000 
3324.142786271000000000 
3170.514818818130000000 
3077.098735883420000000 
3045.827456422830000000 
3075.753484977260000000 
3162.978126593690000000 
3300.770735833940000000 
3479.861576978310000000 
3688.885019209420000000 
3914.946517735920000000 
4144.283633944570000000 
4362.984200984750000000 
4557.722622145940000000 
4716.476632498520000000 
4829.188508488610000000 
4888.337105874830000000 
4889.388654962130000000 
4831.099818028580000000 
4715.658656531500000000 
4548.639998590500000000 
4338.779606663990000000 
4097.588758924290000000 
3838.810834060770000000 
3577.758291431470000000 
3330.566697817790000000 
3113.401724452160000000 
2941.652195432190000000 
2829.141412198840000000 
2787.396541824610000000 
2825.020950104630000000 
2947.215495090540000000 
3155.491839883200000000 
3447.613584559950000000 
3817.901065727260000000 
4257.454331161150000000 
4754.887840295610000000 
5297.147276592360000000 
5870.378182019390000000 
6460.782560676200000000 
7055.393677705180000000 
7642.714058605620000000 
8213.179430046400000000 
8759.430931282260000000 
9276.397926246310000000 
9761.207664905570000000 
10212.948554754700000000 
10632.319038835400000000 
11021.195628598100000000 
11382.154301669400000000 
11717.983561295500000000 
12031.227686589900000000 
12323.793645096000000000 
12596.647997892300000000 
12849.625020701400000000 
13081.367506861500000000 
13289.415868506400000000 
13470.446964364700000000 
13620.641254781400000000 
13736.137098658900000000 
13813.521754695000000000 
13850.252862623000000000 
13845.242067881800000000 
13799.066605392500000000 
13714.145326684100000000 
13594.758395201400000000 
13446.911258372600000000 
13278.062028411100000000 
13096.740702916300000000 
12912.089137603400000000 
12733.348632993500000000 
12569.326525122200000000 
12427.878373714900000000 
12315.437822567500000000 
12236.617562413700000000 
12193.899583952700000000 
12187.433441627000000000 
12214.962552396800000000 
12271.895982687300000000 
12351.532049630300000000 
12445.426836549800000000 
12543.889541416700000000 
12636.578555356400000000 
12713.164700244200000000 
12764.022567936700000000 
12780.911346336600000000 
12757.737269262800000000 
12690.862787444800000000 
12579.651935057000000000 
12426.799781026400000000 
12238.363828361100000000 
12023.517451417000000000 
11794.014094111000000000 
11563.385083792600000000 
11345.929398425900000000 
11155.580306415800000000 
11004.754061004100000000 
10903.297898878600000000 
10857.651826239200000000 
10870.317017057400000000 
10939.690572209300000000 
11060.282077496900000000 
11223.279710061500000000 
11417.389787483000000000 
11629.843353592900000000 
11847.450521672000000000 
12057.592403649100000000 
12249.069660075300000000 
12412.764605517100000000 
12542.107604520600000000 
12633.364997023700000000 
12685.762678140800000000 
12701.510859490800000000 
12685.751377489700000000 
12646.458271439600000000 
12594.288138567900000000 
12542.346496699700000000 
12505.817464913500000000 
12501.404241850600000000 
12546.545343254000000000 
12658.406503025300000000 
12852.693962818800000000 
13142.384979077000000000 
13536.509948194700000000 
14039.137141153900000000 
14648.678105787700000000 
15357.615011013500000000 
16152.740316359800000000 
17015.702820190900000000 
17924.038352969500000000 
18852.514651046900000000 
19774.609569618200000000 
20664.032724868700000000 
21496.178417452200000000 
22249.418207135800000000 
22906.166695820400000000 
23453.681542257100000000 
23884.580573974900000000 
24197.099893645600000000 
24395.038877043900000000 
24487.390789427100000000 
24487.844186479600000000 
24413.999950342800000000 
24286.382414545700000000 
24127.284941600000000000 
23959.504249575300000000 
23805.031598844200000000 
23683.778459401300000000 
23612.423345700100000000 
23603.460700851900000000 
23664.523596653000000000 
23798.032028932900000000 
24001.192883735100000000 
24266.341485924900000000 
24581.616878647200000000 
24931.862920830700000000 
25299.814948111200000000 
25667.359023069100000000 
26016.797766650600000000 
26332.031454787600000000 
26599.577101831400000000 
26809.364966112700000000 
26955.245881040500000000 
27035.318451022900000000 
27051.881772711100000000 
27011.201142641800000000 
26923.095500222700000000 
26800.297148809300000000 
26657.640156808000000000 
26511.102619577300000000 
26376.732362304600000000 
26269.494839463400000000 
26202.096607497400000000 
26183.854348471400000000 
26219.695852640200000000 
26309.395650717700000000 
26447.157584888500000000 
26621.648270903200000000 
26816.560440887200000000 
27011.744890133600000000 
27184.895467675100000000 
27313.711135858500000000 
27378.400051527800000000 
27364.341420404700000000 
27264.690935974400000000 
27082.713665874600000000 
26833.652766165600000000 
26545.983296372200000000 
26530.958570046800000000 
26531.783332332200000000 
26560.512841674700000000 
26628.494621005600000000 
26742.366848559200000000 
26901.786813365800000000 
27099.114721399700000000 
27320.026247300900000000 
27546.409698329200000000 
27764.467145610200000000 
27973.497016202400000000 
28186.972934409800000000 
28426.163608235300000000 
28712.293120262400000000 
29060.917171578100000000 
29480.304210829100000000 
29973.011720306600000000 
30536.417074506900000000 
31159.980357900200000000 
31822.138724296900000000 
32490.870734237700000000 
33128.428520691300000000 
33698.047873584400000000 
34172.285700163800000000 
34542.825871595700000000 
34827.441176013800000000 
35069.176670862400000000 
35327.037653776700000000 
35661.042593734500000000 
36116.881359137500000000 
36716.503629781600000000 
37457.576850935200000000 
38317.991005098600000000 
39260.236262708800000000 
40235.613832468200000000 
41190.199829500600000000 
42072.241425842800000000 
42840.604596848200000000 
43473.015372171900000000 
43969.567278498200000000 
44348.886647160600000000 
44640.036107825600000000 
44873.741995374900000000 
45073.534064492900000000 
45248.613948849400000000 
45392.943809756700000000 
45491.717550640700000000 
45530.594781375100000000 
45502.579803192600000000 
45411.433504576900000000 
45273.208596809600000000 
45116.669792055100000000 
44981.447572530200000000 
44912.905596519400000000 
44954.569937798000000000 
45139.981702398900000000 
45485.857418750000000000 
45988.721516869900000000 
46626.742809343300000000 
47366.595334963400000000 
48172.512035920100000000 
49011.941624744000000000 
49854.079130663400000000 
50664.968535388100000000 
51405.920458361200000000 
52036.522095504400000000 
52518.411922116500000000 
52818.442996668700000000 
52913.977359956100000000 
52801.437984635000000000 
52504.406559850700000000 
52074.260004215900000000 
51579.569541907400000000 
51089.572590924000000000 
50660.685645723500000000 
50329.914388397500000000 
50113.799910732400000000 
50011.918587158000000000 
50014.306911053600000000 
50108.820232460400000000 
50284.188691612500000000 
50529.557986764700000000 
50833.332122179800000000 
51181.437228417500000000 
51555.827441733800000000 
51935.511921705700000000 
52299.217856513600000000 
52628.072684513600000000 
52908.594205083100000000 
53134.598062142600000000 
53307.590151320200000000 
53438.511474553400000000 
53550.717918074000000000 
53679.906611655400000000 
53868.444579945500000000 
54154.819466875100000000 
54562.438522674600000000 
55093.434288899900000000 
55727.642145961400000000 
56424.708452889400000000 
57131.848584179900000000 
57797.671346334200000000 
58386.027706494700000000 
58884.849001655000000000 
59308.705928239800000000 
59694.970021195000000000 
60094.001668181100000000 
60555.958156584500000000 
61118.432791718900000000 
61799.035190161800000000 
62594.033894285200000000 
63480.230487952100000000 
64419.045135100500000000 
65365.478819805900000000 
66279.840636119100000000 
67135.800334481100000000 
67922.834289040200000000 
68643.734037427500000000 
69308.765493698200000000 
69931.451147432800000000 
70527.839049213200000000 
71115.192998375800000000 
71708.265609805600000000 
72316.389118088500000000 
72943.698765742800000000 
73591.112990071400000000 
74256.636002760100000000 
74932.011697949900000000 
75598.412208083100000000 
76226.236154675600000000 
76783.204518248300000000 
77245.992995652200000000 
77608.476815655900000000 
77881.350998416300000000 
78084.843058526400000000 
78240.910056495700000000 
78369.514265460700000000 
78489.227948045000000000 
78619.026304499200000000 
78776.819410260800000000 
78974.328251094200000000 
79213.396518988700000000 
79487.515278592900000000 
79787.663949622400000000 
80109.497620163200000000 
80456.795153249000000000 
80836.759266169300000000 
81251.108539113700000000 
81692.567365921300000000 
82150.510948725500000000 
82620.998145705700000000 
83114.049918692500000000 
83652.951465905400000000 
84265.486987390900000000 
84974.375304791500000000 
85793.848409295700000000 
86730.258262898900000000 
87781.851067708200000000 
88938.087013883100000000 
90180.441610285100000000 
91485.476873865500000000 
92831.185481766000000000 
94202.997906032300000000 
95590.341535350300000000 
96972.030247015500000000 
98302.445691529700000000 
99510.956619579800000000 
100513.873545207000000000 
101229.713639457000000000 
101592.231845607000000000 
101560.276514799000000000 
101124.344311495000000000 
100309.980614348000000000 
99175.485529629900000000 
97800.173501454000000000 
96266.316064147100000000 
94643.494864127200000000 
92980.528841573300000000 
91304.596658454100000000 
89625.364555483700000000 
87942.592703514300000000 
86255.519401261900000000 
84570.359785100900000000 
82903.461102450300000000 
81280.384062889900000000 
79731.656801846800000000 
78287.498052009200000000 
76972.700433450500000000 
75799.836020531900000000 
74762.083194509800000000 
73830.773576668200000000 
72960.299232047300000000 
72098.605699759800000000 
71198.891391083000000000 
70226.648443528900000000 
69158.920273110900000000 
67979.318412853300000000 
66673.500142368700000000 
65226.674668261300000000 
63624.998769326100000000 
61861.412939949400000000 
59941.318153471000000000 
57883.332720418400000000 
55715.546074769200000000 
53470.552921991700000000 
51182.040610887900000000 
48883.906705323000000000 
46610.538072733000000000 
44395.625348313100000000 
42268.466120794000000000 
40250.044521910700000000 
38351.492385058700000000 
36574.138679414700000000 
34909.756893084300000000 
33342.412563141100000000 
31852.405980057200000000 
30420.653948856800000000 
29033.191549962700000000 
27684.070123222900000000 
26373.306012884400000000 
25101.528187326000000000 
23866.477904313200000000 
22664.812196494700000000 
21499.004371443600000000 
20383.130540056900000000 
19339.364966979400000000 
18384.930252226300000000 
17519.545440134600000000 
16723.750338086700000000 
15968.291403036600000000 
15226.493919191400000000 
14482.369969990100000000 
13732.996607641600000000 
12987.852542105100000000 
12266.552804067400000000 
11593.381932040200000000 
10988.437964776600000000 
10459.588451244300000000 
10000.196574395300000000 
9592.924026626580000000 
9215.160369597530000000 
8841.920254397030000000 
8446.697198154800000000 
8004.006517162000000000 
7495.954997930930000000 
6920.335345999160000000 
6294.007371008380000000 
5649.441429057020000000 
5028.536533336200000000 
4476.037635207680000000 
4031.283381323900000000 
3718.719016209780000000 
3541.731549828980000000 
3486.665204969470000000 
3538.784549999990000000 