-0.396
0.274
-0.022
0.522
0.3695
0.7045
1.157
0.8305
0.7045
1.9265
1.8395
1.335
1.0045
0.5475
-0.074
-0.0175
0.017
-0.3135
-0.6785
-1.013
-0.922
-0.6005
-1.0915
-0.448
-0.2915
0.091
-0.287
-0.3825
-1.0695
-1.5135
-1.6265
-0.896
-0.7085
-0.6565
-0.335
0.0175
-0.1825
0.222
0.5175
0.1
-0.4175
-0.9565
-0.9565
-1.8175
-1.892
-1.748
-0.8
-0.2045
0.5395
1.2305
2.118
3.2615
4.0965
5.1535
6.001
7.167
8.0665
9.354
10.7975
12.159
14.3985
15.408
16.477
17.2905
18.9345
20.635
21.8615
23.5265
25.488
27.819
30.9325
33.3725
35.738
38.6735
42.409
46.919
51.4065
56.9295
63.035
69.0105
75.0115
80.974
87.8315
93.237
99.6345
105.966
111.3455
117.1945
122.6435
127.388
131.663
136.4075
140.465
143.892
147.5055
149.6665
152.2545
155.446
157.5165
159.643
162.274
164.8615
166.6485
168.5575
169.871
171.076
171.6935
172.441
172.8325
173.8025
175.046
175.6465
176.1855
178.0035
178.799
179.1775
180.343
179.9515
179.9555
180.2995
180.691
180.521
180.295
180.456
180.5255
180.943
181.0215
180.782
180.5345
180.5865
181.1125
181.5255
181.7385
181.091
180.412
179.9255
179.3075
179.1035
178.8425
177.9035
176.816
176.2075
175.5245
174.733
174.5765
173.702
171.9235
170.2885
169.1535
168.162
166.9795
165.718
163.7915
160.791
158.586
156.6685
153.9025
151.015
148.0185
144.7745
140.765
137.8075
134.2285
129.2495
123.5395
117.956
113.6415
108.5535
103.283
97.912
92.259
86.1445
80.9435
74.9725
68.5665
62.4485
57.0815
52.1155
47.81
43.844
40.165
37.8125
34.0855
32.0805
29.193
26.5535
24.7485
22.796
20.5825
18.7605
17.16
16.143
14.8335
14.442
12.8505
11.124
9.793
8.2365
6.4755
5.3095
4.5315
3.2445
1.961
0.7305
-0.548
-1.2785
-2.0525
-2.2265
-2.818
-3.1745
-3.449
-2.9745
-2.9745
-2.8655
-2.1615
-1.6485
-1.574
-0.3435
-0.052
-0.148
0.287
-0.004
0.5825
1.3305
1.944
1.7655
0.861
0.687
1.07
1.7785
2.1265
2.3395
1.9135
2.2745
1.9655
1.9305
1.0435
0.857
0.765
1.018
1.2525
0.739
0.874
0.3435
0.87
1.1395
0.635
0.0865
0.0955
-0.335
-0.587
-1.0525
-1.8355
-1.2265
-0.5395