0.000000000000000000 
0.000000000000000000 
0.000000000000000000 
0.000000000000000000 
0.000000000000000000 
0.000000000000000000 
0.000000000000000000 
0.000000000000000000 
0.000000000000000000 
0.000000000000000000 
0.000000000000000000 
0.000000000000000000 
0.000000000000000000 
0.000000000000000000 
0.000000000000000000 
0.000000000000000000 
0.000000000000000000 
0.000000000000000000 
0.000000000000000000 
0.000000000000000000 
0.000000000000000000 
0.000000000000000000 
0.000000000000000000 
0.000000000000000000 
0.000000000000000000 
0.000000000000000000 
0.000000000000000000 
0.000000000000000000 
0.000000000000000000 
0.000000000000000000 
0.000000000000000000 
0.000000000000000000 
0.000000000000000000 
0.000000000000000000 
0.000000000000000000 
0.000000000000000000 
0.000000000000000000 
0.000000000000000000 
0.000000000000000000 
0.000000000000000000 
0.000000000000000000 
0.000000000000000000 
0.000000000000000000 
0.000000000000000000 
0.000000000000000000 
0.000000000000000000 
0.000000000000000000 
0.000000000000000000 
0.000000000000000000 
0.000000000000000000 
0.000000000000000000 
0.000000000000000000 
0.000000000000000000 
0.000000000000000000 
0.000000000000000000 
0.000000000000000000 
0.000000000000000000 
0.000000000000000000 
0.000000000000000000 
0.000000000000000000 
0.000000000000000000 
0.000000000000000000 
0.000000000000000000 
0.000000000000000000 
0.000000000000000000 
0.000000000000000000 
0.000000000000000000 
0.000000000000000000 
0.000000000000000000 
0.000000000000000000 
0.000000000000000000 
0.000000000000000000 
0.000000000000000000 
0.000000000000000000 
0.000000000000000000 
0.000000000000000000 
0.000000000000000000 
0.000000000000000000 
0.000000000000000000 
0.000000000000000000 
0.000000000000000000 
0.000000000000000000 
0.000000000000000000 
0.000000000000000000 
0.000000000000000000 
0.000000000000000000 
0.000000000000000000 
0.000000000000000000 
0.000000000000000000 
0.000000000000000000 
0.000000000000000000 
0.000000000000000000 
0.000000000000000000 
0.000000000000000000 
0.000000000000000000 
0.000000000000000000 
0.000000000000000000 
0.000000000000000000 
0.000000000000000000 
0.000000000000000000 
0.000000000000000000 
0.000000000000000000 
0.000000000000000000 
0.000000000000000000 
0.000000000000000000 
0.000000000000000000 
0.000000000000000000 
0.000000000000000000 
0.000000000000000000 
0.000000000000000000 
0.000000000000000000 
0.000000000000000000 
0.000000000000000000 
0.000000000000000000 
0.000000000000000000 
0.000000000000000000 
0.000000000000000000 
0.000000000000000000 
0.000000000000000000 
0.000000000000000000 
0.000000000000000000 
0.000000000000000000 
0.000000000000000000 
0.000000000000000000 
0.000000000000000000 
0.000000000000000000 
0.000000000000000000 
2544.165628480640000000 
2643.037238331020000000 
2744.466258297700000000 
2848.415479527400000000 
2954.809224415340000000 
3063.529891803740000000 
3174.415072414870000000 
3287.255302137130000000 
3401.792511413560000000 
3517.719218504350000000 
3634.678502971140000000 
3752.264783544630000000 
3870.025411783310000000 
3987.463079818910000000 
4104.039027229180000000 
4219.177018899470000000 
4332.268052853690000000 
4442.675744668390000000 
4549.742323442630000000 
4652.795163580100000000 
4751.153767033440000000 
4844.137102332850000000 
4931.071199819160000000 
5011.296897149950000000 
5084.177625446690000000 
5149.107124472350000000 
5205.516975016350000000 
5252.883838230970000000 
5290.736294993620000000 
5318.661183418040000000 
5336.309339329140000000 
5343.400652750670000000 
5339.728363102010000000 
5325.162526709280000000 
5299.652602231580000000 
5263.229112492290000000 
5216.004354779940000000 
5158.172145722110000000 
5090.006601109420000000 
5011.859965321340000000 
4924.159519047300000000 
4827.403607575420000000 
4722.156844814650000000 
4609.044560213250000000 
4488.746566641020000000 
4361.990336938510000000 
4229.543685047040000000 
4092.207054288660000000 
3950.805520358400000000 
3806.180619846870000000 
3659.182116581100000000 
3510.659817737300000000 
3361.455549555190000000 
3212.395398610630000000 
3064.282319056900000000 
2917.889199124640000000 
2773.952471605680000000 
2633.166343189630000000 
2496.177706549720000000 
2363.581787181080000000 
2235.918564389790000000 
2113.669992737370000000 
1997.258036891840000000 
1887.043519456970000000 
1783.325768179650000000 
1686.343036200350000000 
1596.273656934430000000 
1513.237883960890000000 
1437.300356143440000000 
1368.473119289490000000 
1306.719128118200000000 
1251.956146284610000000 
1204.060957792530000000 
1162.873800393920000000 
1128.202930555320000000 
1099.829230282050000000 
1077.510768503020000000 
1060.987233780660000000 
1049.984160735100000000 
1044.216879647530000000 
1043.394127093400000000 
1047.221264988330000000 
1055.403065921160000000 
1067.646033896110000000 
1083.660241388950000000 
1103.160675711160000000 
1125.868099833710000000 
1151.509444808370000000 
1179.817762502790000000 
1210.531778303720000000 
1243.395093519800000000 
1278.155096225250000000 
1314.561647039510000000 
1352.365612668970000000 
1391.317324804140000000 
1431.165045055660000000 
1471.653517941170000000 
1512.522693453380000000 
1553.506698427950000000 
1594.333131807850000000 
1634.722753017860000000 
1674.389625106590000000 
1713.041765200530000000 
1750.382344296180000000 
1786.111466669710000000 
1819.928546412460000000 
1851.535285032810000000 
1880.639239944280000000 
1906.957959248010000000 
1930.223643784520000000 
1950.188283251290000000 
1966.629199536670000000 
1979.354917577550000000 
1988.211272273230000000 
1993.087649528330000000 
1993.923250585270000000 
1990.713261648050000000 
1983.514805574230000000 
1972.452549270270000000 
1957.723839481820000000 
1939.603241002920000000 
1918.446354977080000000 
1894.692800926740000000 
1868.868254385580000000 
1841.585442439540000000 
1813.544011985730000000 
1785.529199935290000000 
1758.409250721150000000 
1733.131544096250000000 
1710.717415062580000000 
1692.255667573260000000 
1678.894804091130000000 
1671.834013847950000000 
1672.312983392280000000 
1681.600613404970000000 
1700.982745457240000000 
1731.749021055050000000 
1775.179012631440000000 
1832.527781809810000000 
1905.011033981040000000 
1993.790049758690000000 
2099.956582971820000000 
2224.517921332590000000 
2368.382309622680000000 
2532.344936064990000000 
2717.074680418690000000 
2923.101817231080000000 
3150.806859624630000000 
3400.410718061300000000 
3671.966334825120000000 
3965.351938659570000000 
4280.266045290820000000 
4616.224308707240000000 
4972.558305328410000000 
5348.416308900590000000 
5742.766088442960000000 
6154.399735210330000000 
6581.940497820630000000 
7023.851577819310000000 
7478.446811423820000000 
7943.903137413800000000 
8418.274726504720000000 
8899.508624449230000000 
9385.461739914110000000 
9873.918989219570000000 
10362.612393602400000000 
10849.240911043700000000 
11331.490774102700000000 
11807.056097809400000000 
12273.659517595500000000 
12729.072616577900000000 
13171.135904253400000000 
13597.778114777400000000 
14007.034602400100000000 
14397.064624154600000000 
14766.167315346500000000 
15112.796181533800000000 
15435.571951213100000000 
15733.293656025600000000 
16004.947829593000000000 
16249.715741709300000000 
16466.978611143900000000 
16656.320767334300000000 
16817.530758349700000000 
16950.600429265300000000 
17055.722021095400000000 
17133.283365292100000000 
17183.861272160000000000 
17208.213233014900000000 
17207.267575230000000000 
17182.112226191200000000 
17133.982256404200000000 
17064.246383378900000000 
16974.392626342400000000 
16866.013307211700000000 
16740.789595580000000000 
16600.475794752400000000 
16446.883562191500000000 
16281.866251219200000000 
16107.303551641600000000 
15925.086595323900000000 
15737.103678897800000000 
15545.226740019100000000 
15351.298706224400000000 
15157.121816800600000000 
14964.446998532300000000 
14774.964356094600000000 
14590.294817566400000000 
14411.982955417100000000 
14241.490983707200000000 
14080.193913487400000000 
13929.375830775900000000 
13790.227245337100000000 
13663.843444016800000000 
13551.223769817800000000 
13453.271737401600000000 
13370.795887398600000000 
13304.511275892700000000 
13255.041491749800000000 
13222.921093082900000000 
13208.598355045600000000 
13212.438224218100000000 
13234.725379978100000000 
13275.667310255500000000 
13335.397317772200000000 
13413.977383023000000000 
13511.400821626300000000 
13627.594685990000000000 
13762.421874210600000000 
13915.682922481100000000 
14087.117470718600000000 
14276.405404364000000000 
14483.167688081200000000 
14706.966919118500000000 
14947.307639169400000000 
15203.636453452500000000 
15475.342014232600000000 
15761.754932978300000000 
16062.147690647400000000 
16375.734619146700000000 
16701.672028738900000000 
17039.058556077100000000 
17386.935805629800000000 
17744.289353591300000000 
18110.050178034100000000 
18483.096572187800000000 
18862.256589468700000000 
19246.311059437900000000 
19633.997203417500000000 
20024.012867286900000000 
20415.021377232300000000 
20805.657012181500000000 
21194.531074560300000000 
21580.238529096600000000 
21961.365167905200000000 
22336.495249224200000000 
22704.219547150600000000 
23063.143740709600000000 
23411.897062758500000000 
23749.141122698100000000 
24073.578811863200000000 
24383.963196863300000000 
24679.106304099000000000 
24957.887698202500000000 
25219.262758234500000000 
25462.270558067000000000 
25686.041261434300000000 
25889.802947550400000000 
26072.887789868400000000 
26234.737518362000000000 
26374.908104491500000000 
26493.073617626000000000 
26589.029211934300000000 
26662.693213461800000000 
26714.108288083300000000 
26743.441682063800000000 
26750.984537898400000000 
26737.150298742300000000 
26702.472224918900000000 
26647.600055541300000000 
26573.295857050900000000 
26480.429108349900000000 
26369.971079059600000000 
26242.988563206500000000 
26100.637035261600000000 
25944.153298896400000000 
25774.847701084000000000 
25594.095985261600000000 
25403.330857245600000000 
25204.033336502500000000 
24997.723963328400000000 
24785.953929562400000000 
24570.296196781400000000 
24352.336661621400000000 
24133.665423078300000000 
23915.868201501800000000 
23700.517953663500000000 
23489.166722880500000000 
23283.337757859400000000 
23084.517928803800000000 
22894.150464525100000000 
22713.628029896800000000 
22544.286159084000000000 
22387.397056603300000000 
22244.163775468000000000 
22115.714779461900000000 
22003.098894948600000000 
21907.280656548500000000 
21829.136050450600000000 
21769.448659032300000000 
21728.906210757300000000 
21708.097539949500000000 
21707.509961905400000000 
21727.527069828300000000 
21768.426961144700000000 
21830.380901811800000000 
21913.452438133600000000 
22017.596966304200000000 
22142.661770277600000000 
22288.386538576200000000 
22454.404370211900000000 
22640.243278970000000000 
22845.328203854300000000 
23068.983531505500000000 
23310.436133883500000000 
23568.818921470600000000 
23843.174908753000000000 
24132.461784831400000000 
24435.556977770000000000 
24751.263196796400000000 
25078.314431802500000000 
25415.382384854600000000 
25761.083303694700000000 
26113.985182600300000000 
26472.615291565600000000 
26835.467990647500000000 
27201.012782593700000000 
27567.702553589500000000 
27933.981949213000000000 
28298.295830513700000000 
28659.097753573600000000 
29014.858415004100000000 
29364.074005585200000000 
29705.274414676000000000 
30037.031229116600000000 
30357.965472072900000000 
30666.755029635900000000 
30962.141715921600000000 
31242.937930895500000000 
31508.032869094000000000 
31756.398241784300000000 
31987.093479814600000000 
32199.270389392000000000 
32392.177238196300000000 
32565.162254517300000000 
32717.676527404300000000 
32849.276301065600000000 
32959.624661878300000000 
33048.492621294400000000 
33115.759602602100000000 
33161.413343843800000000 
33185.549233160700000000 
33188.369096363800000000 
33170.179459597800000000 
33131.389312525200000000 
33072.507399510100000000 
32994.139067798300000000 
32896.982702688900000000 
32781.825780187700000000 
32649.540567640700000000 
32501.079502411200000000 
32337.470277810200000000 
32159.810664280900000000 
31969.263092335300000000 
31767.049022016400000000 
31554.443121811500000000 
31332.767278045400000000 
31103.384453937600000000 
30867.692415809900000000 
30627.117342453200000000 
30383.107332489000000000 
30137.125823743000000000 
29890.644938229200000000 
29645.138766355100000000 
29402.076604394500000000 
29162.916160141600000000 
28929.096742919200000000 
28702.032455746300000000 
28483.105409416300000000 
28273.658980463500000000 
28074.991137418200000000 
27888.347862331600000000 
27714.916697187900000000 
27555.820447468700000000 
27412.111077679000000000 
27284.763836027600000000 
27174.671647571600000000 
27082.639816908200000000 
27009.381082846300000000 
26955.511068331900000000 
26921.544169170000000000 
26907.889924720600000000 
26914.849912697200000000 
26942.615208431000000000 
26991.264446449300000000 
27060.762518951100000000 
27150.959941751500000000 
27261.592913521300000000 
27392.284088727400000000 
27542.544078615600000000 
27711.773687964600000000 
27899.266888253400000000 
28104.214520429000000000 
28325.708712759000000000 
28562.747991411600000000 
28814.243053563100000000 
29079.023165119200000000 
29355.843137692700000000 
29643.390832442100000000 
29940.295131885800000000 
30245.134314996400000000 
30556.444765874100000000 
30872.729942203300000000 
31192.469526601900000000 
31514.128681945200000000 
31836.167330835900000000 
32157.049379619200000000 
32475.251808717900000000 
32789.273553562500000000 
33097.644103982100000000 
33398.931754524800000000 
33691.751443714800000000 
33974.772126606200000000 
34246.723632035800000000 
34506.402963573600000000 
34752.680011139100000000 
34984.502648451100000000 
35200.901199716000000000 
35400.992267090000000000 
35583.981918310900000000 
35749.168241360500000000 
35895.943279964200000000 
36023.794370065000000000 
36132.304903051100000000 
36221.154546395100000000 
36290.118956443400000000 
36339.069021320400000000 
36367.969674267800000000 
36376.878319196600000000 
36365.942910786800000000 
36335.399731143200000000 
36285.570903828000000000 
36216.861684087500000000 
36129.757561328500000000 
36024.821206459800000000 
35902.689292694000000000 
35764.069213913600000000 
35609.735719880100000000 
35440.527482539800000000 
35257.343602592500000000 
35061.140060508400000000 
34852.926111421400000000 
34633.760618954000000000 
34404.748319142000000000 
34167.036002336400000000 
33921.808598360500000000 
33670.285148351700000000 
33413.714645687400000000 
33153.371728207700000000 
32890.552204629500000000 
32626.568399597000000000 
32362.744304219400000000 
32100.410522162900000000 
31840.899005338000000000 
31585.537577856000000000 
31335.644252126500000000 
31092.521346610300000000 
30857.449420704000000000 
30631.681048371200000000 
30416.434458320000000000 
30212.887074609400000000 
30022.168997409500000000 
29845.356469107100000000 
29683.465375907500000000 
29537.444839414700000000 
29408.170956272500000000 
29296.440746724200000000 
29202.966374811800000000 
29128.369703836400000000 
29073.177250577700000000 
29037.815600607700000000 
29022.607344817800000000 
29027.767594020200000000 
29053.401124208000000000 
29099.500199818100000000 
29165.943116195500000000 
29252.493495507900000000 
29358.800362704100000000 
29484.399019873200000000 
29628.712728697900000000 
29791.055201734400000000 
29970.633894171300000000 
30166.554078657700000000 
30377.823676910800000000 
30603.358813269400000000 
30841.990047292200000000 
31092.469235040000000000 
31353.476961956500000000 
31623.630484356700000000 
31901.492111555800000000 
32185.577956665800000000 
32474.366981125300000000 
32766.310256114800000000 
33059.840363161900000000 
33353.380856430300000000 
33645.355710385100000000 
33934.198678678800000000 
34218.362493137800000000 
34496.327835571000000000 
34766.612019676100000000 
35027.777325474800000000 
35278.438934348300000000 
35517.272418749700000000 
35743.020746906500000000 
35954.500769180800000000 
36150.609159098200000000 
36330.327788284300000000 
36492.728520527000000000 
36636.977415836100000000 
36762.338340600300000000 
36868.175984695200000000 
36953.958290623000000000 
37019.258303442600000000 
37063.755453360400000000 
37087.236285412800000000 
37089.594652688400000000 
37070.831391065500000000 
37031.053494494600000000 
36970.472810508200000000 
36889.404275925300000000 
36788.263712705900000000 
36667.565203651700000000 
36527.918067200100000000 
36370.023449980400000000 
36194.670555156300000000 
36002.732523918400000000 
35795.161986888800000000 
35572.986301684900000000 
35337.302492522900000000 
35089.271907553100000000 
34830.114609642200000000 
34561.103516579500000000 
34283.558307193900000000 
33998.839110630200000000 
33708.339997040600000000 
33413.482289181600000000 
33115.707715852700000000 
32816.471429739600000000 
32517.234914014200000000 
32219.458803956200000000 
31924.595651874800000000 
31634.082665663800000000 
31349.334453392800000000 
31071.735808345700000000 
30802.634570825200000000 
30543.334604782000000000 
30295.088928846900000000 
30059.093042579900000000 
29836.478489653000000000 
29628.306700181600000000 
29435.563154480600000000 
29259.151910090500000000 
29099.890532975300000000 
28958.505472301600000000 
28835.627916172100000000 
28731.790163097300000000 
28647.422540872700000000 
28582.850900907200000000 
28538.294711966800000000 
28513.865772797900000000 
28509.567558235900000000 
28525.295208238400000000 
28560.836163884500000000 
28615.871448818700000000 
28689.977588976700000000 
28782.629157800800000000 
28893.201928614500000000 
29020.976610475400000000 
29165.143138729700000000 
29324.805486742800000000 
29498.986960929000000000 
29686.635937327900000000 
29886.631994615300000000 
30097.792395656500000000 
30318.878867538900000000 
30548.604628489300000000 
30785.641609207000000000 
31028.627815920400000000 
31276.174782906000000000 
31526.875063265500000000 
31779.309708422900000000 
32032.055689024500000000 
32283.693212651800000000 
32532.812896921800000000 
32778.022760073500000000 
33017.954994956700000000 
33251.272496354500000000 
33476.675115709800000000 
33692.905621502300000000 
33898.755347646800000000 
34093.069516279900000000 
34274.752225077200000000 
34442.771092739800000000 
34596.161559427600000000 
34734.030841642700000000 
34855.561543324800000000 
34960.014926668200000000 
35046.733847366900000000 
35115.145359635300000000 
35164.762996440100000000 
35195.188729947700000000 
35206.114616282100000000 
35197.324127373100000000 
35168.693171022100000000 
35120.190798413900000000 
35051.879596242800000000 
34963.915758496800000000 
34856.548830858900000000 
34730.121118734000000000 
34585.066748212900000000 
34421.910367932800000000 
34241.265478878100000000 
34043.832378770900000000 
33830.395707886000000000 
33601.821583933400000000 
33359.054315110300000000 
33103.112682526800000000 
32835.085785959000000000 
32556.128450228300000000 
32267.456193410000000000 
31970.339762457500000000 
31666.099246630100000000 
31356.097784234600000000 
31041.734883551500000000 
30724.439384315900000000 
30405.662091670900000000 
30086.868119992800000000 
29769.528989306200000000 
29455.114522040200000000 
29145.084592523600000000 
28840.880785771600000000 
28543.918025693300000000 
28255.576235754400000000 
27977.192097314100000000 
27710.050972234500000000 
27455.379056910800000000 
27214.335834553700000000 
26988.006891349500000000 
26777.397160043800000000 
26583.424651533900000000 
26406.914731252800000000 
26248.594992506500000000 
26109.090773550300000000 
25988.921359114000000000 
25888.496900405000000000 
25808.116080416500000000 
25747.964543761900000000 
25708.114102351400000000 
25688.522720159900000000 
25689.035272224100000000 
25709.385064987300000000 
25749.196097310000000000 
25807.986034001700000000 
25885.169856731900000000 
25980.064150745700000000 
26091.891980042800000000 
26219.788298665700000000 
26362.805841548700000000 
26519.921435063700000000 
26690.042665003800000000 
26872.014838297700000000 
27064.628174251000000000 
27266.625161566400000000 
27476.708018760900000000 
27693.546197836800000000 
27915.783874108900000000 
28142.047368847100000000 
28370.952455770700000000 
28601.111507308700000000 
28831.140441802000000000 
29059.665438331100000000 
29285.329391492200000000 
29506.798084069900000000 
29722.766061056500000000 
29931.962193721900000000 
30133.154927343100000000 
30325.157210668200000000 
30506.831109141400000000 
30677.092107294300000000 
30834.913108469700000000 
30979.328142151700000000 
31109.435790617400000000 
31224.402347380600000000 
31323.464719987900000000 
31405.933089162900000000 
31471.193335122200000000 
31518.709240157000000000 
31548.024474356200000000 
31558.764368728500000000 
31550.637477048000000000 
31523.436924603100000000 
31477.041538770400000000 
31411.416753082500000000 
31326.615273306600000000 
31222.777491125900000000 
31100.131628402600000000 
30958.993592804200000000 
30799.766523870100000000 
30622.940007461400000000 
30429.088936028000000000 
30218.871992303100000000 
29993.029734919700000000 
29752.382266067400000000 
29497.826463653800000000 
29230.332763495500000000 
28950.941480789400000000 
28660.758664465700000000 
28360.951482929800000000 
28052.743145079300000000 
27737.407366254800000000 
27416.262394828500000000 
27090.664621354000000000 
26762.001798456900000000 
26431.685905818400000000 
26101.145700570300000000 
25771.818999045900000000 
25445.144741012400000000 
25122.554892126300000000 
24805.466244308400000000 
24495.272176941200000000 
24193.334444179800000000 
23900.975055174100000000 
23619.468314607900000000 
23350.033090627700000000 
23093.825375982500000000 
22851.931206033900000000 
22625.359994265700000000 
22415.038342075700000000 
22221.804375032200000000 
22046.402652500500000000 
21889.479691687700000000 
21751.580140809600000000 
21633.143629367800000000 
21534.502316551300000000 
21455.879151654600000000 
21397.386853261800000000 
21359.027606889200000000 
21340.693473913100000000 
21342.167498038200000000 
21363.125489362700000000 
21403.138460362700000000 
21461.675682899300000000 
21538.108330720900000000 
21631.713667923500000000 
21741.679740480600000000 
21867.110525279000000000 
22007.031489107400000000 
22160.395508718200000000 
22326.089102417500000000 
22502.938923582900000000 
22689.718467042900000000 
22885.154940314800000000 
23087.936253243100000000 
23296.718081551100000000 
23510.130962148800000000 
23726.787380679000000000 
23945.288814655900000000 
24164.232698599700000000 
24382.219280719900000000 
24597.858343884000000000 
24809.775766750800000000 
25016.619903994600000000 
25217.067767435900000000 
25409.830992579800000000 
25593.661577509000000000 
25767.357383245000000000 
25929.767386554500000000 
26079.796677705400000000 
26216.411196858900000000 
26338.642203600400000000 
26445.590474565700000000 
26536.430224213800000000 
26610.412743549700000000 
26666.869751045900000000 
26705.216449177400000000 
26724.954278933100000000 
26725.673363454900000000 
26707.054630639900000000 
26668.871603202800000000 
26610.991843401900000000 
26533.378038462200000000 
26436.088711771200000000 
26319.278544236800000000 
26183.198289867400000000 
26028.194269702800000000 
25854.707428747000000000 
25663.271941560700000000 
25454.513353674800000000 
25229.146248003600000000 
24987.971427964000000000 
24731.872612025500000000 
24461.812637919800000000 
24178.829178673800000000 
23884.029976966600000000 
23578.587608978600000000 
23263.733793835800000000 
22940.753269873400000000 
22610.977264161200000000 
22275.776586959400000000 
21936.554387905700000000 
21594.738615681700000000 
21251.774227563900000000 
20909.115199532800000000 
20568.216391408500000000 
20230.525324691200000000 
19897.473933350700000000 
19570.470349637900000000 
19250.890788049400000000 
18940.071590806700000000 
18639.301497606500000000 
18349.814200939800000000 
18072.781245975100000000 
17809.305330878600000000 
17560.414059546400000000 
17327.054194114700000000 
17110.086449376200000000 
16910.280865457900000000 
16728.312788909700000000 
16564.759485834900000000 
16420.097403982700000000 
16294.700093934800000000 
16188.836792789500000000 
16102.671667177300000000 
16036.263706156200000000 
15989.567248629600000000 
15962.433124499900000000 
15954.610383901000000000 
15965.748584592600000000 
15995.400604015500000000 
16043.025939597400000000 
16107.994458698600000000 
16189.590558066100000000 
16287.017691811100000000 
16399.403226705200000000 
16525.803583957400000000 
16665.209627539700000000 
16816.552260505200000000 
16978.708192520900000000 
17150.505843942000000000 
17330.731354109100000000 
17518.134664086400000000 
17711.435646694400000000 
17909.330259362500000000 
18110.496697958600000000 
18313.601532274900000000 
18517.305806208100000000 
18720.271087801000000000 
18921.165456169400000000 
19118.669413868300000000 
19311.481714421800000000 
19498.325095516200000000 
19677.951908729700000000 
19849.149636628500000000 
20010.746287629600000000 
20161.615658229600000000 
20300.682451071700000000 
20426.927235919100000000 
20539.391238984400000000 
20637.180944288900000000 
20719.472488882800000000 
20785.515831904700000000 
20834.638675681600000000 
20866.250115438200000000 
20879.843992763700000000 
20875.001926839600000000 
20851.395996631900000000 
20808.791046833300000000 
20747.046590374200000000 
20666.118280831800000000 
20566.058929096000000000 
20447.019040223100000000 
20309.246848520700000000 
20153.087831576500000000 
19978.983687134300000000 
19787.470760419200000000 
19579.177913678500000000 
19354.823834278000000000 
19115.213782627500000000 
18861.235786419500000000 
18593.856293075800000000 
18314.115297823500000000 
18023.120970368800000000 
17722.043808611200000000 
17412.110353151500000000 
17094.596501399600000000 
16770.820464789600000000 
16442.135416882700000000 
16109.921883898900000000 
15775.579932408900000000 
15440.521211467300000000 
15106.160908343700000000 
14773.909678157200000000 
14445.165608133300000000 
14121.306276864800000000 
13803.680967878500000000 
13493.603095002300000000 
13192.342894526600000000 
12901.120435996200000000 
12621.098999715300000000 
12353.378864764800000000 
12098.991546591800000000 
11858.894518119300000000 
11633.966442933200000000 
11425.002943519500000000 
11232.712921846100000000 
11057.715443898800000000 
10900.537194191000000000 
10761.610500847700000000 
10641.271926707500000000 
10539.761417066700000000 
10457.221990265900000000 
10393.699953360700000000 
10349.145621661000000000 
10323.414518016500000000 
10316.269025381500000000 
10327.380464436900000000 
10356.331566868700000000 
10402.619314302200000000 
10465.658112829400000000 
10544.783273523700000000 
10639.254770246600000000 
10748.261247372000000000 
10870.924251713300000000 
11006.302664856300000000 
11153.397314209900000000 
11311.155743295400000000 
11478.477124021700000000 
11654.217295860200000000 
11837.193918855100000000 
12026.191729220300000000 
12219.967887802900000000 
12417.257412902900000000 
12616.778689764200000000 
12817.239049478600000000 
13017.340410036500000000 
13215.784971824600000000 
13411.280958997000000000 
13602.548396869100000000 
13788.324913820200000000 
13967.371554186500000000 
14138.478586340600000000 
14300.471287641500000000 
14452.215685277900000000 
14592.624229294100000000 
14720.661371366700000000 
14835.349020269900000000 
14935.771842521000000000 
15021.082374502600000000 
15090.505910497300000000 
15143.345129600400000000 
15178.984423461000000000 
15196.893886286900000000 
15196.632928575400000000 
15177.853476632700000000 
15140.302721145700000000 
15083.825379880000000000 
15008.365442003900000000 
14913.967364567600000000 
14800.776695279400000000 
14669.040099882100000000 
14519.104777107600000000 
14351.417249311000000000 
14166.521522410500000000 
13965.056614593100000000 
13747.753459327900000000 
13515.431194447700000000 
13268.992855328700000000 
13009.420496410100000000 
12737.769771345300000000 
12455.164007854600000000 
12162.787818767200000000 
11861.880295695000000000 
11553.727836193200000000 
11239.656659059500000000 
10921.025065546900000000 
10599.215506661200000000 
10275.626518357700000000 
9951.664587316960000000 
9628.736010063290000000 
9308.238807497940000000 
8991.554755471090000000 
8680.041589849570000000 
8375.025441690840000000 
8077.793554669740000000 
7789.587332887910000000 
7511.595762706040000000 
7244.949247359240000000 
6990.713887936800000000 
6749.886238922560000000 
6523.388560994170000000 
6312.064588261300000000 
6116.675821673240000000 
5937.898355030730000000 
5776.320234976060000000 
5632.439351583510000000 
5506.661851795510000000 
5399.301064004220000000 
5310.576918610670000000 
5240.615846438740000000 
5189.451134464370000000 
5157.023716453310000000 
5143.183374785500000000 
5147.690328967230000000 
5170.217186072070000000 
5210.351228570810000000 
5267.597015667840000000 
5341.379275299630000000 
5431.046065310980000000 
5535.872183937020000000 
5655.062811511150000000 
5787.757367216610000000 
5933.033566623630000000 
6089.911667631030000000 
6257.358894185450000000 
6434.294028715590000000 
6619.592165529370000000 
6812.089618423990000000 
7010.588976404840000000 
7213.864301664360000000 
7420.666463809050000000 
7629.728603730420000000 
7839.771719491310000000 
8049.510365156520000000 
8257.658451659810000000 
8462.935136606400000000 
8664.070787410940000000 
8859.812999425650000000 
9048.932647793870000000 
9230.229948749730000000 
9402.540503058090000000 
9564.741291338030000000 
9715.756588226950000000 
9854.563759807210000000 
9980.198906516080000000 
10091.762311967300000000 
10188.423656796000000000 
10269.426955850300000000 
10334.095176847000000000 
10381.834499003000000000 
10412.138171191400000000 
10424.589930833600000000 
10418.866947043800000000 
10394.742254449100000000 
10352.086647607000000000 
10290.870009974800000000 
10211.162055911500000000 
10113.132469142900000000 
9997.050426428420000000 
9863.283500746470000000 
9712.295944091520000000 
9544.646355853950000000 
9360.984748653840000000 
9162.049029326820000000 
8948.660918428060000000 
8721.721337042450000000 
8482.205294779330000000 
8231.156317513300000000 
7969.680457634200000000 
7698.939933226860000000 
7420.146445658460000000 
7134.554227468290000000 
6843.452874198250000000 
6548.160014857010000000 
6250.013876069490000000 
5950.365794636220000000 
5650.572732233570000000 
5351.989844360870000000 
5055.963153426780000000 
4763.822373122080000000 
4476.873928013930000000 
4196.394208691040000000 
3923.623098870150000000 
3659.757806723590000000 
3405.947028390960000000 
3163.285467279060000000 
2932.808728414870000000 
2715.488602876730000000 
2512.228753261450000000 
2323.860807318300000000 
2151.140863354920000000 
1994.746407845450000000 
1855.273642889970000000 
1733.235218816920000000 
1629.058365306130000000 
1543.083412946860000000 
1475.562696129380000000 
1426.659827583060000000 
1396.449334693420000000 
1384.916647916750000000 
1391.958432119000000000 
1417.383252441290000000 
1460.912567278680000000 
1522.182042086270000000 
1600.743178930360000000 
1696.065257912300000000 
1807.537587739720000000 
1934.472063737630000000 
2076.106032416810000000 
2231.605462291550000000 
2400.068420912060000000 
2580.528858005420000000 
2771.960694169250000000 
2973.282213709250000000 
3183.360758942700000000 
3401.017721601120000000 
3625.033824866420000000 
3854.154687084660000000 
4087.096655351990000000 
4322.552893999610000000 
4559.199709570290000000 
4795.703090239090000000 
5030.725433852340000000 
5262.932434916250000000 
5491.000097037830000000 
5713.621833589350000000 
5929.515615817840000000 
6137.431124336950000000 
6336.156857004140000000 
6524.527143681350000000 
6701.429016376750000000 
6865.808881837390000000 
7016.678942864810000000 
7153.123314507490000000 
7274.303781879350000000 
7379.465147687130000000 
7467.940119627740000000 
7539.153690634420000000 
7592.626968485750000000 
7627.980415506470000000 
7644.936463933840000000 
7643.321477934520000000 
7623.067039162780000000 
7584.210539067690000000 
7526.895067795900000000 
7451.368596400600000000 
7357.982456054470000000 
7247.189124969000000000 
7119.539340637550000000 
6975.678561735650000000 
6816.342810425380000000 
6642.353931821490000000 
6454.614312893830000000 
6254.101108023080000000 
6041.860022722550000000 
5818.998710630180000000 
5586.679841713850000000 
5346.113901688820000000 
5098.551783899520000000 
4845.277235366790000000 
4587.599218356690000000 
4326.844247715000000000 
4064.348762371080000000 
3801.451586896350000000 
3539.486535867790000000 
3279.775210105370000000 
3023.620029702210000000 
2772.297544231860000000 
2527.052055688080000000 
2289.089584680970000000 
2059.572205273670000000 
1839.612768688280000000 
1630.270031029410000000 
1432.544195255230000000 
1247.372872948810000000 
1075.627467081380000000 
918.109972976494000000 
775.550191134734000000 
648.603342505411000000 
537.848074225978000000 
443.784841810875000000 
366.834652266684000000 
307.338151634897000000 
265.555040000934000000 
241.663797030926000000 
235.761701568973000000 
247.865129700549000000 
277.910116908766000000 
325.753171458578000000 
391.172327874784000000 
473.868431264056000000 
573.466645198833000000 
689.518177861153000000 
821.502223067746000000 
968.828114597442000000 
1130.837693855290000000 
1306.807892277690000000 
1495.953530958470000000 
1697.430340714200000000 
1910.338206174210000000 
2133.724637450290000000 
2366.588472499490000000 
2607.883812433240000000 
2856.524190753840000000 
3111.386975828830000000 
3371.318003870950000000 
3635.136437309540000000 
3901.639840761990000000 
4169.609463890970000000 
4437.815717322290000000 
4705.023824560260000000 
4969.999629538200000000 
5231.515536147280000000 
5488.356552864440000000 
5739.326412514610000000 
5983.253734317220000000 
6218.998192741890000000 
6445.456655387890000000 
6661.569250157910000000 
6866.325320462880000000 
7058.769226109850000000 
7238.005946919820000000 
7403.206446019150000000 
7553.612750161560000000 
7688.542705373650000000 
7807.394367672590000000 
7909.649990568360000000 
7994.879573513520000000 
8062.743938372120000000 
8112.997304310380000000 
8145.489335222670000000 
8160.166637847480000000 
8157.073693045400000000 
8136.353207246230000000 
8098.245875765920000000 
8043.089554483750000000 
7971.317841192420000000 
7883.458072725880000000 
7780.128748669940000000 
7662.036397009900000000 
7529.971901416660000000 
7384.806313968330000000 
7227.486180908730000000 
7059.028412521520000000 
6880.514731320820000000 
6693.085735504340000000 
6497.934616971060000000 
6296.300575164240000000 
6089.461969562250000000 
5878.729254808290000000 
5665.437743257160000000 
5450.940240136390000000 
5236.599596591730000000 
5023.781225635230000000 
4813.845625462270000000 
4608.140953778630000000 
4407.995695707270000000 
4214.711466554170000000 
4029.555989231240000000 
3853.756284485270000000 
3688.492110290390000000 
3534.889684847490000000 
3394.015725616900000000 
3266.871834707920000000 
3154.389258773570000000 
3057.424049324580000000 
2976.752647091990000000 
2913.067911738580000000 
2866.975615852020000000 
2838.991419747170000000 
2829.538341163030000000 
2838.944731461690000000 
2867.442767419990000000 
2915.167465150440000000 
2982.156220094890000000 
3068.348874402610000000 
3173.588310336120000000 
3297.621565644290000000 
3440.101464109720000000 
3600.588751720890000000 
3778.554726151750000000 
3973.384344462850000000 
4184.379791186850000000 
4410.764486244380000000 
4651.687509475390000000 
4906.228415988200000000 
5173.402414048790000000 
5452.165874882330000000 
5741.422141565270000000 
6040.027602177830000000 
6346.797990591780000000 
6660.514876715660000000 
6979.932306733620000000 
7303.783552880640000000 
7630.787931613740000000 
7959.657648684380000000 
8289.104629603880000000 
8617.847294329210000000 
8944.617235686550000000 
9268.165762093380000000 
9587.270266534510000000 
9900.740385486260000000 
10207.423913552400000000 
10506.212441956400000000 
10796.046691700700000000 
11075.921515123000000000 
11344.890542712200000000 
11602.070455354800000000 
11846.644865603800000000 
12077.867795066400000000 
12295.066738522800000000 
12497.645308871800000000 
12685.085460407400000000 
12856.949291195000000000 
13012.880428409100000000 
13152.605003360800000000 
13275.932225548400000000 
13382.754567382500000000 
13473.047573221700000000 
13546.869308011000000000 
13604.359462099800000000 
13645.738129746500000000 
13671.304279380300000000 
13681.433933905900000000 
13676.578079216300000000 
13657.260318657100000000 
13624.074290483000000000 
13577.680864416500000000 
13518.805132282500000000 
13448.233206415000000000 
13366.808838144300000000 
13275.429867233900000000 
13175.044511686300000000 
13066.647505938900000000 
12951.276094158800000000 
12830.005884176400000000 
12703.946566611500000000 
12574.237502979300000000 
12442.043186056900000000 
12308.548575571300000000 
12174.954312355100000000 
12042.471814533700000000 
11912.318260052300000000 
11785.711460934300000000 
11663.864636067900000000 
11547.981091033700000000 
11439.248815491800000000 
11338.835010912300000000 
11247.880563932700000000 
11167.494483311300000000 
11098.748321271000000000 
11042.670602938000000000 
11000.241290509200000000 
10972.386311671300000000 
10959.972184560500000000 
10963.800774145700000000 
10984.604217248000000000 
11023.040055430500000000 
11079.686616625900000000 
11155.038687565600000000 
11249.503519777100000000 
11363.397212089700000000 
11496.941512188400000000 
11650.261078766000000000 
11823.381244220500000000 
12016.226315625000000000 
12228.618448860300000000 
12460.277127360100000000 
12710.819272898200000000 
12979.760011269300000000 
13266.514110628900000000 
13570.398104708300000000 
13890.633107157500000000 
14226.348316968200000000 
14576.585208345000000000 
14940.302391608000000000 
15316.381124804400000000 
15703.631448758100000000 
16100.798911396800000000 
16506.571840453800000000 
16919.589117149000000000 
17338.448397305500000000 
17761.714720664100000000 
18187.929443999000000000 
18615.619429113600000000 
19043.306412975500000000 
19469.516484214000000000 
19892.789587998500000000 
20311.688980000200000000 
20724.810549736100000000 
21130.791934127600000000 
21528.321343578300000000 
21916.146025272400000000 
22293.080291695200000000 
22658.013046533600000000 
23009.914745078900000000 
23347.843731949400000000 
23670.951905301000000000 
23978.489663592400000000 
24269.810098329800000000 
24544.372403914600000000 
24801.744483658000000000 
25041.604739099100000000 
25263.743037876300000000 
25468.060863453100000000 
25654.570657902700000000 
25823.394376617800000000 
25974.761281151500000000 
26109.005003323100000000 
26226.559920173200000000 
26327.956885246200000000 
26413.818366969200000000 
26484.853049524900000000 
26541.849955541200000000 
26585.672153104300000000 
26617.250112024000000000 
26637.574775919200000000 
26647.690417547800000000 
26648.687344875900000000 
26641.694524670700000000 
26627.872188934300000000 
26608.404487287400000000 
26584.492245521500000000 
26557.345886999500000000 
26528.178569482300000000 
26498.199585349100000000 
26468.608068154700000000 
26440.587043083200000000 
26415.297853211800000000 
26393.874987650200000000 
26377.421331662000000000 
26367.003852885100000000 
26363.649731813600000000 
26368.342938868500000000 
26382.021254731700000000 
26405.573725207800000000 
26439.838536785500000000 
26485.601294343100000000 
26543.593678145300000000 
26614.492453461900000000 
26698.918802853700000000 
26797.437948454000000000 
26910.559029464900000000 
27038.735198601600000000 
27182.363900382900000000 
27341.787293976400000000 
27517.292783770800000000 
27709.113621957800000000 
27917.429549131600000000 
28142.367441239900000000 
28384.001934086000000000 
28642.355999959400000000 
28917.401454785500000000 
29209.059378388000000000 
29517.200434962300000000 
29841.645085602800000000 
30182.163689624200000000 
30538.476496414000000000 
30910.253534580400000000 
31297.114410162400000000 
31698.628030587200000000 
32114.312275835800000000 
32543.633642842100000000 
32986.006893431100000000 
33440.794740030500000000 
33907.307606883200000000 
34384.803507491200000000 
34872.488081464000000000 
35369.514835764200000000 
35874.985636485700000000 
36387.951497719400000000 
36907.413713707200000000 
37432.325379339800000000 
37961.593342071500000000 
38494.080625517800000000 
39028.609361348100000000 
39563.964261614400000000 
40098.896658378500000000 
40632.129131455400000000 
41162.360738319500000000 
41688.272852769900000000 
42208.535610884800000000 
42721.814954180400000000 
43226.780250831200000000 
43722.112466390200000000 
44206.512845797800000000 
44678.712058669900000000 
45137.479750048400000000 
45581.634429082000000000 
46010.053618617200000000 
46421.684179544600000000 
46815.552715100100000000 
47190.775952293500000000 
47546.570990374900000000 
47882.265299897100000000 
48197.306350642800000000 
48491.270742599700000000 
48763.872711445400000000 
49014.971878799300000000 
49244.580117955600000000 
49452.867408069800000000 
49640.166553931400000000 
49806.976654613400000000 
49953.965212483400000000 
50081.968784317000000000 
50191.992088536500000000 
50285.205496854600000000 
50362.940854713200000000 
50426.685592725600000000 
50478.075110670100000000 
50518.883436218100000000 
50551.012182274700000000 
50576.477849273800000000 
50597.397541732100000000 
50615.973191473900000000 
50634.474402872700000000 
50655.220057844500000000 
50680.558839821900000000 
50712.848856178600000000 
50754.436557214400000000 
50807.635166505900000000 
50874.702851868500000000 
50957.820878067200000000 
51059.071991497300000000 
51180.419293096200000000 
51323.685858542500000000 
51490.535364189400000000 
51682.453973044900000000 
51900.733727389100000000 
52146.457683297900000000 
52420.487007464400000000 
52723.450238394000000000 
53055.734892463600000000 
53417.481570701700000000 
53808.580694735500000000 
54228.671970474900000000 
54677.146646116900000000 
55153.152597337600000000 
55655.602237507600000000 
56183.183214853400000000 
56734.371822157800000000 
57307.449008312300000000 
57900.518845309300000000 
58511.529269575300000000 
59138.294883416800000000 
59778.521571256500000000 
60429.832656774400000000 
61089.796301479400000000 
61755.953823058500000000 
62425.848593464200000000 
63097.055162460800000000 
63767.208242546300000000 
64434.031186001600000000 
65095.363584462000000000 
65749.187625911000000000 
66393.652853387600000000 
67027.098983912000000000 
67648.076465059300000000 
68255.364470053000000000 
68847.986059963000000000 
69425.220273271100000000 
69986.610938345500000000 
70531.972042849600000000 
71061.389535328200000000 
71575.219477660900000000 
72074.082512206300000000 
72558.854653698700000000 
73030.654462699100000000 
73490.826704039500000000 
73940.922639596900000000 
74382.677149289800000000 
74817.982916781400000000 
75248.861956424100000000 
75677.434794928800000000 
76105.887654578600000000 
76536.438014088400000000 
76971.298948042000000000 
77412.642665908500000000 
77862.563686685200000000 
78323.042095055700000000 
78795.907329442400000000 
79282.802951410500000000 
79785.152839510900000000 
80304.129238866300000000 
80840.623080698000000000 
81395.216963698800000000 
81968.161161895900000000 
82559.352991697500000000 
83168.319834549500000000 
83794.206071483600000000 
84435.764142319800000000 
85091.349895930800000000 
85758.922349375300000000 
86436.047923470100000000 
87119.909171124300000000 
87807.317963152800000000 
88494.733044952900000000 
89178.281827001800000000 
89853.786223247200000000 
90516.792304696200000000 
91162.603491415900000000 
91786.316965253700000000 
92382.862948323900000000 
92947.046459111000000000 
93473.591129260300000000 
93957.184640062200000000 
94392.525318541700000000 
94774.369419132500000000 
95097.578608277900000000 
95357.167166033500000000 
95548.348420852700000000 
95666.579941165400000000 
95707.607020008200000000 
95667.504006686200000000 
95542.713062009400000000 
95330.079940813400000000 
95026.886436917000000000 
94630.879161042100000000 
94140.294361116500000000 
93553.878536329700000000 
92870.904640852500000000 
92091.183719722600000000 
91215.071867490400000000 
90243.472449253400000000 
89177.833573090700000000 
88020.140852073200000000 
86772.905542395500000000 
85439.148191194800000000 
84022.377972770100000000 
82526.567934714300000000 
80956.126415489400000000 
79315.864931811100000000 
77610.962867505600000000 
75846.929324926300000000 
74029.562525295700000000 
72164.907165236100000000 
70259.210153088200000000 
68318.875160268600000000 
66350.416429789700000000 
64360.412286135100000000 
62355.458787948200000000 
60342.123957530500000000 
58326.903009066300000000 
56316.174980972200000000 
54316.161157034300000000 
52332.885636338100000000 
50372.138383715500000000 
48439.441060925800000000 
46540.015904432900000000 
44678.757878890200000000 
42860.210296748700000000 
41088.544054223400000000 
39367.540592674100000000 
37700.578652762300000000 
36090.624847018500000000 
34540.228035187300000000 
33051.517446387700000000 
31626.204453198800000000 
30265.587865713400000000 
28970.562578811600000000 
27741.631373794400000000 
26578.919646439900000000 
25482.192807817000000000 
24450.876082091700000000 
23484.076407305600000000 
22580.606130871800000000 
21739.008181443300000000 
20957.582392923200000000 
20234.412654710900000000 
19567.394564768100000000 
18954.263268619800000000 
18392.621177813400000000 
17879.965275418500000000 
17413.713733574400000000 
16991.231588566500000000 
16609.855242072500000000 
16266.915582662400000000 
15959.759548934900000000 
15685.769984384300000000 
15442.383663738900000000 
15227.107400631300000000 
15037.532176580300000000 
14871.345260909300000000 
14726.340319965600000000 
14600.425541400200000000 
14491.629824936100000000 
14398.107114635000000000 
14318.138968866100000000 
14250.135482718800000000 
14192.634693284900000000 
14144.300610909500000000 
14103.920029084300000000 
14070.398272098600000000 
14042.754042909100000000 
14020.113534024800000000 
14001.703961682500000000 
13986.846678411100000000 
0.000000000000000000 
0.000000000000000000 
0.000000000000000000 
0.000000000000000000 
0.000000000000000000 
0.000000000000000000 
0.000000000000000000 
0.000000000000000000 
0.000000000000000000 
0.000000000000000000 
0.000000000000000000 
0.000000000000000000 
0.000000000000000000 
0.000000000000000000 
0.000000000000000000 
0.000000000000000000 
0.000000000000000000 
0.000000000000000000 
0.000000000000000000 
0.000000000000000000 
0.000000000000000000 
0.000000000000000000 
0.000000000000000000 
0.000000000000000000 
0.000000000000000000 
0.000000000000000000 
0.000000000000000000 
0.000000000000000000 
0.000000000000000000 
0.000000000000000000 
0.000000000000000000 
0.000000000000000000 
0.000000000000000000 
0.000000000000000000 
0.000000000000000000 
0.000000000000000000 
0.000000000000000000 
0.000000000000000000 
0.000000000000000000 
0.000000000000000000 
0.000000000000000000 
0.000000000000000000 
0.000000000000000000 
0.000000000000000000 
0.000000000000000000 
0.000000000000000000 
0.000000000000000000 
0.000000000000000000 
0.000000000000000000 
0.000000000000000000 
0.000000000000000000 
0.000000000000000000 
0.000000000000000000 
0.000000000000000000 
0.000000000000000000 
0.000000000000000000 
0.000000000000000000 
0.000000000000000000 
0.000000000000000000 
0.000000000000000000 
0.000000000000000000 
0.000000000000000000 
0.000000000000000000 
0.000000000000000000 
0.000000000000000000 
0.000000000000000000 
0.000000000000000000 
0.000000000000000000 
0.000000000000000000 
0.000000000000000000 
0.000000000000000000 
0.000000000000000000 
0.000000000000000000 
0.000000000000000000 
0.000000000000000000 
0.000000000000000000 
0.000000000000000000 
0.000000000000000000 
0.000000000000000000 
0.000000000000000000 
0.000000000000000000 
0.000000000000000000 
0.000000000000000000 
0.000000000000000000 
0.000000000000000000 
0.000000000000000000 
0.000000000000000000 
0.000000000000000000 
0.000000000000000000 
0.000000000000000000 
0.000000000000000000 
0.000000000000000000 
0.000000000000000000 
0.000000000000000000 
0.000000000000000000 
0.000000000000000000 
0.000000000000000000 
0.000000000000000000 
0.000000000000000000 
0.000000000000000000 
0.000000000000000000 
0.000000000000000000 
0.000000000000000000 
0.000000000000000000 
0.000000000000000000 
0.000000000000000000 
0.000000000000000000 
0.000000000000000000 
0.000000000000000000 
0.000000000000000000 
0.000000000000000000 
0.000000000000000000 
0.000000000000000000 
0.000000000000000000 
0.000000000000000000 
0.000000000000000000 
0.000000000000000000 
0.000000000000000000 
0.000000000000000000 
0.000000000000000000 
0.000000000000000000 
0.000000000000000000 
0.000000000000000000 
0.000000000000000000 
0.000000000000000000 
0.000000000000000000 
0.000000000000000000