2365.676939097920000 
2311.494801010270000 
2265.146130871250000 
2220.333271026290000 
2175.777197262220000 
2133.156204679870000 
2090.669746314580000 
2049.378913679330000 
2009.370831057360000 
1969.654281591800000 
1930.821141587900000 
1892.567586681880000 
1855.294430182160000 
1818.706820661320000 
1783.023192568620000 
1748.183789703800000 
1713.572341860070000 
1679.746866305110000 
1646.726255498730000 
1614.720865128590000 
1583.201877870090000 
1552.292902322120000 
1522.065472174970000 
1492.747783973050000 
1463.863641252010000 
1435.919769094220000 
1408.631519879230000 
1381.801319564510000 
1355.805726090050000 
1328.186003485170000 
1292.178240701760000 
1253.560425986630000 
1214.857767304850000 
1174.655587209510000 
1130.321641574350000 
1088.860609969340000 
1050.997651145200000 
1012.909205798590000 
972.267764205085000 
929.129010627315000 
886.166654534794000 
843.584385911106000 
801.368528808858000 
763.680282334727000 
731.802038870955000 
702.319603187281000 
674.454191819051000 
638.094658395684000 
589.800910280933000 
543.501844311300000 
505.255172375364000 
471.542708341730000 
441.394695480248000 
413.041264107649000 
382.773056730276000 
349.203006752941000 
316.197398224716000 
285.569956661318000 
257.647186193582000 
232.416439890694000 
209.308481078660000 
189.154422112265000 
171.054619978265000 
154.335615108917000 
138.332692784080000 
123.085683073884000 
108.086518621696000 
93.975248242568300 
80.713559100473500 
68.289274233296900 
56.977277098621900 
46.295809677058000 
36.093660474567500 
26.210960945181700 
16.870572745998200 
8.817247224782470 
1.404172626600480 
-6.276350281324990 
-13.679499419560600 
-22.043405627226000 
-34.554405946579200 
-49.380338919338100 
-63.175641581228700 
-75.264852203225000 
-85.242098158223500 
-93.727779807109900 
-102.385966046909000 
-113.533006891069000 
-128.528494677429000 
-146.122737717301000 
-165.292148953383000 
-185.334919044018000 
-205.175216052795000 
-224.354702015867000 
-242.275850045058000 
-259.976236752552000 
-277.136599336918000 
-295.072779352271000 
-313.526342034525000 
-333.552149937562000 
-353.891501776635000 
-375.059962391318000 
-397.338238382826000 
-420.319907984991000 
-441.589399955486000 
-460.818521019529000 
-478.096534358292000 
-493.851882370516000 
-508.295546392560000 
-521.368861976450000 
-533.143604667176000 
-543.282744723795000 
-551.962383468291000 
-559.393390562876000 
-565.056023460670000 
-569.004554165490000 
-571.171468749374000 
-570.584691767349000 
-568.229067242515000 
-564.611056222473000 
-559.984872307266000 
-554.291599351401000 
-548.176800367038000 
-541.085763154747000 
-533.855358457974000 
-526.652730409570000 
-519.879837790645000 
-513.599418631592000 
-508.196001190133000 
-502.601612201915000 
-495.069855476742000 
-489.733834459189000 
-484.307873698384000 
-479.193811750677000 
-474.715193302205000 
-470.308400976124000 
-466.001232194486000 
-461.612728488265000 
-457.057588539220000 
-454.737983552789000 
-452.011514030002000 
-446.792406222843000 
-440.465178081138000 
-433.744624808370000 
-426.153968460472000 
-418.529740926573000 
-411.108331965830000 
-404.265277707996000 
-398.123872886661000 
-393.042231552313000 
-388.830511362499000 
-385.603269698100000 
-382.570509971685000 
-379.933738905867000 
-377.677012836706000 
-375.427777711105000 
-373.056997408610000 
-370.496506185401000 
-367.608546174418000 
-365.264258735223000 
-362.995356969378000 
-360.377029906403000 
-358.054248788734000 
-355.376044561324000 
-352.378540222374000 
-349.297890409879000 
-345.691833048351000 
-341.396415545981000 
-335.873681690522000 
-329.377138076055000 
-322.212465897893000 
-314.233065508300000 
-306.049010386526000 
-297.983346088029000 
-289.002296662720000 
-279.107079942707000 
-268.081466253024000 
-256.874682567840000 
-244.713839389456000 
-232.748187430175000 
-220.135238340530000 
-207.389306057466000 
-194.989905350190000 
-182.251075656347000 
-169.547943671164000 
-156.638104068088000 
-143.766203330333000 
-130.733306305413000 
-117.801437310234000 
-105.032569484386000 
-92.105977177046900 
-79.405424752627300 
-67.027650570582400 
-54.912829718763500 
-43.418609741538600 
-31.911114149181200 
-20.634907092859000 
-10.217235393034500 
-0.154661928612767 
9.482222376132990 
18.814179328097400 
28.266391013385100 
37.863961432220000 
46.414350508441200 
54.516712379399900 
62.404912909782000 
70.617237867103500 
78.474328647422200 
85.879566717227100 
93.336468562549200 
101.479020094246000 
110.680288641668000 
120.339227087484000 
130.863706018442000 
141.817944087684000 
153.244529428091000 
164.846853673680000 
176.250037188032000 
187.827192425642000 
199.490470018103000 
211.230304316102000 
222.837093017951000 
234.901410728536000 
247.204969601289000 
259.668647840238000 
272.430767230320000 
286.455918761605000 
300.047261173231000 
311.507958874430000 
322.541908193030000 
333.496199501410000 
344.291750703949000 
355.345243215651000 
366.586303311094000 
377.527082151082000 
388.766924914689000 
399.504882967592000 
410.279429376361000 
420.620131233727000 
429.839122995401000 
437.326821763166000 
442.395372062796000 
444.548268599062000 
442.567117688557000 
433.528818615266000 
419.372183429071000 
405.628100481428000 
401.245584187037000 
403.336342920640000 
406.541996949459000 
409.200612786995000 
411.337578404358000 
414.013289959611000 
413.608887866734000 
420.404137530744000 
422.404486356061000 
424.418974907470000 
427.134028469616000 
429.087791716472000 
430.262200190150000 
432.187350380023000 
433.905855172566000 
434.764744436646000 
434.876433002782000 
434.405524829508000 
434.690791722608000 
434.705286841355000 
434.404885908399000 
433.597610910948000 
432.387203062869000 
430.781734833448000 
428.006506645679000 
424.069598594280000 
417.265685121628000 
407.915964168027000 
396.219872237435000 
381.681048724254000 
365.316503352532000 
346.368957468805000 
319.401875763020000 
287.580563590592000 
257.940721651477000 
231.403704794989000 
207.516664791424000 
186.800877929455000 
168.968755493682000 
153.306534164446000 
139.170034044322000 
127.002267268408000 
116.941836421010000 
108.335873963771000 
101.749166955836000 
96.511459284516600 
91.300184790894400 
86.097406932183700 
81.563598055989100 
79.142009491573800 
76.692521642173200 
73.475317033389700 
69.959535074571200 
66.709990789604400 
64.552427477607100 
62.981872409240100 
60.919320149238000 
57.459718369678700 
53.924580122180400 
49.574111520027100 
44.242557162646300 
37.311893965470500 
29.120827713451900 
20.556010082016600 
10.616735891902800 
-0.480045939961200 
-9.951618414199400 
-17.902835068460200 
-24.916909804063800 
-31.220455972941600 
-36.152938304781800 
-40.523698063094300 
-44.324508007202800 
-48.399494279601600 
-51.966346153523700 
-55.329939087096100 
-57.377451941298200 
-57.404844041710000 
-56.891147181419000 
-55.662863850551700 
-53.546494102680200 
-50.533788258017000 
-45.277077738910500 
-37.394115165332500 
-26.728786045890900 
-15.568973775729300 
-3.123640977779350 
9.806607756918310 
23.377896201858600 
37.528912665129600 
51.311201723545300 
65.828922493588800 
81.994891105538000 
97.434267224443800 
108.589351387867000 
116.938304444056000 
123.881011817049000 
129.825844969658000 
138.251398430074000 
148.913734680203000 
153.245401495139000 
156.073113714603000 
158.979417121552000 
161.372482123570000 
163.965107628697000 
166.696016206280000 
170.051875550865000 
173.406074110147000 
176.827803093872000 
181.534326965522000 
186.229331833603000 
191.216847538360000 
196.957461023574000 
203.537768229656000 
211.470544975049000 
220.285750367213000 
229.835153248430000 
237.857029459362000 
244.620632019843000 
250.925763879149000 
258.581140938069000 
268.334384721511000 
279.558912015820000 
289.923429486841000 
299.497158258353000 
307.827470631957000 
315.601114432707000 
323.183031363158000 
329.598748353470000 
334.134719339348000 
336.146980036459000 
335.696066138787000 
332.581589727782000 
325.298538093609000 
313.707409210055000 
296.294496159598000 
272.624584865063000 
241.888469954533000 
206.364563621373000 
167.974681762097000 
126.509751981247000 
80.464774514792200 
31.317997004835800 
-14.773071114150200 
-54.364541892859900 
-87.178419383289100 
-115.345916302671000 
-139.067396690003000 
-159.673899339702000 
-177.374482792466000 
-193.848083243321000 
-207.833877120308000 
-216.566370198775000 
-226.099341656164000 
-236.781002838481000 
-248.898681082081000 
-262.052599022758000 
-274.616629001790000 
-287.112926849052000 
-299.150408468334000 
-311.216436850058000 
-323.172152897441000 
-337.496646563421000 
-370.124053978276000 
-409.730514429534000 