3128.09638771102
3126.27915753877
3124.46258921717
3122.64668656092
3120.83144194062
3119.01686298567
3117.20294778872
3115.38969634978
3113.57710676149
3111.7651809312
3109.95392076626
3108.14332245197
3106.33338980304
3104.52412091211
3102.71551577918
3100.9075763116
3099.10029678732
3097.29368483574
3095.48774045687
3093.68245792865
3091.87784106578
3090.07388986827
3088.27060242875
3086.46798065459
3084.66602454578
3082.86473600967
3081.06411123157
3079.26415402617
3077.46485867142
3075.66623279672
3073.86827258737
3072.07097804338
3070.27435107209
3068.47839167351
3066.68309603292
3064.88846987239
3063.09450937721
3061.30121836208
3059.50859110496
3057.71663142054
3055.92534121617
3054.13471858451
3052.34476352555
3050.55547603929
3048.76685803308
3046.97890378488
3045.19162092408
3043.40500563598
3041.61905982794
3039.83378349995
3038.04917474466
3036.26523356208
3034.48196185955
3032.69935963707
3030.917428802
3029.13616553963
3027.35557175732
3025.57564745505
3023.79639263284
3022.01780729069
3020.23989524329
3018.46265076859
3016.6860776813
3014.91017407406
3013.13493803952
3011.36037720709
3009.58648394736
3007.81326588973
3006.04071540481
3004.26883439995
3002.49762859718
3000.72709227447
2998.95722924652
2997.18803760597
2995.41951735282
2993.65166657973
2991.88449100875
2990.11798491781
2988.35215402898
2986.58699452756
2984.82250641354
2983.05869159427
2981.29555006976
2979.53308184001
2977.77128499765
2976.01016335741
2974.24971501192
2972.48993805383
2970.73083439049
2968.97240592927
2967.21465267014
2965.45757270577
2963.70116603616
2961.94543456865
2960.19037448855
2958.43598961055
2956.68228184201
2954.92924736822
2953.17688809653
2951.42520402696
2949.67419325213
2947.92386149412
2946.1742011235
2944.4252197697
2942.67691171065
2940.9292788537
2939.18232310621
2937.43604256082
2935.69044103224
2933.94551279842
2932.20126167405
2930.45768765914
2928.71478693898
2926.97256714298
2925.23102254908
2923.49015697199
2921.74996659701
2920.01045523883
2918.27161717541
2916.53346003614
2914.79598000633
2913.05917899333
2911.32305508978
2909.58760638834
2907.8528405184
2906.11874985057
2904.38533819955
2902.65260747268
2900.92055194792
2899.18917543997
2897.45847985617
2895.72846328918
2893.99912573899
2892.27046720561
2890.54248959639
2888.81518909663
2887.08856952102
2885.36263086957
2883.63737123492
2881.91279252443
2880.18889283075
2878.46567215387
2876.74313430851
2875.0212773873
2873.30009948289
2871.57960440999
2869.85979026125
2868.14065703667
2866.42220473624
2864.70443335997
2862.98734290786
2861.27093719461
2859.55521240551
2857.84016472587
2856.12580369244
2854.41212549051
2852.69912821274
2850.98681376648
2849.27518215173
2847.56422955379
2845.85396360205
2844.14438238917
2842.43548210045
2840.72726464323
2839.01973192487
2837.31288013067
2835.60671307533
2833.90123075885
2832.19643318122
2830.49231843511
2828.78888842785
2827.08614125209
2825.3840788152
2823.68270302451
2821.98201006534
2820.28200184502
2818.58268027091
2816.88404343565
2815.18608943191
2813.48882207437
2811.79224136304
2810.09634539058
2808.40113606431
2806.70661147691
2805.01277162837
2803.31962033338
2801.62715568461
2799.93537577469
2798.24428251098
2796.55387589348
2794.86415592219
2793.17512450445
2791.48677973293
2789.79912160761
2788.11215203586
2786.42586720296
2784.74027283097
2783.05536319784
2781.37114402562
2779.68761340696
2778.00476943451
2776.32261210827
2774.64114333558
2772.96036693116
2771.28027717294
2769.60087596829
2767.92216331719
2766.24413921966
2764.56680367568
2762.89016049996
2761.21420397045
2759.5389398092
2757.86436420152
2756.19047524004
2754.51728055417
2752.84477442186
2751.17295875046
2749.50183353997
2747.83139688304
2746.16165450172
2744.49260067396
2742.82423730711
2741.15656630852
2739.48958577084
2737.82329760142
2736.15769798556
2734.49279264531
2732.82857967332
2731.16505716224
2729.50222701943
2727.84008924487
2726.17864193122
2724.51788889318
2722.85782822341
2721.19845992189
2719.53978398864
2717.88180042364
2716.22451113426
2714.56791421314
2712.91200966027
2711.25680129037
2709.60228528873
2707.9484635627
2706.29533229758
2704.64289912277
2702.99115831623
2701.34011178529
2699.68976143732
2698.0401034576
2696.3911397535
2694.74287223236
2693.09529898683
2691.44842192426
2689.8022391373
2688.1567525333
2686.51196020492
2684.86786215215
2683.22446409703
2681.58175841018
2679.93975081365
2678.29843749272
2676.65782035475
2675.0179013071
2673.37867844241
2671.74015176068
2670.10232316926
2668.46518885345
2666.82875262796
2665.19301449277
2663.55797254055
2661.92363058599
2660.2899848144
2658.65703713311
2657.02478563479
2655.39323413413
2653.76237881643
2652.1322234964
2650.50276626667
2648.87400712726
2647.24594607816
2645.61858693408
2643.99192397295
2642.36596100949
2640.74069613634
2639.11613126086
2637.49226638303
2635.86910150287
2634.24663662038
2632.62487173554
2631.00380684837
2629.38344005151
2627.76377515966
2626.14481026548
2624.52654727631
2622.9089842848
2621.2921231983
2619.67596210947
2618.0605010183
2616.44574183215
2614.83168455101
2613.21832917488
2611.60567570376
2609.99372413766
2608.38247066187
2606.77192290579
2605.16207705473
2603.55293501604
2601.94449488235
2600.33675474633
2598.72972033002
2597.12338781873
2595.51775721245
2593.91283232588
2592.30860934433
2590.70509017514
2589.10227291096
2587.5001613665
2585.89875363441
2584.29804971467
2582.69805151466
2581.09875521965
2579.50016273701
2577.90227597408
2576.30509493087
2574.70861770002
2573.11284809624
2571.51778039747
2569.92341841841
2568.32976215907
2566.73681161945
2565.14456679954
2563.55302769934
2561.96219622621
2560.37206665809
2558.78264662439
2557.1939323104
2555.60592562347
2554.01862465627
2552.43202750142
2550.84613988099
2549.26095988763
2547.67648752133
2546.0927227821
2544.50966566993
2542.92731237012
2541.34567051208
2539.76473628111
2538.18450776985
2536.60498879301
2535.02617935058
2533.44807753522
2531.87068334692
2530.29399869304
2528.71802357357
2527.14275608117
2525.56819812319
2523.99435160697
2522.42121081046
2520.84878145573
2519.2770616354
2517.7060513495
2516.13575250536
2514.56616128828
2512.99728342032
2511.42911317943
2509.8616543803
2508.29490702294
2506.72887110735
2505.16354281882
2503.59892787941
2502.03502628911
2500.47183232588
2498.90935171177
2497.34758444677
2495.78652480884
2494.22618042737
2492.66654748767
2491.10762598974
2489.54941784093
2487.99192113388
2486.43513777595
2484.87906585978
2483.32370920008
2481.76906398215
2480.21513211334
2478.66191550099
2477.10941033041
2475.55761850894
2474.00654003659
2472.45617682071
2470.90652695395
2469.35759234365
2467.80937108248
2466.26186507776
2464.71507242217
2463.16899693039
2461.62363478773
2460.07898599419
2458.53505436446
2456.99183608385
2455.44933687441
2453.90755101409
2452.36648041024
2450.8261269702
2449.28648878663
2447.74756585953
2446.20936009624
2444.67187149677
2443.13510006113
2441.59904388194
2440.06370295923
2438.52908301504
2436.99517641996
2435.4619908034
2433.92952044331
2432.39776915439
2430.86673312193
2429.33641616064
2427.80681636317
2426.27793563687
2424.74977398174
2423.22233139778
2421.69560407028
2420.16959772131
2418.64430853615
2417.11974223686
2415.59589119404
2414.07275922239
2412.55034822925
2411.02865630729
2409.50768536384
2407.98743349157
2406.46790259781
2404.94909077522
2403.4309980238
2401.9136262509
2400.39697736387
2398.881047548
2397.36583871066
2395.85135085183
2394.33758206418
2392.82453806974
2391.31221314647
2389.80061110908
2388.2897300502
2386.77957187719
2385.2701346827
2383.76141846673
2382.25342704398
2380.74615659975
2379.23960904139
2377.73378436889
2376.22868067492
2374.72430368152
2373.22064575929
2371.71771453763
2370.21550429448
2368.71401884456
2367.21325628051
2365.71321850968
2364.21390553206
2362.71531544032
2361.2174501418
2359.7203096365
2358.22389201707
2356.7282010982
2355.23323306521
2353.73899173279
2352.24547519359
2350.75268344761
2349.26061649485
2347.76927624267
2346.27866269105
2344.78877393265
2343.29960996747
2341.81117461022
2340.32346404618
2338.83647827537
2337.35022301982
2335.8646925575
2334.37988879575
2332.89581364192
2331.41246137396
2329.92983962127
2328.44794456916
2326.96677812496
2325.48634028868
2324.00662724563
2322.5276428105
2321.04938889064
2319.5718635787
2318.09506496733
2316.61899496388
2315.14365547571
2313.66904268811
2312.19515850842
2310.72200675136
2309.24958169487
2307.77788715366
2306.30692312771
2304.83668580234
2303.36718089959
2301.89840651211
2300.43036073255
2298.96304737562
2297.49646453396
2296.03060839286
2294.56548658175
2293.1010952859
2291.63743450532
2290.17450614737
2288.71230830469
2287.25084097728
2285.7901060725
2284.33010359034
2282.8708335308
2281.41229589388
2279.95448686488
2278.49741407321
2277.04107370416
2275.58546575774
2274.13059023393
2272.67644713275
2271.22303836154
2269.77036010561
2268.318418087
2266.86721039836
2265.41673513234
2263.9669941963
2262.51798568288
2261.06971149943
2259.62217355331
2258.17536993716
2256.72929874363
2255.28396569477
2253.83936697589
2252.39550067964
2250.9523706207
2249.50997679909
2248.06831921481
2246.6273959605
2245.18720894351
2243.74775625649
2242.30904171415
2240.87106150178
2239.43382134144
2237.99731551107
2236.56154401067
2235.1265125623
2233.69221735125
2232.25866028488
2230.82583945583
2229.39375677145
2227.96240841705
2226.53180011467
2225.10192995697
2223.67279985129
2222.24440598294
2220.81675025926
2219.38983268025
2217.96365324592
2216.53821386362
2215.11351453334
2213.68955334773
2212.26633221415
2210.84384731789
2209.42210438101
2208.0010995888
2206.58083675597
2205.16131206781
2203.74252933903
2202.32448666227
2200.90718022284
2199.49061955748
2198.0747970368
2196.65971838284
2195.24537787356
2193.8317774163
2192.41892082577
2191.00680619461
2189.59542970813
2188.18479899573
2186.77490833535
2185.365757727
2183.95735289272
2182.54969001782
2181.14276719494
2179.73659014614
2178.33115505671
2176.92646192666
2175.52251075599
2174.11930535939
2172.71684192217
2171.31512235168
2169.91414664791
2168.51391671821
2167.11442684055
2165.71568273695
2164.31768440744
2162.92042994465
2161.52391934859
2160.12815261925
2158.73313357134
2157.33885839016
2155.94532898306
2154.55254344268
2153.16050558372
2151.76920968415
2150.37866337335
2148.98886092927
2147.59980616663
2146.21149717806
2144.82393587092
2143.43711652315
2142.05104867151
2140.66572659395
2139.28115219782
2137.89732357576
2136.51424263513
2135.13190937593
2133.7503218908
2132.36948399446
2130.98939568689
2129.61005315339
2128.23146020868
2126.85361494539
2125.47651927088
2124.10016937045
2122.72457096614
2121.34972215061
2119.97562292386
2118.60226947119
2117.22966751465
2115.85781514688
2114.48671236789
2113.11636108503
2111.74675939095
2110.37790537829
2109.00980286177
2107.64245374872
2106.2758523171
2104.91000428896
2103.54490584959
2102.18055699901
2100.81695964455
2099.45411760092
2098.09202323872
2096.73068418735
2095.37009472476
2094.01025485094
2092.65117028796
2091.2928372211
2089.93525946508
2088.57843129783
2087.22235844141
2085.86703708112
2084.51246721695
2083.15865266362
2081.80559151376
2080.45328186004
2079.10172942449
2077.75092848508
2076.40088285649
2075.05159063138
2073.7030537171
2072.3552702063
2071.00824200633
2069.66196720984
2068.31644963153
2066.97168736405
2065.62768040739
2064.28442876157
2062.94193051923
2061.60018949506
2060.25920378173
2058.91897528658
2057.5795040096
2056.24078804346
2054.90282738815
2053.56562395101
2052.22917773206
2050.89348873128
2049.55855694869
2048.22438238428
2046.8909669454
2045.55830681734
2044.22640390747
2042.89526012313
2041.56487546432
2040.23524802369
2038.90637970859
2037.57826861167
2036.25091664028
2034.92432379442
2033.59849007409
2032.27341547929
2030.94910001003
2029.62554366629
2028.30274835544
2026.98071217011
2025.65943701767
2024.33892099076
2023.01916599673
2021.70016822088
2020.38193529261
2019.06446148988
2017.74774872002
2016.43179698305
2015.11660627896
2013.80217470039
2012.48850796942
2011.17560227132
2009.8634576061
2008.55207588112
2007.24145709636
2005.93159934449
2004.6225026255
2003.31416884674
2002.00659991557
2000.69979392462
1999.39375087391
1998.08846885608
1996.78395168583
1995.48019936317
1994.17720998074
1992.87498353853
1991.57352003656
1990.27282328953
1988.97288948272
1987.67372243085
1986.37531831921
1985.07767905516
1983.78080654603
1982.48469506979
1981.18935225583
1979.89477428945
1978.60096117066
1977.3079148068
1976.01563519787
1974.72411852917
1973.43337052276
1972.14338927128
1970.85417286739
1969.56572512577
1968.27804413909
1966.99112609264
1965.70498052318
1964.4195998013
1963.1349877417
1961.85114243704
1960.56806579466
1959.28575399986
1958.00421468205
1956.72344211917
1955.44343821857
1954.16420298026
1952.88573640423
1951.60803849048
1950.33110923902
1949.05495055719
1947.77956053765
1946.50494108774
1945.23109030012
1943.95800817477
1942.68569852642
1941.41415754034
1940.1433871239
1938.87338918445
1937.60415990728
1936.33570119974
1935.06801496919
1933.80110121562
1932.53495612434
1931.26958351004
1930.00498337272
1928.74115189769
1927.478094807
1926.21581019329
1924.95429805656
1923.69355839682
1922.43359121407
1921.17439460095
1919.91597237216
1918.65832452771
1917.40144916024
1916.14534817711
1914.89001776362
1913.63546364181
1912.38168199698
1911.12867664384
1909.87644567504
1908.62498718322
1907.37430307574
1906.12439335259
1904.87525992113
1903.626900874
1902.37931811856
1901.13250974745
1899.88647766803
1898.64121997295
1897.39673856955
1896.15303345784
1894.91010463781
1893.66795210947
1892.42657778017
1891.18597592785
1889.94615418192
1888.70710872767
1887.46884147246
1886.23134860159
1884.99463392975
1883.75869745695
1882.52354109054
1881.28916101581
1880.05555914012
1878.82273546346
1877.5906880785
1876.35942079991
1875.12893362772
1873.89922465456
1872.67029578779
1871.44214512006
1870.21477265136
1868.98818028905
1867.76236994048
1866.53733779094
1865.31308384044
1864.08961381103
1862.86692198066
1861.64501025667
1860.42388054642
1859.20353094256
1857.98396335243
1856.76517586869
1855.54717230604
1854.32994694243
1853.11350359256
1851.89784416377
1850.68296674872
1849.46886944006
1848.25555414513
1847.0430227713
1845.83127531855
1844.62030987954
1843.41012836162
1842.20072695008
1840.99210945964
1839.78427779763
1838.57723005671
1837.37096242218
1836.16548252344
1834.96078654578
1833.75687258187
1832.55374444639
1831.35140213935
1830.14984184605
1828.94906928854
1827.74908065211
1826.54987784413
1825.35145895723
1824.15382589878
1822.95698057611
1821.76092108188
1820.56564741609
1819.37115957874
1818.17745566248
1816.98454138935
1815.79241485202
1814.60107223577
1813.41051926267
1812.22075021065
1811.03177270913
1809.84358103604
1808.65617709874
1807.46956089723
1806.28373433886
1805.09869360894
1803.9144444295
1802.7309810785
1801.54830737064
1800.36642521327
1799.18532888434
1798.00502219855
1796.8255051559
1795.64677966374
1794.46884190737
1793.29169379414
1792.11533913875
1790.9397703118
1789.76499303534
1788.59100730937
1787.41781313389
1786.2454105089
1785.07379752705
1783.9029760957
1782.73294430748
1781.56370597711
1780.39525919722
1779.22760396783
1778.06074219627
1776.89467006786
1775.72939330464
1774.56490809191
1773.40121633702
1772.23831613262
1771.07621129341
1769.91489609734
1768.75437626647
1767.59465180078
1766.43571888559
1765.27758133559
1764.12023915078
1762.96368660911
1761.80793133998
1760.65297143605
1759.49880498995
1758.3454358164
1757.19286010069
1756.04107784282
1754.89009285749
1753.73990323736
1752.59051088977
1751.44191390736
1750.29411229016
1749.14710794549
1748.00089705866
1746.85548535173
1745.71087091734
1744.56705375549
1743.42403386618
1742.28180743472
1741.1403820905
1739.99975401882
1738.85992512703
1737.72089160044
1736.58265725374
1735.44522017958
1734.30858419267
1733.17274547829
1732.03770594381
1730.90346558923
1729.77002441453
1728.63738051238
1727.50553769747
1726.37449406246
1725.24425151468
1724.11481005416
1722.98616777352
1721.85832276543
1720.73128075193
1719.60504173302
1718.47959998666
1717.35496123489
1716.23112357037
1715.10808699309
1713.98585150305
1712.8644190076
1711.7437875994
1710.6239591858
1709.50493185944
1708.38670562032
1707.26928428314
1706.15266594056
1705.03685059258
1703.92183633183
1702.80762697304
1701.69421870148
1700.58161723922
1699.46981877156
1698.35882329848
1697.24863463471
1696.13924705818
1695.03066438359
1693.92288661095
1692.81591374025
1691.70974767884
1690.60438651939
1689.49982835452
1688.39607699895
1687.29313054533
1686.190990901
1685.08965806597
1683.98913013288
1682.88940900908
1681.79049278723
1680.69238528203
1679.59508458612
1678.49859260686
1677.40290552954
1676.30802716887
1675.21395371014
1674.12068896806
1673.02823294263
1671.93658563384
1670.84574704169
1669.75571335149
1668.66649219264
1667.57807784309
1666.49047411753
1665.40367910861
1664.31769281634
1663.23251524072
1662.14814638174
1661.06459005411
1659.98184244313
1658.89990545614
1657.8187810005
1656.73846335415
1655.65895823915
1654.58026374815
1653.50237988115
1652.42530663814
1651.34904783383
1650.27359774616
1649.19895828249
1648.12513325752
1647.05211885654
1645.97991889426
1644.90853146333
1643.8379546564
1642.76818847346
1641.69924054392
1640.63110133103
1639.56377846418
1638.49726812868
1637.43157032453
1636.36668695908
1635.30261803232
1634.23936354426
1633.17692540225
1632.11529979159
1631.05448671227
1629.994489979
1628.93530768443
1627.87694364326
1626.81939213344
1625.76265887701
1624.70674005928
1623.65163568025
1622.59734764727
1621.54387786768
1620.49122443415
1619.43938734666
1618.38836660522
1617.33816030248
1616.28877416048
1615.24020627189
1614.19245472934
1613.14551953284
1612.09940258974
1611.05410390004
1610.00962537109
1608.96596318819
1607.92312116604
1606.88109739728
1605.83989188192
1604.79950461997
1603.75993942611
1602.72119248565
1601.68326570594
1600.64615717963
1599.60986881407
1598.57440060926
1597.53975447254
1596.50592849658
1595.47292268137
1594.44073893425
1593.40937344054
1592.37883001492
1591.34910865741
1590.32020936799
1589.29213214668
1588.26487699346
1587.23844200099
1586.21282907663
1585.18804012771
1584.16407515425
1583.14093034153
1582.11861141162
1581.09711264245
1580.07643784873
1579.05658893782
1578.03756209501
1577.01936113499
1576.00198224308
1574.98542541927
1573.9696963856
1572.95479132739
1571.94071215198
1570.92745695202
1569.91502763486
1568.9034203858
1567.8926409269
1566.88268735079
1565.87355965749
1564.86525975433
1563.85778382663
1562.85113568908
1561.84531152698
1560.84031515503
1559.83614848058
1558.83280578158
1557.83029278009
1556.82860566139
1555.82774633285
1554.82771479446
1553.82851295357
1552.83013699549
1551.83259264225
1550.83587226447
1549.83998349154
1548.84492250876
1547.85069313083
1546.85729154306
1545.86471965279
1544.87297555266
1543.8820630574
1542.89198025963
1541.90272715937
1540.91430757131
1539.92671386605
1538.93995367299
1537.95402317744
1536.96892428674
1535.98465700089
1535.00122322724
1534.01861724375
1533.03684477246
1532.05590390602
1531.07579464444
1530.09652080241
1529.11807665788
1528.14046602556
1527.16368890544
1526.18774339017
1525.2126313871
1524.23835480359
1523.26491173228
1522.29230217318
1521.32052231158
1520.34958168423
1519.37947456909
1518.41020096614
1517.44176278276
1516.47416001893
1515.5073907673
1514.54145693522
1513.57636043005
1512.61209743708
1511.64867367837
1510.68608343186
1509.72432860491
1508.76341110486
1507.80333093171
1506.84408617812
1505.88568065878
1504.928110559
1503.97137587877
1503.0154804328
1502.06042231373
1501.10620533627
1500.15282187101
1499.20027954735
1498.2485745506
1497.29770688076
1496.34768035252
1495.39849305853
1494.45014309145
1493.50263235863
1492.55596086006
1491.61013050309
1490.66513938038
1489.72098749193
1488.77767865243
1487.83520904719
1486.89357676885
1485.95278753947
1485.01284135905
1484.07373441288
1483.13546860831
1482.1980458527
1481.26146233135
1480.32572185895
1479.39082443551
1478.45677006103
1477.52355682815
1476.59118664423
1475.65965760191
1474.72897160855
1473.79913057149
1472.8701325834
1471.94197764426
1471.01466766142
1470.08820072754
1469.16257684262
1468.23779982136
1467.31386584905
1466.39077683305
1465.46853277335
1464.54713176262
1463.62657952289
1462.70687033211
1461.788008005
1460.86999063419
1459.95282012703
1459.03649457619
1458.121015889
1457.20638406547
1456.2925991056
1455.37966100938
1454.46757168418
1453.55632540792
1452.64592981003
1451.7363810758
1450.82768111257
1449.91982992035
1449.01282368444
1448.10666812688
1447.20135943299
1446.29690141745
1445.39329217292
1444.49053360675
1443.58862190424
1442.68755897273
1441.78734862693
1440.88798514479
1439.98947424837
1439.09181403029
1438.19500258323
1437.29904181453
1436.40393363153
1435.50967612689
1434.61626930061
1433.7237131527
1432.83200959048
1431.94115670663
1431.05115640849
1430.16201060341
1429.27371356933
1428.38627293567
1427.49968298036
1426.61394370341
1425.72905891953
1424.84503053605
1423.96185283093
1423.07952961887
1422.19806089987
1421.31744476658
1420.43768312635
1419.55877788653
1418.68072523242
1417.80352897872
1416.92718721808
1416.05169804315
1415.17706717597
1414.30329270921
1413.43037273551
1412.55830916222
1411.68710198934
1410.81674740217
1409.94725303011
1409.07861696581
1408.21083539458
1407.3439121311
1406.47784336068
1405.61263480537
1404.74828455783
1403.88479071069
1403.02215517132
1402.1603779397
1401.29945901585
1400.43939839976
1399.58019609143
1398.72185590556
1397.8643721201
1397.0077504571
1396.15198519452
1395.29708014704
1394.44303722203
1393.58985260478
1392.73753010999
1391.88606592296
1391.03546576575
1390.18572200894
1389.33684228195
1388.48882467742
1387.641667288
1386.79537202104
1385.94993696919
1385.10536594716
1384.26165704759
1383.41881027048
1382.57682752318
1381.73570689835
1380.89544839598
1380.05605392342
1379.21752348067
1378.37985516039
1377.54305277726
1376.7071125166
1375.87203628576
1375.03782408472
1374.2044797282
1373.37199749414
1372.54038119725
1371.70963083752
1370.87974641495
1370.05072411484
1369.22256965925
1368.39528304817
1367.56885855955
1366.7433038228
1365.91861502321
1365.09479025343
1364.27183523552
1363.44974615477
1362.62852682589
1361.80817152682
1360.98868597961
1360.17006827691
1359.35231841873
1358.53543640507
1357.71942414327
1356.90427972598
1356.0900031532
1355.27659823964
1354.4640611706
1353.65239385342
1352.8415962881
1352.03166847465
1351.22260850571
1350.41442210334
1349.60710354548
1348.80065855418
1347.99508331475
1347.19037782719
1346.38654590619
1345.58358182971
1344.78149131979
1343.98027437643
1343.17992718494
1342.38045546737
1341.58185159431
1340.78412319516
1339.98726645523
1339.19128328187
1338.39617367507
1337.60193763484
1336.80857134647
1336.01608243937
1335.22446709884
1334.43372723222
1333.64386093216
1332.85486819867
1332.0667509391
1331.27950724609
1330.49314093435
1329.70765009653
1328.92303282527
1328.13929293528
1327.3564285192
1326.57443957704
1325.79332801615
1325.01309192918
1324.23373513082
1323.45525380637
1322.67764795585
1321.90092139394
1321.12507030594
1320.35010041392
1319.57600599581
1318.80279086631
1318.03045311809
1317.25899275113
1316.48841358014
1315.71871369776
1314.94989119666
1314.18194798417
1313.4148840603
1312.64870133239
1311.8833978931
1311.11897564978
1310.35543269508
1309.59277093635
1308.83098655888
1308.07008528473
1307.3100671139
1306.55093013904
1305.79267245279
1305.03529786986
1304.2788044829
1303.52319229191
1302.76846511159
1302.01461912724
1301.2616562462
1300.50957646848
1299.75837788673
1299.00806431565
1298.25863384789
1297.51008648345
1296.76242603702
1296.01564678656
1295.26975254678
1294.52474331766
1293.78061719186
1293.03737798408
1292.29502378697
1291.55355460052
1290.8129685174
1290.07327125965
1289.33445901256
1288.5965336835
1287.8594933651
1287.12334187208
1286.38807348237
1285.65369391803
1284.92020317906
1284.18759745077
1283.45588054784
1282.72505056293
1281.99510940339
1281.26605516187
1280.53789165308
1279.8106150623
1279.08422729689
1278.3587302642
1277.63411824219
1276.91039886024
1276.18756830366
1275.46562847981
1274.74457748132
1274.02441721556
1273.30514768251
1272.58676506749
1271.86927699989
1271.15268157236
1270.43697497019
1269.72215910075
1269.00823396403
1268.29520337474
1267.58306542551
1266.87181820901
1266.16146363257
1265.45199978886
1264.74343049257
1264.03575383635
1263.32897172755
1262.62308225882
1261.91808733752
1261.21398314893
1260.51077541512
1259.80846222873
1259.10704358977
1258.40651949822
1257.70688804675
1257.00815495739
1256.31031450811
1255.61337051361
1254.91732297387
1254.22216998156
1253.52791535137
1252.8345552686
1252.1420916406
1251.45052446738
1250.75985565628
1250.07008329995
1249.38120930575
1248.69323176632
1248.00615068166
1247.31996986647
1246.63468741341
1245.95030332247
1245.2668156863
1244.58422641226
1243.90253740769
1243.22174867259
1242.54186020697
1241.86287010347
1241.18478026944
1240.50758879754
1239.83129759511
1239.15590666216
1238.48141981338
1237.80783132672
1237.13514310953
1236.46335897652
1235.79247320564
1235.12248961158
1234.45341010169
1233.78523086128
1233.11795570504
1232.45158081827
1231.78610810833
1231.12154138992
1230.45787684832
1229.79511448356
1229.13325811032
1228.4723039139
1227.81225189431
1227.15310586624
1226.49486392235
1225.83752796998
1225.18109419443
1224.52556641042
1223.87094461792
1223.21722881696
1222.56441710017
1221.91251328225
1221.26151354851
1220.61142171364
1219.96223396295
1219.31395411114
1218.6665821582
1218.02011619679
1217.3745600416
1216.72990987794
1216.0861657058
1215.44332943254
1214.80140296551
1214.1603863047
1213.52027754277
1212.88107477237
1212.24278180819
1211.60540055759
1210.96892720586
1210.33336366036
1209.69870801374
1209.06496408069
1208.43212995387
1207.80020944798
1207.16919684097
1206.53909594753
1205.90990486032
1205.28162548668
1204.65425782662
1204.02780188014
1203.40225955459
1202.77762894262
1202.15391004422
1201.5311028594
1200.90920738815
1200.28822744519
1199.66816112315
1199.04900651469
1198.43076552715
1197.8134400679
1197.19702632222
1196.58152810482
1195.9669454157
1195.35327634751
1194.74052280759
1194.12868479595
1193.51775849789
1192.90775154281
1192.29866011601
1191.69048421749
1191.08322384724
1190.47687900528
1189.87145159894
1189.26694353558
1188.6633510005
1188.06067590105
1187.45891632987
1186.85807419433
1186.25815140177
1185.65914795218
1185.06106193822
1184.46389526725
1183.8676460319
1183.27231613953
1182.67790559014
1182.08441438373
1181.4918425203
1180.9001919072
1180.30946063708
1179.71964870994
1179.13075612578
1178.54278669929
1177.95573852314
1177.36960968997
1176.78440401448
1176.20011768197
1175.61675450714
1175.03431258264
1174.45279381582
1173.87219629933
1173.29252384787
1172.71377073939
1172.13594269594
1171.55903781017
1170.98305608208
1170.40799941903
1169.83386591365
1169.26065556596
1168.68836837594
1168.11700815831
1167.54657300571
1166.97706291814
1166.4084778956
1165.84081603074
1165.27408113826
1164.70827321817
1164.14339036311
1163.57943448043
1163.01640557013
1162.45430172486
1161.89312485197
1161.33287685882
1160.77355583804
1160.21516178965
1159.65769662099
1159.10115842472
1158.54554910817
1157.99086676401
1157.43711520693
1156.88429252958
1156.33239682462
1155.78143190673
1155.23139586858
1154.68229061752
1154.13411424618
1153.58687056928
1153.04055577211
1152.49516985467
1151.95071663167
1151.4071961031
1150.86460445426
1150.32294549986
1149.78221733254
1149.24242185965
1148.70355717385
1148.16562708983
1147.62862970024
1147.09256309774
1146.55743300437
1146.02323369808
1145.48996517888
1144.95763316881
1144.42623766787
1143.89577295402
1143.36624474931
1142.83765114638
1142.30999023788
1141.78326583851
1141.25747604093
1140.73262275249
1140.20870406583
1139.6857218883
1139.16367621991
1138.6425651533
1138.12239250318
1137.60315826954
1137.08485863769
1136.56749551497
1136.05107080874
1135.53558451899
1135.02103664573
1134.5074252816
1133.99475424131
1133.4830178028
1132.97222359548
1132.46236971199
1131.95345424499
1131.44547719448
1130.9384404678
1130.43234025025
1129.92718417124
1129.42296650872
1128.91969107739
1128.41735596989
1127.91596309357
1127.41550672639
1126.9159964051
1126.417428315
1125.91980054873
1125.42311501364
1124.92737170975
1124.43256872969
1123.93871179551
1123.44579709253
1122.95382652808
1122.46279819482
1121.97271400009
1121.4835739439
1120.9953761189
1120.50812624713
1120.02181860655
1119.53645701186
1119.05203955571
1118.56856814544
1118.08604087372
1117.60445964787
1117.12382637527
1116.64413914856
1116.16539606038
1115.68760092544
1115.21075183638
1114.73485070057
1114.25989751799
1113.7858903813
1113.31283119785
1112.84071996764
1112.36955669067
1111.89934327428
1111.43007971848
1110.96176411592
1110.4943964666
1110.02797677052
1109.56250884238
1109.09799077482
1108.63442256786
1108.17180422148
1107.71013573569
1107.24941711049
1106.78965216058
1106.33083707126
1105.87297374988
1105.41606219644
1104.96010431829
1104.50509439337
1104.05103814375
1103.59793556941
1103.14578476302
1102.69458953926
1102.2443441761
1101.79505248822
1101.34671447564
1100.89933204569
1100.45290329103
1100.00742821167
1099.56291062229
1099.11934098616
1098.67673265471
1098.23507799856
1097.79437892504
1097.35463352682
1096.91584752594
1096.47801520035
1096.04113845739
1095.60522111178
1095.17025934881
1094.73625507583
1094.3032063855
1093.8711170925
1093.43998528949
1093.00981097648
1092.58059606081
1092.15233863512
1091.72504060678
1091.29869816108
1090.87331892743
1090.44889909111
1090.02543674479
1089.60293570315
1089.18139405886
1088.76081181192
1088.34119086966
1087.92253123209
1087.50483289922
1087.08809587104
1086.67232014755
1086.25750382141
1085.84365261466
1085.43076080524
1085.01883411523
1084.6078687299
1084.19786464927
1083.78882568803
1083.38074993883
1082.97363740168
1082.56748998392
1082.16230387085
1081.75808287717
1081.35482700289
1080.952536248
1080.55121061251
1080.15084818905
1079.75145279234
1079.35302251503
1078.95555735711
1078.55905922593
1078.1635281215
1077.76896404381
1077.37536508551
1076.98273315396
1076.59106824915
1076.20037227844
1075.81064333446
1075.42188141724
1075.03409034146
1074.64726629242
1074.26140736278
1073.87652118193
1073.49260393518
1073.10965752987
1072.7276781513
1072.34666770683
1071.96663001116
1071.58756124958
1071.20946332945
1070.83233815811
1070.45618192086
1070.08099461771
1069.70678197071
1069.33354016515
1068.96127110839
1068.58997480042
1068.2196493339
1067.85029470882
1067.48191664724
1067.11450942711
1066.74807877047
1066.38261704793
1066.01813379623
1065.65462138598
1065.29208363188
1064.93052053392
1064.56993399946
1064.21032021379
1063.85168299162
1063.4940204256
1063.13733442308
1062.7816230767
1062.42689020116
1062.07313198178
1061.72035223324
1061.3685452335
1061.01771861195
1060.66787046126
1060.31899696671
1059.97110385035
1059.62418920485
1059.27824921549
1058.93329151168
1058.58931227871
1058.24630960925
1057.90428922533
1057.56324540491
1057.22318196269
1056.88409889866
1056.54599812019
1056.20887581256
1055.87273388313
1055.5375761466
1055.20339688091
1054.87019608608
1054.53798139149
1054.2067470751
1053.87649695161
1053.54722720632
1053.21893974658
1052.89163457238
1052.56531549844
1052.23997680269
1051.91562420719
1051.59225389724
1051.26986587285
1050.9484639487
1050.6280481248
1050.30861649379
1049.99016905569
1049.67270771784
1049.35622866554
1049.04073762083
1048.72623458373
1048.41271573953
1048.10018490292
1047.78864016657
1047.47807962312
1047.16850708726
1046.85992446636
1046.55232985306
1046.24572134
1045.94010083455
1045.63547024405
1045.3318257538
1045.02917117849
1044.72750651814
1044.42683177275
1044.1271469423
1043.8284520268
1043.5307451189
1043.23402812596
1042.93830295531
1042.64356960697
1042.34982808093
1042.05707456248
1041.76531286635
1041.47454489986
1041.18476875567
1040.89598634114
1040.60819384155
1040.32139316427
1040.03558812399
1039.75077681337
1039.46695732504
1039.18413347372
1038.9023014447
1038.62146314533
1038.34162048296
1038.06277345759
1037.78492206923
1037.50806441052
1037.23220238882
1036.95733600411
1036.68346334906
1036.41059014571
1036.13871257937
1035.86783255738
1035.59794817239
1035.3290594244
1035.06117203547
1034.79427837619
1034.52838607596
1034.26348941274
1033.99959220122
1033.73669253405
1033.47479231859
1033.21389346218
1032.95399215012
1032.69508838242
1032.43718788113
1032.18028492418
1031.92438332629
1031.66948499481
1031.41558420768
1031.16268668695
1030.91078861793
1030.65989190796
1030.4099984644
1030.16110637989
1029.91321756179
1029.66633010274
1029.42044781745
1029.17556498386
1028.93168732402
1028.68881483794
1028.44694561827
1028.206079665
1027.96621697814
1027.72735946503
1027.48950712568
1027.25265996008
1027.01681987559
1026.7819830575
1026.54815332052
1026.31532684995
1026.08350936783
1025.85269896682
1025.62289373956
1025.39409750076
1025.16630452837
1024.93952245178
1024.7137474563
1024.48898144928
1024.26522443071
1024.04247449325
1023.82073354424
1023.59999967634
1023.3802786116
1023.16156462797
1022.94386154014
1022.72717125547
1022.51148805191
1022.2968138368
1022.08315242485
1021.87050381606
1021.65886419572
1021.44823737855
1021.23862145718
1021.03001643162
1020.82242611656
1020.61584860467
1020.41028198858
1020.205730083
1020.00219098058
1019.79966468131
1019.59815309256
1019.39765621431
1019.19817213922
1018.99970468199
1018.80224812057
1018.60581008436
1018.41038675865
1018.2159800508
1018.02258805347
1017.83021267399
1017.63885391237
1017.44850986126
1017.25918433536
1017.07087733467
1016.88358504448
1016.69731127951
1016.51205603974
1016.32781741784
1016.14459732114
1015.96239765701
1015.78121651808
1015.60105390437
1015.42191172321
1015.24378615992
1015.06668293653
1014.8906001457
1014.71553778744
1014.54149586173
1014.36847436859
1014.19647521535
1014.02549649468
1013.85554011392
1013.68660607306
1013.51869246477
1013.35180119639
1013.18593417527
1013.02109140141
1012.85727096746
1012.69447287342
1012.53269902665
1012.37194942713
1012.21222407488
1012.05352296989
1011.89584611216
1011.73919540904
1011.58357086053
1011.42897055929
1011.2753945053
1011.12284651328
1010.97132467587
1010.82082899307
1010.67136327959
1010.52292181336
1010.37550650175
1010.2291192521
1010.08376006442
1009.93943084604
1009.79612968963
1009.65385468783
1009.5126115627
1009.37239649953
1009.23321140567
1009.09505437377
1008.95792921854
1008.82183212527
1008.68676690866
1008.55273356872
1008.41972829073
1008.28775679677
1008.15681527211
1008.02690753147
1007.89802976015
1007.77018386549
1007.64337175484
1007.5175934282
1007.39284697823
1007.26913431228
1007.14645352298
1007.02480842506
1006.90419901849
1006.78462148859
1006.66607965006
1006.54857159554
1006.43209732503
1006.31666065324
1006.20225967282
1006.08889438376
1005.97656478606
1005.86527278708
1005.75501457211
1005.64579777056
1005.53761475303
1005.43047124156
1005.3243653288
1005.21929510741
1005.11526629944
1005.01227509018
1004.91032147964
1004.80940928252
1004.70953468411
1004.61069959176
1004.51290400549
1004.41614983262
1004.32043516583
1004.22576191245
1004.13213007249
1004.03953964594
1003.94798681811
1003.8574792184
1003.7680130321
1003.67959016657
1003.59220871446
1003.50587058312
1003.42057195784
1003.33632046803
1003.25311229898
1003.17094745071
1003.08982783055
1003.00974962381
1002.93071664518
1002.85272889467
1002.77578827964
1002.69989289272
1002.62504082656
1002.55123589588
1002.47847810066
1002.40676553356
1002.33610200928
1002.26648371312
1002.19791255242
1002.13038661985
1002.06391163744
1001.99848569785
1001.93410689373
1001.87077522508
1001.8084945066
1001.74726283093
1001.68707829074
1001.62794279336
1001.56986206086
1001.51282846382
1001.45684581695
1001.40191412026
1001.34803146638
1001.29520357737
1001.24342473118
1001.19269874251
1001.14302561136
1001.09440152303
1001.04683219957
1001.00031764098
1000.95485403256
1000.91044518901
1000.86708920298
1000.82478607447
1000.78353961818
1000.74334601941
1000.70420718552
1000.66612502384
1000.62909762703
1000.59312308775
1000.55820712803
1000.52434784054
1000.49154331792
1000.45979737487
1000.42910619669
1000.39947359808
1000.37089576435
1000.34337841753
1000.31691965029
1000.29151755527
1000.26717594717
1000.24388910394
1000.22166465498
1000.20050069295
1000.18039531049
1000.1613485076
1000.14336409898
1000.12643636258
1000.11057292781
1000.09576807261
1000.08202561168
1000.06934554503
1000.05772787265
1000.04716877984
1000.037675896
1000.02924349909
1000.0218754038
1000.01556970278
1000.01032830339
1000.00614929827
1000.00303459477
1000.00098610025
1000
1000.00008010872
1000.00122451907
1000.00343323104
1000.00670815199
1000.01104928191
1000.01645852815
1000.02293207602
1000.03047374021
1000.03907970603
1000.04875569552
1000.05949789399
1000.07131011613
1000.08418854724
1000.09813700203
1000.1131516658
1000.12923635324
1000.14639106435
1000.16461579914
1000.18390865025
1000.20427152504
1000.22570442351
1000.248209253
1000.27178410617
1000.29643089036
1000.32214960558
1000.34894025182
1000.37679901439
1000.40573352269
1000.43574186936
1000.4668202397
1000.49897435578
1000.53219849553
1000.566498381
1000.60187019751
1000.63831966709
1000.67584106769
1000.71443821403
1000.75411110609
1000.79485592917
1000.83668031269
1000.87958044193
1000.92355440954
1000.96860603024
1001.01473339666
1001.06193841616
1001.11022108874
1001.15958141439
1001.21001939312
1001.26153502493
1001.31412830982
1001.36780115514
1001.42255356088
1001.47838552705
1001.53529705365
1001.59328814068
1001.65235878814
1001.71250708867
1001.77374067168
1001.83605190777
1001.899446519
1001.96392259799
1002.02947823742
1002.09611725198
1002.16383964167
1002.23264349913
1002.30253073173
1002.3734994321
1002.44555341495
1002.51868886558
1002.59290959869
1002.66821752164
1002.74460691236
1002.82208158556
1002.90064154124
1002.9802867794
1003.06101920739
1003.14283501051
1003.22573991081
1003.30973009359
1003.39480555886
1003.4809701213
1003.56822187357
1003.65656081567
1003.74598885496
1003.83650408407
1003.92810841037
1004.0207999265
1004.1145805398
1004.20945215764
1004.30541478001
1004.40246649956
1004.5006073163
1004.59983723021
1004.70016005601
1004.80157388634
1004.9040787212
1005.00767646794
1005.11236521921
1005.21814497502
1005.3250176427
1005.43298512962
1005.54204362107
1005.65219693176
1005.76344124697
1005.87578228877
1005.98921814981
1006.10374692272
1006.21937051487
1006.3360908336
1006.45390215686
1006.57281402141
1006.69282070519
1006.8139222082
1006.93612234515
1007.05941730133
1007.18381089144
1007.30929930079
1007.43588825142
1007.56357392863
1007.69235823978
1007.82224309221
1007.95322467123
1008.08530297683
1008.21848373106
1008.35276502658
1008.48814495603
1008.62462542677
1008.76220643879
1008.90088608475
1009.04067008669
1009.18155462991
1009.32353971443
1009.46662724757
1009.61081722935
1009.75610965977
1009.90250644617
1010.05000568121
1010.19860927223
1010.34831531189
1010.49912570753
1010.65104045916
1010.80405956677
1010.95818303038
1011.11341466466
1011.26974874759
1011.42718909384
1011.58573570344
1011.74539048372
1011.90614961999
1012.06801692694
1012.23099240458
1012.39507414556
1012.56026214988
1012.72656023223
1012.89396839262
1013.06248281634
1013.2321073181
1013.40283999055
1013.57468274104
1013.74763556957
1013.92170038348
1014.09687336808
1014.27315833806
1014.45055147874
1014.62905851215
1014.80867753095
1014.98940853514
1015.17125152472
1015.35420649968
1015.53827346003
1015.72345431313
1015.90975096631
1016.09715960487
1016.28568213618
1016.47531856023
1016.66606887701
1016.85793499389
1017.05091691085
1017.2450146279
1017.44022814504
1017.63655746227
1017.83400257959
1018.032563497
1018.23224212185
1018.43303845414
1018.63495249386
1018.83798424103
1019.04213560299
1019.24740276504
1019.45378954187
1019.6612959335
1019.86992193992
1020.07966756113
1020.29053088978
1020.50251574057
1020.71562402085
1020.92985000857
1021.14519942578
1021.36166845778
1021.57925901193
1021.79797108821
1022.01780659399
1022.23876552925
1022.46084598666
1022.68405178091
1022.90837718995
1023.13382984319
1023.36040592591
1023.58810734548
1023.81693219454
1024.04688238044
1024.27795790318
1024.51015685541
1024.74348495919
1024.97793839981
1025.21351908462
1025.45022510628
1025.68805646477
1025.92701888216
1026.16710854374
1026.40832544952
1026.65067150684
1026.8941467157
1027.1387472614
1027.384478866
1027.63134152949
1027.87933334453
1028.1284543111
1028.37870824393
1028.63008942094
1028.8826035642
1029.13624876635
1029.39102693475
1029.64693616204
1029.90397835558
1030.16214970066
1030.42145782668
1030.6818970116
1030.94347107012
1031.20618000222
1031.47001999323
1031.73499676517
1032.00110459602
1032.26835111515
1032.53673250789
1032.80624877421
1033.07690182149
1033.348687835
1033.62161444417
1033.89567592693
1034.17087609798
1034.44721304998
1034.72468678293
1035.00329729682
1035.28304840636
1035.5639382042
1035.84596669033
1036.12913577211
1036.41344354218
1036.6988880932
1036.98547705457
1037.27320470423
1037.56207294954
1037.85208369785
1038.1432350418
1038.43552698141
1038.72896333135
1039.02354027695
1039.31926163289
1039.61612549183
1039.91412994642
1040.21327881136
1040.51357208664
1040.81501167962
1041.11759568295
1041.42132218928
1041.7261950133
1042.03221224768
1042.33937579975
1042.64768566952
1042.95714185699
1043.26774626951
1043.57949509237
1043.89239214029
1044.20643741325
1044.52162900391
1044.83797072697
1045.15546067508
1045.47409884824
1045.79388524645
1046.11482368441
1046.43691034742
1046.76014714283
1047.08453597799
1047.41007303819
1047.7367602308
1048.06460137051
1048.39359454996
1048.72373786182
1049.05503512078
1049.38748441949
1049.7210838506
1050.05583913615
1050.39174836881
1050.72881154857
1051.06702676809
1051.4063997494
1051.74692477046
1052.08860564598
1052.43144046859
1052.77543305301
1053.12058339923
1053.4668857852
1053.81434593297
1054.16296574989
1054.51274142127
1054.86367485444
1055.21576604942
1055.56901309885
1055.92341981743
1056.27898811252
1056.63571416941
1056.99359989545
1057.35264529064
1057.71285035499
1058.07421508849
1058.43674139849
1058.80042928499
1059.165278748
1059.53128978751
1059.89846240352
1060.26679659604
1060.63629427241
1061.00695543263
1061.37878007671
1061.75176820464
1062.12591981642
1062.50123300471
1062.87771349156
1063.2553593696
1063.63417063885
1064.01414539196
1064.39528744362
1064.77759488648
1065.1610696279
1065.54571166788
1065.93151909905
1066.31849573614
1066.70663776442
1067.09594899862
1067.48642943872
1067.87807908472
1068.27089602928
1068.66488408709
1069.06004135081
1069.45636591309
1069.85386349597
1070.25253219211
1070.6523720015
1071.0533810168
1071.45556305271
1071.85891620187
1072.26344046428
1072.66913965466
1073.07601186564
1073.48405518988
1073.89327344207
1074.30366471487
1074.71523091563
1075.127970137
1075.54188619367
1075.9569771783
1076.37324118353
1076.79068393143
1077.20930160728
1077.62909611844
1078.05006555756
1078.47221564668
1078.89553875641
1079.32004251615
1079.74572501855
1080.17258435626
1080.60062243663
1081.02983925965
1081.46023673268
1081.89181104102
1082.32456790672
1082.75850351508
1083.1936216808
1083.62992049652
1084.06739996226
1084.506060078
1084.94590275111
1085.38692798157
1085.82913576939
1086.27252802192
1086.71710283182
1087.16285829172
1087.60980012368
1088.05792642035
1088.50723527438
1088.95773240783
1089.40941019128
1089.86227625414
1090.31632868906
1090.77156749605
1091.22799267509
1091.6856042262
1092.14440024201
1092.60438644459
1093.06556092658
1093.52792368797
1093.99147472879
1094.45621404901
1094.92214164864
1095.38925943503
1095.85756740819
1096.32706556811
1096.79775391479
1097.26963435558
1097.74270498314
1098.21696579745
1098.69241870588
1099.16906370842
1099.64690271243
1100.12593381054
1100.60615891012
1101.08757419646
1101.57018539162
1102.05399249558
1102.53899169366
1103.02518680056
1103.51257400156
1104.00115901873
1104.49094185207
1104.98191868687
1105.47409143048
1105.96746199025
1106.46202845884
1106.95779274359
1107.45475484451
1107.95291666894
1108.45227440219
1108.9528337663
1109.45458903922
1109.95754594301
1110.46170066296
1110.96705701378
1111.47361499547
1111.98137270067
1112.49033012938
1113.00048918896
1113.5118498794
1114.02441410806
1114.53817996758
1115.05315127268
1115.56932039393
1116.0866968681
1116.60527497314
1117.1250604311
1117.64604751992
1118.1682400543
1118.69163612691
1119.21623955242
1119.74204842351
1120.26906464751
1120.79728631708
1121.32671533957
1121.85734790027
1122.38919162859
1122.92224270983
1123.45650114398
1123.99197074575
1124.52864579309
1125.0665301007
1125.60562557592
1126.14593031142
1126.68744621453
1127.2301713779
1127.7741077089
1128.31925520751
1128.86561387375
1129.4131837076
1129.96196852377
1130.51196450756
1131.06317356631
1131.61559379269
1132.16922900138
1132.7240791924
1133.28014245838
1133.83742070668
1134.39591584465
1134.95562215024
1135.51654725285
1136.07868733778
1136.64204431238
1137.20661817665
1137.77240702324
1138.33941466685
1138.90763920013
1139.47708253043
1140.04774465775
1140.61962558209
1141.19272530345
1141.76704191448
1142.34258113723
1142.91933915701
1143.49731788115
1144.07651921702
1144.6569393499
1145.23858018716
1145.82144554349
1146.40553160419
1146.99084027661
1147.57737346811
1148.16512736397
1148.75410387156
1149.34430680557
1149.93573425866
1150.52838432346
1151.12226081469
1151.71735991763
1152.31368735436
1152.91123931015
1153.51001959972
1154.11002440836
1154.71125755077
1155.31371902696
1155.91740311487
1156.52231935125
1157.12846392141
1157.73583682533
1158.34443997039
1158.95427144922
1159.56532935446
1160.17762131554
1160.79114351774
1161.40589596106
1162.02188055286
1162.63909538578
1163.25754045983
1163.8772195897
1164.49813277539
1165.12027620221
1165.74365368486
1166.36826713068
1166.99410891027
1167.62119046774
1168.24950417369
1168.87905384281
1169.50983756775
1170.14185725587
1170.77511481452
1171.409606429
1172.04533591399
1172.68230517687
1173.32050849557
1173.9599496848
1174.6006306519
1175.24254758219
1175.88570619769
1176.53010268373
1177.17573894764
1177.82261689678
1178.47073080909
1179.12008831398
1179.7706875041
1180.4225264721
1181.07560903267
1181.72993137112
1182.3854953948
1183.04230491841
1183.70035612724
1184.35965092866
1185.02019123
1185.68197321657
1186.34499879571
1187.00927368949
1187.6747902685
1188.34155425478
1189.00956183364
1189.67881681978
1190.3493192132
1191.0210690139
1191.69406622188
1192.36831083714
1193.04380285967
1193.72054228949
1194.39853103393
1195.07777100036
1195.75825837406
1196.43999696975
1197.12298678741
1197.80722591971
1198.49271436663
1199.17945594289
1199.86744874113
1200.55669276134
1201.24719181824
1201.93894209712
1202.63194359798
1203.32620013552
1204.02170980239
1204.7184764133
1205.41649615353
1206.1157690231
1206.81629692934
1207.51808177962
1208.22112357393
1208.92542040493
1209.63097417995
1210.33778299166
1211.0458525621
1211.75517907657
1212.46576253507
1213.17760675231
1213.89070791358
1214.60506792623
1215.32068869761
1216.03757022773
1216.75571060923
1217.47511174947
1218.19577555578
1218.91769821348
1219.64088353727
1220.36532961979
1221.09104218309
1221.81801550512
1222.54625149324
1223.2757520548
1224.00651528244
1224.73854308351
1225.47183545801
1226.20639431331
1226.94221774203
1227.67930765154
1228.41766022714
1229.15728309822
1229.89817245008
1230.64032828274
1231.38375250352
1232.12844129774
1232.87440038745
1233.62162977264
1234.37012754597
1235.11989561479
1235.87093207174
1236.62323882417
1237.3768158721
1238.13166512286
1238.88778276175
1239.64517641819
1240.4038403701
1241.16377271016
1241.9249829751
1242.68746353553
1243.45121820615
1244.2162488943
1244.98255178529
1245.75013069382
1246.51898180519
1247.28910893409
1248.06051398788
1248.83319315186
1249.60715024073
1250.38238143979
1251.15889056373
1251.93667951991
1252.71574640098
1253.49608929959
1254.27771393779
1255.06061268618
1255.84479317415
1256.63025540172
1257.41699555417
1258.20501744622
1258.99432107785
1259.78490263437
1260.57676783783
1261.36991668823
1262.16434727823
1262.96005960781
1263.75705558433
1264.55533330044
1265.35489657084
1266.15574348818
1266.95787595982
1267.76129207839
1268.5659956586
1269.37198479311
1270.17925757455
1270.98781781764
1271.79766552237
1272.60880068874
1273.42122331675
1274.23493149905
1275.04993095769
1275.86621978533
1276.68379607461
1277.50266173288
1278.32281866749
1279.14426306374
1279.96700064369
1280.79102949998
1281.61634963261
1282.44296104158
1283.2708637269
1284.10005768856
1284.93054864861
1285.76233088501
1286.59540630509
1287.42977681623
1288.26544051105
1289.10239929692
1289.94065317383
1290.78020404914
1291.62105001549
1292.46319107289
1293.30663103603
1294.15136799756
1294.99739814279
1295.84473100846
1296.69336087253
1297.54328773499
1298.39451541054
1299.2470400845
1300.10086747889
1300.95599377903
1301.81242089227
1302.6701488186
1303.52917565068
1304.38950711056
1305.25113938353
1306.11407437694
1306.97831399815
1307.84385443246
1308.71069949456
1309.57884727711
1310.44829968746
1311.3190567256
1312.19112029889
1313.06449040733
1313.93916323622
1314.81514260025
1315.69243040678
1316.57102474845
1317.45092562527
1318.33213685194
1319.21465461376
1320.09848081808
1320.98361355754
1321.8700585542
1322.75781390071
1323.64687768972
1324.53725373593
1325.42893631728
1326.32193497054
1327.21624397364
1328.11186523394
1329.00879875144
1329.90704261879
1330.80660255804
1331.70747475449
1332.60966302284
1333.51316354838
1334.41798014583
1335.32411090783
1336.23155774172
1337.14032064752
1338.05039962521
1338.96179467481
1339.87450961101
1340.78854061911
1341.70388579175
1342.62055275835
1343.53853961155
1344.45784253665
1345.3784672557
1346.30041186136
1347.22367444626
1348.14825882512
1349.07416499792
1350.00139105733
1350.92994081804
1351.85981237271
1352.79100381397
1353.72352277124
1354.65736161511
1355.59252606763
1356.52901422145
1357.46682607658
1358.40596354036
1359.34642661279
1360.28821529388
1361.23133149097
1362.17577138936
1363.1215368964
1364.06863373415
1365.0170580879
1365.96680995766
1366.91788934342
1367.87030005989
1368.82403829235
1369.77910404082
1370.73550302735
1371.69323143723
1372.65228927047
1373.61268224911
1374.57440274375
1375.53745647645
1376.50184344721
1377.46756365602
1378.43461710288
1379.4030037878
1380.37272561813
1381.34377877916
1382.31616899295
1383.28989435214
1384.26495676409
1385.24135432145
1386.21908702421
1387.19815677973
1388.17856549535
1389.16031126374
1390.14339408487
1391.12781777347
1392.11357660747
1393.10067630893
1394.08911687785
1395.07889640687
1396.0700187107
1397.06247997464
1398.05628210604
1399.05142510489
1400.04791087855
1401.04574133438
1402.04491265765
1403.04542866309
1404.04728744334
1405.05048899839
1406.05503714295
1407.06092996968
1408.06816747856
1409.0767496696
1410.0866803575
1411.09795572755
1412.11057768712
1413.12454814355
1414.13986709684
1415.15653263963
1416.17454667929
1417.19391112316
1418.21462406388
1419.23668740882
1420.26010115797
1421.28486531133
1422.31097605419
1423.33844292332
1424.36726210402
1425.39743168892
1426.42895549273
1427.4618316081
1428.49606003504
1429.53164077354
1430.56857954565
1431.60687253667
1432.6465197466
1433.68752117544
1434.7298806379
1435.77359431927
1436.81866603425
1437.86509387549
1438.91287975035
1439.96202556617
1441.01252750825
1442.06438748395
1443.11760740061
1444.17218725823
1445.22812896416
1446.28542870371
1447.34408838423
1448.40410991305
1449.46549519754
1450.52824233035
1451.59235131146
1452.6578221409
1453.72465672599
1454.79285506676
1455.86241716318
1456.93334492262
1458.00563834508
1459.0792955232
1460.15431836434
1461.23070877584
1462.308462943
1463.38758658789
1464.46807780314
1465.54993658875
1466.63316294473
1467.71775687108
1468.80372218249
1469.89105697162
1470.97976123846
1472.06983689037
1473.16128011265
1474.25409662735
1475.34828452711
1476.44384381194
1477.54077638918
1478.63908225885
1479.73876142093
1480.83981196808
1481.94223962234
1483.04604056903
1484.15121671548
1485.2577680617
1486.36569460769
1487.47499635344
1488.58567711367
1489.69773498101
1490.81116995547
1491.92598203706
1493.04217122576
1494.15974133628
1495.27869046126
1496.39901860072
1497.52072575465
1498.64381573775
1499.76828664266
1500.8941346547
1502.02136740326
1503.14998298098
1504.27997948053
1505.4113607166
1506.54412287449
1507.6782697689
1508.81380139983
1509.95071776728
1511.08901887125
1512.22870661909
1513.3697771961
1514.51223632434
1515.65608209645
1516.80131641978
1517.94793738698
1519.09594499805
1520.24534116034
1521.39612778121
1522.5483029533
1523.70186858396
1524.85682467319
1526.013171221
1527.17090632003
1528.33003378498
1529.49055552321
1530.65246962736
1531.81577419008
1532.98047302607
1534.14656613534
1535.31404970319
1536.482931359
1537.6532072881
1538.82487939781
1539.9979457808
1541.17240643706
1542.34826708865
1543.52552392087
1544.70417884105
1545.88422994187
1547.06567913065
1548.24852831477
1549.43277749421
1550.61842476162
1551.80547393171
1552.99392309713
1554.18377225787
1555.37502141393
1556.56767438003
1557.7617292488
1558.95718792759
1560.15404850906
1561.35231290056
1562.55197919474
1563.75305120629
1564.95552893522
1566.15941238153
1567.36470154521
1568.57139642628
1569.77949702471
1570.98900334053
1572.19991918843
1573.41224266105
1574.6259737584
1575.84111629518
1577.05766264199
1578.27562233557
1579.49499156124
1580.71577222633
1581.9379624235
1583.1615640601
1584.38657904348
1585.61300546629
1586.84084332853
1588.0700964449
1589.3007610007
1590.53284081063
1591.76633396734
1593.00124237817
1594.23756795049
1595.47530877694
1596.71446485752
1597.95503809958
1599.19702468842
1600.44043225344
1601.6852588873
1602.93150268263
1604.1791655468
1605.42824938714
1606.67874848162
1607.93067045963
1609.18401341382
1610.4387773442
1611.69496225075
1612.95257194819
1614.21159880711
1615.47205045691
1616.7339268976
1617.99722622182
1619.26195033692
1620.5280954282
1621.79566912507
1623.06466952017
1624.33509470616
1625.60694468303
1626.88022326548
1628.15492854616
1629.43106052508
1630.70862110959
1631.98761029967
1633.2680300027
1634.5498783113
1635.83315713285
1637.11786455997
1638.40400440738
1639.69157476773
1640.98057754836
1642.27101274928
1643.56288037048
1644.85618041197
1646.15091478109
1647.4470815705
1648.7446845949
1650.04372194693
1651.34419553395
1652.64610344861
1653.9494495056
1655.25422989022
1656.56044841719
1657.86810508649
1659.17719799078
1660.48773094476
1661.79970394842
1663.11311509442
1664.42796629011
1665.74425944284
1667.06198883055
1668.38116399001
1669.70177919915
1671.02383636533
1672.34733548855
1673.67227847615
1674.9986672355
1676.32649604453
1677.65577062531
1678.98649097782
1680.31865519472
1681.65226709072
1682.98732475845
1684.32382629057
1685.66177740913
1687.00117620678
1688.34202268352
1689.6843187467
1691.02806248898
1692.37325391034
1693.71989873284
1695.06799123444
1696.41753713717
1697.76853262635
1699.12097770197
1700.47487808607
1701.83022996398
1703.18703715037
1704.54529583055
1705.90500981923
1707.2661753017
1708.62879800001
1709.99287600681
1711.35840932211
1712.72539985325
1714.09384760023
1715.4637506557
1716.83511283437
1718.20793222888
1719.58221074658
1720.95794838748
1722.33514705892
1723.71380294621
1725.09391986404
1726.47549971976
1727.85853869868
1729.24304061549
1730.62900547019
1732.0164332628
1733.40532208594
1734.79567575433
1736.18749426797
1737.58077762685
1738.97552583097
1740.37173888035
1741.76941868231
1743.16856523688
1744.56917854404
1745.97126051114
1747.37480923084
1748.77982470314
1750.18631074274
1751.59426544228
1753.00369070911
1754.41458654325
1755.82695294468
1757.24078991341
1758.65609744944
1760.07287936746
1761.49113376013
1762.91086062745
1764.33206187677
1765.75473560073
1767.1788837067
1768.60450810201
1770.03160878667
1771.46018385333
1772.89023520934
1774.3217628547
1775.75476869675
1777.18925273551
1778.62521497096
1780.06265540312
1781.50157593932
1782.94197467222
1784.38385350918
1785.82721626488
1787.27205721728
1788.71838018109
1790.16618706364
1791.6154721429
1793.0662449556
1794.51849787236
1795.97223661522
1797.42745927683
1798.88416776454
1800.342360171
1801.80203840357
1803.26320436958
1804.72585806905
1806.18999568727
1807.65562485364
1809.12273984612
1810.59134257204
1812.06143684612
1813.53302076101
1815.00609431669
1816.48065942053
1817.95671225782
1819.43425855062
1820.91329829892
1822.39382959537
1823.87585434733
1825.35937255479
1826.84438421775
1828.33089124357
1829.81889363225
1831.30839138377
1832.79938449816
1834.2918729754
1835.78585872284
1837.28134174049
1838.77832393569
1840.27680530845
1841.77678395141
1843.27826177193
1844.78124067736
1846.28571876034
1847.79169792823
1849.29917818102
1850.80816142608
1852.31864575603
1853.83063307825
1855.34412148537
1856.85911669945
1858.37561681314
1859.89361801173
1861.41312792463
1862.93413892244
1864.45666054191
1865.98068706098
1867.50622229436
1869.03326242735
1870.56181127465
1872.09186883626
1873.62343701953
1875.1565139171
1876.69109952899
1878.22719957723
1879.76480643243
1881.30392581665
1882.84455772987
1884.3867021721
1885.93036105069
1887.4755324583
1889.02221830226
1890.57041476788
1892.12012948456
1893.67136054496
1895.22410604171
1896.77836788218
1898.3341479737
1899.89144440894
1901.45025718789
1903.01059012525
1904.57244322103
1906.13581456786
1907.70070607311
1909.26711582941
1910.83504955884
1912.40450344667
1913.97547940027
1915.54797932698
1917.12199750475
1918.69754347033
1920.27461150168
1921.85320350614
1923.43332139107
1925.01496515646
1926.59813480231
1928.18282842127
1929.76905173541
1931.35680093
1932.94607791241
1934.53688458998
1936.12921905537
1937.72308130858
1939.31847707165
1940.91540062253
1942.51385577593
1944.11384253184
1945.71536089027
1947.31841275857
1948.92299432203
1950.52911130271
1952.13676370061
1953.74594960837
1955.35666902599
1956.96892386084
1958.58271602025
1960.19804359688
1961.81490849807
1963.43331263119
1965.05325027417
1966.67472905642
1968.29774707058
1969.92230431667
1971.54840079467
1973.17604031929
1974.80521907583
1976.43593706428
1978.06819809936
1979.7020040884
1981.33735121672
1982.974243299
1984.61267652055
1986.25265469608
1987.89417973292
1989.53724972373
1991.18186657586
1992.82802838196
1994.47573895673
1996.12499448547
1997.77580069024
1999.42815375632
2001.08205749843
2002.7375100092
2004.394513196
2006.05306324412
2007.71316969031
2009.37482490517
2011.03803461075
2012.7027968997
2014.36910795733
2016.03697732038
2017.7063992668
2019.37737570395
2021.04990853917
2022.72399586511
2024.39963958912
2026.07684161856
2027.75559813871
2029.43591487165
2031.11778991001
2032.80122516114
2034.48621681034
2036.17276867232
2037.86088265443
2039.5505568493
2041.24179316431
2042.93458969208
2044.62895024734
2046.32487292271
2048.02235771822
2049.7214103559
2051.4220251137
2053.12420580633
2054.82795243379
2056.53326308872
2058.24014158582
2059.94858792511
2061.65860210657
2063.37018413021
2065.08333399602
2066.79805361136
2068.51434297623
2070.23220399798
2071.9516328619
2073.67263529005
2075.39520937508
2077.11935511699
2078.84507442312
2080.57236920084
2082.30123563543
2084.0316775416
2085.763693012
2087.49728395398
2089.23245227489
2090.96919797472
2092.70751914614
2094.44741769648
2096.18889744046
2097.93195265602
2099.67658715785
2101.42280285332
2103.17059783506
2104.91997591779
2106.6709332868
2108.42347184943
2110.17759351305
2111.933300185
2113.69058805058
2115.4494609245
2117.20991689939
2118.97195788262
2120.73558768888
2122.50080250347
2124.26760232639
2126.03599097235
2127.80596462664
2129.57752901131
2131.35068031166
2133.12542424975
2134.90175510352
2136.67967859502
2138.45919090956
2140.24029395448
2142.02299154449
2143.80728177223
2145.59316273035
2147.38064014091
2149.1697101892
2150.96037287523
2152.75263392104
2154.54648951194
2156.34194155527
2158.13899005104
2159.93763499924
2161.73788021458
2163.53972378971
2165.34316381727
2167.14820601931
2168.95484658115
2170.76308741012
2172.57293041357
2174.38437559152
2176.1974210366
2178.01207247087
2179.82832607962
2181.64617995552
2183.46564172795
2185.28670758222
2187.10937942567
2188.93365916567
2190.7595429875
2192.58703470587
2194.41613050608
2196.24683801753
2198.07915533287
2199.91308054475
2201.74861556052
2203.58576038017
2205.42451500372
2207.26488324586
2209.10686319923
2210.95045486385
2212.7956620544
2214.64247904885
2216.49091347659
2218.34096152292
2220.19262509519
2222.0459041934
2223.9008007249
2225.75731087499
2227.61544227308
2229.47518919711
2231.33655736913
2233.19954297444
2235.06414792039
2236.93037220699
2238.79821964893
2240.66768833886
2242.53877827678
2244.41149137005
2246.28582571131
2248.16178320792
2250.03936576722
2251.91857338921
2253.7994060739
2255.68186572863
2257.5659523534
2259.45166404087
2261.33900079104
2263.22796832595
2265.11856473825
2267.01079002795
2268.9046461024
2270.80012914689
2272.69724297612
2274.59599140481
2276.49637061823
2278.39838252376
2280.30202521403
2282.20730250375
2284.11421439291
2286.02276088152
2287.93294387693
2289.84476147179
2291.75821557344
2293.67330618189
2295.59003329714
2297.50840073388
2299.42840658478
2301.35005084982
2303.27333543636
2305.19825843705
2307.12482366659
2309.05302921763
2310.98287890486
2312.91437082095
2314.84750496589
2316.78228324702
2318.718703757
2320.65677031054
2322.59648100027
2324.53784154826
2326.48084623245
2328.42549696018
2330.37179563882
2332.31974417571
2334.2693406635
2336.22058700954
2338.17348130648
2340.12802736902
2342.08422519717
2344.04207288357
2346.00157424292
2347.96272927522
2349.92553607313
2351.88999463663
2353.85611068779
2355.82388041191
2357.79330762368
2359.76439041575
2361.73712878812
2363.7115227408
2365.68757799583
2367.66529073852
2369.64466096886
2371.6256944089
2373.6083853366
2375.59273756666
2377.57874919172
2379.56642593383
2381.5557639783
2383.54676332513
2385.53942969636
2387.53375546259
2389.52975016059
2391.52740806829
2393.52673490774
2395.52772495691
2397.53038203048
2399.5347080358
2401.54070297289
2403.54836684173
2405.55769964232
2407.56870328203
2409.58137394614
2411.59571735671
2413.61173351374
2415.62942241723
2417.64878406718
2419.66981846358
2421.6925275138
2423.71690931047
2425.7429676683
2427.7707025873
2429.80011406745
2431.83120210876
2433.86396671123
2435.89840787486
2437.93452941435
2439.97233323706
2442.01181362092
2444.05297628799
2446.09581933093
2448.14034274972
2450.18654845173
2452.2344383443
2454.28401052008
2456.33526879377
2458.38820935067
2460.44283600549
2462.49914875822
2464.55714760886
2466.61683255742
2468.67820741858
2470.74126837766
2472.80601543466
2474.87245431162
2476.94058500854
2479.01040561807
2481.08191614022
2483.15511848233
2485.23001073706
2487.30659862645
2489.38488215051
2491.46485558718
2493.54652656587
2495.62989127187
2497.71494970519
2499.80170758787
2501.89016301257
2503.98031407194
2506.07216267332
2508.16571263142
2510.26096013153
2512.35790708102
2514.45655538721
2516.55690505013
2518.65895797711
2520.76271035346
2522.86816790123
2524.97532871307
2527.08419278897
2529.19476203629
2531.30703836238
2533.42101604519
2535.53670462147
2537.65410027652
2539.77320110298
2541.89401282292
2544.01653162162
2546.14076322115
2548.26669999209
2550.39434956386
2552.52371193644
2554.65478710985
2556.78757317672
2558.92207204442
2561.05828371294
2563.19621199697
2565.33585689654
2567.47721459692
2569.62028891282
2571.76507793689
2573.91158739119
2576.05981536836
2578.2097618684
2580.36142498397
2582.51481234445
2584.66991441311
2586.8267407267
2588.98528937785
2591.14556036658
2593.30755369289
2595.47127126412
2597.63670926557
2599.80387723399
2601.97276754
2604.14338590562
2606.31572851617
2608.4898010937
2610.6655998235
2612.84312470557
2615.02238146197
2617.20336818535
2619.38608296836
2621.57053153304
2623.75671197204
2625.94462047067
2628.13426275098
2630.32564072032
2632.51875056398
2634.71359800402
2636.91017731839
2639.10849232179
2641.30854492156
2643.51033702506
2645.71386481759
2647.9191302065
2650.12613319178
2652.33487758815
2654.54536339559
2656.75758870677
2658.97155733637
2661.1872654697
2663.40471501412
2665.62390978431
2667.84484978028
2670.06753309468
2672.29196163487
2674.51813540083
2676.74605629992
2678.9757224248
2681.20713759016
2683.44030179599
2685.67521504232
2687.91187542177
2690.1502886564
2692.39044902417
2694.63236415447
2696.87603213995
2699.12145107326
2701.36862286176
2703.61754750544
2705.868228819
2708.12066298775
2710.37485573373
2712.63080514959
2714.88850932799
2717.14797017627
2719.40919341649
2721.67217332659
2723.93691372128
2726.20341460055
2728.47167405706
2730.74169399815
2733.01348014588
2735.28702677819
2737.56233770979
2739.83941294068
2742.11825247085
2744.39885630031
2746.68122633641
2748.96536448649
2751.25126693586
2753.53894131392
2755.82837999127
2758.1195905973
2760.41256931732
2762.70731996603
2765.00384063608
2767.30213323481
2769.60219776224
2771.90403421835
2774.20764641786
2776.5130324534
2778.82019232498
2781.1291298473
2783.43984120567
2785.75233021477
2788.06659496726
2790.38264118519
2792.70046314651
2795.02006657328
2797.34144955813
2799.66461210108
2801.98955610947
2804.31628349065
2806.64479233727
2808.97508646403
2811.30716205624
2813.64102292859
2815.97666908108
2818.31410051371
2820.65331913384
2822.99432494146
2825.33711984392
2827.68170002653
2830.02807121133
2832.37623149098
2834.72618277282
2837.07792505685
2839.43145834308
2841.7867826315
2844.14390173682
2846.50281565904
2848.86352249079
2851.2260260468
2853.590320605
2855.9564137948
2858.32430561619
2860.69399416183
2863.06548133906
2865.4387671479
2867.81385158833
2870.1907365677
2872.56942208603
2874.94991005065
2877.33220046157
2879.71629331879
2882.1021886223
2884.48988827947
2886.87939229028
2889.27070446944
2891.66382100226
2894.05874379607
2896.45547475823
2898.85401388873
2901.25436118759
2903.6565166548
2906.06048601241
2908.46626353837
2910.87385304738
2913.28325263209
2915.69446610721
2918.10749538007
2920.52233854334
2922.93899368965
2925.35746463372
2927.77775328289
2930.19985582246
2932.62377988184
2935.04951973897
2937.47707920855
2939.90645829058
2942.33765507772
2944.77067529201
2947.20551511875
2949.6421764653
2952.08066314635
2954.52097134721
2956.96310488257
2959.40706184509
2961.85284604946
2964.30045558833
2966.74989236906
2969.2011544843
2971.65424384139
2974.10916616239
2976.56591572525
2979.02449634466
2981.48490802062
2983.94715075315
2986.41122263488
2988.87713129522
2991.34487291946
2993.81444941496
2996.28585887438
2998.75910320504
3001.23418622167
3003.71110410956
3006.1898606834
3008.67045785055
3011.15289179632
3013.63716633539
3016.12327765307
3018.61123147141
3021.10102969776
3023.59266851742
3026.08614983774
3028.58147747342
3031.07864570241
3033.57766215411
3036.07852301382
3038.5812301889
3041.08578558668
3043.59218920718
3046.10043914304
3048.61053920896
3051.12248940495
3053.63629163834
3056.1519440018
3058.66944840268
3061.18880293361
3063.71001522401
3066.23307955182
3068.7579978244
3071.28477385644
3073.81340192589
3076.34389156951
3078.8762351579
3081.41044032045
3083.94650133511
3086.48442392394
3089.02420427223
3091.56584810204
3094.10935159867
3096.65471857681
3099.20194903647
3101.751044885
3104.30200230769
3106.85482511925
3109.40951331967
3111.96606881631
3114.52449351653
3117.08478551296
3119.6469448056
3122.21097139447
3124.7768710016
3127.3446398123
