0.0000000000000000
0.0000001017856172
0.0000002035712344
0.0000003053568516
0.0000004071424687
0.0000005089280859
0.0000006107137031
0.0000006711845055
0.0000007316553079
0.0000007921261102
0.0000008525969126
0.0000009130677150
0.0000009735385173
0.0000010340093197
0.0000010944801221
0.0000011549509245
0.0000012154217268
0.0000012758925292
0.0000013363633316
0.0000013935470969
0.0000014507308622
0.0000015079146276
0.0000015650983929
0.0000016222821582
0.0000016794659236
0.0000017366496889
0.0000017938334542
0.0000018510172196
0.0000019082009849
0.0000019653847502
0.0000020225685156
0.0000021491041328
0.0000022756397499
0.0000024021753671
0.0000025287109843
0.0000026552466015
0.0000027817822187
0.0000029083178359
0.0000030348534531
0.0000031613890702
0.0000032879246874
0.0000034144603046
0.0000035409959218
0.0000036291056131
0.0000037172153043
0.0000038053249956
0.0000038934346868
0.0000039815443781
0.0000040696540694
0.0000041577637606
0.0000042458734519
0.0000043339831431
0.0000044220928344
0.0000045102025257
0.0000045983122169
0.0000047365145008
0.0000048747167846
0.0000050129190685
0.0000051511213523
0.0000052893236362
0.0000054275259200
0.0000055657282039
0.0000057039304877
0.0000058421327716
0.0000059803350554
0.0000061185373393
0.0000062567396231
0.0000063864696848
0.0000065161997464
0.0000066459298080
0.0000067756598697
0.0000069053899313
0.0000070351199929
0.0000071648500546
0.0000072945801162
0.0000074243101778
0.0000075540402394
0.0000076837703011
0.0000078135003627
0.0000079732304243
0.0000081329604860
0.0000082926905476
0.0000084524206092
0.0000086121506709
0.0000087718807325
0.0000089316107941
0.0000090913408557
0.0000092510709174
0.0000094108009790
0.0000096158551147
0.0000098209092504
0.0000100259633861
0.0000102310175218
0.0000104360716575
0.0000106411257932
0.0000108461799289
0.0000110512340646
0.0000112562882003
0.0000114613423360
0.0000116663964717
0.0000118714506075
0.0000120623380765
0.0000122532255455
0.0000124441130146
0.0000126350004836
0.0000128258879526
0.0000130167754217
0.0000132076628907
0.0000133985503598
0.0000135894378288
0.0000137803252978
0.0000139712127669
0.0000141621002359
0.0000143771543716
0.0000145922085073
0.0000148072626430
0.0000150223167787
0.0000152373709144
0.0000154524250501
0.0000156674791858
0.0000158825333215
0.0000160975874572
0.0000163126415929
0.0000165276957286
0.0000167427498644
0.0000169988688149
0.0000172549877654
0.0000175111067159
0.0000177672256664
0.0000180233446169
0.0000182794635675
0.0000185355825180
0.0000187917014685
0.0000190478204190
0.0000193039393695
0.0000195600583201
0.0000198161772706
0.0000200537777026
0.0000202913781346
0.0000205289785666
0.0000207665789986
0.0000210041794306
0.0000212417798626
0.0000214793802946
0.0000217169807266
0.0000219545811586
0.0000221921815906
0.0000224297820226
0.0000226673824546
0.0000229815569607
0.0000232957314667
0.0000236099059728
0.0000239240804789
0.0000242382549850
0.0000245524294910
0.0000248666039971
0.0000251807785032
0.0000254949530093
0.0000258091275153
0.0000261233020214
0.0000264374765275
0.0000268088177002
0.0000271801588730
0.0000275515000457
0.0000279228412184
0.0000282941823912
0.0000286655235639
0.0000290368647367
0.0000294082059094
0.0000297795470822
0.0000301508882549
0.0000304843683165
0.0000308178483782
0.0000311513284398
0.0000314848085014
0.0000318182885630
0.0000321517686247
0.0000324852486863
0.0000328187287479
0.0000331522088096
0.0000334856888712
0.0000338191689328
0.0000341526489945
0.0000345464994265
0.0000349403498585
0.0000353342002905
0.0000357280507225
0.0000361219011545
0.0000365157515865
0.0000369096020185
0.0000373034524505
0.0000376973028825
0.0000380911533145
0.0000384850037465
0.0000388788541785
0.0000393306675734
0.0000397824809684
0.0000402342943633
0.0000406861077583
0.0000411379211533
0.0000415897345482
0.0000420415479432
0.0000424933613382
0.0000429451747331
0.0000433969881281
0.0000438488015231
0.0000443006149180
0.0000447516412759
0.0000452026676339
0.0000456536939918
0.0000461047203497
0.0000465557467077
0.0000470067730656
0.0000474577994235
0.0000479088257814
0.0000483598521394
0.0000488108784973
0.0000492619048552
0.0000497129312131
0.0000502122446081
0.0000507115580031
0.0000512108713980
0.0000517101847930
0.0000522094981880
0.0000527088115829
0.0000532081249779
0.0000537074383728
0.0000542067517678
0.0000547060651628
0.0000552053785577
0.0000557046919527
0.0000562555794217
0.0000568064668908
0.0000573573543598
0.0000579082418288
0.0000584591292979
0.0000590100167669
0.0000595609042360
0.0000601117917050
0.0000606626791740
0.0000612135666431
0.0000617644541121
0.0000623153415811
0.0000629665160872
0.0000636176905933
0.0000642688650994
0.0000649200396054
0.0000655712141115
0.0000662223886176
0.0000668735631237
0.0000675247376297
0.0000681759121358
0.0000688270866419
0.0000693912611480
0.0000699554356540
0.0000705196101601
0.0000710837846662
0.0000716479591723
0.0000722121336783
0.0000727763081844
0.0000733404826905
0.0000739046571966
0.0000744688317026
0.0000750330062087
0.0000755971807148
0.0000762161700357
0.0000768351593566
0.0000774541486775
0.0000780731379983
0.0000786921273192
0.0000793111166401
0.0000799301059610
0.0000805490952819
0.0000811680846028
0.0000817870739237
0.0000824060632446
0.0000830250525655
0.0000836697363308
0.0000843144200961
0.0000849591038615
0.0000856037876268
0.0000862484713921
0.0000868931551575
0.0000875378389228
0.0000881825226881
0.0000888272064535
0.0000894718902188
0.0000901165739841
0.0000907612577495
0.0000913850618852
0.0000920088660209
0.0000926326701566
0.0000932564742923
0.0000938802784280
0.0000945040825637
0.0000951278866994
0.0000957516908351
0.0000963754949708
0.0000969992991065
0.0000976231032422
0.0000982469073779
0.0000988811281803
0.0000995153489827
0.0001001495697850
0.0001007837905874
0.0001014180113898
0.0001020522321921
0.0001026864529945
0.0001033206737969
0.0001039548945993
0.0001045891154016
0.0001052233362040
0.0001058575570064
0.0001064707592902
0.0001070839615741
0.0001076971638579
0.0001083103661418
0.0001089235684256
0.0001095367707095
0.0001101499729933
0.0001107631752772
0.0001113763775610
0.0001119895798449
0.0001126027821287
0.0001132159844126
0.0001139455478076
0.0001146751112025
0.0001154046745975
0.0001161342379924
0.0001168638013874
0.0001175933647824
0.0001183229281773
0.0001190524915723
0.0001197820549673
0.0001205116183622
0.0001210958854609
0.0001216801525596
0.0001222644196582
0.0001228486867569
0.0001234329538556
0.0001240172209542
0.0001246014880529
0.0001251857551516
0.0001257700222502
0.0001263542893489
0.0001269385564476
0.0001275228235462
0.0001280806091634
0.0001286383947806
0.0001291961803978
0.0001297539660150
0.0001303117516322
0.0001308695372493
0.0001314273228665
0.0001319851084837
0.0001325428941009
0.0001331006797181
0.0001336584653353
0.0001342162509525
0.0001347860273104
0.0001353558036683
0.0001359255800262
0.0001364953563842
0.0001370651327421
0.0001376349091000
0.0001382046854579
0.0001387744618159
0.0001393442381738
0.0001399140145317
0.0001404837908896
0.0001410535672476
0.0001415403806425
0.0001420271940375
0.0001425140074325
0.0001430008208274
0.0001434876342224
0.0001439744476174
0.0001444612610123
0.0001449480744073
0.0001454348878022
0.0001459217011972
0.0001464085145922
0.0001468953279871
0.0001473713080488
0.0001478472881104
0.0001483232681720
0.0001487992482337
0.0001492752282953
0.0001497512083569
0.0001502271884185
0.0001507031684802
0.0001511791485418
0.0001516551286034
0.0001521311086651
0.0001526070887267
0.0001530540873068
0.0001535010858870
0.0001539480844671
0.0001543950830473
0.0001548420816274
0.0001552890802076
0.0001557360787877
0.0001561830773679
0.0001566300759480
0.0001570770745282
0.0001575240731083
0.0001579710716885
0.0001583906628612
0.0001588102540340
0.0001592298452067
0.0001596494363794
0.0001600690275522
0.0001604886187249
0.0001609082098977
0.0001613278010704
0.0001617473922432
0.0001621669834159
0.0001625865745886
0.0001630061657614
0.0001635052847119
0.0001640044036624
0.0001645035226129
0.0001650026415635
0.0001655017605140
0.0001660008794645
0.0001664999984150
0.0001669991173655
0.0001674982363160
0.0001679973552666
0.0001683702334763
0.0001687431116861
0.0001691159898959
0.0001694888681057
0.0001698617463155
0.0001702346245252
0.0001706075027350
0.0001709803809448
0.0001713532591546
0.0001717261373643
0.0001720990155741
0.0001724718937839
0.0001727800034752
0.0001730881131664
0.0001733962228577
0.0001737043325489
0.0001740124422402
0.0001743205519315
0.0001746286616227
0.0001749367713140
0.0001752448810052
0.0001755529906965
0.0001758611003878
0.0001761692100790
0.0001764591253258
0.0001767490405727
0.0001770389558195
0.0001773288710663
0.0001776187863131
0.0001779087015599
0.0001781986168067
0.0001784885320535
0.0001787784473004
0.0001790683625472
0.0001793582777940
0.0001796481930408
0.0001799188027321
0.0001801894124233
0.0001804600221146
0.0001807306318058
0.0001810012414971
0.0001812718511884
0.0001815424608796
0.0001818130705709
0.0001820836802621
0.0001823542899534
0.0001826248996447
0.0001828955093359
0.0001831870912494
0.0001834786731629
0.0001837702550764
0.0001840618369898
0.0001843534189033
0.0001846450008168
0.0001849365827303
0.0001852281646438
0.0001855197465573
0.0001858113284707
0.0001861029103842
0.0001863944922977
0.0001866461205075
0.0001868977487173
0.0001871493769270
0.0001874010051368
0.0001876526333466
0.0001879042615564
0.0001881558897662
0.0001884075179759
0.0001886591461857
0.0001889107743955
0.0001891624026053
0.0001894140308150
0.0001896512608767
0.0001898884909383
0.0001901257209999
0.0001903629510616
0.0001906001811232
0.0001908374111848
0.0001910746412465
0.0001913118713081
0.0001915491013697
0.0001917863314313
0.0001919768022337
0.0001921672730361
0.0001923577438385
0.0001925482146408
0.0001927386854432
0.0001929291562456
0.0001931196270479
0.0001933100978503
0.0001935005686527
0.0001936910394551
0.0001938815102574
0.0001940719810598
0.0001942556463066
0.0001944393115534
0.0001946229768002
0.0001948066420471
0.0001949903072939
0.0001951739725407
0.0001953576377875
0.0001955413030343
0.0001957249682811
0.0001959086335279
0.0001960922987748
0.0001962759640216
0.0001964104626017
0.0001965449611819
0.0001966794597620
0.0001968139583422
0.0001969484569223
0.0001970829555025
0.0001972174540826
0.0001973519526628
0.0001974864512429
0.0001976209498231
0.0001977554484032
0.0001978899469834
0.0001980667603783
0.0001982435737733
0.0001984203871682
0.0001985972005632
0.0001987740139582
0.0001989508273531
0.0001991276407481
0.0001993044541431
0.0001994812675380
0.0001996580809330
0.0001998348943280
0.0002000117077229
0.0002001538914883
0.0002002960752536
0.0002004382590189
0.0002005804427843
0.0002007226265496
0.0002008648103149
0.0002010069940803
0.0002011491778456
0.0002012913616109
0.0002014335453763
0.0002015757291416
0.0002017179129069
0.0002018585225982
0.0002019991322894
0.0002021397419807
0.0002022803516720
0.0002024209613632
0.0002025615710545
0.0002027021807457
0.0002028427904370
0.0002029834001283
0.0002031240098195
0.0002032646195108
0.0002034052292020
0.0002035524037081
0.0002036995782142
0.0002038467527203
0.0002039939272263
0.0002041411017324
0.0002042882762385
0.0002044354507446
0.0002045826252506
0.0002047297997567
0.0002048769742628
0.0002049663802503
0.0002050557862379
0.0002051451922255
0.0002052345982130
0.0002053240042006
0.0002054134101881
0.0002055028161757
0.0002055922221632
0.0002056816281508
0.0002057710341383
0.0002058604401259
0.0002059498461135
0.0002060400854343
0.0002061303247552
0.0002062205640761
0.0002063108033970
0.0002064010427179
0.0002064912820388
0.0002065815213597
0.0002066717606806
0.0002067620000015
0.0002068522393224
0.0002069424786432
0.0002070327179641
0.0002071334202480
0.0002072341225318
0.0002073348248157
0.0002074355270995
0.0002075362293834
0.0002076369316672
0.0002077376339511
0.0002078383362350
0.0002079390385188
0.0002080397408027
0.0002081404430865
0.0002082411453704
0.0002083281902468
0.0002084152351232
0.0002085022799997
0.0002085893248761
0.0002086763697526
0.0002087634146290
0.0002088504595055
0.0002089375043819
0.0002090245492584
0.0002091115941348
0.0002091986390113
0.0002092856838877
0.0002093775435790
0.0002094694032702
0.0002095612629615
0.0002096531226527
0.0002097449823440
0.0002098368420353
0.0002099287017265
0.0002100205614178
0.0002101124211090
0.0002102042808003
0.0002102961404916
0.0002103880001828
0.0002104838413556
0.0002105796825283
0.0002106755237010
0.0002107713648738
0.0002108672060465
0.0002109630472193
0.0002110588883920
0.0002111547295647
0.0002112505707375
0.0002113464119102
0.0002114422530830
0.0002115380942557
0.0002115567687618
0.0002115754432679
0.0002115941177739
0.0002116127922800
0.0002116314667861
0.0002116501412922
0.0002116688157982
0.0002116874903043
0.0002117061648104
0.0002117248393165
0.0002118243841929
0.0002119239290693
0.0002120234739458
0.0002121230188222
0.0002122225636987
0.0002123221085751
0.0002124216534516
0.0002125211983280
0.0002126207432045
0.0002127202880809
0.0002128198329573
0.0002129193778338
0.0002129544319695
0.0002129894861052
0.0002130245402409
0.0002130595943766
0.0002130946485123
0.0002131297026480
0.0002131647567837
0.0002131998109194
0.0002132348650551
0.0002132699191908
0.0002133049733265
0.0002133400274622
0.0002133674427091
0.0002133948579559
0.0002134222732027
0.0002134496884495
0.0002134771036963
0.0002135045189431
0.0002135319341900
0.0002135593494368
0.0002135867646836
0.0002136141799304
0.0002136415951772
0.0002136690104240
0.0002136887867820
0.0002137085631399
0.0002137283394978
0.0002137481158557
0.0002137678922137
0.0002137876685716
0.0002138074449295
0.0002138272212874
0.0002138469976454
0.0002138667740033
0.0002138865503612
0.0002139063267191
0.0002139312882623
0.0002139562498054
0.0002139812113485
0.0002140061728916
0.0002140311344347
0.0002140560959778
0.0002140810575209
0.0002141060190640
0.0002141309806071
0.0002141559421503
0.0002141809036934
0.0002142058652365
0.0002142058730759
0.0002142058809153
0.0002142058887547
0.0002142058965941
0.0002142059044335
0.0002142059122729
0.0002142059201123
0.0002142059279517
0.0002142059357912
0.0002142059436306
0.0002142059514700
0.0002142059593094
0.0002142305227043
0.0002142550860993
0.0002142796494943
0.0002143042128892
0.0002143287762842
0.0002143533396792
0.0002143779030741
0.0002144024664691
0.0002144270298640
0.0002144515932590
0.0002144464159132
0.0002144412385675
0.0002144360612217
0.0002144308838759
0.0002144257065301
0.0002144205291843
0.0002144153518386
0.0002144101744928
0.0002144049971470
0.0002143998198012
0.0002143946424555
0.0002143894651097
0.0002144792414676
0.0002145690178255
0.0002146587941835
0.0002147485705414
0.0002148383468993
0.0002149281232572
0.0002150178996152
0.0002151076759731
0.0002151974523310
0.0002152872286889
0.0002153770050469
0.0002154667814048
0.0002154044281331
0.0002153420748614
0.0002152797215897
0.0002152173683180
0.0002151550150463
0.0002150926617746
0.0002150303085029
0.0002149679552312
0.0002149056019595
0.0002148432486878
0.0002147808954161
0.0002147185421444
0.0002146887814652
0.0002146590207861
0.0002146292601070
0.0002145994994279
0.0002145697387488
0.0002145399780697
0.0002145102173906
0.0002144804567115
0.0002144506960324
0.0002144209353533
0.0002143911746741
0.0002143614139950
0.0002143715144270
0.0002143816148590
0.0002143917152910
0.0002144018157230
0.0002144119161550
0.0002144220165870
0.0002144321170190
0.0002144422174510
0.0002144523178830
0.0002144624183150
0.0002144725187470
0.0002144826191790
0.0002144604973888
0.0002144383755986
0.0002144162538084
0.0002143941320182
0.0002143720102279
0.0002143498884377
0.0002143277666475
0.0002143056448573
0.0002142835230670
0.0002142614012768
0.0002142392794866
0.0002142171576964
0.0002141869803506
0.0002141568030048
0.0002141266256590
0.0002140964483133
0.0002140662709675
0.0002140360936217
0.0002140059162759
0.0002139757389302
0.0002139455615844
0.0002139153842386
0.0002138852068928
0.0002138550295470
0.0002138341484976
0.0002138132674481
0.0002137923863986
0.0002137715053491
0.0002137506242996
0.0002137297432502
0.0002137088622007
0.0002136879811512
0.0002136671001017
0.0002136462190522
0.0002135818750398
0.0002135175310274
0.0002134531870149
0.0002133888430025
0.0002133244989900
0.0002132601549776
0.0002131958109651
0.0002131314669527
0.0002130671229402
0.0002130027789278
0.0002129384349154
0.0002128740909029
0.0002128664598534
0.0002128588288039
0.0002128511977545
0.0002128435667050
0.0002128359356555
0.0002128283046060
0.0002128206735565
0.0002128130425071
0.0002128054114576
0.0002127977804081
0.0002127901493586
0.0002127825183091
0.0002127632205930
0.0002127439228768
0.0002127246251607
0.0002127053274445
0.0002126860297284
0.0002126667320123
0.0002126474342961
0.0002126281365800
0.0002126088388638
0.0002125895411477
0.0002125702434315
0.0002125509457154
0.0002125006757770
0.0002124504058386
0.0002124001359003
0.0002123498659619
0.0002122995960235
0.0002122493260851
0.0002121990561468
0.0002121487862084
0.0002120985162700
0.0002120482463317
0.0002119979763933
0.0002119477064549
0.0002118869272573
0.0002118261480597
0.0002117653688620
0.0002117045896644
0.0002116438104668
0.0002115830312692
0.0002115222520715
0.0002114614728739
0.0002114006936763
0.0002113399144786
0.0002112791352810
0.0002112183560834
0.0002111816972561
0.0002111450384289
0.0002111083796016
0.0002110717207743
0.0002110350619471
0.0002109984031198
0.0002109617442926
0.0002109250854653
0.0002108884266380
0.0002108517678108
0.0002108151089835
0.0002107784501563
0.0002106909579957
0.0002106034658351
0.0002105159736745
0.0002104284815139
0.0002103409893533
0.0002102534971927
0.0002101660050321
0.0002100785128715
0.0002099910207109
0.0002099035285503
0.0002098040919453
0.0002097046553403
0.0002096052187352
0.0002095057821302
0.0002094063455252
0.0002093069089201
0.0002092074723151
0.0002091080357101
0.0002090085991050
0.0002089091625000
0.0002088097258949
0.0002087102892899
0.0002086273341664
0.0002085443790428
0.0002084614239192
0.0002083784687957
0.0002082955136721
0.0002082125585486
0.0002081296034250
0.0002080466483015
0.0002079636931779
0.0002078807380544
0.0002077977829308
0.0002077148278072
0.0002076411782392
0.0002075675286713
0.0002074938791033
0.0002074202295353
0.0002073465799673
0.0002072729303993
0.0002071992808313
0.0002071256312633
0.0002070519816953
0.0002069783321273
0.0002069046825593
0.0002068310329913
0.0002067331704603
0.0002066353079293
0.0002065374453984
0.0002064395828674
0.0002063417203364
0.0002062438578055
0.0002061459952745
0.0002060481327436
0.0002059502702126
0.0002058524076816
0.0002057545451507
0.0002056566826197
0.0002055251163850
0.0002053935501504
0.0002052619839157
0.0002051304176810
0.0002049988514464
0.0002048672852117
0.0002047357189770
0.0002046041527424
0.0002044725865077
0.0002043410202730
0.0002042094540384
0.0002040778878037
0.0002039772474950
0.0002038766071862
0.0002037759668775
0.0002036753265687
0.0002035746862600
0.0002034740459513
0.0002033734056425
0.0002032727653338
0.0002031721250250
0.0002030714847163
0.0002029708444076
0.0002028702040988
0.0002026894341605
0.0002025086642221
0.0002023278942837
0.0002021471243453
0.0002019663544070
0.0002017855844686
0.0002016048145302
0.0002014240445919
0.0002012432746535
0.0002010625047151
0.0002009291792212
0.0002007958537273
0.0002006625282334
0.0002005292027394
0.0002003958772455
0.0002002625517516
0.0002001292262576
0.0001999959007637
0.0001998625752698
0.0001997292497759
0.0001995959242819
0.0001994625987880
0.0001993015881089
0.0001991405774298
0.0001989795667507
0.0001988185560716
0.0001986575453925
0.0001984965347134
0.0001983355240342
0.0001981745133551
0.0001980135026760
0.0001978524919969
0.0001976914813178
0.0001975304706387
0.0001973440432929
0.0001971576159471
0.0001969711886014
0.0001967847612556
0.0001965983339098
0.0001964119065640
0.0001962254792183
0.0001960390518725
0.0001958526245267
0.0001956661971809
0.0001954797698351
0.0001952933424894
0.0001950996929214
0.0001949060433534
0.0001947123937854
0.0001945187442174
0.0001943250946494
0.0001941314450814
0.0001939377955134
0.0001937441459454
0.0001935504963774
0.0001933568468094
0.0001931631972414
0.0001929695476734
0.0001927626110683
0.0001925556744633
0.0001923487378583
0.0001921418012532
0.0001919348646482
0.0001917279280432
0.0001915209914381
0.0001913140548331
0.0001911071182280
0.0001909001816230
0.0001906932450180
0.0001904863084129
0.0001903020106968
0.0001901177129806
0.0001899334152645
0.0001897491175483
0.0001895648198322
0.0001893805221160
0.0001891962243999
0.0001890119266838
0.0001888276289676
0.0001886433312515
0.0001884590335353
0.0001882747358192
0.0001879638547697
0.0001876529737202
0.0001873420926707
0.0001870312116212
0.0001867203305718
0.0001864094495223
0.0001860985684728
0.0001857876874233
0.0001854768063738
0.0001851659253243
0.0001849316276082
0.0001846973298921
0.0001844630321759
0.0001842287344598
0.0001839944367436
0.0001837601390275
0.0001835258413113
0.0001832915435952
0.0001830572458790
0.0001828229481629
0.0001825886504467
0.0001823543527306
0.0001820966753848
0.0001818389980390
0.0001815813206932
0.0001813236433475
0.0001810659660017
0.0001808082886559
0.0001805506113101
0.0001802929339644
0.0001800352566186
0.0001797775792728
0.0001795199019270
0.0001792622245812
0.0001789271861244
0.0001785921476675
0.0001782571092106
0.0001779220707537
0.0001775870322968
0.0001772519938399
0.0001769169553830
0.0001765819169261
0.0001762468784693
0.0001759118400124
0.0001755768015555
0.0001752417630986
0.0001749451505676
0.0001746485380367
0.0001743519255057
0.0001740553129747
0.0001737587004438
0.0001734620879128
0.0001731654753819
0.0001728688628509
0.0001725722503199
0.0001722756377890
0.0001719790252580
0.0001716824127270
0.0001713509853813
0.0001710195580355
0.0001706881306897
0.0001703567033439
0.0001700252759982
0.0001696938486524
0.0001693624213066
0.0001690309939608
0.0001686995666150
0.0001683681392693
0.0001680367119235
0.0001677052845777
0.0001673090887134
0.0001669128928491
0.0001665166969848
0.0001661205011205
0.0001657243052562
0.0001653281093919
0.0001649319135276
0.0001645357176633
0.0001641395217990
0.0001637433259348
0.0001633471300705
0.0001629509342062
0.0001625209420456
0.0001620909498850
0.0001616609577244
0.0001612309655638
0.0001608009734032
0.0001603709812426
0.0001599409890820
0.0001595109969214
0.0001590810047608
0.0001586510126002
0.0001582210204396
0.0001577910282791
0.0001572347583407
0.0001566784884023
0.0001561222184639
0.0001555659485256
0.0001550096785872
0.0001544534086488
0.0001538971387105
0.0001533408687721
0.0001527845988337
0.0001522283288954
0.0001517053274755
0.0001511823260557
0.0001506593246358
0.0001501363232159
0.0001496133217961
0.0001490903203762
0.0001485673189564
0.0001480443175365
0.0001475213161167
0.0001469983146968
0.0001464753132770
0.0001459523118571
0.0001454200048817
0.0001448876979063
0.0001443553909309
0.0001438230839555
0.0001432907769801
0.0001427584700047
0.0001422261630293
0.0001416938560539
0.0001411615490785
0.0001406292421031
0.0001400969351277
0.0001395646281523
0.0001390384322880
0.0001385122364237
0.0001379860405594
0.0001374598446951
0.0001369336488308
0.0001364074529665
0.0001358812571022
0.0001353550612379
0.0001348288653736
0.0001343026695093
0.0001337764736450
0.0001332502777807
0.0001326776930275
0.0001321051082743
0.0001315325235212
0.0001309599387680
0.0001303873540148
0.0001298147692616
0.0001292421845084
0.0001286695997552
0.0001280970150020
0.0001275244302489
0.0001269518454957
0.0001263792607425
0.0001257611667300
0.0001251430727176
0.0001245249787052
0.0001239068846927
0.0001232887906803
0.0001226706966678
0.0001220526026554
0.0001214345086429
0.0001208164146305
0.0001201983206180
0.0001195802266056
0.0001189621325932
0.0001183432978400
0.0001177244630868
0.0001171056283336
0.0001164867935804
0.0001158679588272
0.0001152491240741
0.0001146302893209
0.0001140114545677
0.0001133926198145
0.0001127737850613
0.0001121549503081
0.0001115361155549
0.0001107802900610
0.0001100244645671
0.0001092686390732
0.0001085128135792
0.0001077569880853
0.0001070011625914
0.0001062453370975
0.0001054895116035
0.0001047336861096
0.0001039778606157
0.0001033795351218
0.0001027812096278
0.0001021828841339
0.0001015845586400
0.0001009862331461
0.0001003879076521
0.0000997895821582
0.0000991912566643
0.0000985929311704
0.0000979946056764
0.0000973962801825
0.0000967979546886
0.0000961465273428
0.0000954950999970
0.0000948436726513
0.0000941922453055
0.0000935408179597
0.0000928893906139
0.0000922379632681
0.0000915865359224
0.0000909351085766
0.0000902836812308
0.0000896322538850
0.0000889808265393
0.0000883950010453
0.0000878091755514
0.0000872233500575
0.0000866375245636
0.0000860516990696
0.0000854658735757
0.0000848800480818
0.0000842942225879
0.0000837083970939
0.0000831225716000
0.0000825367461061
0.0000819509206121
0.0000813336599330
0.0000807163992539
0.0000800991385748
0.0000794818778957
0.0000788646172166
0.0000782473565375
0.0000776300958584
0.0000770128351793
0.0000763955745002
0.0000757783138210
0.0000751610531419
0.0000745437924628
0.0000739486151170
0.0000733534377713
0.0000727582604255
0.0000721630830797
0.0000715679057339
0.0000709727283882
0.0000703775510424
0.0000697823736966
0.0000691871963508
0.0000685920190050
0.0000679968416593
0.0000674016643135
0.0000668992184492
0.0000663967725849
0.0000658943267206
0.0000653918808563
0.0000648894349920
0.0000643869891277
0.0000638845432634
0.0000633820973991
0.0000628796515348
0.0000623772056705
0.0000618747598062
0.0000613723139419
0.0000607179328925
0.0000600635518430
0.0000594091707935
0.0000587547897440
0.0000581004086945
0.0000574460276451
0.0000567916465956
0.0000561372655461
0.0000554828844966
0.0000548285034471
0.0000543429557310
0.0000538574080148
0.0000533718602987
0.0000528863125825
0.0000524007648664
0.0000519152171502
0.0000514296694341
0.0000509441217180
0.0000504585740018
0.0000499730262857
0.0000494874785695
0.0000490019308534
0.0000485127257298
0.0000480235206063
0.0000475343154827
0.0000470451103591
0.0000465559052356
0.0000460667001120
0.0000455774949885
0.0000450882898649
0.0000445990847414
0.0000441098796178
0.0000436206744943
0.0000431314693707
0.0000426974031360
0.0000422633369014
0.0000418292706667
0.0000413952044320
0.0000409611381974
0.0000405270719627
0.0000400930057280
0.0000396589394934
0.0000392248732587
0.0000387908070240
0.0000383567407894
0.0000379226745547
0.0000375470342460
0.0000371713939372
0.0000367957536285
0.0000364201133197
0.0000360444730110
0.0000356688327023
0.0000352931923935
0.0000349175520848
0.0000345419117760
0.0000341662714673
0.0000337906311586
0.0000334149908498
0.0000330736098003
0.0000327322287509
0.0000323908477014
0.0000320494666519
0.0000317080856024
0.0000313667045529
0.0000310253235035
0.0000306839424540
0.0000303425614045
0.0000300011803550
0.0000296597993055
0.0000293184182560
0.0000290039816510
0.0000286895450460
0.0000283751084409
0.0000280606718359
0.0000277462352309
0.0000274317986258
0.0000271173620208
0.0000268029254158
0.0000264884888107
0.0000261740522057
0.0000258596156006
0.0000255451789956
0.0000251875201684
0.0000248298613411
0.0000244722025138
0.0000241145436866
0.0000237568848593
0.0000233992260321
0.0000230415672048
0.0000226839083775
0.0000223262495503
0.0000219685907230
0.0000217447559698
0.0000215209212167
0.0000212970864635
0.0000210732517103
0.0000208494169571
0.0000206255822039
0.0000204017474507
0.0000201779126975
0.0000199540779444
0.0000197302431912
0.0000195064084380
0.0000192825736848
0.0000190252204131
0.0000187678671414
0.0000185105138697
0.0000182531605980
0.0000179958073263
0.0000177384540546
0.0000174811007829
0.0000172237475112
0.0000169663942395
0.0000167090409678
0.0000164516876961
0.0000161943344244
0.0000160034626341
0.0000158125908439
0.0000156217190537
0.0000154308472635
0.0000152399754733
0.0000150491036830
0.0000148582318928
0.0000146673601026
0.0000144764883124
0.0000142856165221
0.0000140947447319
0.0000139038729417
0.0000137086492996
0.0000135134256576
0.0000133182020155
0.0000131229783734
0.0000129277547313
0.0000127325310893
0.0000125373074472
0.0000123420838051
0.0000121468601630
0.0000119516365210
0.0000117564128789
0.0000115611892368
0.0000113977711503
0.0000112343530638
0.0000110709349773
0.0000109075168907
0.0000107440988042
0.0000105806807177
0.0000104172626312
0.0000102538445447
0.0000100904264582
0.0000099270083716
0.0000097635902851
0.0000096001721986
0.0000094508744825
0.0000093015767663
0.0000091522790502
0.0000090029813340
0.0000088536836179
0.0000087043859017
0.0000085550881856
0.0000084057904694
0.0000082564927533
0.0000081071950371
0.0000079578973210
0.0000078085996048
0.0000076368852220
0.0000074651708392
0.0000072934564564
0.0000071217420736
0.0000069500276908
0.0000067783133079
0.0000066065989251
0.0000064348845423
0.0000062631701595
0.0000060914557767
0.0000059557691717
0.0000058200825666
0.0000056843959616
0.0000055487093565
0.0000054130227515
0.0000052773361465
0.0000051416495414
0.0000050059629364
0.0000048702763314
0.0000047345897263
0.0000045989031213
0.0000044632165163
0.0000043316502816
0.0000042000840469
0.0000040685178123
0.0000039369515776
0.0000038053853429
0.0000036738191083
0.0000035422528736
0.0000034106866389
0.0000032791204043
0.0000031475541696
0.0000030159879349
0.0000028844217003
0.0000027893369471
0.0000026942521939
0.0000025991674407
0.0000025040826875
0.0000024089979343
0.0000023139131811
0.0000022188284280
0.0000021237436748
0.0000020286589216
0.0000019335741684
0.0000018384894152
0.0000017434046620
0.0000016854958348
0.0000016275870075
0.0000015696781803
0.0000015117693530
0.0000014538605257
0.0000013959516985