113.6074793
113.5558105
113.5194794
113.4972828
113.4880247
113.4905024
113.5034955
113.5247136
113.5502523
113.5760772
113.598151
113.6124367
113.6148976
113.6014983
113.5682037
113.5109756
113.4257786
113.3085739
113.1554077
112.9666396
112.749133
112.5102872
112.257499
111.9981696
111.7396984
111.4894822
111.2549215
111.0434127
110.8623587
110.7191556
110.6211133
110.5705656
110.562356
110.5907192
110.6498833
110.7340785
110.8375345
110.9544785
111.0791455
111.205763
111.3285607
111.4417689
111.5396533
111.618566
111.6779849
111.7176481
111.7372944
111.7366587
111.7154831
111.6735041
111.6104594
111.5260865
111.4201232
111.2923099
111.1424449
110.9737408
110.7945483
110.6136433
110.439799
110.2817891
110.1483879
110.0483678
109.9905027
109.9835693
110.0363399
110.157588
110.3559164
110.6304994
110.9663134
111.3471684
111.7568738
112.1792376
112.5980721
112.9971851
113.360386
113.6714845
113.9144526
114.0824034
114.1821926
114.2218083
114.2092387
114.1524718
114.0594996
113.9383091
113.7968892
113.6432292
113.4853161
113.3311418
113.1886305
113.0622118
112.9510526
112.8538853
112.7694473
112.6964711
112.6336908
112.5798404
112.5336518
112.4938627
112.4592057
112.4284137
112.4002253
112.3735476
112.3475597
112.3214517
112.2944193
112.2656554
112.2343546
112.1997126
112.1609234
112.11718
112.0676765
112.011609
111.9481893
111.8776402
111.8017044
111.7222492
111.6411465
111.5602622
111.4814663
111.4066257
111.337608
111.2762836
111.2245213
111.1841883
111.1570971
111.1419423
111.1327341
111.123093
111.1066398
111.076996
111.0277801
110.9526181
110.845129
110.6989334
110.5076528
110.2649072
109.9644873
109.6093454
109.2162388
108.8030568
108.3876876
107.9880269
107.6219636
107.3073879
107.0621913
106.9042629
106.8514967
106.9217809
107.1326954
107.4845701
107.9517655
108.5065158
109.1210466
109.7675866
110.4183641
111.0456043
111.6215393
112.1183972
112.5086845
112.7803933
112.9448312
113.0152185
113.0047765
112.9267268
112.7942904
112.6206911
112.4191514
112.2028917
111.9851342
111.7790993
111.5978919
111.4479159
111.3255008
111.2261468
111.1453534
111.0786233
111.0214553
110.9693505
110.9178085
110.8623269
110.7984113
110.7215591
110.6273328
110.5147447
110.3879985
110.251731
110.110571
109.9691515
109.8321051
109.7040617
109.589658
109.4935253
109.4202946
109.3745986
109.3609987
109.3802509
109.4273653
109.4968826
109.5833442
109.6812886
109.7852606
109.8897995
109.9894452
110.0787384
110.1522193
110.2044311
110.2299587
110.2258946
110.1931058
110.1327721
110.0460715
109.9341805
109.7982772
109.6395397
109.4591452
109.2582743
109.0381027
108.7998092
108.5446216
108.2765964
108.0040425
107.7356162
107.479976
107.2457789
107.0416868
106.8763555
106.7584429
106.696609
106.6995071
106.775802
106.9339674
107.1725375
107.4750644
107.8238723
108.20129
108.5896395
108.9712451
109.3284306
109.6435187
109.8988377
110.0769013
110.1707695
110.1893893
110.1430032
110.041864
109.896217
109.7163112
109.5123949
109.2947141
109.0735208
108.8590614
108.6615832
108.4912328
108.3524715
108.2412133
108.1526633
108.082029
108.0245177
107.9753342
107.9296888
107.8827867
107.8298357
107.7660402
107.6866096
107.5868147
107.4653937
107.326317
107.1739784
107.0127797
106.8471157
106.6813847
106.5199829
106.3673075
106.2277579
106.1057315
106.005624
105.9317816
105.8857056
105.8646186
105.865386
105.8848765
105.9199567
105.967493
106.0243564
106.0874137
106.1535315
106.2195785
106.2824189
106.3389434
106.38704
106.4261092
106.4556769
106.4752665
106.4844076
106.4826236
106.46944
106.444382
106.406973
106.3567432
106.2932156
106.2159661
106.1273217
106.0337536
105.9420778
105.8591045
105.7916476
105.7465178
105.7305298
105.7504973
105.8132313
105.9255448
106.0942505
106.3260194
106.6197975
106.9628807
107.3416135
107.7423392
108.151402
108.5551453
108.9399117
109.2920443
109.5978845
109.8439145
110.0239603
110.1429362
110.2066568
110.2209401
110.1916099
110.1244815
110.0253749
109.9001089
109.7545006
109.5943728
109.4255427
109.2538124
109.0840469
108.9196991
108.7641126
108.620624
108.4925721
108.3832963
108.2961327
108.2344249
108.2015105
108.2007275
108.2354148
108.3088344
108.4200946
108.5620338
108.7269784
108.9072559
109.0951895
109.2831102
109.4633419
109.6282113
109.7700441
109.8811651
109.9539053
109.9806781
109.9588532
109.8932612
109.7893481
109.6525558
109.4883292
109.302111
109.0993437
108.885475
108.665947
108.4462031
108.2316873
108.027803
107.8378196
107.6617821
107.499472
107.3506703
107.2151563
107.0927166
106.9831286
106.8861753
106.8016371
106.7292939
106.6689307
106.6203398
106.583988
106.5613606
106.5540219
106.5635436
106.5914906
106.6394308
106.7089305
106.8015556
106.9188777
107.0624621
107.2338751
107.4346243
107.6628993
107.9119008
108.1744142
108.4432272
108.7111264
108.9708982
109.2153316
109.4372136
109.6293312
109.7845327
109.8990738
109.9743531
110.0121816
110.0143737
109.9827439
109.9191052
109.8252751
109.703067
109.5542941
109.3807708
109.1843135
108.9667565
108.7310689
108.4819293
108.2241542
107.9625668
107.701982
107.4472205
107.2031
106.9744372
106.7660533
106.5827675
106.4293972
106.3107067
106.2285341
106.1803077
106.1630925
106.173953
106.2099537
106.2681579
106.3456348
106.4394471
106.5466601
106.6643382
106.7895445
106.9193533
107.0510971
107.1825093
107.3113564
107.4354031
107.55242
107.660172
107.7564248
107.8389449
107.9054969
107.9538519
107.9817745
107.9870623
107.9692498
107.9304895
107.8731492
107.7995951
107.7121935
107.6133099
107.505313
107.390569
107.2714456
107.1503081
107.0295227
106.911431
106.7969736
106.6849764
106.5740918
106.462972
106.3502724
106.234646
106.1147448
105.9892223
105.85673
105.7159249
105.565458
105.4040396
105.233496
105.0603532
104.8915237
104.7339175
104.594445
104.4800161
104.397541
104.3539344
104.3561045
104.4109614
104.5254173
104.7062242
104.9516618
105.2472072
105.577301
105.9263804
106.2788801
106.6192406
106.9318966
107.2012848
107.4118428
107.548185
107.6047267
107.5906566
107.5163651
107.3922476
107.2286971
107.0361126
106.8248869
106.6054165
106.3880949
106.1833168
106.0014802
105.8528871
105.7428851
105.6693411
105.6295174
105.6206724
105.6400635
105.6849493
105.7525857
105.8402359
105.9451556
106.0646029
106.1958363
106.3361017
106.4820579
106.6294678
106.774022
106.9114115
107.0373261
107.1474593
107.2375005
107.3031415
107.3400724
107.3439819
107.3105661
107.2355858
107.1187338
106.9656356
106.7823941
106.5751217
106.3499235
106.1129075
105.8701813
105.6278508
105.392028
105.1688181
104.9643287
104.7846015
104.632072
104.503744
104.3961739
104.3059182
104.2295334
104.1635751
104.104602
104.0491699
103.9938359
103.9351543
103.8696838
103.7940598
103.7091752
103.6223515
103.5414292
103.4742524
103.4286676
103.4125189
103.4336493
103.499903
103.6191244
103.7991599
104.0478516
104.3728581
104.7717677
105.2269758
105.71964
106.2309144
106.7419528
107.2339079
107.687938
108.0851948
108.4068335
108.6342223
108.7603332
108.795664
108.7521261
108.6416394
108.4761242
108.2674974
108.0276841
107.7686005
107.5021671
107.2403042
106.9949278
106.7778687
106.5958303
106.44779
106.3320999
106.2471061
106.1911621
106.1626143
106.1598113
106.1811024
106.2248331
106.2893585
106.3730227
106.4741591
106.5901827
106.7171233
106.8509045
106.9874435
107.1226587
107.2524689
107.3727951
107.4795557
107.5686695
107.6360556
107.6776317
107.6893817
107.670579
107.6254752
107.5587258
107.4749864
107.3789142
107.2751674
107.1684005
107.0632714
106.9644332
106.8765484
106.80427
106.7521939
106.7215803
106.7086537
106.7092372
106.7191443
106.7341937
106.7502006
106.7629806
106.768355
106.7621383
106.7401465
106.6981983
106.6321771
106.5417484
106.4322703
106.3095644
106.1794554
106.0477638
105.920319
105.8029419
105.7014559
105.6216851
105.5694527
105.5505845
105.5708188
105.6313332
105.7264153
105.8497937
105.995201
106.1563622
106.3270067
106.5008612
106.671653
106.833114
106.9790285
107.1063816
107.2169831
107.3130384
107.3967521
107.4703268
107.5359677
107.5958767
107.6522628
107.7073282
107.7632767
107.8223132
107.8865971
107.9559199
108.0264921
108.0942347
108.155066
108.2049044
108.2396735
108.2552899
108.2476739
108.2127447
108.1464196
108.044623
107.9033655
107.7237139
107.5143689
107.2846454
107.0438685
106.8013555
106.566428
106.3484057
106.1566069
106.0003562
105.8889717
105.8317737
105.8379334
105.9085559
106.0325739
106.1979297
106.3925628
106.604412
106.8214148
107.0315147
107.2226484
107.3827554
107.4997744
107.5616456
107.5564607
107.4804538
107.3421643
107.1511263
106.9168746
106.6489538
106.3568993
106.05025
105.7385418
105.4313167
105.1381125
104.8684674
104.6318487
104.4339441
104.2747367
104.1537428
104.0704784
104.0244593
104.0151991
104.0422177
104.1050294
104.2031498
104.3360944
104.5033774
104.7044462
104.9348248
105.1841242
105.4414757
105.6960079
105.9368545
106.1531431
106.3340037
106.4685664
106.5459586
106.5554696
106.4947032
106.373839
106.2040713
105.9965977
105.7626224
105.5133425
105.2599586
105.0136701
104.7856742
104.5871759
104.4293712
104.3233346
104.2733527
104.2734553
104.3168512
104.3967386
104.5063168
104.6387852
104.787345
104.9451975
105.1055412
105.2615764
105.4065015
105.5335832
105.6394651
105.7259044
105.7950699
105.8491328
105.8902657
105.9206412
105.9424296
105.9578023
105.9689294
105.9779862
105.9871423
105.9985454
106.0130422
106.0295125
106.0466843
106.0632782
106.0780167
106.0896222
106.0968155
106.0983239
106.0928668
106.0791679
106.0559494
106.0219302
105.9757624
105.9159788
105.8411054
105.7496681
105.640191
105.5112039
105.3612314
105.1887997
104.9924347
104.7706601
104.5220063
104.2451069
103.9444434
103.633334
103.3258114
103.0359127
102.7776722
102.565126
102.4123094
102.3332557
102.3420052
102.4525911
102.6790491
103.0351139
103.518459
104.1024794
104.7586106
105.4582784
106.172907
106.8739249
107.5327562
108.1208272
108.6095637
108.9707048
109.1928635
109.2901444
109.2787104
109.1747353
108.9943908
108.7538538
108.4692967
108.1568938
107.8328176
107.5132405
107.2143396
106.9521441
106.7350314
106.5598118
106.42236
106.3185523
106.2442594
106.1953525
106.1677047
106.1571862
106.1596726
106.1710341
106.1871434
106.2038992
106.2185913
106.2306244
106.2395679
106.2449936
106.2464729
106.2435749
106.2358763
106.2229459
106.2043557
106.1796766
106.1484805
106.1103566
106.0657332
106.0163105
105.9638912
105.9102834
105.8572904
105.8067154
105.7603638
105.7200381
105.6875448
105.6646885
105.6532737
105.6550653
105.6697956
105.6941275
105.7244694
105.7572324
105.7888258
105.8156568
105.8341409
105.8406854
105.8316997
105.8035946
105.7527773
105.6757099
105.5713582
105.4424892
105.292177
105.1234931
104.939517
104.7433211
104.5379795
104.3265675
104.1121573
103.8978275
103.6866514
103.4817047
103.2861663
103.103367
102.9366556
102.7893753
102.6648709
102.5664878
102.4975686
102.4614632
102.4615143
102.5010671
102.5834665
102.7119546
102.8843933
103.0904952
103.3193189
103.5599179
103.8013477
104.0326637
104.2429204
104.4211721
104.556471
104.6380055
104.6618083
104.6342758
104.5626397
104.4541337
104.3159952
104.1554609
103.9797647
103.7961438
103.6118301
103.4340647
103.2700803
103.1270428
103.008362
102.9117694
102.8345451
102.7739593
102.7272866
102.6917992
102.6647683
102.6434718
102.6251804
102.607167
102.5867056
102.5610984
102.5293362
102.4929465
102.4536637
102.413224
102.3733592
102.3358102
102.3023101
102.2745947
102.2543995
102.2434575
102.243509
102.2562584
102.2819137
102.3184122
102.3635108
102.4149664
102.4705319
102.5279635
102.5850149
102.6394401
102.6889977
102.731441
102.7645249
102.7860187
102.7944903
102.7897142
102.7715596
102.7398978
102.6945973
102.6355341
102.5625766
102.475595
102.3744612
102.2590436
102.1292173
101.9848979
101.8284458
101.6659173
101.5036668
101.348054
101.205433
101.0821614
100.9845947
100.9190877
100.8920016
100.9096899
100.9785098
101.1046684
101.2864624
101.5102343
101.7613567
102.0251991
102.2871296
102.5325173
102.7467342
102.915148
103.023128
103.0562361
103.0101943
102.8961076
102.7263123
102.5131532
102.2689749
102.006121
101.7369395
101.4737742
101.228969
101.0148688
100.843819
100.7280232
100.6721448
100.669447
100.7122699
100.7929582
100.9038475
101.0372771
101.1855864
101.341113
101.4961964
101.6431776
101.774393
101.8822564
101.9630586
102.0189704
102.0526281
102.0666724
102.0637458
102.0464865
102.0175402
101.9795461
101.9351456
101.88698
101.8376875
101.7898968
101.7452619
101.7039776
101.6661212
101.6317684
101.6009999
101.5738902
101.5505161
101.5309548
101.5152805
101.5035747
101.4959121
101.492348
101.4917999
101.4914608
101.4883929
101.4796504
101.4622897
101.4333667
101.3899382
101.3290624
101.2477946
101.1431915
101.0123096
100.8522943
100.6651671
100.4603061
100.2476846
100.0372792
99.83906545
99.66302219
99.5191249
99.41735063
99.36767251
99.38007238
99.46452503
99.63081346
99.87856397
100.1920308
100.5542365
100.9481918
101.3569078
101.7633973
102.1506699
102.5017424
102.7996235
103.0275133
103.1784208
103.2602032
103.2819184
103.2526227
103.1813767
103.0772398
102.94927
102.8065315
102.6580807
102.5129785
102.3802845
102.2689736
102.1836891
102.1225037
102.0829624
102.062608
102.0589813
102.0696301
102.0920949
102.1239188
102.1626442
102.2058119
102.2509693
102.2956595
102.337572
102.3746118
102.4047013
102.4257659
102.4357268
102.432508
102.4140307
102.3782207
102.3230005
102.2462919
102.146019
102.0201591
101.8696071
101.6996748
101.5160228
101.3243182
101.1302246
100.9394109
100.7575412
100.5902812
100.4432968
100.3222509
100.2328152
100.180563
100.1664189
100.1842641
100.2274112
100.2891764
100.3628686
100.4417997
100.5192822
100.5886246
100.6431435
100.6761483
100.6809497
100.6509712
100.5854162
100.4922549
100.3801536
100.2577848
100.1338212
100.016933
99.91579726
99.83908513
99.79546834
99.79362036
99.84221171
99.94977544
100.1172706
100.3342076
100.5891766
100.8707564
101.1675369
101.4680993
101.7610279
102.034904
102.2783131
102.47995
102.6343397
102.7448278
102.8154694
102.8503294
102.8534668
102.8289418
102.7808152
102.7131477
102.6299989
102.5354324
102.433507
102.3282648
102.2226986
102.1182298
102.0161459
101.9177334
101.8242823
101.7370783
101.6574143
101.5865762
101.5258529
101.4765314
101.4398994
101.4172101
101.407656
101.4073202
101.4120375
101.4176389
101.4199613
101.4148345
101.3980924
101.3655666
101.3130878
101.2364939
101.1316142
100.9943581
100.8246765
100.6286271
100.4127674
100.1836527
99.94783775
99.71187908
99.48233231
99.26575546
99.06870369
98.89773354
98.75940068
98.66017062
98.60186264
98.57924392
98.58652046
98.61789181
98.66756092
98.72973024
98.79859988
98.86837126
98.93324495
98.98742494
99.02511073
99.04057105
99.03153758
99.00098862
98.95233094
98.88896389
98.81429366
98.73172153
98.64465133
98.55648956
98.47063853
98.39050195
98.31948377
98.26096634
98.21737228
98.18964666
98.17862314
98.18513163
98.21000144
98.25406903
98.31816221
98.40311222
98.50975098
98.63890659
98.7914155
98.96804394
99.16633846
99.37896222
99.59818425
99.81627946
100.0255138
100.2181581
100.3864805
100.5227485
100.6192357
100.6683133
100.6678329
100.6239313
100.5434171
100.4331
100.2997905
100.1502965
99.99142797
99.82999712
99.67281289
99.52668536
99.39842348
99.29477229
99.21903646
99.16932155
99.1433085
99.13867961
99.15311383
99.18429509
99.22990431
99.28762169
99.35512943
99.43010507
99.51023525
99.59321017
99.67730722
99.76168849
99.84558596
99.92823942
100.0088799
100.0867434
100.1610626
100.2310716
100.2960075
100.3551038
100.4075944
100.4527248
100.4903007
100.5209885
100.5455146
100.5646104
100.5790041
100.5894252
100.5966072
100.6012783
100.6041678
100.6060061
100.6075227
100.6094289
100.6112987
100.6109978
100.606252
100.5947854
100.5743275
100.5426025
100.4973357
100.4362533
100.357079
100.2575428
100.1353671
99.9883535
99.81823195
99.63268325
99.43986523
99.24793723
99.06506064
98.89939188
98.75909825
98.65233526
98.58726574
98.57204795
98.61484387
98.72366871
98.89888462
99.12927627
99.40269306
99.70698062
100.0299901
100.3595641
100.6835498
100.9897942
101.2661393
101.500545
101.6866224
101.8265463
101.9231824
101.9793961
101.9980612
101.9820446
101.9342154
101.8574419
101.7545903
101.6285345
101.4821403
101.3182863
101.1403226
100.9523132
100.7583859
100.5626632
100.3692688
100.1823254
100.005958
99.84429168
99.70145024
99.58155703
99.48873427
99.42705133
99.39746694
99.39625005
99.41928913
99.46247012
99.52168152
99.59281051
99.67174459
99.75437012
99.83657269
99.91424231
99.9832646
100.0395631
100.0809209
100.1079371
100.1214458
100.1222725
100.1112476
100.0892003
100.0569583
100.0153541
99.96521674
99.90737429
99.84265673
99.77189025
99.69585953
99.61526724
99.53081431
99.44319908
99.35312073
99.26128299
99.16838229
99.07512054
98.9821966
98.89030704
98.80015756
98.71246009
98.62870034
98.55153251
98.48370114
98.42796055
98.38705567
98.36373477
98.36074545
98.38083464
98.42675406
98.50125133
98.60707397
98.74688069
98.91864433
99.11325767
99.32103463
99.53228834
99.7373322
99.92648202
100.0900502
100.2183513
100.301697
100.3305298
100.3020256
100.2235499
100.1032872
99.94942632
99.77015646
99.57366913
99.36815428
99.16180003
98.96279599
98.77932946
98.61959647
98.49169118
98.39890576
98.33726436
98.3022017
98.28915525
98.29355606
98.31083902
98.33643715
98.36578151
98.39431199
98.41745842
98.43065446
98.429401
98.41266408
98.38466652
98.35004772
98.31345042
98.27951872
98.25289363
98.23822289
98.24014741
98.26331186
98.3123585
98.39193068
98.50658308
98.65611539
98.83314065
99.02969054
99.23779124
99.449477
99.656775
99.85171501
100.0263244
100.1726324
100.2826719
100.3484685
100.3621499
100.3209636
100.2299058
100.0945982
99.92066223
99.71372256
99.47939884
99.22332153
98.95110965
98.66838811
98.38077922
98.0939056
97.81337721
97.54392192
97.28894268
97.05173364
96.83558804
96.64380587
96.47967816
96.34650104
96.24756893
96.18617349
96.165615
96.18918684
96.26010425
96.37742949
96.53394408
96.72192857
96.93365332
97.16139153
97.39741657
97.63399847
97.86341651
98.07794009
98.26991245
98.43536954
98.57592228
98.69364157
98.79059465
98.86884912
98.93047295
98.97753381
99.012102
99.03624441
99.05202998
99.06152512
99.06679332
99.06950792
99.07075739
99.07158336
99.07302582
99.0761254
99.08192695
99.09147036
99.1057956
99.12594271
99.15295665
99.18787717
99.23171516
99.28388874
99.34140515
99.40108361
99.45973632
99.51417621
99.56121802
99.59767275
99.62035985
99.62609064
99.61167859
99.57393774
99.5097387
99.41905525
99.30653607
99.17720977
99.03611066
98.8882661
98.73871226
98.59247881
98.45459638
98.33009747
98.2240108
98.14137243
98.08714718
98.06291946
98.0651563
98.08990896
98.13323372
98.19118066
98.2598017
98.33514883
98.41327114
98.49022515
98.56206066
98.62482948
98.67462278
98.70961216
98.73112107
98.74072174
98.73999001
98.73049976
98.71382906
98.69155277
98.66524633
98.63648509
98.60684221
98.57789767
98.55120803
98.52743071
98.50586267
98.48568838
98.466097
98.44627415
98.42540507
98.40267484
98.37726731
98.34837429
98.31519478
98.27780918
98.23762406
98.19615115
98.15490892
98.11540957
98.07916718
98.0476966
98.0225089
98.00512367
97.99705242
97.99980983
98.01487753
98.04197046
98.0781512
98.12025588
98.16512514
98.20959783
98.25051054
98.28470756
98.30902604
98.32030518
98.31538411
98.29110079
98.24434692
98.17460724
98.08529262
97.98013229
97.86286035
97.73720694
97.60690281
97.47567967
97.34726844
97.22539858
97.11380507
97.01621829
96.93633723
96.87623092
96.83550611
96.81356837
96.80982167
96.82366977
96.85451619
96.90176871
96.96483062
97.04310527
97.13599848
97.24291226
97.36323254
97.49517399
97.63518847
97.77958687
97.92467426
98.06676558
98.20216831
98.32718978
98.43814036
98.53132666
98.60306258
98.64965385
98.6674564
98.65525656
98.61550846
98.55097325
98.46440508
98.35856202
98.23620059
98.10007495
97.95294741
97.79757267
97.63670666
97.47310721
97.3095328
97.14897812
96.99477589
96.8502892
96.7188809
96.60391292
96.50875175
96.43675884
96.39129781
96.37572895
96.39341886
96.44773233
96.54194015
96.674588
96.83708025
97.02023769
97.21488524
97.41184093
97.60192696
97.77596119
97.92476918
98.03916855
98.11008219
98.13381465
98.11479158
98.05810903
97.96885795
97.8521306
97.71301919
97.55661495
97.38801521
97.21230931
97.03459085
96.85995308
96.6934488
96.53814333
96.39408846
96.26108868
96.13895216
96.02748187
95.92648921
95.83577801
95.75515511
95.68442643
95.62339553
95.57187351
95.52966197
95.49643416
95.47166435
95.45481006
95.4453329
95.44269043
95.44634096
95.45574372
95.47035402
95.48963611
95.51304592
95.54004226
95.57009129
95.60305697
95.6394109
95.67966946
95.7243486
95.77396527
95.82903892
95.89008713
95.95762727
96.03217558
96.11424807
96.2043668
96.30301663
96.40906147
96.51891451
96.62878749
96.73489695
96.83345561
96.92067682
96.99277286
97.04595522
97.07644152
97.08044294
97.05417313
96.9939
96.89887285
96.77284547
96.61993247
96.44425275
96.24992322
96.04105937
95.82178375
95.5962126
95.36846247
95.14265187
94.92289626
94.71329588
94.51673701
94.33428761
94.16686783
94.01539453
93.88079276
93.76397779
93.66587063
93.58739051
93.52945406
93.49297431
93.47826903
93.48477101
93.51183956
93.55883413
93.62511574
93.71004348
93.81297757
93.93327646
94.07029855
94.22340737
94.39196135
94.57528907
94.7711241
94.97479271
95.18142498
95.38614735
95.58408817
95.77037411
95.94013796
96.08850489
96.21060381
96.30156286
96.35650723
96.3706453
96.34322334
96.27958366
96.18557257
96.0670323
95.9298124
95.77975503
95.6227051
95.4645087
95.31100716
95.16805083
95.04148216
94.9370809
94.85709083
94.79842392
94.757563
94.73098122
94.71515767
94.70656819
94.70168811
94.69699841
94.6889749
94.67409333
94.64883177
94.60969908
94.5550997
94.48627647
94.40470808
94.31187186
94.20924515
94.09831071
93.98054404
93.85742422
93.73042887
93.60103724
93.47072861
93.34099259
93.21392241
93.0925215
92.97987502
92.87905978
92.79315703
92.72524724
92.67840803
92.65572214
92.66027134
92.69513281
92.76338902
92.86803557
93.00767816
93.17429049
93.35930259
93.5541447
93.75024484
93.93903761
94.11195183
94.26041708
94.37586314
94.44981661
94.47909518
94.46847706
94.42339521
94.34928429
94.25157668
94.13571058
94.00711856
93.87123449
93.73349204
93.59932468
93.47417036
93.36340589
93.26945666
93.19029081
93.12351083
93.06672355
93.01753018
92.97353518
92.93233997
92.89155016
92.8487686
92.80159906
92.74764414
92.68455299
92.61244027
92.5351451
92.45680663
92.38156444
92.31355875
92.2569317
92.21582401
92.19437679
92.19672897
92.22702041
92.28939725
92.38790255
92.52149024
92.68144579
92.85841862
93.04306356
93.22603425
93.3979803
93.54955601
93.6714101
93.75419967
93.78857498
93.76518745
93.67482722
93.51571861
93.29729872
93.02991654
92.72392703
92.38968304
92.03753497
91.67784088
91.32095289
90.97722284
90.65700541
90.37065106
90.12842544
89.93553975
89.7896099
89.68762408
89.62656938
89.60344015
89.61522282
89.65890591
89.731479
89.82992933
89.95124912
90.09242654
90.25045778
90.42274175
90.6072896
90.80216183
91.0054164
91.2151126
91.42931078
91.64606678
91.8634457
92.07950445
92.29228928
92.49914433
92.69636128
92.88014197
93.04669018
93.19220589
93.31289193
93.40495288
93.46459135
93.48800792
93.47140643
93.41098512
93.30303432
93.14819586
92.9536902
92.72727648
92.47671296
92.20976433
91.93418764
91.65774443
91.38819328
91.13329274
90.90080726
90.69849583
90.53404028
90.4109149
90.32625815
90.27669231
90.258832
90.26929436
90.30469654
90.36165463
90.43679089
90.52671958
90.62805844
90.73742548
90.85143937
90.96700537
91.0814347
91.19207785
91.29628341
91.39139803
91.47477616
91.54376393
91.59571176
91.62796676
91.63787972
91.62280145
91.580134
91.51032917
91.41841782
91.30981732
91.18993691
91.06418851
90.93798409
90.81673422
90.70585232
90.61075224
90.53684283
90.48953823
90.47417168
90.49195169
90.53786001
90.60636768
90.69194495
90.78906148
90.89219206
90.99580613
91.09437404
91.18236667
91.25425306
91.3045078
91.32766611
91.3218222
91.29042541
91.23736876
91.16654766
91.08185423
90.98718054
90.88641846
90.7834595
90.68220137
90.58650519
90.49874091
90.41902026
90.34726708
90.28341308
90.22738357
90.17910421
90.13850187
90.10550363
90.08003681
90.06202856
90.0514054
90.04806744
90.05047151
90.05491418
90.05750451
90.05435465
90.04157618
90.01528111
89.9715841
89.90659527
89.81642661
89.69718836
89.54499678
89.3560172
89.1294763
88.86920176
88.57939837
88.264279
87.92804829
87.57491379
87.20908324
86.83476211
86.45616214
86.07748812
85.70294896
85.33676559
84.98392318
84.65056996
84.34294128
84.06727447
83.82980723
83.63677442
83.49441917
83.40897684
83.38668409
83.43377931
83.55649947
83.76094969
84.04586433
84.39888721
84.80674914
85.25617611
85.73390407
86.22666116
86.72117662
87.20418042
87.66240013
88.0825715
88.45142125
88.75581931
88.99030902
89.16098528
89.27489574
89.33908599
89.36060294
89.34648979
89.30379759
89.23957083
89.16085579
89.07469913
88.98814693
88.90818761
88.83869609
88.77884971
88.72743982
88.68325679
88.64509663
88.6117503
88.58200821
88.5546636
88.52850435
88.50232995
88.47492807
88.44508113
88.4110234
88.37016015
88.31983916
88.25739761
88.18017739
88.08551883
87.97076015
87.8332479
87.67032053
87.47938187
87.26131466
87.02223442
86.76869513
86.50724333
86.24442812
85.98679777
85.74089999
85.5132891
85.31051116
85.13911556
85.00565057
84.91658538
84.87400085
84.87336731
84.90961073
84.97765786
85.07243225
85.18886535
85.32188191
85.46640732
85.61736783
85.7696902
85.91830218
86.05816107
86.18597438
86.30107429
86.40302007
86.49136299
86.56565694
86.62545567
86.67031058
86.69977752
86.71341103
86.71076445
86.69138974
86.65486374
86.60211325
86.53608069
86.45987915
86.37661952
86.28941165
86.20137345
86.11561285
86.0352429
85.96337514
85.90311893
85.85759173
85.82985549
85.82032568
85.82543794
85.84129401
85.86400614
85.88967541
85.91440905
85.93431189
85.94548675
85.94404434
85.92608866
85.88772394
85.82512426
85.73819764
85.63248178
85.51396951
85.38865899
85.26254452
85.14162451
85.03189647
84.93935567
84.86999844
84.82982188
84.82482056
84.86089462
84.93842753
85.04951265
85.18555815
85.33797288
85.49816924
85.65755388
85.80753658
85.93952382
86.04492915
86.11525857
86.14750448
86.14690529
86.11937859
86.07084971
86.00723597
85.93445727
85.85843436
85.78508468
85.72033188
85.67009526
85.64029399
85.63677891
85.66152267
85.71068373
85.77992938
85.8649295
85.96135566
86.06487452
86.17116249
86.27588707
86.37471874
86.46332832
86.53738413
86.59260126
86.62695132
86.6418069
86.6388242
86.61965426
86.58595678
86.53938462
86.48159193
86.41423362
86.33896198
86.25743639
86.17130927
86.08223433
85.99179899
85.90149169
85.81279673
85.72719395
85.64616465
85.57118795
85.50374883
85.4453278
85.3974049
85.36146174
85.33897951
85.33141014
85.33861177
85.3580387
85.3869461
85.42259
85.46222953
85.50312052
85.54251966
85.57768269
85.60586469
85.62432726
85.63032312
85.62115705
85.59670534
85.56071438
85.51725771
85.47040093
85.42421315
85.3827615
85.35011254
85.33034035
85.32750896
85.34568815
85.38894626
85.46126515
85.562032
85.68369981
85.81815563
85.95728391
86.0929673
86.21709587
86.32155293
86.39822228
86.4389903
86.4358466
86.38660521
86.29783184
86.17681578
86.03084834
85.86721568
85.69321385
85.51612976
85.34325346
85.18187447
85.03928291
84.92277052
84.83953883
84.79198223
84.77525758
84.78393206
84.81256643
84.85572331
84.90796418
84.96384987
85.01794825
85.06481969
85.09902522
85.11512884
85.10775838
85.07529017
85.0217248
84.9515287
84.86916716
84.77910531
84.68581488
84.59375885
84.507405
84.43121831
84.36966367
84.32721197
84.30825677
84.31323759
84.3366487
84.37248833
84.41476346
84.45747418
84.49462241
84.52021001
84.52823545
84.51270636
84.46762259
84.38698558
84.26488279
84.10010524
83.89853465
83.66662687
83.41084243
83.13764049
82.85348064
82.56482544
82.2781316
81.99985981
81.7364679
81.49441959
81.28012252
81.09717759
80.94496391
80.82251133
80.72885041
80.66301417
80.62403165
80.61093286
80.62274663
80.65850709
80.71724362
80.79798642
80.89973877
81.01998579
81.15394312
81.29662828
81.44306293
81.58826844
81.7272631
81.85507445
81.96672059
82.05722304
82.12166201
82.15838659
82.17067256
82.16219523
82.13663197
82.09765956
82.04895236
81.99419439
81.93705856
81.88122351
81.83036649
81.78816145
81.75824938
81.74196748
81.73719912
81.74154235
81.75259544
81.76796072
81.78523514
81.80201678
81.81590537
81.82449684
81.82539531
81.81619633
81.79452991
81.7597357
81.71372696
81.65863201
81.59657319
81.52967654
81.46006522
81.38986936
81.32121212
81.2562185
81.19701437
81.14572425
81.10445769
81.074505
81.05591105
81.04862029
81.05257669
81.06772749
81.09401777
81.13139021
81.17979108
81.23916176
81.30945359
81.39060677
81.48253975
81.5836157
81.68986034
81.79711316
81.90120615
81.99797496
82.08325357
82.15287571
82.20268123
82.22850161
82.22617133
82.19152749
82.12048387
82.01354381
81.87809514
81.72209819
81.55350993
81.38028688
81.21039277
81.05178366
80.91241771
80.80025461
80.7232508
80.68936852
80.70644969
80.77597438
80.88984606
81.03917851
81.21509214
81.40869972
81.61111651
81.81345715
82.0068363
82.18237334
82.33118052
82.44437406
82.51318356
82.53531687
82.51821447
82.47011955
82.399277
82.31392613
82.2223179
82.13269238
82.05329422
81.99236701
81.95805613
81.95318998
81.9725763
82.01036683
82.06071314
82.11776189
82.17567183
82.22858906
82.27066531
82.29605249
82.29889729
82.2733576
82.21365649
82.11825753
81.99199274
81.84021882
81.66829838
81.48158702
81.28544385
81.085226
80.88628979
80.69399962
80.51370874
80.35077806
80.21050728
80.09505389
80.00185325
79.92794486
79.87036941
79.82616735
79.79237949
79.76605105
79.74422011
79.72392892
79.70221558
79.67612588
79.64272971
79.60077116
79.55151378
79.49642706
79.43698019
79.37464644
79.31089435
79.24719388
79.18501356
79.12582705
79.07110421
79.02231306
78.98092079
78.94810944
78.92465027
78.91127146
78.90870417
78.91767991
78.93892682
78.97318088
79.02117067
79.0836273
79.16128198
79.25486269
79.36507692
79.49103707
79.62946502
79.77688682
79.92982642
80.08481519
80.2383768
80.3870371
80.5273235
80.65575759
80.76887236
80.86319028
80.93528814
80.98447737
81.01419255
81.02820858
81.03029733
81.02423109
81.01378413
81.00272544
80.99483365
80.99387895
81.00359276
81.02540237
81.0572646
81.09685663
81.1418494
81.18991624
81.23872874
81.28596356
81.32929247
81.36638822
81.39492429
81.412572
81.41703991
81.4077504
81.38671749
81.35616841
81.31832985
81.27542968
81.2296967
81.18335613
81.13863623
81.09776139
81.06296454
81.03646881
81.02046843
81.01522954
81.01811716
81.02626772
81.03680927
81.04687105
81.05358279
81.05407166
81.04547441
81.02491704
80.98953057
80.93644466
80.86281519
80.76737676
80.65122559
80.51565162
80.36194667
80.19139893
80.00530472
79.80495401
79.59163779
79.3666469
79.13127047
78.88680505
78.63456831
78.37745485
78.12073007
77.86985946
77.63030398
77.40752494
77.20698458
77.03414472
76.89446602
76.79341421
76.73644967
76.72903368
76.77651964
76.87840634
77.02535821
77.20731496
77.41421865
77.63600771
77.8626289
78.08401933
78.29012022
78.47087281
78.616216
78.71609505
78.76058963
78.74750286
78.68627287
78.58728793
78.46094542
78.31763377
78.16774628
78.02167437
77.88980702
77.78254213
77.71015881
77.67690359
77.67792657
77.7076319
77.760431
77.83072572
77.91292347
78.00142639
78.09064075
78.17497482
78.2488313
78.3066175
78.34279285
78.35477629
78.34447246
78.31413603
78.26602787
78.20240864
78.12553776
78.03767983
77.94109408
77.83803956
77.73077601
77.62156665
77.51265133
77.40509322
77.29818816
77.19108476
77.08293191
76.97288324
76.86008686
76.74369241
76.62284742
76.49670558
76.36441518
76.22512644
76.07800779
75.92327476
75.76273363
75.59830811
75.43192799
75.26552262
75.10101839
74.94034991
74.78544301
74.63822645
74.50062951
74.37457852
74.26200411
74.1645506
74.0834535
74.01991561
73.97513225
73.95031236
73.94665319
73.96535562
74.00762135
74.07464762
74.16764228
74.28780166
74.43626866
74.61093052
74.80476586
75.01036183
75.2202959
75.42714917
75.62350138
75.80193013
75.95502162
76.07535361
76.15550748
76.18806219
76.16570583
76.08706333
75.95970401
75.79192548
75.59202663
75.36830911
75.12907449
74.88262299
74.6372532
74.40126367
74.18289144
73.98658788
73.81110779
73.65474674
73.51579194
73.39253961
73.28327965
73.18630322
73.09990341
73.02236634
72.95199072
72.88706423
72.82588575
72.76704918
72.70960217
72.65263556
72.5952296
72.53647169
72.4754466
72.41123677
72.3429328
72.26961728
72.19037583
72.10429352
72.01048513
71.90982701
71.80583536
71.70224039
71.60277688
71.51117319
71.43116815
71.36649337
71.32088189
71.29806508
71.3017749
71.33574895
71.40364881
71.50543415
71.63546998
71.78767096
71.95594771
72.13421123
72.31637111
72.49633844
72.6680226
72.82533844
72.96219408
73.07250169
73.150232
73.19275932
73.20258789
73.18263327
73.13581558
73.06505299
72.97327108
72.86338633
72.73831903
72.60098846
72.45431287
72.30121811
72.14460759
71.98673697
71.82887602
71.67220822
71.51792854
71.36722272
71.22127734
71.08128317
70.9484229
70.82389224
70.70887577
70.60456159
70.51211362
70.43137845
70.36022237
70.2963467
70.23745036
70.18123481
70.12540002
70.06764998
70.00568463
69.93720473
69.85994256
69.77338364
69.67966769
69.58113866
69.48014857
69.3790452
69.28017684
69.18589708
69.09855302
69.02049445
68.95406984
68.90163013
68.86548925
68.84600962
68.84060695
68.84645889
68.86074768
68.88064735
68.90333768
68.92599356
68.9457935
68.95991594
68.96553815
68.95983909
68.9400392
68.90581767
68.8605692
68.80798029
68.75174366
68.69554962
68.64308799
68.59805542
68.56413974
68.54503318
68.54442798
68.56601076
68.61342111
68.68716367
68.78301898
68.89638842
69.02266571
69.15725721
69.29555542
69.43296071
69.56487052
69.68668064
69.79379523
69.88160893
69.94557791
69.98420521
70.00059861
69.99824543
69.98062855
69.95123093
69.91353633
69.87103057
69.82719923
69.78552361
69.74949057
69.72258232
69.70822943
69.70704086
69.71535149
69.7291507
69.74442777
69.75717153
69.76337305
69.75901981
69.74010096
69.70260209
69.64251874
69.55583694
69.4386004
69.28979969
69.11287467
68.91163387
68.68987934
68.45141304
68.20004207
67.93956559
67.67379554
67.40653076
67.14157844
66.88274061
66.63379111
66.39698452
66.17226202
65.95937909
65.75809031
65.56814972
65.38931876
65.22134871
65.06399597
64.9170165
64.78017543
64.65398736
64.54007059
64.44013916
64.35590508
64.28907861
64.24137919
64.21451677
64.21020476
64.2301553
64.27608051
64.34969592
64.45266129
64.58375106
64.73738052
64.90761791
65.08852717
65.27417214
65.45861585
65.63592242
65.80015298
65.94537738
66.0656564
66.15505324
66.20771243
66.22203354
66.20285785
66.15554007
66.08543891
65.99791357
65.89832559
65.79203418
65.68439799
65.58077576
65.48652635
65.40701222
65.34752481
65.30980106
65.29019795
65.28464136
65.28905881
65.29937191
65.3115043
65.32137888
65.32491765
65.31804897
65.29669431
65.25677709
65.19428668
65.1087336
65.00496188
64.8882374
64.76383117
64.63701359
64.51305245
64.39722372
64.29479567
64.21103971
64.15122541
64.12062078
64.12441157
64.16290935
64.2290722
64.31526974
64.41386079
64.51721522
64.61769336
64.70765904
64.77947419
64.82550475
64.83811411
64.80966588
64.73263525
64.60547243
64.43567298
64.23145335
64.00103632
63.75264363
63.49449835
63.23482178
62.98184081
62.74377487
62.52876721
62.34068384
62.17693783
62.03441327
61.90999383
61.80056473
61.70300637
61.61420985
61.53105446
61.4504259
61.36920729
61.28427989
61.19259037
61.09403189
60.99297698
60.89415667
60.80230164
60.7221514
60.65843619
60.61588955
60.59924527
60.61323253
60.66259251
60.7520549
60.88625181
61.06449072
61.27801299
61.51742245
61.77330988
62.03626982
62.29689392
62.54577707
62.77351561
62.9707013
63.12792809
63.2357893
63.28499795
63.27265057
63.20548562
63.09101984
62.93677556
62.75027535
62.53904073
62.31059391
62.07245622
61.83214796
61.5971933
61.3751142
61.17337622
60.99650473
60.84457331
60.71730802
60.61442143
60.53563192
60.48065484
60.44920572
60.44100585
60.45577094
60.49321642
60.55306069
60.63495331
60.73525549
60.8453191
60.95610101
61.05855307
61.1436253
61.20227759
61.22545865
61.20412238
61.12922144
60.99170641
60.78253386
60.49285448
60.12428683
59.69428851
59.22159094
58.72493941
58.22307077
57.7347247
57.27864134
56.87355842
56.53822136
56.29114704
56.1392823
56.072056
56.0774917
56.14360514
56.2584089
56.40991702
56.58614087
56.77510011
56.96480649
57.14327378
57.29851578
57.41867122
57.49845902
57.54256006
57.55645139
57.54561613
57.51553589
57.47169653
57.4195814
57.36467273
57.31245385
57.26840601
57.23801716
57.22669105
57.23578896
57.26054798
57.29571075
57.33602745
57.376236
57.41108003
57.43530307
57.4436429
57.43085124
57.39166514
57.3208287
57.21317323
57.06822556
56.8926264
56.69358264
56.47830376
56.2540037
56.0278879
55.80717554
55.59907483
55.41079594
55.24955083
55.12255075
55.03693518
54.99600393
54.99724957
55.03769591
55.11436221
55.22427638
55.36445824
55.53192948
55.7237112
55.93682636
56.16829826
56.41514859
56.67435798
56.94071097
57.20567937
57.46046248
57.6962591
57.90426837
58.07568723
58.20172058
58.2735644
58.2824183
58.21948135
58.07594933
57.84321431
57.52249083
57.12986997
56.68264069
56.19809723
55.6935393
55.1862603
54.69355582
54.23272226
53.82105269
53.47567519
53.20463374
53.0022421
52.86170702
52.77622562
52.73900679
52.74324794
52.78214936
52.84891461
52.93673939
53.03883244
53.14839129
53.25866398
53.36534994
53.46785506
53.5658925
53.65916903
53.74739364
53.83027486
53.90752159
53.97884601
54.04395548
54.10255921
54.15436687
54.19907663
54.23598001
54.26373236
54.28094119
54.28621308
54.27815579
54.25537776
54.21648508
54.16008508
54.08478358
53.98919017
53.87191138
53.73159036
53.56876552
53.38684137
53.1894615
52.98026175
52.7628827
52.54096194
52.31813813
52.09805303
51.88434539
51.68065434
51.49061838
51.31785199
51.16477978
51.03200468
50.91998941
50.82919324
50.76007473
50.7130996
50.68872435
50.68741099
50.70962016
50.7558061
50.82643895
50.92192064
51.039807
51.17334018
51.31541333
51.45892818
51.59677323
51.72184297
51.82703136
51.90522983
51.9493375
51.95224554
51.90684694
51.80616045
51.64977685
51.44723247
51.20886161
50.94500436
50.66599626
50.38218249
50.10390192
49.84149204
49.60529393
49.40555154
49.24754501
49.12904843
49.04722517
48.99923555
48.98224012
48.99340445
49.02988925
49.08885719
49.1674671
49.26287978
49.37226285
49.4927695
49.62123653
49.75402209
49.8874422
50.01781982
50.14147078
50.25471514
50.35386827
50.43524779
50.4951765
50.52997035
50.53594755
50.50948848
50.45025417
50.36287649
50.25238251
50.1238002
49.98216125
49.83249244
49.6798287
49.52919897
49.38563286
49.25415869
49.13980743
49.04754808
48.97896939
48.93056273
48.89840406
48.87856578
48.86712759
48.86016458
48.85374969
48.84395794
48.82686363
48.79854536
48.75507611
48.69259898
48.61076382
48.51453837
48.40931527
48.30048864
48.19345378
48.0936019
48.00633595
47.93704548
47.89112635
47.87397404
47.89098204
47.94745816
48.04397188
48.17393129
48.33016607
48.50550207
48.69277264
48.88480239
49.07441773
49.2544478
49.41771696
49.5570586
49.66529739
49.73532847
49.76363309
49.75210636
49.70309245
49.61892938
49.50195525
49.35451066
49.17893195
48.97756521
48.75274705
48.50681638
48.2421133
47.96100747
47.66757311
47.36843969
47.07044899
46.78044352
46.50526345
46.25175511
46.02675726
45.83711281
45.68966253
45.59114619
45.54273943
45.53721183
45.56665295
45.62315
45.69878801
45.78565953
45.87584822
45.96144217
46.03452532
46.08718967
46.11151985
46.09969545
46.04877186
45.9631676
45.84790877
45.70801468
45.5485075
45.37440917
45.19073824
45.00252408
44.8147849
44.63254232
44.46082065
44.30459682
44.16675115
44.04696496
43.9446651
43.85927759
43.790224
43.73693729
43.69884021
43.67535679
43.66591462
43.66993536
43.6868512
43.71607446
43.75650846
43.80628054
43.86345161
43.92609111
43.9922613
44.06002516
44.12744708
44.19258781
44.25351711
44.30829697
44.35499025
44.391696
44.41832044
44.43751278
44.45213845
44.4650642
44.47915591
44.49728459
44.52231787
44.5571216
44.60456436
44.66751037
44.74883391
44.85132321
44.97373535
45.10872985
45.2484716
45.3851277
45.51086132
45.61783657
45.6982182
45.74416561
45.74784987
45.70143341
45.59707648
45.42707048
45.19029068
44.89557451
44.55256271
44.1708999
43.76023008
43.330194
42.89044478
42.45062169
42.02037217
41.60927503
41.22356809
40.86444859
40.53269338
40.22908174
39.95439348
39.70940417
39.49489946
39.31165561
39.16045165
39.04206735
38.95728
38.90684
38.88973182
38.90228733
38.9406185
39.00083806
39.07906563
39.17141119
39.2739888
39.38291152
39.49429181
39.60424866
39.70889169
39.80436872
39.88856051
39.96197794
40.02534356
40.07937601
40.12479827
40.16232906
40.1926953
40.21661703
40.23481406
40.24801022
40.25692393
40.26227054
40.26429423
40.26252261
40.2564298
40.24548536
40.229168
40.20694867
40.17829938
40.14269216
40.09959839
40.04849679
39.98885528
39.92017985
39.84361061
39.76275765
39.68144254
39.60347639
39.53267528
39.47285391
39.42782585
39.40141054
39.39742194
39.41967363
39.47198387
39.55804587
39.67535408
39.81202029
39.95539317
40.09281962
40.21164499
40.29922248
40.34289541
40.33001301
40.24791924
40.08396612
39.82549591
39.4601155
38.98911261
38.43442348
37.81967095
37.16848817
36.50449852
35.85133123
35.2326108
34.67196944
34.19303447
33.81917489
33.55991141
33.4038812
33.3380178
33.34924416
33.4244851
33.5506687
33.71471704
33.90356257
34.10412773
34.30333903
34.48812175
34.64551302
34.76866841
34.85995139
34.9224796
34.95937478
34.97375287
34.96874318
34.94746042
34.91302603
34.86856158
34.81718222
34.76201563
34.70617439
34.65248061
34.60331199
34.56101322
34.52793179
34.5064096
34.4987902
34.50741645
34.53463066
34.58278311
34.65421415
34.7512673
34.87622907
35.0282249
35.20163371
35.39043353
35.58860603
35.79013171
35.98899278
36.17917312
36.35465138
36.50941044
36.63742777
36.7326913
36.78926314
36.80574704
36.78758886
36.74079202
36.6713662
36.58531731
36.48865125
36.38737511
36.28749212
36.19501477
36.11594576
36.05629395
36.02196841
36.01362872
36.02404606
36.04532929
36.06958992
36.0889422
36.09549451
36.08136588
36.03866583
35.95950674
35.83600222
35.66025816
35.42453168
35.12832921
34.78211171
34.39723796
33.98506461
33.55695744
33.12427424
32.69837314
32.29061439
31.91235661
31.57485824
31.28365259
31.03566336
30.82710102
30.65418282
30.51312226
30.40013332
30.31142826
30.24322012
30.19172211
30.15315204
30.12372004
30.09967917
30.07933469
30.06409271
30.05561419
30.05555682
30.06557967
30.08734105
30.12250473
30.17272671
30.23966785
30.32498699
30.4303403
30.55734239
30.70479552
30.86728529
31.0390493
31.21432328
31.38735106
31.5523678
31.70361116
31.83531871
31.94172737
32.01707948
32.05560883
32.05164958
32.00464189
31.9217133
31.81063795
31.6791784
31.53509994
31.38616947
31.24015126
31.10481621
30.98792758
30.89725182
30.84055665
30.82550018
30.85417243
30.92024701
31.01670828
31.13654165
31.27272791
31.41825827
31.56611446
31.709281
31.84074174
31.95348262
32.04048899
32.09483411
32.11451919
32.10495178
32.0721622
32.02217142
31.96100284
31.89467964
31.82922314
31.77066018
31.72501539
31.69831037
31.69656882
31.72568939
31.7848252
31.86296187
31.94824937
32.02883616
32.09287039
32.12850686
32.12389291
32.06717802
31.94651151
31.75004007
31.46591879
31.08253943
30.60168642
30.04529552
29.43696266
28.80029247
28.15888141
27.53632768
26.95622926
26.44218165
26.01779248
25.70638313
25.51638586
25.43381566
25.44283398
25.52761279
25.67231583
25.86110759
26.07815436
26.30761688
26.53366829
26.74047203
26.91219194
27.03314887
27.0961637
27.10686262
27.07191786
26.99800475
26.89179742
26.75997135
26.60920542
26.4461729
26.27754878
26.11000537
25.95022514
25.80483259
25.67788553
25.56957244
25.47976107
25.408321
25.35512271
25.32003435
25.30292514
25.30366211
25.32211804
25.35816001
25.41165701
25.48245348
25.56894574
25.66737891
25.77380607
25.88428264
25.99486714
26.10161251
26.20058248
26.28783157
26.3594152
26.41139122
26.43981346
26.44080157
26.41351728
26.3617257
26.28957178
26.20119269
26.10073844
25.99234999
25.88016885
25.7683396
25.66100118
25.56230201
25.47638458
25.40730386
25.35432933
25.30953565
25.26440437
25.21041178
25.13903661
25.04176032
24.91005612
24.73541088
24.50929966
24.22320209
23.868596
23.43714977
22.93101065
22.3680754
21.7675453
21.14861686
20.53049813
19.93238539
19.37348022
18.8729816
18.45008859
18.12379206
17.90115664
17.77132901
17.72197446
17.74075663
17.81534604
17.93340764
18.08260508
18.25060572
18.42507101
18.59367512
18.74407953
18.86407947
18.94859628
19.00326756
19.03462664
19.04919614
19.05350217
19.05407103
19.05742468
19.07009696
19.09861093
19.14949101
19.22926528
19.34437161
19.49665302
19.681009
19.89176996
20.12326886
20.3698318
20.6257984
20.88549611
21.14325603
21.39340861
21.63028589
21.84822164
22.04159075
22.20728878
22.34599687
22.45871774
22.54644629
22.61017916
22.65091315
22.66964369
22.66736862
22.64508796
22.60379545
22.54448884
22.46819297
22.377559
22.27767466
22.17382986
22.07131301
21.97541252
21.89142334
21.82463265
21.78032985
21.76380502
21.78034564
21.83524688
21.93367048
22.07386181
22.24365654
22.43002937
22.61996296
22.8004324
22.95841295
23.08088426
23.1548182
23.16719959
23.10500097
22.95520172
22.70499337
22.35349793
21.91780402
21.4164658
20.86804485
20.29109869
19.70418782
19.12587606
18.57472041
18.06928133
17.62795321
17.25994782
16.96067926
16.72441389
16.54542068
16.41796675
16.33632264
16.29475902
16.28754327
16.30894377
16.35322626
16.41466646
16.48756648
16.56821572
16.65589168
16.75011506
16.85041608
16.95631512
17.06733584
17.18300152
17.3028332
17.42636003
17.55310471
17.68258829
17.81433697
17.94797447
18.08328053
18.22004083
18.35804284
18.49707604
18.63692215
18.77737857
18.91822752
19.05925776
19.20025754
19.34101051
19.4813022
19.62037465
19.75667455
19.88858002
20.01446776
20.13272354
20.24172379
20.33984744
20.425473
20.49697813
20.55274765
20.59115796
20.61062694
20.61164496
20.59782933
20.57305847
20.54120387
20.50613952
20.47173775
20.44187808
20.42043311
20.41127595
20.4182809
20.44532151
20.49617029
20.56896196
20.65333469
20.73823045
20.81258904
20.86535648
20.88547368
20.86188189
20.78352308
20.63933485
20.41826752
20.10925893
19.70147302
19.19638599
18.61399888
17.97584714
17.30345624
16.6183548
15.94207189
15.29613485
14.70207924
14.18143023
13.75549394
13.43314782
13.20456225
13.05838447
12.98324685
12.96778507
13.00063659
13.07043326
13.16581858
13.27542654
13.38789406
13.49185645
13.57604957
13.6349117
13.67143673
13.68932499
13.69227848
13.68399605
13.66818609
13.64854694
13.62878027
13.61258759
13.60367001
13.60573328
13.62245169
13.65613508
13.70702979
13.77522123
13.86078889
13.96381218
14.08437175
14.22254861
14.37841907
14.55207062
14.74357957
14.95302676
15.18045102
15.42370075
15.6773094
15.93554309
16.19266734
16.44294139
16.68063853
16.90001847
17.09534741
17.26089009
17.39090677
17.47966999
17.52154834
17.51682497
17.47468539
17.40504133
17.31781742
17.22292431
17.13028095
17.04980212
16.99140023
16.96500116
16.98051638
17.0478604
17.17674738
17.36559256
17.5958114
17.84741703
18.10042545
18.33485081
18.53070416
18.66800611
18.72676708
18.68700316
18.52872794
18.23195432
17.7770841
17.16551607
16.43030389
15.6070845
14.73150158
13.839206
12.96583978
12.14704789
11.41847329
10.81576304
10.37418207
10.1080269
10
10.03022163
10.17881708
10.42589783
10.75158076
11.13598276
11.55921779
12.00140718
12.44266779
12.8631142
13.24304914
13.57294951
13.85863967
14.10718818
14.32566772
14.52115527
14.7007176
14.87143946
15.04038877
15.21464088
15.40127106
15.60734659
15.83986883
16.10127017
16.38712473
16.69244431
17.01223818
17.34152531
17.67531291
18.00861281
18.33643865
18.65379653
18.95570558
19.23717428
19.49328856
19.72313366
19.93183296
20.12500657
20.30826811
20.48723428
20.66752007
20.85474523
21.05452613