0.0000019031432055655700 
0.0000019618374893175400 
0.0000020205317730695200 
0.0000020792260568214900 
0.0000021379203405734600 
0.0000021966146243254300 
0.0000022553089080774000 
0.0000023003828214590000 
0.0000023454567348406000 
0.0000023905306482222000 
0.0000024356045616038000 
0.0000024806784749854100 
0.0000025257523883670100 
0.0000025708263017486100 
0.0000026159002151302100 
0.0000026609741285118100 
0.0000027060480418934100 
0.0000027511219552750100 
0.0000027961958686566100 
0.0000028891864487048800 
0.0000029821770287531500 
0.0000030751676088014100 
0.0000031681581888496800 
0.0000032611487688979500 
0.0000033541393489462200 
0.0000034471299289944800 
0.0000035401205090427500 
0.0000036331110890910200 
0.0000037261016691392900 
0.0000038190922491875500 
0.0000039120828292358200 
0.0000040735919278026100 
0.0000042351010263693900 
0.0000043966101249361800 
0.0000045581192235029700 
0.0000047196283220697500 
0.0000048811374206365400 
0.0000050426465192033200 
0.0000052041556177701100 
0.0000053656647163368900 
0.0000055271738149036800 
0.0000056886829134704700 
0.0000058501920120372500 
0.0000059729974069003400 
0.0000060958028017634200 
0.0000062186081966265000 
0.0000063414135914895800 
0.0000064642189863526600 
0.0000065870243812157500 
0.0000067098297760788300 
0.0000068326351709419100 
0.0000069554405658049900 
0.0000070782459606680800 
0.0000072010513555311600 
0.0000073238567503942400 
0.0000074849028859980600 
0.0000076459490216018900 
0.0000078069951572057100 
0.0000079680412928095300 
0.0000081290874284133600 
0.0000082901335640171800 
0.0000084511796996210000 
0.0000086122258352248300 
0.0000087732719708286500 
0.0000089343181064324700 
0.0000090953642420363000 
0.0000092564103776401200 
0.0000094714842910217200 
0.0000096865582044033200 
0.0000099016321177849200 
0.0000101167060311665000 
0.0000103317799445481000 
0.0000105468538579297000 
0.0000107619277713113000 
0.0000109770016846929000 
0.0000111920755980745000 
0.0000114071495114561000 
0.0000116222234248377000 
0.0000118372973382193000 
0.0000121065471775269000 
0.0000123757970168344000 
0.0000126450468561419000 
0.0000129142966954494000 
0.0000131835465347570000 
0.0000134527963740645000 
0.0000137220462133720000 
0.0000139912960526795000 
0.0000142605458919871000 
0.0000145297957312946000 
0.0000148450548298614000 
0.0000151603139284282000 
0.0000154755730269950000 
0.0000157908321255617000 
0.0000161060912241285000 
0.0000164213503226953000 
0.0000167366094212621000 
0.0000170518685198289000 
0.0000173671276183957000 
0.0000176823867169625000 
0.0000179976458155292000 
0.0000183129049140960000 
0.0000187014510496999000 
0.0000190899971853037000 
0.0000194785433209075000 
0.0000198670894565113000 
0.0000202556355921151000 
0.0000206441817277190000 
0.0000210327278633228000 
0.0000214212739989266000 
0.0000218098201345304000 
0.0000221983662701343000 
0.0000225869124057381000 
0.0000229754585413419000 
0.0000234277546769457000 
0.0000238800508125496000 
0.0000243323469481534000 
0.0000247846430837572000 
0.0000252369392193610000 
0.0000256892353549648000 
0.0000261415314905687000 
0.0000265938276261725000 
0.0000270461237617763000 
0.0000274984198973801000 
0.0000279507160329840000 
0.0000284030121685878000 
0.0000289372990449323000 
0.0000294715859212769000 
0.0000300058727976215000 
0.0000305401596739660000 
0.0000310744465503106000 
0.0000316087334266552000 
0.0000321430203029997000 
0.0000326773071793443000 
0.0000332115940556889000 
0.0000337458809320334000 
0.0000342801678083780000 
0.0000348144546847225000 
0.0000353407323018079000 
0.0000358670099188932000 
0.0000363932875359785000 
0.0000369195651530638000 
0.0000374458427701491000 
0.0000379721203872344000 
0.0000384983980043197000 
0.0000390246756214050000 
0.0000395509532384903000 
0.0000400772308555756000 
0.0000406035084726609000 
0.0000411297860897462000 
0.0000417253692623871000 
0.0000423209524350279000 
0.0000429165356076688000 
0.0000435121187803096000 
0.0000441077019529505000 
0.0000447032851255914000 
0.0000452988682982322000 
0.0000458944514708731000 
0.0000464900346435139000 
0.0000470856178161548000 
0.0000476812009887957000 
0.0000482767841614365000 
0.0000490296451118552000 
0.0000497825060622738000 
0.0000505353670126924000 
0.0000512882279631111000 
0.0000520410889135297000 
0.0000527939498639484000 
0.0000535468108143670000 
0.0000542996717647856000 
0.0000550525327152043000 
0.0000558053936656229000 
0.0000565020416530786000 
0.0000571986896405343000 
0.0000578953376279899000 
0.0000585919856154456000 
0.0000592886336029013000 
0.0000599852815903569000 
0.0000606819295778126000 
0.0000613785775652683000 
0.0000620752255527240000 
0.0000627718735401796000 
0.0000634685215276353000 
0.0000641651695150910000 
0.0000648283452803244000 
0.0000654915210455579000 
0.0000661546968107913000 
0.0000668178725760248000 
0.0000674810483412583000 
0.0000681442241064917000 
0.0000688073998717252000 
0.0000694705756369586000 
0.0000701337514021921000 
0.0000707969271674255000 
0.0000714601029326590000 
0.0000721232786978924000 
0.0000728178896483111000 
0.0000735125005987297000 
0.0000742071115491484000 
0.0000749017224995670000 
0.0000755963334499856000 
0.0000762909444004043000 
0.0000769855553508229000 
0.0000776801663012415000 
0.0000783747772516602000 
0.0000790693882020788000 
0.0000797639991524974000 
0.0000804586101029161000 
0.0000811882210533347000 
0.0000819178320037533000 
0.0000826474429541720000 
0.0000833770539045906000 
0.0000841066648550093000 
0.0000848362758054279000 
0.0000855658867558466000 
0.0000862954977062652000 
0.0000870251086566838000 
0.0000877547196071025000 
0.0000884843305575211000 
0.0000892139415079398000 
0.0000900047561620621000 
0.0000907955708161844000 
0.0000915863854703068000 
0.0000923772001244291000 
0.0000931680147785515000 
0.0000939588294326738000 
0.0000947496440867961000 
0.0000955404587409185000 
0.0000963312733950408000 
0.0000971220880491632000 
0.0000979129027032855000 
0.0000987037173574078000 
0.0000995171246041228000 
0.0001003305318508380000 
0.0001011439390975530000 
0.0001019573463442680000 
0.0001027707535909830000 
0.0001035841608376970000 
0.0001043975680844120000 
0.0001052109753311270000 
0.0001060243825778420000 
0.0001068377898245570000 
0.0001076511970712720000 
0.0001084646043179870000 
0.0001093967986017390000 
0.0001103289928854910000 
0.0001112611871692430000 
0.0001121933814529950000 
0.0001131255757367470000 
0.0001140577700204990000 
0.0001149899643042510000 
0.0001159221585880030000 
0.0001168543528717550000 
0.0001177865471555070000 
0.0001185540284762960000 
0.0001193215097970850000 
0.0001200889911178740000 
0.0001208564724386630000 
0.0001216239537594520000 
0.0001223914350802410000 
0.0001231589164010300000 
0.0001239263977218190000 
0.0001246938790426080000 
0.0001254613603633970000 
0.0001262288416841860000 
0.0001269963230049750000 
0.0001277669987702080000 
0.0001285376745354420000 
0.0001293083503006750000 
0.0001300790260659090000 
0.0001308497018311420000 
0.0001316203775963760000 
0.0001323910533616090000 
0.0001331617291268430000 
0.0001339324048920760000 
0.0001347030806573090000 
0.0001354737564225430000 
0.0001362444321877760000 
0.0001370348764715280000 
0.0001378253207552800000 
0.0001386157650390320000 
0.0001394062093227840000 
0.0001401966536065360000 
0.0001409870978902880000 
0.0001417775421740400000 
0.0001425679864577920000 
0.0001433584307415440000 
0.0001441488750252960000 
0.0001449393193090480000 
0.0001457297635928000000 
0.0001464686338024780000 
0.0001472075040121560000 
0.0001479463742218340000 
0.0001486852444315120000 
0.0001494241146411890000 
0.0001501629848508670000 
0.0001509018550605450000 
0.0001516407252702230000 
0.0001523795954799010000 
0.0001531184656895790000 
0.0001538573358992570000 
0.0001545962061089350000 
0.0001553838726149090000 
0.0001561715391208830000 
0.0001569592056268570000 
0.0001577468721328310000 
0.0001585345386388060000 
0.0001593222051447800000 
0.0001601098716507540000 
0.0001608975381567280000 
0.0001616852046627020000 
0.0001624728711686770000 
0.0001632605376746510000 
0.0001640482041806250000 
0.0001647793892051180000 
0.0001655105742296100000 
0.0001662417592541030000 
0.0001669729442785960000 
0.0001677041293030890000 
0.0001684353143275810000 
0.0001691664993520740000 
0.0001698976843765670000 
0.0001706288694010590000 
0.0001713600544255520000 
0.0001720912394500450000 
0.0001728224244745380000 
0.0001737454520916230000 
0.0001746684797087080000 
0.0001755915073257930000 
0.0001765145349428790000 
0.0001774375625599640000 
0.0001783605901770490000 
0.0001792836177941350000 
0.0001802066454112200000 
0.0001811296730283050000 
0.0001820527006453910000 
0.0001828379134476610000 
0.0001836231262499320000 
0.0001844083390522020000 
0.0001851935518544730000 
0.0001859787646567430000 
0.0001867639774590140000 
0.0001875491902612840000 
0.0001883344030635550000 
0.0001891196158658250000 
0.0001899048286680960000 
0.0001906900414703660000 
0.0001914752542726370000 
0.0001921420874452770000 
0.0001928089206179180000 
0.0001934757537905590000 
0.0001941425869632000000 
0.0001948094201358410000 
0.0001954762533084820000 
0.0001961430864811230000 
0.0001968099196537630000 
0.0001974767528264040000 
0.0001981435859990450000 
0.0001988104191716860000 
0.0001994772523443270000 
0.0002001070021836340000 
0.0002007367520229420000 
0.0002013665018622490000 
0.0002019962517015570000 
0.0002026260015408640000 
0.0002032557513801720000 
0.0002038855012194790000 
0.0002045152510587870000 
0.0002051450008980950000 
0.0002057747507374020000 
0.0002064045005767100000 
0.0002070342504160170000 
0.0002075669632182880000 
0.0002080996760205580000 
0.0002086323888228290000 
0.0002091651016250990000 
0.0002096978144273700000 
0.0002102305272296400000 
0.0002107632400319110000 
0.0002112959528341810000 
0.0002118286656364520000 
0.0002123613784387220000 
0.0002128940912409930000 
0.0002134268040432630000 
0.0002139888686973850000 
0.0002145509333515080000 
0.0002151129980056300000 
0.0002156750626597520000 
0.0002162371273138750000 
0.0002167991919679970000 
0.0002173612566221190000 
0.0002179233212762420000 
0.0002184853859303640000 
0.0002190474505844860000 
0.0002196095152386090000 
0.0002201715798927310000 
0.0002206741538061130000 
0.0002211767277194940000 
0.0002216793016328760000 
0.0002221818755462580000 
0.0002226844494596390000 
0.0002231870233730210000 
0.0002236895972864020000 
0.0002241921711997840000 
0.0002246947451131660000 
0.0002251973190265470000 
0.0002256998929399290000 
0.0002262024668533100000 
0.0002267162444703960000 
0.0002272300220874810000 
0.0002277437997045660000 
0.0002282575773216520000 
0.0002287713549387370000 
0.0002292851325558220000 
0.0002297989101729070000 
0.0002303126877899930000 
0.0002308264654070780000 
0.0002313402430241630000 
0.0002318540206412490000 
0.0002323677982583340000 
0.0002330038814309750000 
0.0002336399646036160000 
0.0002342760477762570000 
0.0002349121309488970000 
0.0002355482141215380000 
0.0002361842972941790000 
0.0002368203804668200000 
0.0002374564636394610000 
0.0002380925468121020000 
0.0002387286299847430000 
0.0002391864816759020000 
0.0002396443333670610000 
0.0002401021850582210000 
0.0002405600367493800000 
0.0002410178884405390000 
0.0002414757401316990000 
0.0002419335918228580000 
0.0002423914435140180000 
0.0002428492952051770000 
0.0002433071468963360000 
0.0002437649985874960000 
0.0002442228502786550000 
0.0002445743593772220000 
0.0002449258684757890000 
0.0002452773775743550000 
0.0002456288866729220000 
0.0002459803957714890000 
0.0002463319048700560000 
0.0002466834139686230000 
0.0002470349230671890000 
0.0002473864321657560000 
0.0002477379412643230000 
0.0002480894503628900000 
0.0002484409594614570000 
0.0002487872833748380000 
0.0002491336072882200000 
0.0002494799312016010000 
0.0002498262551149830000 
0.0002501725790283650000 
0.0002505189029417460000 
0.0002508652268551280000 
0.0002512115507685090000 
0.0002515578746818910000 
0.0002519041985952730000 
0.0002522505225086540000 
0.0002525968464220360000 
0.0002529375221872690000 
0.0002532781979525030000 
0.0002536188737177360000 
0.0002539595494829700000 
0.0002543002252482030000 
0.0002546409010134360000 
0.0002549815767786700000 
0.0002553222525439030000 
0.0002556629283091370000 
0.0002560036040743700000 
0.0002563442798396040000 
0.0002566849556048370000 
0.0002568942887774780000 
0.0002571036219501190000 
0.0002573129551227600000 
0.0002575222882954010000 
0.0002577316214680420000 
0.0002579409546406820000 
0.0002581502878133230000 
0.0002583596209859640000 
0.0002585689541586050000 
0.0002587782873312460000 
0.0002589876205038870000 
0.0002591969536765280000 
0.0002593963331454650000 
0.0002595957126144020000 
0.0002597950920833390000 
0.0002599944715522760000 
0.0002601938510212130000 
0.0002603932304901500000 
0.0002605926099590880000 
0.0002607919894280250000 
0.0002609913688969620000 
0.0002611907483658990000 
0.0002613901278348360000 
0.0002615895073037730000 
0.0002617843682541920000 
0.0002619792292046110000 
0.0002621740901550290000 
0.0002623689511054480000 
0.0002625638120558670000 
0.0002627586730062850000 
0.0002629535339567040000 
0.0002631483949071230000 
0.0002633432558575410000 
0.0002635381168079600000 
0.0002637249499806010000 
0.0002639117831532420000 
0.0002640986163258820000 
0.0002642854494985230000 
0.0002644722826711640000 
0.0002646591158438050000 
0.0002648459490164460000 
0.0002650327821890870000 
0.0002652196153617280000 
0.0002654064485343680000 
0.0002655932817070090000 
0.0002657801148796500000 
0.0002659221795337720000 
0.0002660642441878950000 
0.0002662063088420170000 
0.0002663483734961400000 
0.0002664904381502620000 
0.0002666325028043840000 
0.0002667745674585060000 
0.0002669166321126290000 
0.0002670586967667510000 
0.0002672007614208740000 
0.0002673428260749960000 
0.0002674848907291180000 
0.0002675657979758330000 
0.0002676467052225480000 
0.0002677276124692630000 
0.0002678085197159780000 
0.0002678894269626930000 
0.0002679703342094080000 
0.0002680512414561230000 
0.0002681321487028380000 
0.0002682130559495530000 
0.0002682939631962680000 
0.0002683748704429830000 
0.0002684557776896970000 
0.0002686020090104860000 
0.0002687482403312750000 
0.0002688944716520640000 
0.0002690407029728530000 
0.0002691869342936420000 
0.0002693331656144310000 
0.0002694793969352210000 
0.0002696256282560090000 
0.0002697718595767980000 
0.0002699180908975870000 
0.0002700643222183760000 
0.0002702105535391650000 
0.0002703088218969920000 
0.0002704070902548180000 
0.0002705053586126440000 
0.0002706036269704700000 
0.0002707018953282960000 
0.0002708001636861220000 
0.0002708984320439480000 
0.0002709967004017740000 
0.0002710949687596000000 
0.0002711932371174260000 
0.0002712915054752520000 
0.0002713897738330780000 
0.0002714304958946080000 
0.0002714712179561380000 
0.0002715119400176670000 
0.0002715526620791970000 
0.0002715933841407270000 
0.0002716341062022560000 
0.0002716748282637860000 
0.0002717155503253160000 
0.0002717562723868460000 
0.0002717969944483760000 
0.0002718377165099050000 
0.0002718784385714350000 
0.0002719732439662980000 
0.0002720680493611610000 
0.0002721628547560240000 
0.0002722576601508870000 
0.0002723524655457510000 
0.0002724472709406140000 
0.0002725420763354770000 
0.0002726368817303400000 
0.0002727316871252030000 
0.0002728264925200660000 
0.0002728449460630770000 
0.0002728633996060880000 
0.0002728818531491000000 
0.0002729003066921110000 
0.0002729187602351220000 
0.0002729372137781330000 
0.0002729556673211440000 
0.0002729741208641560000 
0.0002729925744071670000 
0.0002730110279501780000 
0.0002730294814931890000 
0.0002730479350362010000 
0.0002731502311718040000 
0.0002732525273074080000 
0.0002733548234430120000 
0.0002734571195786160000 
0.0002735594157142200000 
0.0002736617118498240000 
0.0002737640079854270000 
0.0002738663041210310000 
0.0002739686002566350000 
0.0002740708963922390000 
0.0002741731925278430000 
0.0002742754886634460000 
0.0002743319051694210000 
0.0002743883216753950000 
0.0002744447381813690000 
0.0002745011546873430000 
0.0002745575711933180000 
0.0002746139876992920000 
0.0002746704042052660000 
0.0002747268207112400000 
0.0002747832372172140000 
0.0002748396537231880000 
0.0002748960702291630000 
0.0002749524867351370000 
0.0002749919125003700000 
0.0002750313382656040000 
0.0002750707640308370000 
0.0002751101897960710000 
0.0002751496155613040000 
0.0002751890413265380000 
0.0002752284670917710000 
0.0002752678928570040000 
0.0002753073186222380000 
0.0002753467443874710000 
0.0002753861701527050000 
0.0002754255959179380000 
0.0002754626142757640000 
0.0002754996326335900000 
0.0002755366509914160000 
0.0002755736693492420000 
0.0002756106877070690000 
0.0002756477060648940000 
0.0002756847244227210000 
0.0002757217427805470000 
0.0002757587611383730000 
0.0002757957794961990000 
0.0002758327978540250000 
0.0002758698162118510000 
0.0002758686864215290000 
0.0002758675566312070000 
0.0002758664268408840000 
0.0002758652970505620000 
0.0002758641672602400000 
0.0002758630374699180000 
0.0002758619076795960000 
0.0002758607778892740000 
0.0002758596480989520000 
0.0002758585183086300000 
0.0002758573885183080000 
0.0002758562587279860000 
0.0002759114530117380000 
0.0002759666472954900000 
0.0002760218415792410000 
0.0002760770358629930000 
0.0002761322301467450000 
0.0002761874244304970000 
0.0002762426187142490000 
0.0002762978129980010000 
0.0002763530072817530000 
0.0002764082015655050000 
0.0002764158217751830000 
0.0002764234419848610000 
0.0002764310621945390000 
0.0002764386824042170000 
0.0002764463026138950000 
0.0002764539228235730000 
0.0002764615430332510000 
0.0002764691632429280000 
0.0002764767834526060000 
0.0002764844036622840000 
0.0002764920238719620000 
0.0002764996440816400000 
0.0002765596716987250000 
0.0002766196993158110000 
0.0002766797269328960000 
0.0002767397545499810000 
0.0002767997821670670000 
0.0002768598097841520000 
0.0002769198374012370000 
0.0002769798650183220000 
0.0002770398926354080000 
0.0002770999202524930000 
0.0002771599478695780000 
0.0002772199754866640000 
0.0002772308364370820000 
0.0002772416973875010000 
0.0002772525583379200000 
0.0002772634192883380000 
0.0002772742802387570000 
0.0002772851411891750000 
0.0002772960021395940000 
0.0002773068630900130000 
0.0002773177240404310000 
0.0002773285849908500000 
0.0002773394459412690000 
0.0002773503068916870000 
0.0002773865845087730000 
0.0002774228621258580000 
0.0002774591397429430000 
0.0002774954173600290000 
0.0002775316949771140000 
0.0002775679725941990000 
0.0002776042502112850000 
0.0002776405278283700000 
0.0002776768054454550000 
0.0002777130830625400000 
0.0002777493606796260000 
0.0002777856382967110000 
0.0002777948788767590000 
0.0002778041194568080000 
0.0002778133600368560000 
0.0002778226006169040000 
0.0002778318411969520000 
0.0002778410817770010000 
0.0002778503223570490000 
0.0002778595629370970000 
0.0002778688035171450000 
0.0002778780440971940000 
0.0002778872846772420000 
0.0002778965252572900000 
0.0002779420621336350000 
0.0002779875990099790000 
0.0002780331358863240000 
0.0002780786727626680000 
0.0002781242096390130000 
0.0002781697465153580000 
0.0002782152833917020000 
0.0002782608202680470000 
0.0002783063571443910000 
0.0002783518940207360000 
0.0002783974308970800000 
0.0002784429677734250000 
0.0002784657176127320000 
0.0002784884674520400000 
0.0002785112172913480000 
0.0002785339671306550000 
0.0002785567169699630000 
0.0002785794668092700000 
0.0002786022166485780000 
0.0002786249664878850000 
0.0002786477163271930000 
0.0002786704661665000000 
0.0002786862808206230000 
0.0002787020954747450000 
0.0002787179101288670000 
0.0002787337247829900000 
0.0002787495394371120000 
0.0002787653540912340000 
0.0002787811687453570000 
0.0002787969833994790000 
0.0002788127980536010000 
0.0002788286127077240000 
0.0002788444273618460000 
0.0002788602420159680000 
0.0002788936492626830000 
0.0002789270565093980000 
0.0002789604637561130000 
0.0002789938710028280000 
0.0002790272782495430000 
0.0002790606854962580000 
0.0002790940927429730000 
0.0002791274999896880000 
0.0002791609072364030000 
0.0002791943144831180000 
0.0002792277217298330000 
0.0002792611289765480000 
0.0002791724991862250000 
0.0002790838693959030000 
0.0002789952396055810000 
0.0002789066098152590000 
0.0002788179800249370000 
0.0002787293502346150000 
0.0002786407204442930000 
0.0002785520906539710000 
0.0002784634608636490000 
0.0002783748310733270000 
0.0002782862012830040000 
0.0002781975714926820000 
0.0002781468583690270000 
0.0002780961452453710000 
0.0002780454321217160000 
0.0002779947189980610000 
0.0002779440058744050000 
0.0002778932927507500000 
0.0002778425796270940000 
0.0002777918665034390000 
0.0002777411533797830000 
0.0002776904402561280000 
0.0002776397271324720000 
0.0002775890140088170000 
0.0002776426064407170000 
0.0002776961988726170000 
0.0002777497913045170000 
0.0002778033837364180000 
0.0002778569761683180000 
0.0002779105686002180000 
0.0002779641610321180000 
0.0002780177534640180000 
0.0002780713458959180000 
0.0002781249383278180000 
0.0002781785307597180000 
0.0002782321231916190000 
0.0002781877989568520000 
0.0002781434747220850000 
0.0002780991504873190000 
0.0002780548262525520000 
0.0002780105020177860000 
0.0002779661777830190000 
0.0002779218535482530000 
0.0002778775293134860000 
0.0002778332050787200000 
0.0002777888808439530000 
0.0002777445566091870000 
0.0002777002323744200000 
0.0002776285007322460000 
0.0002775567690900720000 
0.0002774850374478980000 
0.0002774133058057240000 
0.0002773415741635500000 
0.0002772698425213760000 
0.0002771981108792020000 
0.0002771263792370280000 
0.0002770546475948540000 
0.0002769829159526800000 
0.0002769111843105060000 
0.0002768394526683320000 
0.0002768559802854180000 
0.0002768725079025030000 
0.0002768890355195880000 
0.0002769055631366740000 
0.0002769220907537590000 
0.0002769386183708440000 
0.0002769551459879300000 
0.0002769716736050150000 
0.0002769882012221000000 
0.0002770047288391860000 
0.0002770064231229380000 
0.0002770081174066890000 
0.0002770098116904410000 
0.0002770115059741930000 
0.0002770132002579450000 
0.0002770148945416970000 
0.0002770165888254490000 
0.0002770182831092010000 
0.0002770199773929530000 
0.0002770216716767050000 
0.0002770233659604570000 
0.0002770250602442090000 
0.0002769558286020350000 
0.0002768865969598610000 
0.0002768173653176870000 
0.0002767481336755130000 
0.0002766789020333390000 
0.0002766096703911650000 
0.0002765404387489910000 
0.0002764712071068180000 
0.0002764019754646440000 
0.0002763327438224700000 
0.0002762635121802960000 
0.0002761942805381220000 
0.0002761769933403920000 
0.0002761597061426630000 
0.0002761424189449330000 
0.0002761251317472040000 
0.0002761078445494740000 
0.0002760905573517450000 
0.0002760732701540150000 
0.0002760559829562860000 
0.0002760386957585560000 
0.0002760214085608270000 
0.0002760041213630970000 
0.0002759868341653680000 
0.0002759207506713420000 
0.0002758546671773160000 
0.0002757885836832900000 
0.0002757225001892640000 
0.0002756564166952390000 
0.0002755903332012130000 
0.0002755242497071870000 
0.0002754581662131610000 
0.0002753920827191350000 
0.0002753259992251100000 
0.0002752599157310840000 
0.0002751938322370580000 
0.0002751350172615510000 
0.0002750762022860430000 
0.0002750173873105360000 
0.0002749585723350290000 
0.0002748997573595220000 
0.0002748409423840140000 
0.0002747821274085070000 
0.0002747233124330000000 
0.0002746644974574920000 
0.0002746056824819850000 
0.0002745468675064780000 
0.0002744880525309700000 
0.0002744325245925000000 
0.0002743769966540300000 
0.0002743214687155600000 
0.0002742659407770890000 
0.0002742104128386190000 
0.0002741548849001490000 
0.0002740993569616790000 
0.0002740438290232080000 
0.0002739883010847380000 
0.0002739327731462680000 
0.0002738772452077980000 
0.0002738217172693270000 
0.0002737257448864130000 
0.0002736297725034980000 
0.0002735338001205830000 
0.0002734378277376690000 
0.0002733418553547540000 
0.0002732458829718390000 
0.0002731499105889250000 
0.0002730539382060100000 
0.0002729579658230950000 
0.0002728619934401810000 
0.0002728720210572660000 
0.0002728820486743510000 
0.0002728920762914360000 
0.0002729021039085220000 
0.0002729121315256070000 
0.0002729221591426920000 
0.0002729321867597780000 
0.0002729422143768630000 
0.0002729522419939480000 
0.0002729622696110340000 
0.0002729722972281190000 
0.0002729823248452040000 
0.0002729303617215490000 
0.0002728783985978930000 
0.0002728264354742380000 
0.0002727744723505820000 
0.0002727225092269270000 
0.0002726705461032720000 
0.0002726185829796160000 
0.0002725666198559610000 
0.0002725146567323050000 
0.0002724626936086500000 
0.0002724107304849940000 
0.0002723587673613390000 
0.0002722588875710170000 
0.0002721590077806950000 
0.0002720591279903730000 
0.0002719592482000510000 
0.0002718593684097280000 
0.0002717594886194060000 
0.0002716596088290840000 
0.0002715597290387620000 
0.0002714598492484400000 
0.0002713599694581180000 
0.0002712600896677960000 
0.0002711602098774740000 
0.0002710125060130770000 
0.0002708648021486810000 
0.0002707170982842850000 
0.0002705693944198890000 
0.0002704216905554930000 
0.0002702739866910970000 
0.0002701262828267000000 
0.0002699785789623040000 
0.0002698308750979080000 
0.0002696831712335120000 
0.0002695354673691160000 
0.0002693877635047200000 
0.0002693414022329160000 
0.0002692950409611120000 
0.0002692486796893090000 
0.0002692023184175050000 
0.0002691559571457020000 
0.0002691095958738980000 
0.0002690632346020940000 
0.0002690168733302910000 
0.0002689705120584870000 
0.0002689241507866840000 
0.0002688777895148800000 
0.0002688314282430770000 
0.0002687146966009030000 
0.0002685979649587290000 
0.0002684812333165550000 
0.0002683645016743810000 
0.0002682477700322070000 
0.0002681310383900330000 
0.0002680143067478590000 
0.0002678975751056850000 
0.0002677808434635110000 
0.0002676641118213370000 
0.0002675473801791630000 
0.0002674306485369890000 
0.0002672877317096300000 
0.0002671448148822710000 
0.0002670018980549120000 
0.0002668589812275530000 
0.0002667160644001930000 
0.0002665731475728340000 
0.0002664302307454750000 
0.0002662873139181160000 
0.0002661443970907570000 
0.0002660014802633980000 
0.0002658252115841870000 
0.0002656489429049760000 
0.0002654726742257650000 
0.0002652964055465540000 
0.0002651201368673430000 
0.0002649438681881320000 
0.0002647675995089210000 
0.0002645913308297100000 
0.0002644150621504990000 
0.0002642387934712880000 
0.0002640625247920770000 
0.0002638862561128660000 
0.0002637673485447660000 
0.0002636484409766660000 
0.0002635295334085660000 
0.0002634106258404660000 
0.0002632917182723660000 
0.0002631728107042670000 
0.0002630539031361670000 
0.0002629349955680670000 
0.0002628160879999670000 
0.0002626971804318670000 
0.0002625782728637670000 
0.0002624593652956670000 
0.0002622524021720120000 
0.0002620454390483560000 
0.0002618384759247010000 
0.0002616315128010460000 
0.0002614245496773900000 
0.0002612175865537350000 
0.0002610106234300790000 
0.0002608036603064240000 
0.0002605966971827680000 
0.0002603897340591130000 
0.0002601827709354570000 
0.0002599758078118020000 
0.0002597165298733320000 
0.0002594572519348610000 
0.0002591979739963910000 
0.0002589386960579210000 
0.0002586794181194510000 
0.0002584201401809800000 
0.0002581608622425100000 
0.0002579015843040400000 
0.0002576423063655700000 
0.0002573830284270990000 
0.0002571237504886290000 
0.0002568644725501590000 
0.0002565539909079850000 
0.0002562435092658110000 
0.0002559330276236370000 
0.0002556225459814630000 
0.0002553120643392890000 
0.0002550015826971150000 
0.0002546911010549410000 
0.0002543806194127670000 
0.0002540701377705930000 
0.0002537596561284190000 
0.0002534491744862450000 
0.0002531386928440710000 
0.0002528170074981940000 
0.0002524953221523160000 
0.0002521736368064390000 
0.0002518519514605610000 
0.0002515302661146830000 
0.0002512085807688060000 
0.0002508868954229280000 
0.0002505652100770500000 
0.0002502435247311730000 
0.0002499218393852950000 
0.0002496001540394170000 
0.0002492784686935400000 
0.0002487978851995140000 
0.0002483173017054880000 
0.0002478367182114620000 
0.0002473561347174360000 
0.0002468755512234110000 
0.0002463949677293850000 
0.0002459143842353590000 
0.0002454338007413330000 
0.0002449532172473070000 
0.0002444726337532820000 
0.0002440260872962930000 
0.0002435795408393040000 
0.0002431329943823150000 
0.0002426864479253270000 
0.0002422399014683380000 
0.0002417933550113490000 
0.0002413468085543600000 
0.0002409002620973710000 
0.0002404537156403830000 
0.0002400071691833940000 
0.0002395606227264050000 
0.0002391140762694160000 
0.0002386288261087240000 
0.0002381435759480310000 
0.0002376583257873390000 
0.0002371730756266460000 
0.0002366878254659540000 
0.0002362025753052610000 
0.0002357173251445690000 
0.0002352320749838770000 
0.0002347468248231840000 
0.0002342615746624920000 
0.0002337763245017990000 
0.0002332910743411070000 
0.0002326553149211550000 
0.0002320195555012030000 
0.0002313837960812520000 
0.0002307480366613000000 
0.0002301122772413480000 
0.0002294765178213960000 
0.0002288407584014450000 
0.0002282049989814930000 
0.0002275692395615410000 
0.0002269334801415890000 
0.0002262977207216380000 
0.0002256619613016860000 
0.0002250381463261790000 
0.0002244143313506710000 
0.0002237905163751640000 
0.0002231667013996570000 
0.0002225428864241490000 
0.0002219190714486420000 
0.0002212952564731350000 
0.0002206714414976270000 
0.0002200476265221200000 
0.0002194238115466130000 
0.0002187999965711060000 
0.0002181761815955980000 
0.0002174779684719430000 
0.0002167797553482880000 
0.0002160815422246320000 
0.0002153833291009770000 
0.0002146851159773210000 
0.0002139869028536660000 
0.0002132886897300100000 
0.0002125904766063550000 
0.0002118922634826990000 
0.0002111940503590440000 
0.0002104958372353890000 
0.0002097976241117330000 
0.0002091199665436330000 
0.0002084423089755330000 
0.0002077646514074340000 
0.0002070869938393340000 
0.0002064093362712340000 
0.0002057316787031340000 
0.0002050540211350340000 
0.0002043763635669340000 
0.0002036987059988340000 
0.0002030210484307340000 
0.0002023433908626340000 
0.0002016657332945350000 
0.0002008736775782870000 
0.0002000816218620390000 
0.0001992895661457900000 
0.0001984975104295420000 
0.0001977054547132940000 
0.0001969133989970460000 
0.0001961213432807980000 
0.0001953292875645500000 
0.0001945372318483020000 
0.0001937451761320540000 
0.0001929531204158060000 
0.0001921610646995580000 
0.0001912397589833100000 
0.0001903184532670620000 
0.0001893971475508140000 
0.0001884758418345660000 
0.0001875545361183180000 
0.0001866332304020700000 
0.0001857119246858220000 
0.0001847906189695740000 
0.0001838693132533260000 
0.0001829480075370780000 
0.0001821427573763860000 
0.0001813375072156930000 
0.0001805322570550010000 
0.0001797270068943080000 
0.0001789217567336160000 
0.0001781165065729230000 
0.0001773112564122310000 
0.0001765060062515380000 
0.0001757007560908460000 
0.0001748955059301530000 
0.0001740902557694610000 
0.0001732850056087680000 
0.0001724353572999280000 
0.0001715857089910870000 
0.0001707360606822460000 
0.0001698864123734060000 
0.0001690367640645650000 
0.0001681871157557250000 
0.0001673374674468840000 
0.0001664878191380430000 
0.0001656381708292030000 
0.0001647885225203620000 
0.0001639388742115210000 
0.0001630892259026810000 
0.0001622444387049510000 
0.0001613996515072220000 
0.0001605548643094920000 
0.0001597100771117630000 
0.0001588652899140330000 
0.0001580205027163040000 
0.0001571757155185740000 
0.0001563309283208450000 
0.0001554861411231150000 
0.0001546413539253860000 
0.0001537965667276560000 
0.0001529517795299270000 
0.0001521734275173820000 
0.0001513950755048380000 
0.0001506167234922940000 
0.0001498383714797490000 
0.0001490600194672050000 
0.0001482816674546610000 
0.0001475033154421160000 
0.0001467249634295720000 
0.0001459466114170280000 
0.0001451682594044830000 
0.0001443899073919390000 
0.0001436115553793950000 
0.0001428307496631470000 
0.0001420499439468990000 
0.0001412691382306510000 
0.0001404883325144030000 
0.0001397075267981550000 
0.0001389267210819070000 
0.0001381459153656590000 
0.0001373651096494110000 
0.0001365843039331630000 
0.0001358034982169150000 
0.0001350226925006670000 
0.0001342418867844180000 
0.0001334853866237260000 
0.0001327288864630340000 
0.0001319723863023410000 
0.0001312158861416490000 
0.0001304593859809560000 
0.0001297028858202640000 
0.0001289463856595710000 
0.0001281898854988790000 
0.0001274333853381860000 
0.0001266768851774940000 
0.0001259203850168010000 
0.0001251638848561090000 
0.0001242899124731940000 
0.0001234159400902790000 
0.0001225419677073650000 
0.0001216679953244500000 
0.0001207940229415350000 
0.0001199200505586210000 
0.0001190460781757060000 
0.0001181721057927910000 
0.0001172981334098770000 
0.0001164241610269620000 
0.0001156051608662690000 
0.0001147861607055770000 
0.0001139671605448840000 
0.0001131481603841920000 
0.0001123291602234990000 
0.0001115101600628070000 
0.0001106911599021140000 
0.0001098721597414220000 
0.0001090531595807300000 
0.0001082341594200370000 
0.0001074151592593450000 
0.0001065961590986520000 
0.0001058898904194410000 
0.0001051836217402300000 
0.0001044773530610190000 
0.0001037710843818080000 
0.0001030648157025970000 
0.0001023585470233860000 
0.0001016522783441750000 
0.0001009460096649640000 
0.0001002397409857530000 
0.0000995334723065422000 
0.0000988272036273312000 
0.0000981209349481202000 
0.0000974061477503907000 
0.0000966913605526612000 
0.0000959765733549317000 
0.0000952617861572022000 
0.0000945469989594727000 
0.0000938322117617432000 
0.0000931174245640137000 
0.0000924026373662842000 
0.0000916878501685546000 
0.0000909730629708252000 
0.0000902582757730956000 
0.0000895434885753661000 
0.0000887640254517107000 
0.0000879845623280553000 
0.0000872050992043998000 
0.0000864256360807444000 
0.0000856461729570889000 
0.0000848667098334335000 
0.0000840872467097781000 
0.0000833077835861226000 
0.0000825283204624672000 
0.0000817488573388118000 
0.0000809693942151563000 
0.0000801899310915009000 
0.0000795395883382158000 
0.0000788892455849308000 
0.0000782389028316457000 
0.0000775885600783606000 
0.0000769382173250756000 
0.0000762878745717905000 
0.0000756375318185054000 
0.0000749871890652204000 
0.0000743368463119353000 
0.0000736865035586502000 
0.0000730361608053652000 
0.0000723858180520801000 
0.0000717833919654617000 
0.0000711809658788433000 
0.0000705785397922249000 
0.0000699761137056065000 
0.0000693736876189881000 
0.0000687712615323697000 
0.0000681688354457513000 
0.0000675664093591329000 
0.0000669639832725145000 
0.0000663615571858961000 
0.0000657591310992777000 
0.0000651567050126593000 
0.0000643832881853002000 
0.0000636098713579410000 
0.0000628364545305819000 
0.0000620630377032228000 
0.0000612896208758636000 
0.0000605162040485045000 
0.0000597427872211453000 
0.0000589693703937862000 
0.0000581959535664271000 
0.0000574225367390679000 
0.0000568285828746717000 
0.0000562346290102756000 
0.0000556406751458794000 
0.0000550467212814832000 
0.0000544527674170870000 
0.0000538588135526909000 
0.0000532648596882947000 
0.0000526709058238985000 
0.0000520769519595023000 
0.0000514829980951061000 
0.0000508890442307100000 
0.0000502950903663138000 
0.0000497559513167324000 
0.0000492168122671511000 
0.0000486776732175697000 
0.0000481385341679883000 
0.0000475993951184070000 
0.0000470602560688256000 
0.0000465211170192443000 
0.0000459819779696629000 
0.0000454428389200815000 
0.0000449036998705002000 
0.0000443645608209188000 
0.0000438254217713374000 
0.0000433474401291635000 
0.0000428694584869895000 
0.0000423914768448156000 
0.0000419134952026416000 
0.0000414355135604677000 
0.0000409575319182937000 
0.0000404795502761198000 
0.0000400015686339458000 
0.0000395235869917719000 
0.0000390456053495979000 
0.0000385676237074239000 
0.0000380896420652500000 
0.0000377365215341871000 
0.0000373834010031243000 
0.0000370302804720615000 
0.0000366771599409986000 
0.0000363240394099358000 
0.0000359709188788729000 
0.0000356177983478101000 
0.0000352646778167472000 
0.0000349115572856844000 
0.0000345584367546215000 
0.0000342053162235587000 
0.0000338521956924959000 
0.0000334426862725441000 
0.0000330331768525924000 
0.0000326236674326407000 
0.0000322141580126889000 
0.0000318046485927372000 
0.0000313951391727855000 
0.0000309856297528337000 
0.0000305761203328820000 
0.0000301666109129303000 
0.0000297571014929785000 
0.0000293475920730268000 
0.0000289380826530751000 
0.0000283715361960863000 
0.0000278049897390975000 
0.0000272384432821088000 
0.0000266718968251200000 
0.0000261053503681312000 
0.0000255388039111425000 
0.0000249722574541537000 
0.0000244057109971649000 
0.0000238391645401761000 
0.0000232726180831874000 
0.0000227060716261986000 
0.0000221395251692098000 
0.0000217207750085174000 
0.0000213020248478249000 
0.0000208832746871324000 
0.0000204645245264400000 
0.0000200457743657475000 
0.0000196270242050550000 
0.0000192082740443625000 
0.0000187895238836701000 
0.0000183707737229776000 
0.0000179520235622851000 
0.0000176738104386297000 
0.0000173955973149742000 
0.0000171173841913188000 
0.0000168391710676634000 
0.0000165609579440079000 
0.0000162827448203525000 
0.0000160045316966971000 
0.0000157263185730416000 
0.0000154481054493862000 
0.0000151698923257307000 
0.0000148916792020753000 
0.0000146134660784199000 
0.0000143513177695792000 
0.0000140891694607386000 
0.0000138270211518980000 
0.0000135648728430574000 
0.0000133027245342168000 
0.0000130405762253761000 
0.0000127784279165355000 
0.0000125162796076949000 
0.0000122541312988543000 
0.0000119919829900137000 
0.0000117298346811730000 
0.0000114676863723324000 
0.0000113262788042325000 
0.0000111848712361327000 
0.0000110434636680328000 
0.0000109020560999329000 
0.0000107606485318330000 
0.0000106192409637331000 
0.0000104778333956333000 
0.0000103364258275334000 
0.0000101950182594335000 
0.0000100536106913336000 
0.0000099122031232337300 
0.0000097707955551338500 
0.0000096214250240710000 
0.0000094720544930081600 
0.0000093226839619453200 
0.0000091733134308824700 
0.0000090239428998196300 
0.0000088745723687567900 
0.0000087252018376939400 
0.0000085758313066311000 
0.0000084264607755682500 
0.0000082770902445054100 
0.0000081277197134425700 
0.0000079783491823797200 
0.0000078027749476131800 
0.0000076272007128466300 
0.0000074516264780800800 
0.0000072760522433135300 
0.0000071004780085469900 
0.0000069249037737804400 
0.0000067493295390138900 
0.0000065737553042473400 
0.0000063981810694808000 
0.0000062226068347142500 
0.0000060470325999477000 
0.0000058714583651811600 
0.0000057866248711553500 
0.0000057017913771295400 
0.0000056169578831037400 
0.0000055321243890779300 
0.0000054472908950521200 
0.0000053624574010263200 
0.0000052776239070005100 
0.0000051927904129747000 
0.0000051079569189489000 
0.0000050231234249230900 
0.0000049382899308972800 
0.0000048534564368714800 
0.0000047138729428456700 
0.0000045742894488198600 
0.0000044347059547940600 
0.0000042951224607682500 
0.0000041555389667424400 
0.0000040159554727166400 
0.0000038763719786908300 
0.0000037367884846650200 
0.0000035972049906392200 
0.0000034576214966134100 
0.0000034382509655505700 
0.0000034188804344877200 
0.0000033995099034248800 
0.0000033801393723620400 
0.0000033607688412991900 
0.0000033413983102363500 
0.0000033220277791735100 
0.0000033026572481106600 
0.0000032832867170478200 
0.0000032639161859849700 
0.0000032445456549221300 
0.0000032251751238592900 
0.0000031458971853890400 
0.0000030666192469187900 
0.0000029873413084485300 
0.0000029080633699782800 
0.0000028287854315080300 
0.0000027495074930377800 
0.0000026702295545675300 
0.0000025909516160972800 
0.0000025116736776270300 
0.0000024323957391567800 
0.0000023531178006865300 
0.0000022738398622162700 
0.0000022500711830052800 
0.0000022263025037942900 
0.0000022025338245833000 
0.0000021787651453723100 
0.0000021549964661613200 
0.0000021312277869503200 
0.0000021074591077393300 
0.0000020836904285283400 
0.0000020599217493173500 
0.0000020361530701063600 
0.0000020123843908953700 
0.0000019886157116843700 
0.0000019584118472882000 
0.0000019282079828920200 
0.0000018980041184958400 
0.0000018678002540996700 
0.0000018375963897034900 
0.0000018073925253073100 
