-0.000000236096011664875 
-0.000000200193865465887 
-0.000000164291719266898 
-0.000000083667350845687 
-0.000000003042982424476 
0.000000077581385996735 
0.000000158205754417945 
0.000000238830122839156 
0.000000319454491260367 
0.000000400078859681578 
0.000000480703228102789 
0.000000561327596523999 
0.000000641951964945210 
0.000000722576333366421 
0.000000803200701787632 
0.000000830005625764399 
0.000000856810549741165 
0.000000883615473717932 
0.000000910420397694699 
0.000000937225321671466 
0.000000964030245648232 
0.000000990835169624999 
0.000001017640093601770 
0.000001044445017578530 
0.000001071249941555300 
0.000001098054865532070 
0.000001124859789508830 
0.000001353539713485600 
0.000001582219637462370 
0.000001810899561439130 
0.000002039579485415900 
0.000002268259409392660 
0.000002496939333369430 
0.000002725619257346200 
0.000002954299181322960 
0.000003182979105299730 
0.000003411659029276500 
0.000003640338953253260 
0.000003869018877230030 
0.000004093948801206800 
0.000004318878725183560 
0.000004543808649160330 
0.000004768738573137100 
0.000004993668497113860 
0.000005218598421090630 
0.000005443528345067400 
0.000005668458269044160 
0.000005893388193020930 
0.000006118318116997700 
0.000006343248040974460 
0.000006568177964951230 
0.000006631232888928000 
0.000006694287812904760 
0.000006757342736881530 
0.000006820397660858290 
0.000006883452584835060 
0.000006946507508811830 
0.000007009562432788590 
0.000007072617356765360 
0.000007135672280742130 
0.000007198727204718890 
0.000007261782128695660 
0.000007324837052672430 
0.000007779225309982530 
0.000008233613567292630 
0.000008688001824602730 
0.000009142390081912830 
0.000009596778339222930 
0.000010051166596533000 
0.000010505554853843100 
0.000010959943111153200 
0.000011414331368463300 
0.000011868719625773400 
0.000012166774549750200 
0.000012464829473727000 
0.000012762884397703700 
0.000013060939321680500 
0.000013358994245657300 
0.000013657049169634000 
0.000013955104093610800 
0.000014253159017587600 
0.000014551213941564300 
0.000014849268865541100 
0.000015147323789517900 
0.000015445378713494600 
0.000015770655859693600 
0.000016095933005892600 
0.000016421210152091600 
0.000016746487298290600 
0.000017071764444489600 
0.000017397041590688600 
0.000017722318736887500 
0.000018047595883086500 
0.000018372873029285500 
0.000018698150175484500 
0.000019023427321683500 
0.000019348704467882500 
0.000019680023280748100 
0.000020011342093613800 
0.000020342660906479500 
0.000020673979719345100 
0.000021005298532210800 
0.000021336617345076400 
0.000021667936157942100 
0.000021999254970807700 
0.000022330573783673400 
0.000022661892596539000 
0.000022993211409404700 
0.000023324530222270300 
0.000023690085146247100 
0.000024055640070223900 
0.000024421194994200600 
0.000024786749918177400 
0.000025152304842154200 
0.000025517859766130900 
0.000025883414690107700 
0.000026248969614084500 
0.000026614524538061200 
0.000026980079462038000 
0.000027345634386014800 
0.000027711189309991500 
0.000028226119233968300 
0.000028741049157945100 
0.000029255979081921900 
0.000029770909005898600 
0.000030285838929875400 
0.000030800768853852100 
0.000031315698777828900 
0.000031830628701805700 
0.000032345558625782400 
0.000032860488549759200 
0.000033375418473736000 
0.000033890348397712700 
0.000034217500543911700 
0.000034544652690110700 
0.000034871804836309700 
0.000035198956982508700 
0.000035526109128707700 
0.000035853261274906700 
0.000036180413421105700 
0.000036507565567304700 
0.000036834717713503600 
0.000037161869859702600 
0.000037489022005901600 
0.000037816174152100600 
0.000038430562409410700 
0.000039044950666720800 
0.000039659338924030900 
0.000040273727181341000 
0.000040888115438651100 
0.000041502503695961200 
0.000042116891953271300 
0.000042731280210581400 
0.000043345668467891500 
0.000043960056725201600 
0.000044568528315845000 
0.000045176999906488500 
0.000045785471497131900 
0.000046393943087775300 
0.000047002414678418800 
0.000047610886269062200 
0.000048219357859705600 
0.000048827829450349100 
0.000049436301040992500 
0.000050044772631635900 
0.000050653244222279400 
0.000051261715812922800 
0.000051664909625788500 
0.000052068103438654100 
0.000052471297251519800 
0.000052874491064385400 
0.000053277684877251100 
0.000053680878690116700 
0.000054084072502982400 
0.000054487266315848000 
0.000054890460128713700 
0.000055293653941579300 
0.000055696847754445000 
0.000056100041567310700 
0.000056744693713509600 
0.000057389345859708600 
0.000058033998005907600 
0.000058678650152106600 
0.000059323302298305600 
0.000059967954444504600 
0.000060612606590703600 
0.000061257258736902600 
0.000061901910883101600 
0.000062546563029300600 
0.000063191215175499600 
0.000063835867321698500 
0.000064334547245675300 
0.000064833227169652100 
0.000065331907093628800 
0.000065830587017605600 
0.000066329266941582400 
0.000066827946865559100 
0.000067326626789535900 
0.000067825306713512700 
0.000068323986637489400 
0.000068822666561466200 
0.000069321346485443000 
0.000069820026409419700 
0.000070526970222285400 
0.000071233914035151000 
0.000071940857848016700 
0.000072647801660882400 
0.000073354745473748000 
0.000074061689286613700 
0.000074768633099479300 
0.000075475576912345000 
0.000076182520725210600 
0.000076889464538076300 
0.000077596408350941900 
0.000078303352163807600 
0.000078759670976673300 
0.000079215989789538900 
0.000079672308602404600 
0.000080128627415270200 
0.000080584946228135900 
0.000081041265041001500 
0.000081497583853867200 
0.000081953902666732800 
0.000082410221479598500 
0.000082866540292464200 
0.000083322859105329800 
0.000083779177918195500 
0.000084246955064394500 
0.000084714732210593400 
0.000085182509356792400 
0.000085650286502991400 
0.000086118063649190400 
0.000086585840795389400 
0.000087053617941588400 
0.000087521395087787400 
0.000087989172233986400 
0.000088456949380185400 
0.000088924726526384400 
0.000089392503672583300 
0.000090124475263226800 
0.000090856446853870200 
0.000091588418444513600 
0.000092320390035157100 
0.000093052361625800500 
0.000093784333216443900 
0.000094516304807087400 
0.000095248276397730800 
0.000095980247988374200 
0.000096712219579017700 
0.000097302010614105500 
0.000097891801649193400 
0.000098481592684281300 
0.000099071383719369200 
0.000099661174754457000 
0.000100250965789545000 
0.000100840756824633000 
0.000101430547859721000 
0.000102020338894809000 
0.000102610129929896000 
0.000103199920964984000 
0.000103789712000072000 
0.000104281586368493000 
0.000104773460736915000 
0.000105265335105336000 
0.000105757209473757000 
0.000106249083842178000 
0.000106740958210599000 
0.000107232832579021000 
0.000107724706947442000 
0.000108216581315863000 
0.000108708455684284000 
0.000109200330052706000 
0.000109692204421127000 
0.000110244634345104000 
0.000110797064269080000 
0.000111349494193057000 
0.000111901924117034000 
0.000112454354041011000 
0.000113006783964987000 
0.000113559213888964000 
0.000114111643812941000 
0.000114664073736918000 
0.000115216503660894000 
0.000115768933584871000 
0.000116321363508848000 
0.000116783654543936000 
0.000117245945579024000 
0.000117708236614112000 
0.000118170527649199000 
0.000118632818684287000 
0.000119095109719375000 
0.000119557400754463000 
0.000120019691789551000 
0.000120481982824639000 
0.000120944273859727000 
0.000121406564894815000 
0.000121868855929902000 
0.000122257535853879000 
0.000122646215777856000 
0.000123034895701833000 
0.000123423575625810000 
0.000123812255549786000 
0.000124200935473763000 
0.000124589615397740000 
0.000124978295321717000 
0.000125366975245693000 
0.000125755655169670000 
0.000126144335093647000 
0.000126533015017624000 
0.000127105306052712000 
0.000127677597087799000 
0.000128249888122887000 
0.000128822179157975000 
0.000129394470193063000 
0.000129966761228151000 
0.000130539052263239000 
0.000131111343298327000 
0.000131683634333415000 
0.000132255925368502000 
0.000132828216403590000 
0.000133400507438678000 
0.000133972145695988000 
0.000134543783953298000 
0.000135115422210609000 
0.000135687060467919000 
0.000136258698725229000 
0.000136830336982539000 
0.000137401975239849000 
0.000137973613497159000 
0.000138545251754469000 
0.000139116890011779000 
0.000139576819935756000 
0.000140036749859733000 
0.000140496679783709000 
0.000140956609707686000 
0.000141416539631663000 
0.000141876469555640000 
0.000142336399479617000 
0.000142796329403593000 
0.000143256259327570000 
0.000143716189251547000 
0.000144176119175524000 
0.000144636049099500000 
0.000145061673467922000 
0.000145487297836343000 
0.000145912922204764000 
0.000146338546573185000 
0.000146764170941606000 
0.000147189795310028000 
0.000147615419678449000 
0.000148041044046870000 
0.000148466668415291000 
0.000148892292783713000 
0.000149317917152134000 
0.000149743541520555000 
0.000150113957555643000 
0.000150484373590731000 
0.000150854789625819000 
0.000151225205660906000 
0.000151595621695994000 
0.000151966037731082000 
0.000152336453766170000 
0.000152706869801258000 
0.000153077285836346000 
0.000153447701871434000 
0.000153818117906522000 
0.000154188533941609000 
0.000154566936087808000 
0.000154945338234007000 
0.000155323740380206000 
0.000155702142526405000 
0.000156080544672604000 
0.000156458946818803000 
0.000156837348965002000 
0.000157215751111201000 
0.000157594153257400000 
0.000157972555403599000 
0.000158350957549798000 
0.000158729359695997000 
0.000159125956286641000 
0.000159522552877284000 
0.000159919149467928000 
0.000160315746058571000 
0.000160712342649214000 
0.000161108939239858000 
0.000161505535830501000 
0.000161902132421145000 
0.000162298729011788000 
0.000162695325602432000 
0.000163091922193075000 
0.000163488518783719000 
0.000163842059818806000 
0.000164195600853894000 
0.000164549141888982000 
0.000164902682924070000 
0.000165256223959158000 
0.000165609764994246000 
0.000165963306029334000 
0.000166316847064422000 
0.000166670388099509000 
0.000167023929134597000 
0.000167377470169685000 
0.000167731011204773000 
0.000168052816128750000 
0.000168374621052727000 
0.000168696425976703000 
0.000169018230900680000 
0.000169340035824657000 
0.000169661840748634000 
0.000169983645672610000 
0.000170305450596587000 
0.000170627255520564000 
0.000170949060444541000 
0.000171148018146295000 
0.000171346975848050000 
0.000171545933549804000 
0.000171744891251559000 
0.000171943848953313000 
0.000172142806655068000 
0.000172341764356822000 
0.000172540722058577000 
0.000172739679760332000 
0.000172938637462086000 
0.000173137595163841000 
0.000173336552865595000 
0.000173580857789572000 
0.000173825162713549000 
0.000174069467637525000 
0.000174313772561502000 
0.000174558077485479000 
0.000174802382409456000 
0.000175046687333433000 
0.000175290992257409000 
0.000175535297181386000 
0.000175779602105363000 
0.000176023907029340000 
0.000176268211953316000 
0.000176568627988404000 
0.000176869044023492000 
0.000177169460058580000 
0.000177469876093668000 
0.000177770292128756000 
0.000178070708163844000 
0.000178371124198932000 
0.000178671540234019000 
0.000178971956269107000 
0.000179272372304195000 
0.000179572788339283000 
0.000179873204374371000 
0.000180162300965014000 
0.000180451397555658000 
0.000180740494146301000 
0.000181029590736945000 
0.000181318687327588000 
0.000181607783918232000 
0.000181896880508875000 
0.000182185977099518000 
0.000182475073690162000 
0.000182764170280805000 
0.000183053266871449000 
0.000183342363462092000 
0.000183495418386069000 
0.000183648473310046000 
0.000183801528234022000 
0.000183954583157999000 
0.000184107638081976000 
0.000184260693005953000 
0.000184413747929930000 
0.000184566802853906000 
0.000184719857777883000 
0.000184872912701860000 
0.000185025967625837000 
0.000185179022549813000 
0.000185380410807123000 
0.000185581799064434000 
0.000185783187321744000 
0.000185984575579054000 
0.000186185963836364000 
0.000186387352093674000 
0.000186588740350984000 
0.000186790128608294000 
0.000186991516865604000 
0.000187192905122914000 
0.000187394293380224000 
0.000187595681637535000 
0.000187821069894845000 
0.000188046458152155000 
0.000188271846409465000 
0.000188497234666775000 
0.000188722622924085000 
0.000188948011181395000 
0.000189173399438705000 
0.000189398787696015000 
0.000189624175953325000 
0.000189849564210636000 
0.000190038799690168000 
0.000190228035169700000 
0.000190417270649233000 
0.000190606506128765000 
0.000190795741608297000 
0.000190984977087829000 
0.000191174212567362000 
0.000191363448046894000 
0.000191552683526426000 
0.000191741919005959000 
0.000191931154485491000 
0.000192120389965023000 
0.000192332750444556000 
0.000192545110924088000 
0.000192757471403620000 
0.000192969831883153000 
0.000193182192362685000 
0.000193394552842217000 
0.000193606913321750000 
0.000193819273801282000 
0.000194031634280814000 
0.000194243994760347000 
0.000194456355239879000 
0.000194668715719411000 
0.000194740242865610000 
0.000194811770011809000 
0.000194883297158008000 
0.000194954824304207000 
0.000195026351450406000 
0.000195097878596605000 
0.000195169405742804000 
0.000195240932889003000 
0.000195312460035202000 
0.000195383987181401000 
0.000195455514327600000 
0.000195527041473799000 
0.000195643846397776000 
0.000195760651321753000 
0.000195877456245729000 
0.000195994261169706000 
0.000196111066093683000 
0.000196227871017660000 
0.000196344675941637000 
0.000196461480865613000 
0.000196578285789590000 
0.000196695090713567000 
0.000196811895637544000 
0.000196928700561520000 
0.000197019602707719000 
0.000197110504853918000 
0.000197201407000117000 
0.000197292309146316000 
0.000197383211292515000 
0.000197474113438714000 
0.000197565015584913000 
0.000197655917731112000 
0.000197746819877311000 
0.000197837722023510000 
0.000197928624169709000 
0.000198019526315908000 
0.000198214942350996000 
0.000198410358386084000 
0.000198605774421172000 
0.000198801190456260000 
0.000198996606491348000 
0.000199192022526435000 
0.000199387438561523000 
0.000199582854596611000 
0.000199778270631699000 
0.000199973686666787000 
0.000200169102701875000 
0.000200364518736963000 
0.000200444906994273000 
0.000200525295251583000 
0.000200605683508893000 
0.000200686071766203000 
0.000200766460023513000 
0.000200846848280823000 
0.000200927236538133000 
0.000201007624795444000 
0.000201088013052754000 
0.000201168401310064000 
0.000201282289567374000 
0.000201396177824684000 
0.000201510066081994000 
0.000201623954339304000 
0.000201737842596614000 
0.000201851730853924000 
0.000201965619111234000 
0.000202079507368545000 
0.000202193395625855000 
0.000202307283883165000 
0.000202421172140475000 
0.000202535060397785000 
0.000202636101432873000 
0.000202737142467961000 
0.000202838183503049000 
0.000202939224538136000 
0.000203040265573224000 
0.000203141306608312000 
0.000203242347643400000 
0.000203343388678488000 
0.000203444429713576000 
0.000203545470748664000 
0.000203646511783752000 
0.000203747552818840000 
0.000203871024409483000 
0.000203994496000126000 
0.000204117967590770000 
0.000204241439181413000 
0.000204364910772057000 
0.000204488382362700000 
0.000204611853953344000 
0.000204735325543987000 
0.000204858797134630000 
0.000204982268725274000 
0.000205105740315917000 
0.000205229211906561000 
0.000205244627941649000 
0.000205260043976736000 
0.000205275460011824000 
0.000205290876046912000 
0.000205306292082000000 
0.000205321708117088000 
0.000205337124152176000 
0.000205352540187264000 
0.000205367956222352000 
0.000205383372257439000 
0.000205398788292527000 
0.000205414204327615000 
0.000205541981473814000 
0.000205669758620013000 
0.000205797535766212000 
0.000205925312912411000 
0.000206053090058610000 
0.000206180867204809000 
0.000206308644351008000 
0.000206436421497207000 
0.000206564198643406000 
0.000206691975789605000 
0.000206819752935804000 
0.000206947530082003000 
0.000206945376672647000 
0.000206943223263290000 
0.000206941069853933000 
0.000206938916444577000 
0.000206936763035220000 
0.000206934609625864000 
0.000206932456216507000 
0.000206930302807151000 
0.000206928149397794000 
0.000206925995988437000 
0.000206923842579081000 
0.000206921689169724000 
0.000207092244093701000 
0.000207262799017678000 
0.000207433353941655000 
0.000207603908865631000 
0.000207774463789608000 
0.000207945018713585000 
0.000208115573637562000 
0.000208286128561538000 
0.000208456683485515000 
0.000208627238409492000 
0.000208797793333469000 
0.000208968348257445000 
0.000208913236514756000 
0.000208858124772066000 
0.000208803013029376000 
0.000208747901286686000 
0.000208692789543996000 
0.000208637677801306000 
0.000208582566058616000 
0.000208527454315926000 
0.000208472342573236000 
0.000208417230830546000 
0.000208560007976745000 
0.000208702785122944000 
0.000208845562269143000 
0.000208988339415342000 
0.000209131116561541000 
0.000209273893707740000 
0.000209416670853939000 
0.000209559448000138000 
0.000209702225146337000 
0.000209845002292536000 
0.000209987779438735000 
0.000210130556584934000 
0.000210152083731133000 
0.000210173610877332000 
0.000210195138023531000 
0.000210216665169730000 
0.000210238192315929000 
0.000210259719462128000 
0.000210281246608327000 
0.000210302773754526000 
0.000210324300900725000 
0.000210345828046924000 
0.000210367355193123000 
0.000210388882339322000 
0.000210372215041077000 
0.000210355547742831000 
0.000210338880444586000 
0.000210322213146340000 
0.000210305545848095000 
0.000210288878549849000 
0.000210272211251604000 
0.000210255543953359000 
0.000210238876655113000 
0.000210222209356868000 
0.000210205542058622000 
0.000210188874760377000 
0.000210220540795465000 
0.000210252206830552000 
0.000210283872865640000 
0.000210315538900728000 
0.000210347204935816000 
0.000210378870970904000 
0.000210410537005992000 
0.000210442203041080000 
0.000210473869076168000 
0.000210505535111256000 
0.000210537201146343000 
0.000210568867181431000 
0.000210587338772075000 
0.000210605810362718000 
0.000210624281953362000 
0.000210642753544005000 
0.000210661225134648000 
0.000210679696725292000 
0.000210698168315935000 
0.000210716639906579000 
0.000210735111497222000 
0.000210753583087866000 
0.000210772054678509000 
0.000210790526269152000 
0.000210764761748685000 
0.000210738997228217000 
0.000210713232707749000 
0.000210687468187282000 
0.000210661703666814000 
0.000210635939146346000 
0.000210610174625879000 
0.000210584410105411000 
0.000210558645584943000 
0.000210532881064476000 
0.000210507116544008000 
0.000210481352023540000 
0.000210601573614184000 
0.000210721795204827000 
0.000210842016795471000 
0.000210962238386114000 
0.000211082459976757000 
0.000211202681567401000 
0.000211322903158044000 
0.000211443124748688000 
0.000211563346339331000 
0.000211683567929975000 
0.000211667039520618000 
0.000211650511111262000 
0.000211633982701905000 
0.000211617454292548000 
0.000211600925883192000 
0.000211584397473835000 
0.000211567869064479000 
0.000211551340655122000 
0.000211534812245766000 
0.000211518283836409000 
0.000211501755427052000 
0.000211485227017696000 
0.000211522865275006000 
0.000211560503532316000 
0.000211598141789626000 
0.000211635780046936000 
0.000211673418304246000 
0.000211711056561556000 
0.000211748694818867000 
0.000211786333076177000 
0.000211823971333487000 
0.000211861609590797000 
0.000211899247848107000 
0.000211936886105417000 
0.000211917857696060000 
0.000211898829286704000 
0.000211879800877347000 
0.000211860772467991000 
0.000211841744058634000 
0.000211822715649278000 
0.000211803687239921000 
0.000211784658830565000 
0.000211765630421208000 
0.000211746602011851000 
0.000211727573602495000 
0.000211708545193138000 
0.000211774100117115000 
0.000211839655041092000 
0.000211905209965069000 
0.000211970764889045000 
0.000212036319813022000 
0.000212101874736999000 
0.000212167429660976000 
0.000212232984584952000 
0.000212298539508929000 
0.000212364094432906000 
0.000212429649356883000 
0.000212495204280859000 
0.000212345064760392000 
0.000212194925239924000 
0.000212044785719456000 
0.000211894646198989000 
0.000211744506678521000 
0.000211594367158053000 
0.000211444227637586000 
0.000211294088117118000 
0.000211143948596650000 
0.000210993809076183000 
0.000210843669555715000 
0.000210693530035247000 
0.000210688390514780000 
0.000210683250994312000 
0.000210678111473844000 
0.000210672971953377000 
0.000210667832432909000 
0.000210662692912441000 
0.000210657553391974000 
0.000210652413871506000 
0.000210647274351038000 
0.000210642134830571000 
0.000210636995310103000 
0.000210631855789635000 
0.000210547660713612000 
0.000210463465637589000 
0.000210379270561565000 
0.000210295075485542000 
0.000210210880409519000 
0.000210126685333496000 
0.000210042490257473000 
0.000209958295181449000 
0.000209874100105426000 
0.000209789905029403000 
0.000209832473842269000 
0.000209875042655134000 
0.000209917611468000000 
0.000209960180280865000 
0.000210002749093731000 
0.000210045317906597000 
0.000210087886719462000 
0.000210130455532328000 
0.000210173024345194000 
0.000210215593158059000 
0.000210258161970925000 
0.000210300730783791000 
0.000210285938485545000 
0.000210271146187300000 
0.000210256353889054000 
0.000210241561590809000 
0.000210226769292563000 
0.000210211976994318000 
0.000210197184696073000 
0.000210182392397827000 
0.000210167600099582000 
0.000210152807801336000 
0.000210138015503091000 
0.000210123223204845000 
0.000209970722573266000 
0.000209818221941688000 
0.000209665721310109000 
0.000209513220678530000 
0.000209360720046951000 
0.000209208219415373000 
0.000209055718783794000 
0.000208903218152215000 
0.000208750717520636000 
0.000208598216889057000 
0.000208445716257479000 
0.000208293215625900000 
0.000208171478883210000 
0.000208049742140520000 
0.000207928005397830000 
0.000207806268655140000 
0.000207684531912450000 
0.000207562795169760000 
0.000207441058427070000 
0.000207319321684381000 
0.000207197584941691000 
0.000207075848199001000 
0.000206954111456311000 
0.000206832374713621000 
0.000206849526859820000 
0.000206866679006019000 
0.000206883831152218000 
0.000206900983298417000 
0.000206918135444616000 
0.000206935287590815000 
0.000206952439737014000 
0.000206969591883213000 
0.000206986744029412000 
0.000207003896175611000 
0.000207021048321810000 
0.000207038200468009000 
0.000206926116503097000 
0.000206814032538185000 
0.000206701948573272000 
0.000206589864608360000 
0.000206477780643448000 
0.000206365696678536000 
0.000206253612713624000 
0.000206141528748712000 
0.000206029444783800000 
0.000205917360818888000 
0.000205805276853975000 
0.000205693192889063000 
0.000205531497813040000 
0.000205369802737017000 
0.000205208107660994000 
0.000205046412584970000 
0.000204884717508947000 
0.000204723022432924000 
0.000204561327356901000 
0.000204399632280877000 
0.000204237937204854000 
0.000204076242128831000 
0.000204019783163919000 
0.000203963324199007000 
0.000203906865234095000 
0.000203850406269183000 
0.000203793947304270000 
0.000203737488339358000 
0.000203681029374446000 
0.000203624570409534000 
0.000203568111444622000 
0.000203511652479710000 
0.000203455193514798000 
0.000203398734549886000 
0.000203236581140529000 
0.000203074427731172000 
0.000202912274321816000 
0.000202750120912459000 
0.000202587967503103000 
0.000202425814093746000 
0.000202263660684390000 
0.000202101507275033000 
0.000201939353865676000 
0.000201777200456320000 
0.000201615047046963000 
0.000201452893637607000 
0.000201340184672695000 
0.000201227475707783000 
0.000201114766742870000 
0.000201002057777958000 
0.000200889348813046000 
0.000200776639848134000 
0.000200663930883222000 
0.000200551221918310000 
0.000200438512953398000 
0.000200325803988486000 
0.000200213095023573000 
0.000200100386058661000 
0.000200019135427083000 
0.000199937884795504000 
0.000199856634163925000 
0.000199775383532346000 
0.000199694132900767000 
0.000199612882269189000 
0.000199531631637610000 
0.000199450381006031000 
0.000199369130374452000 
0.000199287879742873000 
0.000199206629111295000 
0.000199125378479716000 
0.000198935447292581000 
0.000198745516105447000 
0.000198555584918313000 
0.000198365653731178000 
0.000198175722544044000 
0.000197985791356910000 
0.000197795860169775000 
0.000197605928982641000 
0.000197415997795507000 
0.000197226066608372000 
0.000197036135421238000 
0.000196846204234104000 
0.000196702661935858000 
0.000196559119637613000 
0.000196415577339367000 
0.000196272035041122000 
0.000196128492742876000 
0.000195984950444631000 
0.000195841408146386000 
0.000195697865848140000 
0.000195554323549895000 
0.000195410781251649000 
0.000195267238953404000 
0.000195123696655158000 
0.000194919251579135000 
0.000194714806503112000 
0.000194510361427089000 
0.000194305916351065000 
0.000194101471275042000 
0.000193897026199019000 
0.000193692581122996000 
0.000193488136046972000 
0.000193283690970949000 
0.000193079245894926000 
0.000192874800818903000 
0.000192670355742879000 
0.000192453577333523000 
0.000192236798924166000 
0.000192020020514810000 
0.000191803242105453000 
0.000191586463696097000 
0.000191369685286740000 
0.000191152906877383000 
0.000190936128468027000 
0.000190719350058670000 
0.000190502571649314000 
0.000190276390462179000 
0.000190050209275045000 
0.000189824028087911000 
0.000189597846900776000 
0.000189371665713642000 
0.000189145484526508000 
0.000188919303339373000 
0.000188693122152239000 
0.000188466940965105000 
0.000188240759777970000 
0.000188014578590836000 
0.000187788397403702000 
0.000187580827327678000 
0.000187373257251655000 
0.000187165687175632000 
0.000186958117099609000 
0.000186750547023585000 
0.000186542976947562000 
0.000186335406871539000 
0.000186127836795516000 
0.000185920266719493000 
0.000185712696643469000 
0.000185505126567446000 
0.000185297556491423000 
0.000185078041970955000 
0.000184858527450487000 
0.000184639012930020000 
0.000184419498409552000 
0.000184199983889084000 
0.000183980469368617000 
0.000183760954848149000 
0.000183541440327681000 
0.000183321925807214000 
0.000183102411286746000 
0.000182882896766278000 
0.000182663382245811000 
0.000182341784392010000 
0.000182020186538209000 
0.000181698588684408000 
0.000181376990830607000 
0.000181055392976806000 
0.000180733795123005000 
0.000180412197269204000 
0.000180090599415403000 
0.000179769001561602000 
0.000179447403707801000 
0.000179125805854000000 
0.000178804208000199000 
0.000178684207368620000 
0.000178564206737041000 
0.000178444206105462000 
0.000178324205473883000 
0.000178204204842305000 
0.000178084204210726000 
0.000177964203579147000 
0.000177844202947568000 
0.000177724202315989000 
0.000177604201684411000 
0.000177484201052832000 
0.000177364200421253000 
0.000177072741456341000 
0.000176781282491429000 
0.000176489823526517000 
0.000176198364561605000 
0.000175906905596692000 
0.000175615446631780000 
0.000175323987666868000 
0.000175032528701956000 
0.000174741069737044000 
0.000174449610772132000 
0.000174158151807220000 
0.000173866692842308000 
0.000173425247766284000 
0.000172983802690261000 
0.000172542357614238000 
0.000172100912538215000 
0.000171659467462191000 
0.000171218022386168000 
0.000170776577310145000 
0.000170335132234122000 
0.000169893687158098000 
0.000169452242082075000 
0.000169216963672719000 
0.000168981685263362000 
0.000168746406854006000 
0.000168511128444649000 
0.000168275850035292000 
0.000168040571625936000 
0.000167805293216579000 
0.000167570014807223000 
0.000167334736397866000 
0.000167099457988510000 
0.000166864179579153000 
0.000166628901169796000 
0.000166255983871551000 
0.000165883066573306000 
0.000165510149275060000 
0.000165137231976815000 
0.000164764314678569000 
0.000164391397380324000 
0.000164018480082078000 
0.000163645562783833000 
0.000163272645485587000 
0.000162899728187342000 
0.000162526810889096000 
0.000162153893590851000 
0.000161687781848161000 
0.000161221670105471000 
0.000160755558362781000 
0.000160289446620091000 
0.000159823334877402000 
0.000159357223134712000 
0.000158891111392022000 
0.000158424999649332000 
0.000157958887906642000 
0.000157492776163952000 
0.000157026664421262000 
0.000156560552678572000 
0.000156203399269216000 
0.000155846245859859000 
0.000155489092450503000 
0.000155131939041146000 
0.000154774785631789000 
0.000154417632222433000 
0.000154060478813076000 
0.000153703325403720000 
0.000153346171994363000 
0.000152989018585007000 
0.000152631865175650000 
0.000152274711766293000 
0.000151911308356937000 
0.000151547904947580000 
0.000151184501538224000 
0.000150821098128867000 
0.000150457694719511000 
0.000150094291310154000 
0.000149730887900797000 
0.000149367484491441000 
0.000149004081082084000 
0.000148640677672728000 
0.000148277274263371000 
0.000147913870854015000 
0.000147507689666880000 
0.000147101508479746000 
0.000146695327292612000 
0.000146289146105477000 
0.000145882964918343000 
0.000145476783731209000 
0.000145070602544074000 
0.000144664421356940000 
0.000144258240169805000 
0.000143852058982671000 
0.000143445877795537000 
0.000143039696608402000 
0.000142410501532379000 
0.000141781306456356000 
0.000141152111380333000 
0.000140522916304310000 
0.000139893721228286000 
0.000139264526152263000 
0.000138635331076240000 
0.000138006136000217000 
0.000137376940924193000 
0.000136747745848170000 
0.000136319203549925000 
0.000135890661251679000 
0.000135462118953434000 
0.000135033576655188000 
0.000134605034356943000 
0.000134176492058697000 
0.000133747949760452000 
0.000133319407462206000 
0.000132890865163961000 
0.000132462322865716000 
0.000132033780567470000 
0.000131605238269225000 
0.000131107251526535000 
0.000130609264783845000 
0.000130111278041155000 
0.000129613291298465000 
0.000129115304555775000 
0.000128617317813085000 
0.000128119331070395000 
0.000127621344327705000 
0.000127123357585016000 
0.000126625370842326000 
0.000126127384099636000 
0.000125629397356946000 
0.000125134396725367000 
0.000124639396093788000 
0.000124144395462209000 
0.000123649394830631000 
0.000123154394199052000 
0.000122659393567473000 
0.000122164392935894000 
0.000121669392304316000 
0.000121174391672737000 
0.000120679391041158000 
0.000120184390409579000 
0.000119689389778000000 
0.000119135222479755000 
0.000118581055181509000 
0.000118026887883264000 
0.000117472720585019000 
0.000116918553286773000 
0.000116364385988528000 
0.000115810218690282000 
0.000115256051392037000 
0.000114701884093791000 
0.000114147716795546000 
0.000113593549497300000 
0.000113039382199055000 
0.000112501464900809000 
0.000111963547602564000 
0.000111425630304319000 
0.000110887713006073000 
0.000110349795707828000 
0.000109811878409582000 
0.000109273961111337000 
0.000108736043813091000 
0.000108198126514846000 
0.000107660209216600000 
0.000107122291918355000 
0.000106584374620109000 
0.000106047707321864000 
0.000105511040023619000 
0.000104974372725373000 
0.000104437705427128000 
0.000103901038128882000 
0.000103364370830637000 
0.000102827703532391000 
0.000102291036234146000 
0.000101754368935900000 
0.000101217701637655000 
0.000100681034339409000 
0.000100144367041164000 
0.000099478921965140800 
0.000098813476889117500 
0.000098148031813094300 
0.000097482586737071100 
0.000096817141661047800 
0.000096151696585024600 
0.000095486251509001300 
0.000094820806432978100 
0.000094155361356954900 
0.000093489916280931600 
0.000092891651760464000 
0.000092293387239996300 
0.000091695122719528600 
0.000091096858199060900 
0.000090498593678593300 
0.000089900329158125600 
0.000089302064637657900 
0.000088703800117190200 
0.000088105535596722500 
0.000087507271076254900 
0.000086909006555787200 
0.000086310742035319500 
0.000085751158070407400 
0.000085191574105495300 
0.000084631990140583100 
0.000084072406175671000 
0.000083512822210758900 
0.000082953238245846800 
0.000082393654280934600 
0.000081834070316022500 
0.000081274486351110400 
0.000080714902386198300 
0.000080155318421286100 
0.000079595734456374000 
0.000079072956047017500 
0.000078550177637660900 
0.000078027399228304300 
0.000077504620818947800 
0.000076981842409591200 
0.000076459064000234600 
0.000075936285590878100 
0.000075413507181521500 
0.000074890728772164900 
0.000074367950362808400 
0.000073845171953451800 
0.000073322393544095200 
0.000072861767912516400 
0.000072401142280937700 
0.000071940516649358900 
0.000071479891017780100 
0.000071019265386201300 
0.000070558639754622500 
0.000070098014123043700 
0.000069637388491464900 
0.000069176762859886100 
0.000068716137228307400 
0.000068255511596728600 
0.000067794885965149800 
0.000067258218666904300 
0.000066721551368658900 
0.000066184884070413400 
0.000065648216772167900 
0.000065111549473922500 
0.000064574882175677000 
0.000064038214877431600 
0.000063501547579186100 
0.000062964880280940700 
0.000062428212982695200 
0.000061891545684449800 
0.000061354878386204300 
0.000060766961087958900 
0.000060179043789713400 
0.000059591126491467900 
0.000059003209193222500 
0.000058415291894977000 
0.000057827374596731600 
0.000057239457298486100 
0.000056651540000240700 
0.000056063622701995200 
0.000055475705403749700 
0.000054887788105504300 
0.000054299870807258800 
0.000053777842397902300 
0.000053255813988545700 
0.000052733785579189100 
0.000052211757169832600 
0.000051689728760476000 
0.000051167700351119400 
0.000050645671941762900 
0.000050123643532406300 
0.000049601615123049700 
0.000049079586713693200 
0.000048587641637669900 
0.000048095696561646700 
0.000047603751485623500 
0.000047111806409600200 
0.000046619861333577000 
0.000046127916257553800 
0.000045635971181530500 
0.000045144026105507300 
0.000044652081029484100 
0.000044160135953460800 
0.000043668190877437600 
0.000043176245801414400 
0.000042718745169835600 
0.000042261244538256800 
0.000041803743906678000 
0.000041346243275099200 
0.000040888742643520400 
0.000040431242011941600 
0.000039973741380362800 
0.000039516240748784100 
0.000039058740117205300 
0.000038601239485626500 
0.000038143738854047700 
0.000037686238222468900 
0.000037253390368667900 
0.000036820542514866900 
0.000036387694661065900 
0.000035954846807264900 
0.000035521998953463800 
0.000035089151099662800 
0.000034656303245861800 
0.000034223455392060800 
0.000033790607538259800 
0.000033357759684458800 
0.000032924911830657800 
0.000032492063976856800 
0.000032157827234166900 
0.000031823590491477000 
0.000031489353748787100 
0.000031155117006097200 
0.000030820880263407300 
0.000030486643520717400 
0.000030152406778027500 
0.000029818170035337600 
0.000029483933292647700 
0.000029149696549957800 
0.000028815459807267900 
0.000028481223064578000 
0.000028105736321888100 
0.000027730249579198200 
0.000027354762836508300 
0.000026979276093818400 
0.000026603789351128500 
0.000026228302608438600 
0.000025852815865748700 
0.000025477329123058800 
0.000025101842380368900 
0.000024726355637679000 
0.000024350868894989100 
0.000023975382152299200 
0.000023638020409609300 
0.000023300658666919400 
0.000022963296924229500 
0.000022625935181539600 
0.000022288573438849700 
0.000021951211696159800 
0.000021613849953469900 
0.000021276488210780000 
0.000020939126468090100 
0.000020601764725400200 
0.000020264402982710300 
0.000019927041240020400 
0.000019699679497330500 
0.000019472317754640600 
0.000019244956011950700 
0.000019017594269260800 
0.000018790232526570900 
0.000018562870783881000 
0.000018335509041191100 
0.000018108147298501200 
0.000017880785555811300 
0.000017653423813121400 
0.000017426062070431500 
0.000017198700327741600 
0.000016905005251718300 
0.000016611310175695100 
0.000016317615099671900 
0.000016023920023648600 
0.000015730224947625400 
0.000015436529871602200 
0.000015142834795578900 
0.000014849139719555700 
0.000014555444643532400 
0.000014261749567509200 
0.000013871332269263800 
0.000013480914971018300 
0.000013090497672772900 
0.000012700080374527400 
0.000012309663076281900 
0.000011919245778036500 
0.000011528828479791000 
0.000011138411181545600 
0.000010747993883300100 
0.000010357576585054700 
0.000009967159286809200 
0.000009576741988563750 
0.000009416880245873850 
0.000009257018503183950 
0.000009097156760494050 
0.000008937295017804150 
0.000008777433275114250 
0.000008617571532424350 
0.000008457709789734450 
0.000008297848047044550 
0.000008137986304354650 
0.000007978124561664750 
0.000007818262818974850 
0.000007658401076284950 
0.000007511386555817270 
0.000007364372035349590 
0.000007217357514881910 
0.000007070342994414240 
0.000006923328473946560 
0.000006776313953478880 
0.000006629299433011200 
0.000006482284912543530 
0.000006335270392075850 
0.000006188255871608170 
0.000006041241351140490 
0.000005894226830672810 
0.000005666726199094030 
0.000005439225567515240 
0.000005211724935936450 
0.000004984224304357660 
0.000004756723672778870 
0.000004529223041200080 
0.000004301722409621290 
0.000004074221778042500 
0.000003846721146463710 
0.000003619220514884920 
0.000003391719883306130 
0.000003164219251727340 
0.000003108385286815220 
0.000003052551321903100 
0.000002996717356990980 
0.000002940883392078860 
0.000002885049427166730 
0.000002829215462254610 
0.000002773381497342490 
0.000002717547532430370 
0.000002661713567518240 
0.000002605879602606120 
0.000002550045637694000 
0.000002494211672781880 
0.000002440113818980870 
0.000002386015965179850 
0.000002331918111378840 
0.000002277820257577830 
0.000002223722403776820 
0.000002169624549975810 
0.000002115526696174800 
0.000002061428842373780 
0.000002007330988572770 
0.000001953233134771760 
0.000001899135280970750 
0.000001845037427169740 
0.000001745009017813170 
0.000001644980608456610 
0.000001544952199100040 
0.000001444923789743470 
0.000001344895380386900 
0.000001244866971030340 
0.000001144838561673770 
0.000001044810152317200 
0.000000944781742960638 
0.000000844753333604071 
0.000000785238813136393 
0.000000725724292668716 
0.000000666209772201038 
0.000000606695251733360 
0.000000547180731265682 
0.000000487666210798004 
0.000000428151690330326 
0.000000368637169862648 
0.000000309122649394971 
0.000000249608128927293 
0.000000190093608459615 
0.000000130579087991937 
0.000000116342345302037 
0.000000102105602612137 
0.000000087868859922237 
0.000000073632117232337 
0.000000059395374542437 
0.000000045158631852537 
0.000000030921889162637 
0.000000016685146472737 
0.000000002448403782837 
-0.000000011788338907063 
-0.000000026025081596963 
-0.000000040261824286863 
-0.000000027901344754541 
-0.000000015540865222219 
-0.000000003180385689897 
0.000000009180093842425 
0.000000021540573374747 
0.000000033901052907069 
0.000000046261532439391 
0.000000058622011971713 
0.000000070982491504035 
0.000000083342971036357 
0.000000095703450568679 
0.000000108063930101001 
0.000000132507742966657 
0.000000156951555832312 
0.000000181395368697967 
0.000000205839181563623 
0.000000230282994429278 
0.000000254726807294934 
0.000000279170620160589 
0.000000303614433026245 
0.000000328058245891900 
0.000000352502058757556 
0.000000376945871623211 
0.000000401389684488866 
0.000000375069608465633 
0.000000348749532442399 
0.000000322429456419165 
0.000000296109380395932 
0.000000269789304372698 
0.000000243469228349464 
0.000000217149152326231 
0.000000190829076302997 
0.000000164509000279763 
0.000000138188924256530 
0.000000111868848233296 
0.000000085548772210062 
0.000000198742585075718 
0.000000311936397941373 
0.000000425130210807029 
0.000000538324023672684 
0.000000651517836538340 
0.000000764711649403995 
0.000000877905462269651 
0.000000991099275135306 
0.000001104293088000960 
0.000001217486900866620 
0.000001330680713732270 
0.000001443874526597930 
0.000001345346117241360 
0.000001246817707884790 
0.000001148289298528230 
0.000001049760889171660 
0.000000951232479815095 
0.000000852704070458528 
0.000000754175661101961 
0.000000655647251745395 
0.000000557118842388828 
0.000000458590433032261 
0.000000482339801453473 
0.000000506089169874684 
0.000000529838538295895 
0.000000553587906717106