0.0000029212884352986500 
0.0000029591027824256100 
0.0000029969171295525600 
0.0000030347314766795200 
0.0000030725458238064700 
0.0000031103601709334200 
0.0000031481745180603800 
0.0000031859888651873300 
0.0000032238032123142800 
0.0000032616175594412400 
0.0000032994319065681900 
0.0000033359962536951400 
0.0000033725606008221000 
0.0000034091249479490500 
0.0000034456892950760100 
0.0000034822536422029600 
0.0000035188179893299100 
0.0000035553823364568700 
0.0000035919466835838200 
0.0000036285110307107800 
0.0000036650753778377300 
0.0000037016397249646800 
0.0000037382040720916400 
0.0000037939628636630400 
0.0000038497216552344300 
0.0000039054804468058300 
0.0000039612392383772300 
0.0000040169980299486300 
0.0000040727568215200200 
0.0000041285156130914200 
0.0000041842744046628200 
0.0000042400331962342100 
0.0000042957919878056100 
0.0000043637452238214600 
0.0000044316984598373000 
0.0000044996516958531400 
0.0000045676049318689800 
0.0000046355581678848300 
0.0000047035114039006700 
0.0000047714646399165100 
0.0000048394178759323500 
0.0000049073711119482000 
0.0000049753243479640400 
0.0000050432775839798800 
0.0000051112308199957200 
0.0000052202951671226800 
0.0000053293595142496300 
0.0000054384238613765800 
0.0000055474882085035400 
0.0000056565525556304900 
0.0000057656169027574400 
0.0000058746812498843900 
0.0000059837455970113500 
0.0000060928099441383000 
0.0000062018742912652500 
0.0000063109386383922100 
0.0000064200029855191600 
0.0000064903867770905600 
0.0000065607705686619500 
0.0000066311543602333500 
0.0000067015381518047500 
0.0000067719219433761500 
0.0000068423057349475500 
0.0000069126895265189400 
0.0000069830733180903400 
0.0000070534571096617400 
0.0000071238409012331400 
0.0000071942246928045400 
0.0000072646084843759300 
0.0000073306867203917800 
0.0000073967649564076200 
0.0000074628431924234600 
0.0000075289214284393100 
0.0000075949996644551500 
0.0000076610779004709900 
0.0000077271561364868400 
0.0000077932343725026800 
0.0000078593126085185200 
0.0000079253908445343700 
0.0000079914690805502100 
0.0000080575473165660500 
0.0000081509172192485600 
0.0000082442871219310700 
0.0000083376570246135800 
0.0000084310269272960900 
0.0000085243968299786000 
0.0000086177667326611000 
0.0000087111366353436100 
0.0000088045065380261200 
0.0000088978764407086300 
0.0000089912463433911400 
0.0000090846162460736500 
0.0000091779861487561600 
0.0000092906616069942200 
0.0000094033370652322900 
0.0000095160125234703500 
0.0000096286879817084200 
0.0000097413634399464800 
0.0000098540388981845500 
0.0000099667143564226100 
0.0000100793898146607000 
0.0000101920652728987000 
0.0000103047407311368000 
0.0000104174161893749000 
0.0000105300916476129000 
0.0000107001282169621000 
0.0000108701647863113000 
0.0000110402013556605000 
0.0000112102379250096000 
0.0000113802744943588000 
0.0000115503110637080000 
0.0000117203476330572000 
0.0000118903842024063000 
0.0000120604207717555000 
0.0000122304573411047000 
0.0000124004939104539000 
0.0000125705304798030000 
0.0000127335392713744000 
0.0000128965480629458000 
0.0000130595568545172000 
0.0000132225656460886000 
0.0000133855744376600000 
0.0000135485832292314000 
0.0000137115920208028000 
0.0000138746008123742000 
0.0000140376096039456000 
0.0000142006183955170000 
0.0000143887799648662000 
0.0000145769415342154000 
0.0000147651031035645000 
0.0000149532646729137000 
0.0000151414262422629000 
0.0000153295878116121000 
0.0000155177493809613000 
0.0000157059109503104000 
0.0000158940725196596000 
0.0000160822340890088000 
0.0000162703956583580000 
0.0000164585572277071000 
0.0000166286632415008000 
0.0000167987692552944000 
0.0000169688752690880000 
0.0000171389812828816000 
0.0000173090872966752000 
0.0000174791933104689000 
0.0000176492993242625000 
0.0000178194053380561000 
0.0000179895113518497000 
0.0000181596173656433000 
0.0000183297233794370000 
0.0000184998293932306000 
0.0000186668798514686000 
0.0000188339303097067000 
0.0000190009807679448000 
0.0000191680312261828000 
0.0000193350816844209000 
0.0000195021321426590000 
0.0000196691826008970000 
0.0000198362330591351000 
0.0000200032835173732000 
0.0000201703339756112000 
0.0000203373844338493000 
0.0000205044348920874000 
0.0000207596797947699000 
0.0000210149246974524000 
0.0000212701696001349000 
0.0000215254145028174000 
0.0000217806594054999000 
0.0000220359043081824000 
0.0000222911492108649000 
0.0000225463941135474000 
0.0000228016390162299000 
0.0000230568839189124000 
0.0000233121288215949000 
0.0000235673737242775000 
0.0000238164380714044000 
0.0000240655024185314000 
0.0000243145667656583000 
0.0000245636311127853000 
0.0000248126954599122000 
0.0000250617598070392000 
0.0000253108241541661000 
0.0000255598885012931000 
0.0000258089528484200000 
0.0000260580171955470000 
0.0000263070815426739000 
0.0000265561458898009000 
0.0000267708352369279000 
0.0000269855245840548000 
0.0000272002139311818000 
0.0000274149032783087000 
0.0000276295926254357000 
0.0000278442819725626000 
0.0000280589713196896000 
0.0000282736606668165000 
0.0000284883500139435000 
0.0000287030393610704000 
0.0000289177287081974000 
0.0000291324180553243000 
0.0000295057601802291000 
0.0000298791023051338000 
0.0000302524444300385000 
0.0000306257865549433000 
0.0000309991286798480000 
0.0000313724708047527000 
0.0000317458129296575000 
0.0000321191550545622000 
0.0000324924971794669000 
0.0000328658393043717000 
0.0000331397647626097000 
0.0000334136902208478000 
0.0000336876156790858000 
0.0000339615411373239000 
0.0000342354665955620000 
0.0000345093920538000000 
0.0000347833175120381000 
0.0000350572429702762000 
0.0000353311684285142000 
0.0000356050938867523000 
0.0000358790193449904000 
0.0000361529448032284000 
0.0000365150647059109000 
0.0000368771846085934000 
0.0000372393045112760000 
0.0000376014244139585000 
0.0000379635443166410000 
0.0000383256642193235000 
0.0000386877841220060000 
0.0000390499040246885000 
0.0000394120239273710000 
0.0000397741438300535000 
0.0000401362637327360000 
0.0000404983836354185000 
0.0000408386979825455000 
0.0000411790123296724000 
0.0000415193266767994000 
0.0000418596410239264000 
0.0000421999553710533000 
0.0000425402697181803000 
0.0000428805840653072000 
0.0000432208984124342000 
0.0000435612127595611000 
0.0000439015271066881000 
0.0000442418414538150000 
0.0000445821558009420000 
0.0000449412201480689000 
0.0000453002844951959000 
0.0000456593488423229000 
0.0000460184131894498000 
0.0000463774775365768000 
0.0000467365418837037000 
0.0000470956062308307000 
0.0000474546705779576000 
0.0000478137349250846000 
0.0000481727992722115000 
0.0000485318636193385000 
0.0000488909279664654000 
0.0000493231867580368000 
0.0000497554455496082000 
0.0000501877043411796000 
0.0000506199631327510000 
0.0000510522219243224000 
0.0000514844807158938000 
0.0000519167395074652000 
0.0000523489982990366000 
0.0000527812570906080000 
0.0000532135158821794000 
0.0000536457746737508000 
0.0000540780334653222000 
0.0000545138339235603000 
0.0000549496343817983000 
0.0000553854348400364000 
0.0000558212352982745000 
0.0000562570357565125000 
0.0000566928362147506000 
0.0000571286366729887000 
0.0000575644371312267000 
0.0000580002375894648000 
0.0000584360380477029000 
0.0000588718385059409000 
0.0000593076389641790000 
0.0000598562310890837000 
0.0000604048232139884000 
0.0000609534153388932000 
0.0000615020074637979000 
0.0000620505995887026000 
0.0000625991917136074000 
0.0000631477838385121000 
0.0000636963759634168000 
0.0000642449680883216000 
0.0000647935602132263000 
0.0000652523467825755000 
0.0000657111333519247000 
0.0000661699199212738000 
0.0000666287064906230000 
0.0000670874930599722000 
0.0000675462796293214000 
0.0000680050661986705000 
0.0000684638527680197000 
0.0000689226393373689000 
0.0000693814259067181000 
0.0000698402124760672000 
0.0000702989990454164000 
0.0000708427856147656000 
0.0000713865721841148000 
0.0000719303587534639000 
0.0000724741453228131000 
0.0000730179318921623000 
0.0000735617184615115000 
0.0000741055050308606000 
0.0000746492916002098000 
0.0000751930781695590000 
0.0000757368647389082000 
0.0000762806513082573000 
0.0000768244378776065000 
0.0000773726688914001000 
0.0000779208999051938000 
0.0000784691309189874000 
0.0000790173619327810000 
0.0000795655929465746000 
0.0000801138239603682000 
0.0000806620549741619000 
0.0000812102859879555000 
0.0000817585170017491000 
0.0000823067480155427000 
0.0000828549790293363000 
0.0000834032100431300000 
0.0000840020660569236000 
0.0000846009220707172000 
0.0000851997780845108000 
0.0000857986340983044000 
0.0000863974901120981000 
0.0000869963461258917000 
0.0000875952021396853000 
0.0000881940581534789000 
0.0000887929141672725000 
0.0000893917701810662000 
0.0000899906261948598000 
0.0000905894822086534000 
0.0000911666715557804000 
0.0000917438609029073000 
0.0000923210502500343000 
0.0000928982395971612000 
0.0000934754289442882000 
0.0000940526182914151000 
0.0000946298076385421000 
0.0000952069969856690000 
0.0000957841863327960000 
0.0000963613756799229000 
0.0000969385650270499000 
0.0000975157543741768000 
0.0000981985687213038000 
0.0000988813830684308000 
0.0000995641974155577000 
0.0001002470117626850000 
0.0001009298261098120000 
0.0001016126404569390000 
0.0001022954548040660000 
0.0001029782691511920000 
0.0001036610834983190000 
0.0001043438978454460000 
0.0001050267121925730000 
0.0001057095265397000000 
0.0001065110353312720000 
0.0001073125441228430000 
0.0001081140529144140000 
0.0001089155617059860000 
0.0001097170704975570000 
0.0001105185792891290000 
0.0001113200880807000000 
0.0001121215968722710000 
0.0001129231056638430000 
0.0001137246144554140000 
0.0001143579843580970000 
0.0001149913542607790000 
0.0001156247241634620000 
0.0001162580940661440000 
0.0001168914639688270000 
0.0001175248338715090000 
0.0001181582037741920000 
0.0001187915736768740000 
0.0001194249435795570000 
0.0001200583134822390000 
0.0001206916833849220000 
0.0001213250532876040000 
0.0001220543259680650000 
0.0001227835986485250000 
0.0001235128713289850000 
0.0001242421440094460000 
0.0001249714166899060000 
0.0001257006893703660000 
0.0001264299620508260000 
0.0001271592347312870000 
0.0001278885074117470000 
0.0001286177800922070000 
0.0001293470527726680000 
0.0001300763254531280000 
0.0001307887925780330000 
0.0001315012597029370000 
0.0001322137268278420000 
0.0001329261939527470000 
0.0001336386610776510000 
0.0001343511282025560000 
0.0001350635953274610000 
0.0001357760624523660000 
0.0001364885295772700000 
0.0001372009967021750000 
0.0001379134638270800000 
0.0001386259309519850000 
0.0001392604814102230000 
0.0001398950318684610000 
0.0001405295823266990000 
0.0001411641327849370000 
0.0001417986832431750000 
0.0001424332337014130000 
0.0001430677841596510000 
0.0001437023346178890000 
0.0001443368850761270000 
0.0001449714355343650000 
0.0001456059859926030000 
0.0001462405364508410000 
0.0001468762674646350000 
0.0001475119984784290000 
0.0001481477294922220000 
0.0001487834605060160000 
0.0001494191915198090000 
0.0001500549225336030000 
0.0001506906535473970000 
0.0001513263845611900000 
0.0001519621155749840000 
0.0001525978465887780000 
0.0001532335776025710000 
0.0001538693086163650000 
0.0001546880257412700000 
0.0001555067428661740000 
0.0001563254599910790000 
0.0001571441771159840000 
0.0001579628942408880000 
0.0001587816113657930000 
0.0001596003284906980000 
0.0001604190456156030000 
0.0001612377627405070000 
0.0001620564798654120000 
0.0001628751969903170000 
0.0001636939141152220000 
0.0001644694229067930000 
0.0001652449316983640000 
0.0001660204404899360000 
0.0001667959492815070000 
0.0001675714580730790000 
0.0001683469668646500000 
0.0001691224756562210000 
0.0001698979844477930000 
0.0001706734932393640000 
0.0001714490020309360000 
0.0001720985524891740000 
0.0001727481029474120000 
0.0001733976534056500000 
0.0001740472038638880000 
0.0001746967543221260000 
0.0001753463047803640000 
0.0001759958552386020000 
0.0001766454056968400000 
0.0001772949561550780000 
0.0001779445066133160000 
0.0001785940570715540000 
0.0001792436075297920000 
0.0001798739218769190000 
0.0001805042362240460000 
0.0001811345505711730000 
0.0001817648649183000000 
0.0001823951792654270000 
0.0001830254936125540000 
0.0001836558079596810000 
0.0001842861223068080000 
0.0001849164366539350000 
0.0001855467510010620000 
0.0001861770653481890000 
0.0001868073796953160000 
0.0001873735273757760000 
0.0001879396750562360000 
0.0001885058227366970000 
0.0001890719704171570000 
0.0001896381180976170000 
0.0001902042657780770000 
0.0001907704134585380000 
0.0001913365611389980000 
0.0001919027088194580000 
0.0001924688564999190000 
0.0001930350041803790000 
0.0001936011518608390000 
0.0001942000773190770000 
0.0001947990027773150000 
0.0001953979282355530000 
0.0001959968536937920000 
0.0001965957791520300000 
0.0001971947046102680000 
0.0001977936300685060000 
0.0001983925555267440000 
0.0001989914809849820000 
0.0001995904064432200000 
0.0002001893319014580000 
0.0002007882573596960000 
0.0002012670439290450000 
0.0002017458304983940000 
0.0002022246170677430000 
0.0002027034036370930000 
0.0002031821902064420000 
0.0002036609767757910000 
0.0002041397633451400000 
0.0002046185499144890000 
0.0002050973364838390000 
0.0002055761230531880000 
0.0002060549096225370000 
0.0002065336961918860000 
0.0002070244272056800000 
0.0002075151582194730000 
0.0002080058892332670000 
0.0002084966202470610000 
0.0002089873512608540000 
0.0002094780822746480000 
0.0002099688132884410000 
0.0002104595443022350000 
0.0002109502753160290000 
0.0002114410063298220000 
0.0002119317373436160000 
0.0002124224683574100000 
0.0002128606299267590000 
0.0002132987914961080000 
0.0002137369530654570000 
0.0002141751146348060000 
0.0002146132762041550000 
0.0002150514377735050000 
0.0002154895993428540000 
0.0002159277609122030000 
0.0002163659224815520000 
0.0002168040840509010000 
0.0002172422456202500000 
0.0002176804071896000000 
0.0002181841659811710000 
0.0002186879247727420000 
0.0002191916835643140000 
0.0002196954423558850000 
0.0002201992011474570000 
0.0002207029599390280000 
0.0002212067187305990000 
0.0002217104775221710000 
0.0002222142363137420000 
0.0002227179951053140000 
0.0002232129622302180000 
0.0002237079293551230000 
0.0002242028964800280000 
0.0002246978636049330000 
0.0002251928307298370000 
0.0002256877978547420000 
0.0002261827649796470000 
0.0002266777321045510000 
0.0002271726992294560000 
0.0002276676663543610000 
0.0002281626334792660000 
0.0002286576006041700000 
0.0002290064566179640000 
0.0002293553126317580000 
0.0002297041686455510000 
0.0002300530246593450000 
0.0002304018806731390000 
0.0002307507366869320000 
0.0002310995927007260000 
0.0002314484487145190000 
0.0002317973047283130000 
0.0002321461607421070000 
0.0002324950167559000000 
0.0002328438727696940000 
0.0002331159926723760000 
0.0002333881125750590000 
0.0002336602324777410000 
0.0002339323523804240000 
0.0002342044722831060000 
0.0002344765921857890000 
0.0002347487120884710000 
0.0002350208319911540000 
0.0002352929518938360000 
0.0002355650717965190000 
0.0002358371916992010000 
0.0002361093116018840000 
0.0002364447648379000000 
0.0002367802180739160000 
0.0002371156713099310000 
0.0002374511245459470000 
0.0002377865777819630000 
0.0002381220310179790000 
0.0002384574842539950000 
0.0002387929374900110000 
0.0002391283907260270000 
0.0002394638439620420000 
0.0002397992971980580000 
0.0002401347504340740000 
0.0002403828425589790000 
0.0002406309346838840000 
0.0002408790268087880000 
0.0002411271189336930000 
0.0002413752110585980000 
0.0002416233031835020000 
0.0002418713953084070000 
0.0002421194874333120000 
0.0002423675795582170000 
0.0002426156716831210000 
0.0002428637638080260000 
0.0002431118559329310000 
0.0002434007813911690000 
0.0002436897068494070000 
0.0002439786323076450000 
0.0002442675577658830000 
0.0002445564832241210000 
0.0002448454086823590000 
0.0002451343341405970000 
0.0002454232595988350000 
0.0002457121850570730000 
0.0002460011105153120000 
0.0002462900359735500000 
0.0002465789614317880000 
0.0002469167202233590000 
0.0002472544790149300000 
0.0002475922378065020000 
0.0002479299965980730000 
0.0002482677553896450000 
0.0002486055141812160000 
0.0002489432729727870000 
0.0002492810317643590000 
0.0002496187905559300000 
0.0002499565493475020000 
0.0002501808914724060000 
0.0002504052335973110000 
0.0002506295757222160000 
0.0002508539178471210000 
0.0002510782599720250000 
0.0002513026020969300000 
0.0002515269442218350000 
0.0002517512863467390000 
0.0002519756284716440000 
0.0002521999705965490000 
0.0002524243127214540000 
0.0002526486548463580000 
0.0002528537608601520000 
0.0002530588668739460000 
0.0002532639728877390000 
0.0002534690789015330000 
0.0002536741849153260000 
0.0002538792909291200000 
0.0002540843969429140000 
0.0002542895029567070000 
0.0002544946089705010000 
0.0002546997149842950000 
0.0002549048209980880000 
0.0002551099270118820000 
0.0002553560746923420000 
0.0002556022223728020000 
0.0002558483700532630000 
0.0002560945177337230000 
0.0002563406654141830000 
0.0002565868130946440000 
0.0002568329607751040000 
0.0002570791084555640000 
0.0002573252561360240000 
0.0002575714038164850000 
0.0002578175514969450000 
0.0002580636991774050000 
0.0002582253329689770000 
0.0002583869667605480000 
0.0002585486005521190000 
0.0002587102343436910000 
0.0002588718681352620000 
0.0002590335019268340000 
0.0002591951357184050000 
0.0002593567695099760000 
0.0002595184033015480000 
0.0002596800370931190000 
0.0002598416708846910000 
0.0002600033046762620000 
0.0002601920218011670000 
0.0002603807389260710000 
0.0002605694560509760000 
0.0002607581731758810000 
0.0002609468903007860000 
0.0002611356074256900000 
0.0002613243245505950000 
0.0002615130416755000000 
0.0002617017588004050000 
0.0002618904759253090000 
0.0002620791930502140000 
0.0002622679101751190000 
0.0002624566967444680000 
0.0002626454833138170000 
0.0002628342698831660000 
0.0002630230564525150000 
0.0002632118430218650000 
0.0002634006295912140000 
0.0002635894161605630000 
0.0002637782027299120000 
0.0002639669892992610000 
0.0002641557758686110000 
0.0002643445624379600000 
0.0002645333490073090000 
0.0002647398577988800000 
0.0002649463665904520000 
0.0002651528753820230000 
0.0002653593841735950000 
0.0002655658929651660000 
0.0002657724017567370000 
0.0002659789105483090000 
0.0002661854193398800000 
0.0002663919281314520000 
0.0002665984369230230000 
0.0002667159040479280000 
0.0002668333711728320000 
0.0002669508382977370000 
0.0002670683054226420000 
0.0002671857725475470000 
0.0002673032396724510000 
0.0002674207067973560000 
0.0002675381739222610000 
0.0002676556410471650000 
0.0002677731081720700000 
0.0002678905752969750000 
0.0002680080424218800000 
0.0002681134956578960000 
0.0002682189488939110000 
0.0002683244021299270000 
0.0002684298553659430000 
0.0002685353086019590000 
0.0002686407618379750000 
0.0002687462150739910000 
0.0002688516683100060000 
0.0002689571215460220000 
0.0002690625747820380000 
0.0002691680280180540000 
0.0002692734812540700000 
0.0002694024761567520000 
0.0002695314710594350000 
0.0002696604659621170000 
0.0002697894608648000000 
0.0002699184557674820000 
0.0002700474506701650000 
0.0002701764455728470000 
0.0002703054404755300000 
0.0002704344353782120000 
0.0002705634302808950000 
0.0002706924251835770000 
0.0002708214200862600000 
0.0002709304844333870000 
0.0002710395487805140000 
0.0002711486131276410000 
0.0002712576774747680000 
0.0002713667418218950000 
0.0002714758061690220000 
0.0002715848705161490000 
0.0002716939348632760000 
0.0002718029992104020000 
0.0002719120635575290000 
0.0002720211279046560000 
0.0002721301922517830000 
0.0002722205065989100000 
0.0002723108209460370000 
0.0002724011352931640000 
0.0002724914496402910000 
0.0002725817639874180000 
0.0002726720783345450000 
0.0002727623926816720000 
0.0002728527070287990000 
0.0002729430213759260000 
0.0002730333357230530000 
0.0002731236500701800000 
0.0002732139644173070000 
0.0002733253898755450000 
0.0002734368153337830000 
0.0002735482407920210000 
0.0002736596662502590000 
0.0002737710917084970000 
0.0002738825171667350000 
0.0002739939426249730000 
0.0002741053680832110000 
0.0002742167935414490000 
0.0002743282189996870000 
0.0002744396444579250000 
0.0002745510699161640000 
0.0002746249953744020000 
0.0002746989208326400000 
0.0002747728462908780000 
0.0002748467717491160000 
0.0002749206972073540000 
0.0002749946226655920000 
0.0002750685481238300000 
0.0002751424735820680000 
0.0002752163990403060000 
0.0002752903244985440000 
0.0002753678610678930000 
0.0002754453976372430000 
0.0002755229342065920000 
0.0002756004707759410000 
0.0002756780073452900000 
0.0002757555439146390000 
0.0002758330804839880000 
0.0002759106170533380000 
0.0002759881536226870000 
0.0002760656901920360000 
0.0002761432267613850000 
0.0002762207633307340000 
0.0002762736471223060000 
0.0002763265309138770000 
0.0002763794147054490000 
0.0002764322984970200000 
0.0002764851822885910000 
0.0002765380660801630000 
0.0002765909498717340000 
0.0002766438336633060000 
0.0002766967174548770000 
0.0002767496012464480000 
0.0002768024850380200000 
0.0002768553688295910000 
0.0002768907526211620000 
0.0002769261364127340000 
0.0002769615202043050000 
0.0002769969039958770000 
0.0002770322877874480000 
0.0002770676715790190000 
0.0002771030553705910000 
0.0002771384391621620000 
0.0002771738229537340000 
0.0002772092067453050000 
0.0002772445905368770000 
0.0002772799743284480000 
0.0002772917470089080000 
0.0002773035196893680000 
0.0002773152923698290000 
0.0002773270650502890000 
0.0002773388377307490000 
0.0002773506104112100000 
0.0002773623830916700000 
0.0002773741557721300000 
0.0002773859284525900000 
0.0002773977011330510000 
0.0002774094738135110000 
0.0002774212464939710000 
0.0002774312830633200000 
0.0002774413196326700000 
0.0002774513562020190000 
0.0002774613927713680000 
0.0002774714293407170000 
0.0002774814659100660000 
0.0002774915024794160000 
0.0002775015390487650000 
0.0002775115756181140000 
0.0002775216121874630000 
0.0002775316487568120000 
0.0002775416853261610000 
0.0002776035968955110000 
0.0002776655084648600000 
0.0002777274200342090000 
0.0002777893316035580000 
0.0002778512431729070000 
0.0002779131547422570000 
0.0002779750663116060000 
0.0002780369778809550000 
0.0002780988894503040000 
0.0002781608010196530000 
0.0002782227125890020000 
0.0002782846241583520000 
0.0002782527162832560000 
0.0002782208084081610000 
0.0002781889005330660000 
0.0002781569926579700000 
0.0002781250847828750000 
0.0002780931769077800000 
0.0002780612690326850000 
0.0002780293611575890000 
0.0002779974532824940000 
0.0002779655454073990000 
0.0002779912069767480000 
0.0002780168685460970000 
0.0002780425301154460000 
0.0002780681916847960000 
0.0002780938532541450000 
0.0002781195148234940000 
0.0002781451763928430000 
0.0002781708379621920000 
0.0002781964995315410000 
0.0002782221611008910000 
0.0002782478226702400000 
0.0002782734842395890000 
0.0002789049096978270000 
0.0002795363351560650000 
0.0002801677606143030000 
0.0002807991860725410000 
0.0002814306115307790000 
0.0002820620369890170000 
0.0002826934624472550000 
0.0002833248879054930000 
0.0002839563133637320000 
0.0002845877388219700000 
0.0002852191642802080000 
0.0002858505897384460000 
0.0002852488207522390000 
0.0002846470517660330000 
0.0002840452827798270000 
0.0002834435137936200000 
0.0002828417448074140000 
0.0002822399758212080000 
0.0002816382068350010000 
0.0002810364378487950000 
0.0002804346688625880000 
0.0002798328998763820000 
0.0002792311308901760000 
0.0002786293619039690000 
0.0002785487040288740000 
0.0002784680461537790000 
0.0002783873882786830000 
0.0002783067304035880000 
0.0002782260725284930000 
0.0002781454146533980000 
0.0002780647567783020000 
0.0002779840989032070000 
0.0002779034410281120000 
0.0002778227831530170000 
0.0002777421252779210000 
0.0002776614674028260000 
0.0002776684484166200000 
0.0002776754294304130000 
0.0002776824104442070000 
0.0002776893914580000000 
0.0002776963724717940000 
0.0002777033534855880000 
0.0002777103344993810000 
0.0002777173155131750000 
0.0002777242965269690000 
0.0002777312775407620000 
0.0002777382585545560000 
0.0002777452395683490000 
0.0002777111789154760000 
0.0002776771182626030000 
0.0002776430576097300000 
0.0002776089969568570000 
0.0002775749363039840000 
0.0002775408756511110000 
0.0002775068149982380000 
0.0002774727543453650000 
0.0002774386936924920000 
0.0002774046330396190000 
0.0002773705723867460000 
0.0002773365117338730000 
0.0002773843955254440000 
0.0002774322793170160000 
0.0002774801631085870000 
0.0002775280469001580000 
0.0002775759306917300000 
0.0002776238144833010000 
0.0002776716982748730000 
0.0002777195820664440000 
0.0002777674658580150000 
0.0002778153496495870000 
0.0002778632334411580000 
0.0002779111172327300000 
0.0002776770426909680000 
0.0002774429681492060000 
0.0002772088936074440000 
0.0002769748190656820000 
0.0002767407445239200000 
0.0002765066699821580000 
0.0002762725954403960000 
0.0002760385208986340000 
0.0002758044463568720000 
0.0002755703718151100000 
0.0002755640194955710000 
0.0002755576671760310000 
0.0002755513148564910000 
0.0002755449625369510000 
0.0002755386102174120000 
0.0002755322578978720000 
0.0002755259055783320000 
0.0002755195532587930000 
0.0002755132009392530000 
0.0002755068486197130000 
0.0002755004963001730000 
0.0002754941439806340000 
0.0002754486944388720000 
0.0002754032448971100000 
0.0002753577953553480000 
0.0002753123458135860000 
0.0002752668962718240000 
0.0002752214467300620000 
0.0002751759971883000000 
0.0002751305476465380000 
0.0002750850981047760000 
0.0002750396485630140000 
0.0002749941990212520000 
0.0002749487494794900000 
0.0002748596193821730000 
0.0002747704892848550000 
0.0002746813591875380000 
0.0002745922290902210000 
0.0002745030989929030000 
0.0002744139688955850000 
0.0002743248387982680000 
0.0002742357087009510000 
0.0002741465786036330000 
0.0002740574485063160000 
0.0002739683184089980000 
0.0002738791883116810000 
0.0002738106832143630000 
0.0002737421781170460000 
0.0002736736730197280000 
0.0002736051679224110000 
0.0002735366628250930000 
0.0002734681577277760000 
0.0002733996526304580000 
0.0002733311475331410000 
0.0002732626424358230000 
0.0002731941373385060000 
0.0002731256322411880000 
0.0002730571271438710000 
0.0002730067470465530000 
0.0002729563669492360000 
0.0002729059868519180000 
0.0002728556067546010000 
0.0002728052266572830000 
0.0002727548465599660000 
0.0002727044664626480000 
0.0002726540863653310000 
0.0002726037062680130000 
0.0002725533261706960000 
0.0002725029460733780000 
0.0002724525659760610000 
0.0002723012831009660000 
0.0002721500002258700000 
0.0002719987173507750000 
0.0002718474344756800000 
0.0002716961516005840000 
0.0002715448687254890000 
0.0002713935858503940000 
0.0002712423029752990000 
0.0002710910201002030000 
0.0002709397372251080000 
0.0002707884543500130000 
0.0002706371714749180000 
0.0002705421802664890000 
0.0002704471890580600000 
0.0002703521978496320000 
0.0002702572066412030000 
0.0002701622154327750000 
0.0002700672242243460000 
0.0002699722330159170000 
0.0002698772418074890000 
0.0002697822505990600000 
0.0002696872593906320000 
0.0002695304904044250000 
0.0002693737214182190000 
0.0002692169524320120000 
0.0002690601834458060000 
0.0002689034144596000000 
0.0002687466454733930000 
0.0002685898764871870000 
0.0002684331075009800000 
0.0002682763385147740000 
0.0002681195695285680000 
0.0002679628005423610000 
0.0002678060315561550000 
0.0002676233597921710000 
0.0002674406880281870000 
0.0002672580162642020000 
0.0002670753445002180000 
0.0002668926727362340000 
0.0002667100009722500000 
0.0002665273292082660000 
0.0002663446574442820000 
0.0002661619856802980000 
0.0002659793139163130000 
0.0002657966421523290000 
0.0002656139703883450000 
0.0002654578264021390000 
0.0002653016824159320000 
0.0002651455384297260000 
0.0002649893944435200000 
0.0002648332504573130000 
0.0002646771064711070000 
0.0002645209624849000000 
0.0002643648184986940000 
0.0002642086745124880000 
0.0002640525305262810000 
0.0002638963865400750000 
0.0002637402425538690000 
0.0002636168069009960000 
0.0002634933712481220000 
0.0002633699355952490000 
0.0002632464999423760000 
0.0002631230642895030000 
0.0002629996286366300000 
0.0002628761929837570000 
0.0002627527573308840000 
0.0002626293216780110000 
0.0002625058860251380000 
0.0002623824503722650000 
0.0002622590147193920000 
0.0002621632873998520000 
0.0002620675600803130000 
0.0002619718327607730000 
0.0002618761054412330000 
0.0002617803781216930000 
0.0002616846508021540000 
0.0002615889234826140000 
0.0002614931961630740000 
0.0002613974688435350000 
0.0002613017415239950000 
0.0002612060142044550000 
0.0002611102868849160000 
0.0002607729623431540000 
0.0002604356378013920000 
0.0002600983132596300000 
0.0002597609887178680000 
0.0002594236641761060000 
0.0002590863396343440000 
0.0002587490150925820000 
0.0002584116905508200000 
0.0002580743660090580000 
0.0002577370414672960000 
0.0002573997169255340000 
0.0002570623923837720000 
0.0002568029011753440000 
0.0002565434099669150000 
0.0002562839187584860000 
0.0002560244275500580000 
0.0002557649363416290000 
0.0002555054451332010000 
0.0002552459539247720000 
0.0002549864627163430000 
0.0002547269715079150000 
0.0002544674802994860000 
0.0002542546002021690000 
0.0002540417201048510000 
0.0002538288400075340000 
0.0002536159599102160000 
0.0002534030798128990000 
0.0002531901997155810000 
0.0002529773196182640000 
0.0002527644395209460000 
0.0002525515594236290000 
0.0002523386793263110000 
0.0002521257992289940000 
0.0002519129191316760000 
0.0002516438584788030000 
0.0002513747978259300000 
0.0002511057371730570000 
0.0002508366765201840000 
0.0002505676158673110000 
0.0002502985552144380000 
0.0002500294945615650000 
0.0002497604339086920000 
0.0002494913732558190000 
0.0002492223126029460000 
0.0002489532519500730000 
0.0002486841912972000000 
0.0002484447139776600000 
0.0002482052366581200000 
0.0002479657593385810000 
0.0002477262820190410000 
0.0002474868046995010000 
0.0002472473273799610000 
0.0002470078500604220000 
0.0002467683727408820000 
0.0002465288954213420000 
0.0002462894181018030000 
0.0002460499407822630000 
0.0002458104634627230000 
0.0002454694583654060000 
0.0002451284532680880000 
0.0002447874481707710000 
0.0002444464430734530000 
0.0002441054379761360000 
0.0002437644328788180000 
0.0002434234277815010000 
0.0002430824226841830000 
0.0002427414175868660000 
0.0002424004124895480000 
0.0002420594073922310000 
0.0002417184022949130000 
0.0002414107305309290000 
0.0002411030587669450000 
0.0002407953870029610000 
0.0002404877152389770000 
0.0002401800434749930000 
0.0002398723717110080000 
0.0002395646999470240000 
0.0002392570281830400000 
0.0002389493564190560000 
0.0002386416846550720000 
0.0002383340128910880000 
0.0002380263411271030000 
0.0002376980443631190000 
0.0002373697475991350000 
0.0002370414508351510000 
0.0002367131540711670000 
0.0002363848573071830000 
0.0002360565605431990000 
0.0002357282637792140000 
0.0002353999670152300000 
0.0002350716702512460000 
0.0002347433734872620000 
0.0002344150767232780000 
0.0002340867799592940000 
0.0002336439554175320000 
0.0002332011308757700000 
0.0002327583063340080000 
0.0002323154817922460000 
0.0002318726572504840000 
0.0002314298327087220000 
0.0002309870081669600000 
0.0002305441836251980000 
0.0002301013590834360000 
0.0002296585345416740000 
0.0002293157933332460000 
0.0002289730521248170000 
0.0002286303109163880000 
0.0002282875697079600000 
0.0002279448284995310000 
0.0002276020872911030000 
0.0002272593460826740000 
0.0002269166048742450000 
0.0002265738636658170000 
0.0002262311224573880000 
0.0002258883812489600000 
0.0002255456400405310000 
0.0002251158849432130000 
0.0002246861298458960000 
0.0002242563747485790000 
0.0002238266196512610000 
0.0002233968645539440000 
0.0002229671094566260000 
0.0002225373543593090000 
0.0002221075992619910000 
0.0002216778441646740000 
0.0002212480890673560000 
0.0002208183339700390000 
0.0002203885788727210000 
0.0002199299348865150000 
0.0002194712909003080000 
0.0002190126469141020000 
0.0002185540029278960000 
0.0002180953589416890000 
0.0002176367149554830000 
0.0002171780709692760000 
0.0002167194269830700000 
0.0002162607829968640000 
0.0002158021390106570000 
0.0002153434950244510000 
0.0002148848510382440000 
0.0002144121792742600000 
0.0002139395075102760000 
0.0002134668357462920000 
0.0002129941639823080000 
0.0002125214922183240000 
0.0002120488204543400000 
0.0002115761486903550000 
0.0002111034769263710000 
0.0002106308051623870000 
0.0002101581333984030000 
0.0002096854616344190000 
0.0002092127898704350000 
0.0002087008819953390000 
0.0002081889741202440000 
0.0002076770662451490000 
0.0002071651583700540000 
0.0002066532504949580000 
0.0002061413426198630000 
0.0002056294347447680000 
0.0002051175268696720000 
0.0002046056189945770000 
0.0002040937111194820000 
0.0002035818032443870000 
0.0002030698953692910000 
0.0002025725708275290000 
0.0002020752462857680000 
0.0002015779217440060000 
0.0002010805972022440000 
0.0002005832726604820000 
0.0002000859481187200000 
0.0001995886235769580000 
0.0001990912990351960000 
0.0001985939744934340000 
0.0001980966499516720000 
0.0001975993254099100000 
0.0001971020008681480000 
0.0001965134263263860000 
0.0001959248517846240000 
0.0001953362772428620000 
0.0001947477027011000000 
0.0001941591281593380000 
0.0001935705536175770000 
0.0001929819790758150000 
0.0001923934045340530000 
0.0001918048299922910000 
0.0001912162554505290000 
0.0001906276809087670000 
0.0001900391063670050000 
0.0001893671151585760000 
0.0001886951239501480000 
0.0001880231327417190000 
0.0001873511415332910000 
0.0001866791503248620000 
0.0001860071591164330000 
0.0001853351679080050000 
0.0001846631766995760000 
0.0001839911854911480000 
0.0001833191942827190000 
0.0001827173558520680000 
0.0001821155174214170000 
0.0001815136789907660000 
0.0001809118405601160000 
0.0001803100021294650000 
0.0001797081636988140000 
0.0001791063252681630000 
0.0001785044868375120000 
0.0001779026484068620000 
0.0001773008099762110000 
0.0001766989715455600000 
0.0001760971331149090000 
0.0001754716835731470000 
0.0001748462340313850000 
0.0001742207844896230000 
0.0001735953349478610000 
0.0001729698854060990000 
0.0001723444358643370000 
0.0001717189863225750000 
0.0001710935367808140000 
0.0001704680872390520000 
0.0001698426376972900000 
0.0001692171881555280000 
0.0001685917386137660000 
0.0001679560807386710000 
0.0001673204228635750000 
0.0001666847649884800000 
0.0001660491071133850000 
0.0001654134492382890000 
0.0001647777913631940000 
0.0001641421334880990000 
0.0001635064756130040000 
0.0001628708177379080000 
0.0001622351598628130000 
0.0001615995019877180000 
0.0001609638441126230000 
0.0001602629779041940000 
0.0001595621116957650000 
0.0001588612454873370000 
0.0001581603792789080000 
0.0001574595130704800000 
0.0001567586468620510000 
0.0001560577806536220000 
0.0001553569144451940000 
0.0001546560482367650000 
0.0001539551820283370000 
0.0001532543158199080000 
0.0001525534496114790000 
0.0001518645278474950000 
0.0001511756060835110000 
0.0001504866843195270000 
0.0001497977625555430000 
0.0001491088407915590000 
0.0001484199190275740000 
0.0001477309972635900000 
0.0001470420754996060000 
0.0001463531537356220000 
0.0001456642319716380000 
0.0001449753102076540000 
0.0001442863884436690000 
0.0001436464944574630000 
0.0001430066004712570000 
0.0001423667064850500000 
0.0001417268124988440000 
0.0001410869185126380000 
0.0001404470245264310000 
0.0001398071305402250000 
0.0001391672365540180000 
0.0001385273425678120000 
0.0001378874485816060000 
0.0001372475545953990000 
0.0001366076606091930000 
0.0001356943360674310000 
0.0001347810115256690000 
0.0001338676869839070000 
0.0001329543624421450000 
0.0001320410379003830000 
0.0001311277133586210000 
0.0001302143888168590000 
0.0001293010642750970000 
0.0001283877397333350000 
0.0001274744151915740000 
0.0001269439656498120000 
0.0001264135161080500000 
0.0001258830665662880000 
0.0001253526170245260000 
0.0001248221674827640000 
0.0001242917179410020000 
0.0001237612683992400000 
0.0001232308188574780000 
0.0001227003693157160000 
0.0001221699197739540000 
0.0001216394702321920000 
0.0001211090206904300000 
0.0001203675294820020000 
0.0001196260382735730000 
0.0001188845470651450000 
0.0001181430558567160000 
0.0001174015646482870000 
0.0001166600734398590000 
0.0001159185822314300000 
0.0001151770910230020000 
0.0001144355998145730000 
0.0001136941086061440000 
0.0001129526173977160000 
0.0001122111261892870000 
0.0001115386627586360000 
0.0001108661993279850000 
0.0001101937358973350000 
0.0001095212724666840000 
0.0001088488090360330000 
0.0001081763456053820000 
0.0001075038821747310000 
0.0001068314187440810000 
0.0001061589553134300000 
0.0001054864918827790000 
0.0001048140284521280000 
0.0001041415650214770000 
0.0001035131293686040000 
0.0001028846937157310000 
0.0001022562580628580000 
0.0001016278224099850000 
0.0001009993867571120000 
0.0001003709511042390000 
0.0000997425154513659000 
0.0000991140797984928000 
0.0000984856441456198000 
0.0000978572084927468000 
0.0000972287728398737000 
0.0000966003371870007000 
0.0000959917626452387000 
0.0000953831881034768000 
0.0000947746135617148000 
0.0000941660390199529000 
0.0000935574644781910000 
0.0000929488899364290000 
0.0000923403153946671000 
0.0000917317408529052000 
0.0000911231663111432000 
0.0000905145917693813000 
0.0000899060172276194000 
0.0000892974426858574000 
0.0000887143542552066000 
0.0000881312658245558000 
0.0000875481773939050000 
0.0000869650889632541000 
0.0000863820005326033000 
0.0000857989121019525000 
0.0000852158236713017000 
0.0000846327352406508000 
0.0000840496468100000000 
0.0000834665583793492000 
0.0000828834699486984000 
0.0000823003815180475000 
0.0000815473069762856000 
0.0000807942324345237000 
0.0000800411578927617000 
0.0000792880833509998000 
0.0000785350088092379000 
0.0000777819342674759000 
0.0000770288597257140000 
0.0000762757851839520000 
0.0000755227106421901000 
0.0000747696361004282000 
0.0000742734921142218000 
0.0000737773481280154000 
0.0000732812041418091000 
0.0000727850601556027000 
0.0000722889161693963000 
0.0000717927721831899000 
0.0000712966281969835000 
0.0000708004842107771000 
0.0000703043402245708000 
0.0000698081962383644000 
0.0000693120522521580000 
0.0000688159082659516000 
0.0000683087920575230000 
0.0000678016758490944000 
0.0000672945596406658000 
0.0000667874434322372000 
0.0000662803272238086000 
0.0000657732110153800000 
0.0000652660948069514000 
0.0000647589785985228000 
0.0000642518623900942000 
0.0000637447461816656000 
0.0000632376299732370000 
0.0000627305137648084000 
0.0000622084670008242000 
0.0000616864202368401000 
0.0000611643734728559000 
0.0000606423267088718000 
0.0000601202799448876000 
0.0000595982331809035000 
0.0000590761864169193000 
0.0000585541396529351000 
0.0000580320928889510000 
0.0000575100461249668000 
0.0000569879993609827000 
0.0000564659525969985000 
0.0000560441141663477000 
0.0000556222757356969000 
0.0000552004373050460000 
0.0000547785988743952000 
0.0000543567604437444000 
0.0000539349220130936000 
0.0000535130835824427000 
0.0000530912451517919000 
0.0000526694067211411000 
0.0000522475682904903000 
0.0000518257298598394000 
0.0000514038914291886000 
0.0000510031641096489000 
0.0000506024367901092000 
0.0000502017094705695000 
0.0000498009821510298000 
0.0000494002548314901000 
0.0000489995275119503000 
0.0000485988001924106000 
0.0000481980728728709000 
0.0000477973455533312000 
0.0000473966182337915000 
0.0000469958909142518000 
0.0000465951635947121000 
0.0000462408251640612000 
0.0000458864867334104000 
0.0000455321483027596000 
0.0000451778098721088000 
0.0000448234714414579000 
0.0000444691330108071000 
0.0000441147945801563000 
0.0000437604561495055000 
0.0000434061177188546000 
0.0000430517792882038000 
0.0000426974408575530000 
0.0000423431024269022000 
0.0000419329445518069000 
0.0000415227866767116000 
0.0000411126288016164000 
0.0000407024709265211000 
0.0000402923130514258000 
0.0000398821551763306000 
0.0000394719973012353000 
0.0000390618394261400000 
0.0000386516815510448000 
0.0000382415236759495000 
0.0000378800324675209000 
0.0000375185412590923000 
0.0000371570500506637000 
0.0000367955588422351000 
0.0000364340676338065000 
0.0000360725764253779000 
0.0000357110852169493000 
0.0000353495940085207000 
0.0000349881028000921000 
0.0000346266115916635000 
0.0000342651203832349000 
0.0000339036291748063000 
0.0000336230407441554000 
0.0000333424523135046000 
0.0000330618638828538000 
0.0000327812754522030000 
0.0000325006870215521000 
0.0000322200985909013000 
0.0000319395101602505000 
0.0000316589217295997000 
0.0000313783332989488000 
0.0000310977448682980000 
0.0000308171564376472000 
0.0000305365680069964000 
0.0000302300767985678000 
0.0000299235855901392000 
0.0000296170943817106000 
0.0000293106031732820000 
0.0000290041119648534000 
0.0000286976207564248000 
0.0000283911295479962000 
0.0000280846383395676000 
0.0000277781471311390000 
0.0000274716559227104000 
0.0000271651647142818000 
0.0000268586735058532000 
0.0000266772517418690000 
0.0000264958299778848000 
0.0000263144082139007000 
0.0000261329864499165000 
0.0000259515646859324000 
0.0000257701429219482000 
0.0000255887211579641000 
0.0000254072993939799000 
0.0000252258776299957000 
0.0000250444558660116000 
0.0000248630341020274000 
0.0000246816123380433000 
0.0000244499822407258000 
0.0000242183521434083000 
0.0000239867220460908000 
0.0000237550919487733000 
0.0000235234618514558000 
0.0000232918317541383000 
0.0000230602016568208000 
0.0000228285715595033000 
0.0000225969414621858000 
0.0000223653113648683000 
0.0000221336812675509000 
0.0000219020511702334000 
0.0000216715321840270000 
0.0000214410131978206000 
0.0000212104942116142000 
0.0000209799752254078000 
0.0000207494562392015000 
0.0000205189372529951000 
0.0000202884182667887000 
0.0000200578992805823000 
0.0000198273802943759000 
0.0000195968613081696000 
0.0000193663423219632000 
0.0000191358233357568000 
0.0000188691654606615000 
0.0000186025075855663000 
0.0000183358497104710000 
0.0000180691918353757000 
0.0000178025339602805000 
0.0000175358760851852000 
0.0000172692182100899000 
0.0000170025603349947000 
0.0000167359024598994000 
0.0000164692445848041000 
0.0000162985867097089000 
0.0000161279288346136000 
0.0000159572709595183000 
0.0000157866130844230000 
0.0000156159552093278000 
0.0000154452973342325000 
0.0000152746394591372000 
0.0000151039815840420000 
0.0000149333237089467000 
0.0000147626658338514000 
0.0000145920079587562000 
0.0000144213500836609000 
0.0000142881922085656000 
0.0000141550343334704000 
0.0000140218764583751000 
0.0000138887185832798000 
0.0000137555607081846000 
0.0000136224028330893000 
0.0000134892449579940000 
0.0000133560870828988000 
0.0000132229292078035000 
0.0000130897713327082000 
0.0000129566134576129000 
0.0000128234555825177000 
0.0000129005060407557000 
0.0000129775564989938000 
0.0000130546069572319000 
0.0000131316574154699000 
0.0000132087078737080000 
0.0000132857583319461000 
0.0000133628087901841000 
0.0000134398592484222000 
0.0000135169097066603000 
0.0000135939601648983000 
0.0000136710106231364000 
0.0000137480610813745000 
0.0000133865698729459000 
0.0000130250786645173000 
0.0000126635874560886000 
0.0000123020962476600000 
0.0000119406050392314000 
0.0000115791138308028000 
0.0000112176226223742000 
0.0000108561314139456000 
0.0000104946402055170000 
0.0000101331489970884000 
0.0000097716577886598300 
0.0000094101665802312300 
0.0000093356198162470700 
0.0000092610730522629100 
0.0000091865262882787500 
0.0000091119795242946000 
0.0000090374327603104400 
0.0000089628859963262800 
0.0000088883392323421200 
0.0000088137924683579700 
0.0000087392457043738100 
0.0000086646989403896500 
0.0000085901521764054900 
0.0000085156054124213400 
0.0000084030030928816200 
0.0000082904007733419100 
0.0000081777984538022000 
0.0000080651961342624800 
0.0000079525938147227700 
0.0000078399914951830600 
0.0000077273891756433500 
0.0000076147868561036300 
0.0000075021845365639200 
0.0000073895822170242100 
0.0000072769798974844900 
0.0000071643775779447800 
0.0000070830947028495100 
0.0000070018118277542400 
0.0000069205289526589700 
0.0000068392460775637000 
0.0000067579632024684400 
0.0000066766803273731700 
0.0000065953974522779000 
0.0000065141145771826300 
0.0000064328317020873600 
0.0000063515488269920900 
0.0000062702659518968200 
0.0000061889830768015500 
0.0000060657418683729500 
0.0000059425006599443500 
0.0000058192594515157500 
0.0000056960182430871500 
0.0000055727770346585500 
0.0000054495358262299500 
0.0000053262946178013400 
0.0000052030534093727400 
0.0000050798122009441400 
0.0000049565709925155400 
0.0000048928575618647200 
0.0000048291441312138900 
0.0000047654307005630700 
0.0000047017172699122400 
0.0000046380038392614200 
0.0000045742904086106000 
0.0000045105769779597700 
0.0000044468635473089500 
0.0000043831501166581200 
0.0000043194366860073000 
0.0000042557232553564800 
0.0000041920098247056500 
0.0000042014213940548300 
0.0000042108329634040000 
0.0000042202445327531800 
0.0000042296561021023500 
0.0000042390676714515300 
0.0000042484792408007000 
0.0000042578908101498800 
0.0000042673023794990500 
0.0000042767139488482300 
0.0000042861255181974000 
0.0000042955370875465800 
0.0000043049486568957600 
0.0000043692213373560400 
0.0000044334940178163300 
0.0000044977666982766100 
0.0000045620393787369000 
0.0000046263120591971900 
0.0000046905847396574700 
0.0000047548574201177600 
0.0000048191301005780500 
0.0000048834027810383300 
0.0000049476754614986200 
0.0000050119481419589100 
0.0000050762208224191900 
0.0000048875768362128100 
0.0000046989328500064300 
0.0000045102888638000500 
0.0000043216448775936700 
0.0000041330008913872900 
0.0000039443569051809200 
0.0000037557129189745400 
0.0000035670689327681600 
0.0000033784249465617800 
0.0000031897809603554000 
0.0000030011369741490200 
0.0000028124929879426400 
0.0000027414878906251500 
0.0000026704827933076600 
0.0000025994776959901700 
0.0000025284725986726700 
0.0000024574675013551800 
0.0000023864624040376900 
0.0000023154573067202000 
0.0000022444522094027100 
0.0000021734471120852200 
0.0000021024420147677300 
0.0000020314369174502400 
0.0000019604318201327500 
0.0000019293572783708100 
0.0000018982827366088800 
0.0000018672081948469400 
0.0000018361336530850100 
0.0000018050591113230700 
0.0000017739845695611400 
0.0000017429100277992000 
0.0000017118354860372700 