6.72287352453058
6.71993034336037
6.71698931177704
6.71405042787324
6.71111369737103
6.7081791164557
6.7052466870346
6.70231641101509
6.69938828648982
6.69646231918084
6.69353850527344
6.69061684667499
6.68769734529283
6.68478000112697
6.68186481608475
6.67895179016618
6.67604092337125
6.67313221760733
6.6702256728744
6.66732129107983
6.66441907222361
6.66151901630574
6.65862112714093
6.65572540282183
6.65283184334843
6.64994045253545
6.64705123229023
6.64416417689072
6.64127929205897
6.63839657779498
6.63551603791347
6.63263766669237
6.62976146985374
6.62688744549023
6.62401559741654
6.62114592372532
6.61827842823129
6.61541310902707
6.61254996611268
6.60968900139547
6.60683021869013
6.60397361608933
6.60111919359306
6.59826695310868
6.59541689654353
6.59256902389761
6.58972333326358
6.58687983036349
6.58403851328999
6.58119938204309
6.57836243853012
6.5755276865658
6.57269512233542
6.56986474774634
6.56703656470591
6.56421057512148
6.56138677708569
6.55856517059856
6.55574576138213
6.55292854752906
6.55011352903934
6.54730070782033
6.54449008387203
6.54168165910179
6.53887543350961
6.53607140900284
6.53326958558149
6.53046996324555
6.52767254580973
6.52487732945932
6.52208431800904
6.51929351336623
6.51650491553088
6.51371852450302
6.51093434028262
6.50815236477705
6.50537259989366
6.50259504563245
6.49981970199342
6.49704656897657
6.4942756503966
6.49150694434616
6.48874045654732
6.48597618318536
6.48321412426028
6.48045428167944
6.47769665925755
6.4749412569946
6.47218807298325
6.46943710913083
6.46668836734472
6.4639418476249
6.46119754997137
6.45845548010621
6.45571563039999
6.45297800848212
6.45024261435261
6.44750944801146
6.44477850755131
6.44204979869423
6.4393233176255
6.43659906815983
6.43387705220458
6.43115726594503
6.42843971510326
6.4257243977719
6.42301131585831
6.42030046936249
6.41759186209914
6.41488549025356
6.41218135954781
6.40947946425983
6.40677981392638
6.4040824028254
6.40138723286426
6.39869430595029
6.39600362399086
6.39331518507861
6.39062899302824
6.38794504783977
6.38526334951318
6.38258389804847
6.37990669726036
6.37723174714884
6.37455904580656
6.37188859704823
6.36922039896649
6.36655445537605
6.36389076627691
6.36122933548377
6.35857015727458
6.35591323546404
6.35325857195951
6.35060616866833
6.34795602368316
6.34530813891135
6.34266251435289
6.34001915572985
6.33737805541282
6.33473922293856
6.33210265258501
6.32946834816688
6.32683631159151
6.32420654285892
6.3215790419691
6.31895380892204
6.31633084562512
6.31371015398566
6.31109173591104
6.30847558758654
6.30586171473422
6.30325011544673
6.30064079163143
6.29803374519566
6.29542897613942
6.29282648446272
6.29022627016556
6.28762833706264
6.28503268515396
6.28243931443952
6.27984822491932
6.27725942040807
6.27467289899842
6.27208866450506
6.26950671502066
6.26692705245255
6.26434967680074
6.26177459187995
6.25920179387545
6.25663129041666
6.25406307578153
6.25149715378476
6.24893352442635
6.2463721877063
6.24381314934667
6.24125640553275
6.23870195817189
6.23614980917146
6.23359995853144
6.2310524081592
6.22850715805473
6.22596420821803
6.2234235586491
6.22088521507001
6.21834917557339
6.2158154420666
6.21328401264229
6.21075488920782
6.20822807367052
6.20570356793777
6.20318137200955
6.20066148588587
6.19814390956672
6.19562864686682
6.19311569778616
6.19060506232475
6.18809674238993
6.18559073607436
6.18308704910009
6.18058567765241
6.17808662554604
6.17558989468832
6.17309548317191
6.17060339099679
6.16811362388504
6.1656261799293
6.16314105722221
6.16065826148584
6.15817779272018
6.15569964711054
6.15322383228631
6.15075034634015
6.14827918927205
6.14581036298938
6.14334386749213
6.14087970659501
6.1384178764833
6.13595838097173
6.13350122196763
6.13104639756366
6.12859390966717
6.12614376209287
6.12369595102604
6.12125048218876
6.11880735176631
6.11636656548075
6.11392811951737
6.11149201959824
6.1090582600013
6.10662684835595
6.10419778275485
6.10177106701271
6.09934669540745
6.0969246755685
6.09450500368114
6.09208768356009
6.0896727171127
6.08726010243161
6.08484983951683
6.08244193409041
6.080036384245
6.07763318807324
6.07523235320456
6.07283387391689
6.07043775593228
6.0680439973434
6.06565260005758
6.06326356598218
6.06087689320986
6.05849258555531
6.05611064492589
6.05373106941424
6.05135385902037
6.04897901755898
6.04660654503008
6.044236443341
6.04186871058441
6.03950335248236
6.03714036522015
6.03477975261247
6.03242151275199
6.03006564945339
6.02771216271669
6.02536105254189
6.02301232083633
6.02066596950737
6.01832199855501
6.01598040797925
6.0136412015948
6.01130437558695
6.00896993567776
6.00663787995987
6.00430821224799
6.00198092872742
5.99965603512022
5.99733352761167
5.99501341192385
5.99269568805674
5.99038035601035
5.98806741578468
5.98575686928707
5.98344871651754
5.98114296319814
5.97883960360682
5.97653864155826
5.97424007895984
5.97194391581155
5.96965015211339
5.96735879168007
5.96506983260423
5.96278327679323
5.96049912424706
5.95821738068779
5.95593804230071
5.95366110908581
5.95138658676517
5.94911447152407
5.94684476908457
5.94457747372461
5.94231259498096
5.94005012713156
5.93779007399112
5.93553243555963
5.93327721374444
5.93102440854557
5.92877402187035
5.9265260537188
5.92428050790561
5.92203738061608
5.91979667566492
5.91755839495949
5.91532253659241
5.91308910437841
5.91085809831749
5.90862951840963
5.90640336656221
5.9041796427752
5.90195834895598
5.89973948891924
5.89752305885029
5.89530906065646
5.89309749815247
5.89088836752362
5.88868167449195
5.88647742096483
5.88427560312755
5.88207622288746
5.87987928405927
5.87768478664297
5.87549273063857
5.87330311604607
5.87111594477282
5.86893122063353
5.86674893981349
5.86456910803475
5.86239172338997
5.8602167877865
5.85804430122435
5.85587426561085
5.85370668476072
5.85154155295191
5.84937887590646
5.84721865362438
5.84506088801302
5.84290557907238
5.84075272870982
5.83860233501798
5.83645440371892
5.83430893099793
5.83216592257708
5.83002537654901
5.82788729291372
5.82575167548592
5.82361852235825
5.82148783734542
5.81935962235479
5.81723387357164
5.81511059481068
5.81298978797927
5.81087145307741
5.8087555939198
5.80664220478438
5.80453129139321
5.80242285565365
5.8003168975657
5.798213415222
5.7961124143446
5.79401389302617
5.79191785126669
5.78982429288088
5.78773321977609
5.78564463004496
5.78355852368749
5.7814749045184
5.77939377253767
5.77731513156003
5.77523897777075
5.77316531498455
5.77109414320142
5.76902546432873
5.76695927836646
5.76489558912933
5.76283439470999
5.76077569701578
5.75871949413935
5.75666579371011
5.75461459191337
5.75256589065647
5.7505196899394
5.74847599548424
5.74643480156892
5.74439611582286
5.74235993252399
5.74032625930173
5.73829509234136
5.73626643736496
5.73424029055781
5.73221665382727
5.73019553098804
5.72817692013277
5.72616082507617
5.72414724581824
5.72213618235897
5.72012763469836
5.71812160665113
5.71611810012462
5.71411711321149
5.71211864781908
5.71012270585475
5.70812928541114
5.70613839221032
5.70415002434493
5.70216418372233
5.70018087034251
5.69820008611282
5.69622183294063
5.69424611082593
5.69227292167607
5.69030226549105
5.68833414227088
5.6863685539229
5.68440550616918
5.68244499328766
5.68048701909304
5.67853158549267
5.67657869057921
5.67462834007471
5.67268053207182
5.67073526657053
5.66879254738557
5.66685237260956
5.66491474796457
5.6629796696359
5.66104714143825
5.65911716146427
5.65718973543602
5.65526486144613
5.65334254140198
5.65142277530355
5.64950556505821
5.64759091257329
5.64567881784881
5.64376928279212
5.64186230549585
5.63995789168208
5.6380560375361
5.63615674687261
5.63426002350632
5.63236586552987
5.63047427103591
5.62858524574651
5.62669878966166
5.62481490468871
5.62293358892031
5.62105484426382
5.61917867453394
5.61730507782331
5.6154340560393
5.6135656129966
5.61169974678787
5.6098364574131
5.607975748687
5.60611762060957
5.60426207508816
5.60240911021542
5.60055873171341
5.59871093576742
5.59686573000687
5.59502310680234
5.5931830756906
5.59134563285694
5.58951078020871
5.58767851965328
5.58584885309798
5.58402178054282
5.58219730198781
5.58037541743294
5.57855613260026
5.57673944748979
5.57492535828681
5.57311387071338
5.57130498667686
5.56949870236254
5.56769502539984
5.56589395197403
5.56409548399249
5.56229962336256
5.5605063719916
5.5587157298796
5.55692769702656
5.5551422772472
5.55335946863416
5.55157927500214
5.54980169635114
5.54802673458852
5.54625438971428
5.54448466172842
5.54271755444564
5.54095306786594
5.53919120389668
5.53743196063051
5.53567534188212
5.53392134955888
5.53216998175342
5.53042124418782
5.52867513304736
5.52693165023939
5.52519079957862
5.52345258106506
5.52171699660605
5.51998404429425
5.51825372794435
5.51652604755636
5.51480100694498
5.51307860229551
5.51135883933001
5.50964171614113
5.50792723463621
5.50621539672261
5.50450620430768
5.50279965739143
5.50109575597384
5.49939450196229
5.49769589726411
5.49599994378667
5.49430663962261
5.49261599049398
5.49092799258609
5.48924264780628
5.48755996187662
5.48587993288975
5.48420256084567
5.48252784955908
5.48085579521529
5.47918640544371
5.47751967833697
5.47585561389508
5.4741942140254
5.47253548063527
5.47087941563206
5.46922601901575
5.46757529078635
5.46592723285122
5.46428184902505
5.46263913549315
5.46099909988492
5.45936173838566
5.45772705290272
5.45609504343611
5.45446571380052
5.45283906590331
5.45121509974449
5.44959381341669
5.44797521073463
5.44635929360565
5.44474606393711
5.44313551982166
5.44152766316665
5.43992249587944
5.43832002177472
5.4367202370378
5.43512314739073
5.4335287490188
5.43193704764408
5.43034804135922
5.42876173397891
5.42717812741051
5.42559721593196
5.42401900908004
5.42244350304002
5.42087070353397
5.41930060483984
5.41773321458703
5.41616852896084
5.41460655177597
5.41304728684713
5.41149073226697
5.40993688803548
5.40838575606002
5.40683733824795
5.40529163841396
5.40374865465072
5.4022083869582
5.40067083724378
5.39913600932215
5.39760390319331
5.39607452076463
5.39454786012874
5.39302392510035
5.3915027137721
5.38998423186607
5.38846848128959
5.38695545632062
5.38544516458856
5.3839376022787
5.38243277511312
5.38093068309179
5.37943132621474
5.3779347063893
5.37644082552284
5.374949681708
5.37346128066683
5.37197562049199
5.37049270309083
5.3690125303707
5.3675351023316
5.36606042088088
5.36458848983326
5.36311930728138
5.36165287322523
5.36018918957217
5.35872826013691
5.3572700868268
5.35581466391978
5.35436200095261
5.35291209411059
5.35146494911579
5.35002055833878
5.34857893513104
5.3471400699558
5.34570397044248
5.34427063468371
5.34284006649422
5.34141226587399
5.33998723091568
5.33856496734135
5.33714547705834
5.3357287581593
5.33431481064424
5.33290364023521
5.33149524311751
5.3300896250132
5.32868678592227
5.32728672775208
5.32588944859527
5.32449495035921
5.32310323685859
5.32171431000077
5.3203281678784
5.31894481049147
5.31756424356205
5.31618646709013
5.31481147916836
5.3134392855188
5.31206988614145
5.31070327912897
5.30933946829604
5.30797845364268
5.30662024089094
5.30526482431876
5.30391221155556
5.30256239687928
5.30121538791933
5.29987118658306
5.29852978714841
5.29719119533744
5.29585541305751
5.29452244030861
5.2931922789981
5.29186492912598
5.2905403925996
5.28921867132632
5.28789976721348
5.28658367644638
5.28527040856179
5.28395995783765
5.28265232999601
5.28134752122217
5.2800455410529
5.27874638376613
5.27745005126923
5.27615654546953
5.27486587018176
5.2735780254059
5.27229301114196
5.2710108292973
5.2697314798719
5.26845496668048
5.26718128972304
5.26591045281429
5.26464245213951
5.26337729342077
5.26211497284336
5.26085549994404
5.25959886709341
5.25834508001352
5.25709414061173
5.25584604888803
5.25460080674978
5.25335841610434
5.25211887504434
5.2508821873845
5.24964835503217
5.24841737798734
5.24718926006473
5.24596399744962
5.24474159586409
5.24352205340077
5.24230537387436
5.24109155919224
5.23988060935438
5.2386725243608
5.23746730611884
5.23626495653587
5.23506547942658
5.23386887288362
5.23267513690699
5.23148427531141
5.23029629000421
5.22911117907805
5.22792895016235
5.22674959753503
5.22557312501081
5.22439953449705
5.22322882790109
5.22206100713028
5.22089607027728
5.21973401924943
5.21857485786145
5.21741858802068
5.21626520400507
5.21511471725874
5.21396712205962
5.21282242222242
5.21168061774715
5.2105417124485
5.20940570632648
5.20827259938109
5.20714239351968
5.20601509255696
5.20489069458557
5.20376920342023
5.20265061715357
5.2015349396003
5.20042217076043
5.19931231444865
5.19820537066498
5.1971013394094
5.19600022449663
5.19490202401932
5.19380674369951
5.19271437972251
5.19162493781037
5.19053841605575
5.18945481636599
5.18837414446316
5.18729639653254
5.18622157638884
5.18514968403207
5.18408071946223
5.18301469030872
5.18195159084948
5.18089142489923
5.17983419436532
5.17877989924774
5.1777285433612
5.17668012861306
5.17563465309596
5.1745921168099
5.1735525273843
5.17251587909709
5.17148218148504
5.1704514288261
5.16942362493496
5.16839876981163
5.16737686917816
5.1663579173125
5.16534192375142
5.1643288846802
5.16331880009884
5.16231167572942
5.16130751347927
5.16030630953369
5.15930806770739
5.15831279181508
5.15732047804205
5.1563311340177
5.15534475592734
5.15436134949303
5.15338091090005
5.15240344587047
5.15142895440429
5.15045743840885
5.14948889788417
5.14852333473759
5.14756075087646
5.1466011501155
5.14564452863999
5.1446908883573
5.14374023498947
5.1427925685365
5.14184788709106
5.14090619828254
5.13996749638889
5.13903178713216
5.13809907051237
5.13716934843685
5.13624262281297
5.13531889364072
5.13439816282746
5.13348043228053
5.1325657039073
5.13165397770776
5.13074525749663
5.12983953945918
5.12893683122484
5.12803713088624
5.12714044035076
5.12624676152573
5.12535609441116
5.1244684409144
5.12358380485016
5.12270218431108
5.12182358311187
5.12094800315988
5.12007544064041
5.11920590318288
5.11833938887991
5.11747590154623
5.11661543927448
5.11575800778671
5.11490360326823
5.11405223334844
5.11320389230529
5.11235858776818
5.11151631782977
5.11067708439741
5.10984088937844
5.10900773658759
5.10817762221013
5.10735055196813
5.10652652586159
5.10570554579787
5.1048876098696
5.10407272570621
5.10326088949298
5.10245210695198
5.10164637426849
5.10084369716459
5.10004407754761
5.09924751160286
5.09845400505239
5.09766355980356
5.09687617585637
5.09609185511816
5.09531059758895
5.09453240708343
5.09375728169425
5.09298522714348
5.09221624533846
5.09145033055714
5.09068749042893
5.08992772495382
5.08917103794653
5.08841742559235
5.08766689361334
5.08691944200949
5.08617507078081
5.085433783742
5.08469558280042
5.08396046795607
5.08322843920894
5.0824995022811
5.08177365335784
5.08105090006857
5.08033123859858
5.07961467276259
5.07890120256059
5.07819083180728
5.07748356050268
5.07677939055412
5.07607832196162
5.07538036044723
5.07468550028888
5.07399375293071
5.07330511074329
5.07261957754134
5.07193715713955
5.07125784953794
5.07058165664384
5.06990858036462
5.06923862260763
5.06857178146552
5.06790806075299
5.06724746428474
5.06658999206078
5.06593564408111
5.06528442225308
5.06463632657669
5.06399136468135
5.06334952893765
5.06271083078971
5.06207526451548
5.06144283202229
5.06081353903221
5.06018738554525
5.0595643715614
5.05894449708066
5.05832776782509
5.05771418379469
5.05710374498947
5.05649645331677
5.05589231259129
5.0552913209057
5.05469348207468
5.05409879800561
5.05350727060582
5.05291889796797
5.05233368390676
5.05175163032955
5.05117273914368
5.05059701225652
5.05002444585335
5.04945504756359
5.04888881738723
5.04832575723164
5.04776586709681
5.04720914889009
5.04665560451883
5.0461052358904
5.04555804491214
5.04501403158405
5.04447319781349
5.0439355455078
5.0434010784817
5.04286979292049
5.04234169645356
5.04181678908092
5.04129506698786
5.04077653589646
5.04026120152875
5.03974905816269
5.03924011152033
5.03873436160167
5.03823180840672
5.03773245956488
5.0372363093541
5.03674336349643
5.03625362199188
5.03576708865515
5.03528376157889
5.03480364648516
5.0343267414666
5.03385304843057
5.03338257119177
5.0329153097502
5.03245126601322
5.03199043998083
5.03153283546773
5.03107845438128
5.03062729481412
5.03017936248831
5.02973465931121
5.0292931814681
5.02885493468105
5.02841992085742
5.02798813999719
5.02755959400773
5.02713428479639
5.02671221236316
5.02629338243011
5.02587779118253
5.02546544624983
5.02505634381731
5.02465048769967
5.02424787789691
5.02384852013109
5.02345241249486
5.02305955689558
5.02266995714794
5.02228361134459
5.02190052330025
5.02152069492226
5.02114412811797
5.0207708228874
5.02040078113788
5.02003400477677
5.01967049761879
5.01931025775657
5.01895328900482
5.01859959136354
5.01824916674009
5.01790201894917
5.01755814799078
5.01721755577227
5.01688024229365
5.01654621136962
5.01621546300018
5.01588800290738
5.01556382536918
5.01524293992234
5.01492534084478
5.0146110376733
5.01430002277846
5.01399230760438
5.01368788642902
5.01338676497442
5.01308894133324
5.01279442122753
5.01250320274994
5.01221528971518
5.01193068212325
5.01164938378885
5.01137139661933
5.01109671870735
5.0108253538676
5.01055730400745
5.01029256912689
5.01003115494798
5.00977305956337
5.00951828488041
5.0092668347138
5.00901870906356
5.00877390983702
5.00853243703419
5.00829429637714
5.00805948405114
5.00782800768562
5.00759986346588
5.00737505902131
5.00715359053722
5.00693546182831
5.00672067480193
5.00650923136544
5.00630113342619
5.00609638098419
5.00589497594677
5.00569692212866
5.00550221762249
5.00531087005768
5.00512287561953
5.00493823812273
5.00475695756729
5.00457903776792
5.00440448253932
5.00423328806678
5.00406545816501
5.00390099664872
5.00373990351791
5.00358218067993
5.00342783004213
5.00327685160452
5.00312924918179
5.00298502468131
5.00284418001042
5.00270671326177
5.00257263015743
5.00244193069739
5.002314616789
5.00219069224697
5.00207015516395
5.00195300935465
5.0018392529117
5.00172889346453
5.00162193101313
5.00151836746485
5.00141820091235
5.00132143517033
5.00122807405349
5.00113811756184
5.00105156760272
5.00096842417615
5.00088869109682
5.00081237027208
5.00073946170194
5.00066997110846
5.00060389467693
5.00054123812941
5.0004820014659
5.00042618659374
5.00037379732766
5.0003248317603
5.00027929561371
5.00023718507318
5.00019850776814
5.00016326369858
5.00013145477185
5.0001030790806
5.00007814425425
5.00005664647808
5.00003859338151
5.00002398114983
5.00001281359776
5.00000509263263
5.00000082206916
5
5.0000026321472
5.00000871660342
5.00001825718334
5.00003125579435
5.00004771434377
5.00006763092426
5.00009101316524
5.00011785725199
5.00014816890658
5.00018195003636
5.00021920064132
5.00025992262883
5.00030411599888
5.00035178647353
5.00040293405278
5.00045756255133
5.00051567006184
5.00057725849166
5.00064233356284
5.00071089527539
5.00078294362931
5.00085848053194
5.000937509798
5.00102003142748
5.0011060492351
5.00119556703555
5.00128857910678
5.0013850930782
5.00148510894981
5.00158863053632
5.00169565974507
5.00180619466873
5.00192023912198
5.00203779501219
5.00215886424671
5.00228344873289
5.00241155228544
5.00254317299701
5.00267831468229
5.00281697924865
5.00295916860343
5.00310488274664
5.00325412549299
5.00340689684247
5.00356320251713
5.00372303870229
5.0038864149347
5.00405332549229
5.00422377418979
5.00439776484189
5.00457529935595
5.00475637773197
5.00494100187729
5.00512917751399
5.00532090082734
5.00551617753943
5.00571500574288
5.00591739306711
5.00612333569741
5.00633283935586
5.00654590213508
5.0067625316645
5.0069827241294
5.00720648525185
5.0074338131245
5.0076647134694
5.00789918628655
5.00813723348331
5.00837885887438
5.00862405864505
5.0088728423321
5.00912520612081
5.00938115573325
5.00964068926206
5.00990381242929
5.01017052332761
5.01044082958641
5.010714727391
5.01099221864873
5.01127330908165
5.01155799868976
5.01184628747307
5.01213818306099
5.01243368163881
5.01273278511389
5.01303549920828
5.01334182392198
5.01365176116235
5.01396531283674
5.0142824808525
5.01460326711699
5.01492767353756
5.01525570392891
5.0155873563837
5.01592263471662
5.01626154274239
5.01660407855364
5.01695024977981
5.01730005069881
5.01765348894008
5.0180105645036
5.01837128120408
5.01873563713417
5.01910363801593
5.01947528384936
5.01985057654181
5.02022951800063
5.02061211394789
5.02099836056888
5.0213882616783
5.02178182109086
5.02217903880656
5.0225799186401
5.0229844605915
5.02339266847544
5.02380454229194
5.02422008394834
5.02463929725935
5.02506218603968
5.02548874647462
5.02591898428624
5.02635290138187
5.02679049966888
5.02723177914727
5.02767674363174
5.02812539502965
5.02857773524835
5.02903376428783
5.02949348977751
5.02995690790269
5.03042402057072
5.03089483350366
5.0313693467015
5.03184756397895
5.03232948342866
5.0328151107727
5.03330444601105
5.03379749105108
5.03429424970748
5.03479472388761
5.03529891359148
5.03580682072643
5.03631844910717
5.03683380254841
5.03735287914279
5.03787568079766
5.03840221132774
5.03893247454773
5.03946646855027
5.04000419905743
5.04054566416185
5.04109086958559
5.0416398134213
5.04219250139104
5.04274893730951
5.04330911545465
5.04387304536323
5.0444407251279
5.04501215856336
5.04558734566961
5.04616629216872
5.04674899615332
5.04733546143813
5.04792568993049
5.04851968544512
5.04911744607465
5.04971897563381
5.05032427793729
5.05093335489244
5.05154620649927
5.05216283466512
5.05278324320472
5.0534074340254
5.05403540712716
5.05466716823208
5.05530271543279
5.05594205445135
5.05658518338041
5.05723210794203
5.05788283004356
5.05853734968501
5.05919566877372
5.05985778921705
5.06052371673706
5.06119344942639
5.0618669930071
5.06254434557184
5.06322551093533
5.06391049291225
5.06459929150262
5.06529191052113
5.06598834806044
5.06668860984261
5.06739269968234
5.06810061376492
5.06881236162712
5.06952793945424
5.07024734915362
5.07097059644733
5.07169768324272
5.07242861144714
5.07316337915324
5.07390199399043
5.07464445405136
5.07539076505808
5.0761409231959
5.07689493800158
5.0776528056604
5.07841453189444
5.07918011861104
5.07994956771755
5.08072287730663
5.08150005500768
5.0822811008207
5.08306601665306
5.08385480631944
5.08464746791251
5.08544400906167
5.08624442595222
5.08704872621357
5.08785690793837
5.08866897875602
5.08948493294447
5.09030477813314
5.09112851622936
5.09195614914051
5.09278767495922
5.09362310131491
5.09446242820757
5.09530565754456
5.09615279123324
5.09700383499565
5.09785878501711
5.09871764701966
5.09958042291065
5.10044711459745
5.10131772589475
5.10219225489521
5.10307070922824
5.10395308507912
5.10483938816992
5.10572962231535
5.10662378751541
5.10752188567744
5.10842391870881
5.10932988851686
5.11023980082365
5.11115365562918
5.11207145293346
5.11299319845855
5.11391889220443
5.11484853607847
5.11578213580273
5.1167196913772
5.11766120280189
5.11860667389149
5.11955610846073
5.12050951032429
5.12146687566749
5.12242821021237
5.12339351586629
5.1243627945366
5.12533605194537
5.12631328618523
5.12729449916354
5.12827969469501
5.12926887659435
5.1302620467689
5.13125920331131
5.13226035194365
5.13326549457327
5.13427463501486
5.13528777136109
5.136304909334
5.13732605084095
5.13835119588195
5.13938035017904
5.14041351373224
5.14145069035624
5.1424918781437
5.14353708472402
5.1445863100972
5.14563955807796
5.14669682675893
5.14775812186219
5.14882344529507
5.14989279705758
5.15096618477914
5.15204360655239
5.15312506619203
5.15421056369807
5.15530010288521
5.15639368947551
5.15749131965427
5.15859299914354
5.15969872794333
5.16080851177569
5.16192235254797
5.16304025026018
5.16416220872702
5.16528822985585
5.16641831555402
5.16755246963623
5.16869069400984
5.16983298867485
5.17097935744596
5.17212980413788
5.17328432875061
5.17444293509886
5.17560562699733
5.17677240444602
5.17794326935228
5.17911822553083
5.18029727679636
5.18148042124153
5.18266766458839
5.18385900683695
5.18505445370925
5.18625400329796
5.18745766323248
5.18866543160545
5.18987731223159
5.19109330701825
5.19231341787278
5.19353765051724
5.19476600304428
5.1959984792686
5.1972350830049
5.19847581616055
5.19972067873555
5.20096967645194
5.20222280930973
5.20348008112363
5.20474149189364
5.20600704924917
5.20727675128287
5.20855059990208
5.20982859892152
5.21111075215589
5.21239706151255
5.21368752699149
5.21498215431477
5.2162809434824
5.21758389640172
5.21889101688745
5.22020230875429
5.22151777200223
5.22283741044599
5.22416122408557
5.22548922245773
5.22682139793305
5.22815776004831
5.22949830689615
5.23084304419862
5.23219197577045
5.23354510161161
5.23490242172213
5.23626394182405
5.23762966191737
5.23899959153886
5.24037372305911
5.24175206410754
5.24313461849883
5.24452138623301
5.24591236921741
5.24730757508145
5.24870699810308
5.2501106459117
5.25151852232201
5.25293062542668
5.25434696285511
5.25576753269994
5.25719233686853
5.25862138108294
5.26005466915788
5.26149219918599
5.26293397688933
5.2643800022679
5.2658302791364
5.2672848094022
5.26874359878734
5.27020664729184
5.27167395300833
5.27314552547358
5.27462136468759
5.27610147446507
5.27758585480602
5.27907450761778
5.28056743862243
5.28206464781996
5.28356613902507
5.28507191795983
5.28658198080952
5.28809633329622
5.28961497732726
5.29113791862471
5.29266515528123
5.2941966911115
5.29573252802289
5.29727267173746
5.2988171222552
5.30036588339082
5.30191895705167
5.30347634323776
5.3050380495785
5.30660407607388
5.30817442463127
5.30974909906536
5.31132810319086
5.31291143510042
5.31449910051609
5.31609110134524
5.31768744330992
5.31928812450277
5.32089314873851
5.32250251983184
5.32411624159746
5.32573431212802
5.32735673714559
5.32898351855751
5.33061466017849
5.33225016200853
5.33389003167704
5.33553426727667
5.33718287071478
5.33883584771342
5.34049320017994
5.3421549300217
5.3438210410534
5.34549153327505
5.34716641050135
5.34884567845435
5.35052933522672
5.3522173865405
5.35390983430304
5.35560668042171
5.35730792871121
5.35901358107888
5.36072363943209
5.36243810758554
5.36415698744658
5.36588028473727
5.36760799755027
5.36934012970026
5.37107668690932
5.37281766917745
5.37456307841199
5.37631292033501
5.3780671949465
5.37982590606118
5.38158905558639
5.38335664733684
5.38512868512724
5.38690516705024
5.38868610073524
5.39047148618225
5.39226132720597
5.39405562571376
5.39585438742767
5.3976576123477
5.39946530238122
5.40127745943556
5.40309409114015
5.40491519558763
5.40674077850006
5.40857083987743
5.41040538353446
5.41224441328586
5.41408793294632
5.41593594060849
5.4177884439018
5.41964544091887
5.42150694119649
5.42337294091993
5.42524344581127
5.42711845777785
5.42899798063439
5.43088201628823
5.43277056473937
5.43466363743194
5.43656122673651
5.43846334218986
5.44036998379199
5.44228115726495
5.44419686260874
5.44611710173072
5.4480418784456
5.44997119656808
5.45190505991286
5.45384346847994
5.45578642608404
5.45773393463251
5.4596859998474
5.46164262363606
5.46360380790586
5.46556955456413
5.4675398674256
5.46951475030497
5.47149420510958
5.47347823565414
5.47546684193866
5.47746002777784
5.47945779698639
5.48146015337901
5.48346710077041
5.48547863725324
5.48749476854955
5.48951549847405
5.49154082893409
5.49357076374439
5.49560530290494
5.49764445213779
5.49968821144295
5.50173658463513
5.50378957934374
5.50584719366142
5.50790943140289
5.50997629447548
5.51204778669392
5.5141239118729
5.51620467191978
5.51829006874191
5.52038010806136
5.52247479178546
5.52457411800688
5.52667809816973
5.52878673036666
5.53090001650501
5.5330179603995
5.53514056777218
5.53726783862306
5.53939977676684
5.54153638411087
5.54367766446986
5.54582362356588
5.5479742575842
5.5501295760616
5.55228957709073
5.55445426639364
5.55662364778504
5.55879772507964
5.56097649446273
5.56315996737843
5.56534814001202
5.56754101999294
5.56973860732117
5.57194090581141
5.57414791927839
5.5763596515368
5.57857610258664
5.58079728005733
5.58302318013415
5.58525381235388
5.58748917480916
5.58972927322205
5.59197411331462
5.59422369317949
5.59647801663139
5.59873708748502
5.60100090764773
5.60326948474893
5.60554281878863
5.60782090976682
5.61010376531292
5.61239138351957
5.61468377392353
5.61698093652482
5.61928287132342
5.6215895840414
5.62390108040082
5.62621735849432
5.62853842404397
5.63086428086446
5.63319493086315
5.6355303759474
5.63787061993191
5.64021566853874
5.64256552176789
5.64492018343406
5.64727965544461
5.64964394542896
5.65201304957239
5.65438697741167
5.6567657289468
5.65914930608513
5.66153771454873
5.6639309581523
5.66632903689583
5.66873195459404
5.67113971506163
5.6735523221133
5.67596977956377
5.67839208741303
5.68081924947579
5.68325127147411
5.68568815531534
5.68812990290684
5.69057651997066
5.69302800459945
5.69548436632997
5.69794560325488
5.70041172491093
5.70288272748343
5.70535861478707
5.70783939445127
5.71032506647604
5.71281563467607
5.71531110286607
5.71781147486075
5.72031675066011
5.7228269359862
5.7253420365611
5.72786204857008
5.73038698154992
5.73291683359326
5.73545161423686
5.73799132157339
5.74053596132488
5.74308553539871
5.74564004570221
5.74819949795746
5.75076389597914
5.75333324167463
5.75590753695127
5.75848678753112
5.76107099341417
5.76366016222986
5.76625429397816
5.76885339438114
5.77145746343881
5.77406650496587
5.77668052468437
5.77929952640902
5.78192351013983
5.7845524796915
5.78718643887873
5.78982539342359
5.79246934523342
5.79511829430824
5.79777224827744
5.80043120714103
5.80309517471371
5.80576415862491
5.80843815887461
5.81111717737017
5.81380121983366
5.81649028626506
5.81918438620115
5.82188351582722
5.82458768277267
5.82729688894488
5.83001113815853
5.83273043422834
5.83545478096902
5.8381841802879
5.84091863599971
5.84365814810445
5.84640272804622
5.84915237201033
5.85190708571882
5.85466687298642
5.85743173762783
5.86020168155039
5.86297670856882
5.86575682440517
5.86854202715209
5.87133232634634
5.87412772008058
5.87692821598422
5.8797338159646
5.88254452002173
5.88536033578502
5.88818126516182
5.8910073138742
5.8938384838295
5.89667477693508
5.89951619700564
5.9023627478559
5.90521443330055
5.90807125906165
5.91093322323186
5.91380033534794
5.91667259350253
5.9195500034177
5.92243256890814
5.92532029569593
5.92821317996635
5.93111123316352
5.93401445528744
5.93692285015282
5.93983642157436
5.94275516955207
5.9456791036227
5.94860822187892
5.95154253195011
5.95448203574365
5.95742673707424
5.96037663784923
5.96333174188332
5.96629205680593
5.96925758070971
5.97222831931671
5.97520427644165
5.97818545589921
5.98117186150413
5.98416349516373
5.98716036069274
5.99016246190586
5.99316980261779
5.99618238664324
5.99920021970428
6.00222329989353
6.00525163674778
6.00828522835967
6.01132408426596
6.0143682025593
6.01741758896175
6.02047224538067
6.02353217944546
6.02659739115612
6.02966788814208
6.03274367040331
6.03582473984719
6.03891110410312
6.04200276698581
6.04509973040262
6.04820199626088
6.05130957028267
6.05442245628269
6.05754065807565
6.06066417756889
6.06379302239183
6.06692719063713
6.07006668802683
6.073211520283
6.07636169122034
6.0795172027462
6.08267805676794
6.08584425900762
6.08901581327995
6.09219272339962
6.09537499508871
6.0985626283472
6.10175562698981
6.10495399673859
6.10815774140825
6.11136686290615
6.11458136695433
6.11780125546017
6.12102653223835
6.1242572049183
6.12749326968531
6.13073473798349
6.1339816079055
6.13723388708074
6.14049157550921
6.14375468272769
6.14702320873616
6.15029715544199
6.15357652856724
6.1568613319266
6.16015157124213
6.16344724651385
6.1667483634638
6.1700549259067
6.17336693765724
6.17668440253014
6.18000732624746
6.18333570880919
6.18666955593739
6.19000887144677
6.19335366105939
6.19670392477525
6.20005966640905
6.20342089359021
6.20678760822608
6.21015981413137
6.21353751512077
6.21692071691636
6.22030941761078
6.22370362864814
6.2271033481211
6.23050858365906
6.23391933716939
6.23733561246677
6.24075741336593
6.24418474558892
6.24761761295044
6.2510560154505
6.25449996071851
6.25794945066182
6.26140449100248
6.26486508746257
6.26833123813473
6.27180295064836
6.27528022881818
6.27876307645889
6.28225149547784
6.28574549350445
6.28924507244607
6.2927502361174
6.29626098833316
6.29977733481539
6.30329927747146
6.30682682011607
6.31035996847128
6.31389872635179
6.31744309757231
6.3209930840402
6.32454869147751
6.32810992369895
6.33167678451922
6.33524927966039
6.33882741102981
6.34241118434953
6.34600060152691
6.34959566637666
6.35319638652819
6.35680276388884
6.36041480036598
6.36403250358902
6.36765587546531
6.37128491980955
6.37491964425115
6.37856004688278
6.38220613533383
6.38585791532636
6.38951538686038
6.39317855947266
6.39684743125583
6.40052200983931
6.40420229713045
6.40788829885131
6.41158002072396
6.41527746465574
6.41898063446136
6.42268953395553
6.42640416886031
6.43012454489774
6.43385066206785
6.43758252609268
6.44132014269429
6.44506351378003
6.44881264507198
6.45256754038482
6.45632820544062
6.46009464023939
6.46386685241053
6.46764484386139
6.47142862412875
6.47521818939788
6.47901354920557
6.48281470545917
6.48662166578807
6.4904344301923
6.49425300630125
6.49807739411493
6.5019076031701
6.50574363346676
6.50958549263433
6.51343318067281
6.5172867052116
6.52114607006541
6.52501127904896
6.52888233788429
6.53275924657141
6.53664201273973
6.54053064020396
6.54442513468615
6.54832549809366
6.55223173614855
6.55614385075818
6.56006184955194
6.56398573634455
6.56791551495072
6.5718511872778
6.5757927609552
6.57974023789027
6.58369362380508
6.58765292251432
6.59161814164742
6.59558927929701
6.59956634309251
6.60354933875599
6.60753827200949
6.61153314094567
6.61553395510128
6.61954071638369
6.62355343051496
6.62757210130978
6.63159673449022
6.63562733387099
6.63966390135943
6.64370644458496
6.64775496736229
6.65180947541347
6.65586996683116
6.65993645305946
6.66400893600574
6.66808742139204
6.67217190921838
6.67626241092887
6.68035892652352
6.68446146172437
6.68857001843878
6.69268460620352
6.69680522501859
6.70093188060604
6.70506457678059
6.709203323079
6.71334811759391
6.71749896795474
6.72165587797619
