0.000000000000000000 
0.000000000000000000 
0.000000000000000000 
0.000000000000000000 
0.000000000000000000 
0.000000000000000000 
0.000000000000000000 
0.000000000000000000 
0.000000000000000000 
0.000000000000000000 
0.000000000000000000 
0.000000000000000000 
0.000000000000000000 
0.000000000000000000 
0.000000000000000000 
0.000000000000000000 
0.000000000000000000 
0.000000000000000000 
0.000000000000000000 
0.000000000000000000 
0.000000000000000000 
0.000000000000000000 
0.000000000000000000 
0.000000000000000000 
0.000000000000000000 
0.000000000000000000 
0.000000000000000000 
0.000000000000000000 
0.000000000000000000 
0.000000000000000000 
0.000000000000000000 
0.000000000000000000 
0.000000000000000000 
0.000000000000000000 
0.000000000000000000 
0.000000000000000000 
0.000000000000000000 
0.000000000000000000 
0.000000000000000000 
0.000000000000000000 
0.000000000000000000 
0.000000000000000000 
0.000000000000000000 
0.000000000000000000 
0.000000000000000000 
0.000000000000000000 
0.000000000000000000 
0.000000000000000000 
0.000000000000000000 
0.000000000000000000 
0.000000000000000000 
0.000000000000000000 
0.000000000000000000 
0.000000000000000000 
0.000000000000000000 
0.000000000000000000 
0.000000000000000000 
0.000000000000000000 
0.000000000000000000 
0.000000000000000000 
0.000000000000000000 
0.000000000000000000 
0.000000000000000000 
0.000000000000000000 
0.000000000000000000 
0.000000000000000000 
0.000000000000000000 
0.000000000000000000 
0.000000000000000000 
0.000000000000000000 
0.000000000000000000 
0.000000000000000000 
0.000000000000000000 
0.000000000000000000 
0.000000000000000000 
0.000000000000000000 
0.000000000000000000 
0.000000000000000000 
0.000000000000000000 
0.000000000000000000 
0.000000000000000000 
0.000000000000000000 
0.000000000000000000 
0.000000000000000000 
0.000000000000000000 
0.000000000000000000 
0.000000000000000000 
0.000000000000000000 
0.000000000000000000 
0.000000000000000000 
0.000000000000000000 
0.000000000000000000 
0.000000000000000000 
0.000000000000000000 
0.000000000000000000 
0.000000000000000000 
0.000000000000000000 
0.000000000000000000 
0.000000000000000000 
0.000000000000000000 
0.000000000000000000 
0.000000000000000000 
0.000000000000000000 
0.000000000000000000 
0.000000000000000000 
0.000000000000000000 
0.000000000000000000 
0.000000000000000000 
0.000000000000000000 
0.000000000000000000 
0.000000000000000000 
0.000000000000000000 
0.000000000000000000 
0.000000000000000000 
0.000000000000000000 
0.000000000000000000 
0.000000000000000000 
0.000000000000000000 
0.000000000000000000 
0.000000000000000000 
0.000000000000000000 
0.000000000000000000 
0.000000000000000000 
0.000000000000000000 
0.000000000000000000 
0.000000000000000000 
0.000000000000000000 
245.101012058235000000 
250.190410395013000000 
254.931365224925000000 
259.318249514755000000 
263.351324386849000000 
267.039866412761000000 
270.405731891107000000 
273.483920258092000000 
276.318228667520000000 
278.953135816756000000 
281.425964222552000000 
283.763174205061000000 
285.980649181572000000 
288.085168013825000000 
290.075903748030000000 
291.947094522939000000 
293.692849564185000000 
295.313028825162000000 
296.817191657542000000 
298.224237668988000000 
299.558579807604000000 
300.845883281476000000 
302.110484995258000000 
303.374001423223000000 
304.653326253954000000 
305.957576680407000000 
307.285581879540000000 
308.626310160492000000 
309.963432223293000000 
311.294849380095000000 
312.620356687485000000 
313.940309108187000000 
315.250890950767000000 
316.538563434500000000 
317.777357106847000000 
318.941525278006000000 
320.006433092153000000 
320.953078221077000000 
321.773726355227000000 
322.473284953837000000 
323.067173443149000000 
323.577600596422000000 
324.029440753216000000 
324.446415186187000000 
324.866942253838000000 
325.322498081981000000 
325.834708253597000000 
326.415820042335000000 
327.071491261114000000 
327.803852145035000000 
328.612660744072000000 
329.493758935391000000 
330.435962702827000000 
331.444828417572000000 
332.519023019188000000 
333.651474455486000000 
334.830403410346000000 
336.039047989458000000 
337.254452212112000000 
338.445552292871000000 
339.571308127687000000 
340.580382208947000000 
341.412796840287000000 
342.003821484505000000 
342.290833689012000000 
342.221402934115000000 
341.758312224940000000 
340.878964118745000000 
339.570637747550000000 
337.825802374793000000 
335.641056668228000000 
333.020156257077000000 
329.979346283806000000 
326.552119762835000000 
322.790464009458000000 
318.761688745296000000 
314.541660482197000000 
310.205652457651000000 
305.819406200098000000 
301.434170438160000000 
297.088029530134000000 
292.812740364089000000 
288.641731501320000000 
284.617289879852000000 
280.804761768646000000 
277.259455820498000000 
274.023764794629000000 
271.127345580109000000 
268.588557876629000000 
266.415441504748000000 
264.606686032997000000 
263.153945559466000000 
262.045157831146000000 
261.285337901062000000 
260.880930178420000000 
260.836205598467000000 
261.150113329705000000 
261.813635843289000000 
262.808416523219000000 
264.106650407091000000 
265.672305552882000000 
267.463979829414000000 
269.439953841450000000 
271.565376499716000000 
273.818910295434000000 
276.194734149270000000 
278.705745871852000000 
281.370393381847000000 
284.204389548760000000 
287.220064716115000000 
290.428447132343000000 
293.841291496166000000 
297.472121404893000000 
301.338223862670000000 
305.465510326652000000 
309.894338095443000000 
314.681333359793000000 
319.893816005452000000 
325.597676825329000000 
331.843396975461000000 
338.655830445189000000 
346.030501015989000000 
353.935591496303000000 
362.320212185967000000 
371.113374970792000000 
380.228100614874000000 
389.568464698874000000 
399.038611652314000000 
408.548641301926000000 
418.027812043090000000 
427.414159206893000000 
436.671971832860000000 
445.774418070380000000 
454.714607130780000000 
463.483376969603000000 
472.054247754353000000 
480.374899229001000000 
488.362532285586000000 
495.905249737283000000 
502.871712836246000000 
509.129042540993000000 
514.575486801211000000 
519.166060724564000000 
522.908798728181000000 
525.862807322487000000 
528.124600230979000000 
529.807434384286000000 
530.977698112435000000 
531.762749967136000000 
532.286419749175000000 
532.652644625904000000 
532.944144024948000000 
533.224745944709000000 
533.546491455487000000 
533.960832280175000000 
534.530886975592000000 
535.341137303821000000 
536.511063356491000000 
538.183173785101000000 
540.505525951141000000 
543.611396286264000000 
547.598505497328000000 
552.513854456532000000 
558.346920788462000000 
565.032225512047000000 
572.460672674798000000 
580.496235452947000000 
588.993654490691000000 
597.813659530913000000 
606.753742005752000000 
615.718175294991000000 
624.649467032234000000 
633.517765344537000000 
642.311623619787000000 
651.027561016019000000 
659.660139823062000000 
668.193875678097000000 
676.600568561261000000 
684.844953882668000000 
692.896507639520000000 
700.740150614087000000 
708.379258200315000000 
715.831153222932000000 
723.119989298315000000 
730.270539879969000000 
737.303693771533000000 
744.233335298393000000 
751.066679049364000000 
757.802989000187000000 
764.429421137525000000 
770.920842002843000000 
777.241265377557000000 
783.348059283735000000 
789.198552482900000000 
794.756839128580000000 
799.998823728081000000 
804.915569877112000000 
809.519059620260000000 
813.835381265718000000 
817.897962131261000000 
821.739608094358000000 
825.386881454123000000 
828.858510898615000000 
832.166828973087000000 
835.320177345883000000 
838.326593307404000000 
841.200469884082000000 
843.970640730162000000 
846.685170993373000000 
849.408998449787000000 
852.213902731121000000 
855.163829005361000000 
858.300601533245000000 
861.634819914615000000 
865.144606448937000000 
868.781813261947000000 
872.483242849093000000 
876.184394175154000000 
879.833947588397000000 
883.406778188108000000 
886.911940639734000000 
890.392016029531000000 
893.913040963456000000 
897.548570425066000000 
901.363119593334000000 
905.398374487595000000 
909.664512581670000000 
914.139400220622000000 
918.776293676707000000 
923.516992345084000000 
928.306063787649000000 
933.102492097982000000 
937.872143068916000000 
942.378024481284000000 
946.764572252490000000 
951.164394416388000000 
955.685965872583000000 
960.405976959074000000 
965.370324081566000000 
970.349063968270000000 
975.283379846438000000 
980.128353989264000000 
984.825863461879000000 
989.311203453060000000 
993.524215049763000000 
997.422878454526000000 
1000.996443275420000000 
1004.273333473190000000 
1007.320225214730000000 
1010.233105447420000000 
1013.112725680550000000 
1016.046250195080000000 
1019.094075006650000000 
1022.284231868280000000 
1025.615193359360000000 
1029.065205522440000000 
1032.603507006540000000 
1036.198803209630000000 
1039.823695953620000000 
1043.456742840300000000 
1047.083672374910000000 
1050.698203470280000000 
1054.302650983910000000 
1057.907745836780000000 
1061.530069046750000000 
1065.186163395300000000 
1068.885208090900000000 
1072.624441507010000000 
1076.390041192940000000 
1080.162556756790000000 
1083.924134828920000000 
1087.664349280410000000 
1091.381678812010000000 
1095.080225466550000000 
1098.764377129820000000 
1102.434698053660000000 
1106.087126383790000000 
1109.715203184200000000 
1113.312449861490000000 
1116.872334977600000000 
1120.386513413250000000 
1123.844413443990000000 
1127.236413816930000000 
1130.446136956160000000 
1133.528784053660000000 
1136.556726415950000000 
1139.606411426860000000 
1142.749301025300000000 
1146.042106068270000000 
1149.426766408740000000 
1152.878547281430000000 
1156.383314927480000000 
1159.908346142910000000 
1163.407628569080000000 
1166.829307363740000000 
1170.123920349030000000 
1173.252516597910000000 
1176.193295659310000000 
1178.778026527940000000 
1181.046514552180000000 
1183.073216786050000000 
1184.947003737540000000 
1186.755575941190000000 
1188.571455355340000000 
1190.443233402140000000 
1192.394401718710000000 
1194.429269613670000000 
1196.311357411570000000 
1198.033227637390000000 
1199.602551069550000000 
1201.043951720460000000 
1202.397965812550000000 
1203.715589581010000000 
1205.049002539850000000 
1206.440535409510000000 
1207.912365120540000000 
1209.459606502110000000 
1211.049839254060000000 
1212.630710775220000000 
1214.146246703150000000 
1215.547157962120000000 
1216.801647232690000000 
1217.900608787350000000 
1218.857803857280000000 
1219.708509016120000000 
1220.499747350050000000 
1221.281809642300000000 
1222.100624576270000000 
1222.991760282560000000 
1223.975031270870000000 
1225.049251889830000000 
1226.189408051530000000 
1227.349303653610000000 
1228.470155777040000000 
1229.492703281360000000 
1230.369630941290000000 
1231.075498619780000000 
1231.578499180810000000 
1231.723874643190000000 
1231.635002129940000000 
1231.429197005260000000 
1231.209097251490000000 
1231.059038901470000000 
1231.044065423290000000 
1231.210059225980000000 
1231.584516681620000000 
1232.177343197260000000 
1232.820031278430000000 
1233.486116065430000000 
1234.154937150040000000 
1234.799972936740000000 
1235.394171355720000000 
1235.915756668290000000 
1236.352124650960000000 
1236.701164491640000000 
1236.970707971450000000 
1237.177031031680000000 
1237.342531789950000000 
1237.492071036360000000 
1237.650267648180000000 
1237.776118890060000000 
1237.882155682960000000 
1237.996601794290000000 
1238.124908578600000000 
1238.251315973090000000 
1238.345624451780000000 
1238.373656402780000000 
1238.307899884920000000 
1238.134385373400000000 
1237.853700664000000000 
1237.477070684180000000 
1237.020604510900000000 
1236.500553387850000000 
1235.931028344930000000 
1235.331092689370000000 
1234.715103136200000000 
1234.089588427490000000 
1233.415384945520000000 
1232.691743622030000000 
1231.916085174200000000 
1231.084596030830000000 
1230.194282512940000000 
1229.245032959550000000 
1228.239599842340000000 
1227.181603919850000000 
1226.073592020220000000 
1224.883896794540000000 
1223.419073332360000000 
1221.721922853840000000 
1219.864585162500000000 
1217.925301460580000000 
1215.971124512930000000 
1214.048249779490000000 
1212.179124528710000000 
1210.365121008850000000 
1208.504196239460000000 
1206.456958241210000000 
1204.241409203820000000 
1201.886245663010000000 
1199.428145110110000000 
1196.904340901310000000 
1194.347986743570000000 
1191.786397595330000000 
1189.237620709620000000 
1186.709126692400000000 
1184.198082447030000000 
1181.693260849790000000 
1179.177682661230000000 
1176.631122087920000000 
1174.032952112080000000 
1171.366167646330000000 
1168.538008083680000000 
1165.546771181910000000 
1162.439724727200000000 
1159.266223980950000000 
1156.069800981110000000 
1152.882195886360000000 
1149.719853386600000000 
1146.582852744270000000 
1143.456299023250000000 
1140.314231738390000000 
1137.123015631470000000 
1133.844154615810000000 
1130.470568877880000000 
1126.973938985570000000 
1123.340477717050000000 
1119.568330955670000000 
1115.665086451470000000 
1111.656005432300000000 
1107.567153688970000000 
1103.422712493650000000 
1099.242966070520000000 
1095.043229697020000000 
1090.839330998620000000 
1086.655821238240000000 
1082.515406644240000000 
1078.438405099640000000 
1074.442409486880000000 
1070.541261185140000000 
1066.743226543440000000 
1063.049061971830000000 
1059.429023442060000000 
1055.847291876580000000 
1052.294564130330000000 
1048.757042356100000000 
1045.217777792030000000 
1041.658034432840000000 
1038.058909341580000000 
1034.403485720920000000 
1030.678809702880000000 
1026.876386624290000000 
1022.952562816260000000 
1018.906529128460000000 
1014.737428847770000000 
1010.444147917610000000 
1006.027268311680000000 
1001.491110373590000000 
996.844767073688000000 
992.102121099083000000 
987.281803402672000000 
982.407668887862000000 
977.508754509208000000 
972.617125605523000000 
967.763297151209000000 
962.970454682451000000 
958.249328373028000000 
953.595128530952000000 
948.986805682233000000 
944.388468094239000000 
939.753477079492000000 
935.031666418554000000 
930.178480344258000000 
925.163249258817000000 
919.973918090998000000 
914.617126311249000000 
909.114337878473000000 
903.495864521782000000 
897.797612276592000000 
892.055830159116000000 
886.296235330056000000 
880.529440918261000000 
874.748470007607000000 
868.929689088316000000 
863.037881120683000000 
857.036716616762000000 
850.900410375144000000 
844.616572789161000000 
838.190220063168000000 
831.643764188595000000 
825.012708752804000000 
818.337002407308000000 
811.652239710888000000 
804.946791996356000000 
798.207119703146000000 
791.436704875754000000 
784.628368455090000000 
777.768824489506000000 
770.846836637291000000 
763.857323212909000000 
756.803076724756000000 
749.694101034620000000 
742.544673260565000000 
735.358622946613000000 
728.103603795463000000 
720.798682525963000000 
713.458505177790000000 
706.090399773989000000 
698.692914698009000000 
691.256248064705000000 
683.764428575852000000 
676.198471187942000000 
668.539457826851000000 
660.771170621289000000 
652.882701756427000000 
644.871049507257000000 
636.742582689315000000 
628.512555823098000000 
620.203110127098000000 
611.840699740136000000 
603.453520775996000000 
595.069297381109000000 
586.713838583558000000 
578.410578488776000000 
570.180866624538000000 
562.044314681469000000 
554.018198993889000000 
546.115581234566000000 
538.347838638515000000 
530.720693131999000000 
523.233670730694000000 
515.881929293981000000 
508.657981527489000000 
501.551327249452000000 
494.545729442380000000 
487.616404678205000000 
480.730069690865000000 
473.848901481609000000 
466.936769813978000000 
459.965145787965000000 
452.916162655700000000 
445.781949036243000000 
438.561720524903000000 
431.257608202457000000 
423.870033789601000000 
416.393862343833000000 
408.816790403396000000 
401.123128315833000000 
393.300631264375000000 
385.348718550085000000 
377.285896866698000000 
369.154326380965000000 
361.020608154131000000 
352.972754356668000000 
345.113703934288000000 
337.551662362411000000 
330.394207879870000000 
323.734029272464000000 
317.638414325731000000 
312.144747369131000000 
307.260315592770000000 
302.965426425892000000 
299.218982126044000000 
296.009243350142000000 
293.330369567869000000 
291.187567119260000000 
289.598928561237000000 
288.593016967354000000 
288.202795828291000000 
288.457930108886000000 
289.378582890366000000 
290.973101210745000000 
293.239949570109000000 
296.172362566120000000 
299.739894129487000000 
303.957137592218000000 
308.845585653987000000 
314.433066526427000000 
320.750875276959000000 
327.809603563736000000 
335.646968234122000000 
344.298131164756000000 
353.789736759638000000 
364.137604666038000000 
375.347793079666000000 
387.417673542304000000 
400.334047505325000000 
414.068335003097000000 
428.571839113967000000 
443.774423611040000000 
459.587573248900000000 
475.910723055078000000 
492.638538888683000000 
509.665984557146000000 
526.889925529013000000 
544.208545989102000000 
561.520926779693000000 
578.727427437050000000 
595.729930677169000000 
612.432897532315000000 
628.746425330903000000 
644.590193689489000000 
659.895837555644000000 
674.606909228950000000 
688.678418660673000000 
702.077816666002000000 
714.787606450173000000 
726.808053702730000000 
738.157286599524000000 
748.867126116443000000 
758.975067168291000000 
768.515028618896000000 
777.510958796584000000 
785.976702736897000000 
793.902986007271000000 
801.273277972588000000 
808.110754942896000000 
814.447798857340000000 
820.323734481365000000 
825.780687694893000000 
830.859535493264000000 
835.597594314339000000 
840.028024104961000000 
844.179742900052000000 
848.077222393989000000 
851.740430252812000000 
855.185543886187000000 
858.426923988373000000 
861.477066964736000000 
864.283311828491000000 
866.892375413897000000 
869.351466981263000000 
871.700446000953000000 
873.964982492869000000 
876.151868735181000000 
878.247388021125000000 
880.219496349582000000 
882.023631740421000000 
883.610726458757000000 
884.935020072179000000 
885.959577396807000000 
886.659454213128000000 
887.023821002259000000 
887.056780080380000000 
886.774297167892000000 
886.196279140143000000 
885.336728524642000000 
884.195664651406000000 
882.756214333213000000 
880.988180122417000000 
878.855770842589000000 
876.325596875290000000 
873.373018449841000000 
869.986433290038000000 
866.148176070962000000 
861.869974960363000000 
857.165107753659000000 
852.026766783133000000 
846.451150207034000000 
840.426847119988000000 
833.934346543087000000 
826.946352624542000000 
819.427635328338000000 
811.335053006325000000 
802.618901492643000000 
793.226053207389000000 
783.104334461911000000 
772.207262895586000000 
760.498506921236000000 
747.955294767293000000 
734.569742372386000000 
720.347588845964000000 
705.305025987734000000 
689.465131361088000000 
672.855154168401000000 
655.505425338527000000 
637.450640199055000000 
618.733546354676000000 
599.409395973314000000 
579.549138785252000000 
559.240828112010000000 
538.589499554805000000 
517.707464026842000000 
496.631478456656000000 
475.543655467305000000 
454.627475772032000000 
434.061183123368000000 
414.014047040195000000 
394.588387630962000000 
0.000000000000000000 
0.000000000000000000 
0.000000000000000000 
0.000000000000000000 
0.000000000000000000 
0.000000000000000000 
0.000000000000000000 
0.000000000000000000 
0.000000000000000000 
0.000000000000000000 
0.000000000000000000 
0.000000000000000000 
0.000000000000000000 
0.000000000000000000 
0.000000000000000000 
0.000000000000000000 
0.000000000000000000 
0.000000000000000000 
0.000000000000000000 
0.000000000000000000 
0.000000000000000000 
0.000000000000000000 
0.000000000000000000 
0.000000000000000000 
0.000000000000000000 
0.000000000000000000 
0.000000000000000000 
0.000000000000000000 
0.000000000000000000 
0.000000000000000000 
0.000000000000000000 
0.000000000000000000 
0.000000000000000000 
0.000000000000000000 
0.000000000000000000 
0.000000000000000000 
0.000000000000000000 
0.000000000000000000 
0.000000000000000000 
0.000000000000000000 
0.000000000000000000 
0.000000000000000000 
0.000000000000000000 
0.000000000000000000 
0.000000000000000000 
0.000000000000000000 
0.000000000000000000 
0.000000000000000000 
0.000000000000000000 
0.000000000000000000 
0.000000000000000000 
0.000000000000000000 
0.000000000000000000 
0.000000000000000000 
0.000000000000000000 
0.000000000000000000 
0.000000000000000000 
0.000000000000000000 
0.000000000000000000 
0.000000000000000000 
0.000000000000000000 
0.000000000000000000 
0.000000000000000000 
0.000000000000000000 
0.000000000000000000 
0.000000000000000000 
0.000000000000000000 
0.000000000000000000 
0.000000000000000000 
0.000000000000000000 
0.000000000000000000 
0.000000000000000000 
0.000000000000000000 
0.000000000000000000 
0.000000000000000000 
0.000000000000000000 
0.000000000000000000 
0.000000000000000000 
0.000000000000000000 
0.000000000000000000 
0.000000000000000000 
0.000000000000000000 
0.000000000000000000 
0.000000000000000000 
0.000000000000000000 
0.000000000000000000 
0.000000000000000000 
0.000000000000000000 
0.000000000000000000 
0.000000000000000000 
0.000000000000000000 
0.000000000000000000 
0.000000000000000000 
0.000000000000000000 
0.000000000000000000 
0.000000000000000000 
0.000000000000000000 
0.000000000000000000 
0.000000000000000000 
0.000000000000000000 
0.000000000000000000 
0.000000000000000000 
0.000000000000000000 
0.000000000000000000 
0.000000000000000000 
0.000000000000000000 
0.000000000000000000 
0.000000000000000000 
0.000000000000000000 
0.000000000000000000 
0.000000000000000000 
0.000000000000000000 
0.000000000000000000 
0.000000000000000000 
0.000000000000000000 
0.000000000000000000 
0.000000000000000000 
0.000000000000000000 
0.000000000000000000 
0.000000000000000000 
0.000000000000000000 
0.000000000000000000 
0.000000000000000000 
0.000000000000000000 
0.000000000000000000 
0.000000000000000000 
0.000000000000000000