30.647468527964804252
30.211668154847757251
30.691907437766332123
32.545842465303763902
35.707647391035720830
39.810603900944926181
44.402479302595878607
49.073033516115060593
53.504059739327885836
57.467946836738832417
60.816178025113231342
63.472838083889968175
65.427197685316855313
66.728835398270973656
67.479331735999210196
67.804446240951733671
67.821168375119498251
67.626337736807812462
67.301951151749449309
66.922373474403741511
66.553207885678887124
66.238304144346159319
65.997022838295720248
65.841158671848347694
65.788235226025221891
65.862945040555757714
66.097013339610725779
66.525013364734292054
67.171692036785572100
68.044637722292947046
69.141614822283685271
70.457184786748072725
71.979718282233761784
73.689230486223394223
75.559139915326980486
77.560506725846863674
79.670905548136957464
81.881008107397349249
84.188282204157303568
86.584072254423546156
89.051245366188240382
91.572719211483786239
94.137708993465224694
96.742173465942158828
99.386975899725030104
102.072571122886444073
104.790929228892053970
107.524531179827704364
110.254793426659915667
112.967333615658418466
115.650576310771143085
118.296213557189943799
120.899510985330053359
123.454279386246113859
125.951577957970130228
128.387390923407139098
130.766160234343999491
133.092621367948027000
135.364777088697849194
137.577128792608959884
139.724850771491276191
141.802604689885782818
143.803399346439874762
145.719985987295984842
147.547256502230027309
149.284207878946517667
150.932764279438885069
152.493753558112103974
153.965596207531916662
155.347394202903842597
156.641580491324987179
157.853948788614644627
158.992228487262451608
160.064612326512531126
161.079239310025570830
162.044935656361445808
162.973727407265187139
163.881178774095474182
164.782007371896270342
165.687722132029932709
166.609242092940206703
167.559323518700807654
168.550472098003268684
169.588398809658940536
170.667371379959575961
171.773152240533079294
172.890078492050349723
174.006473372588800430
175.117338145903147506
176.225039134548552511
177.338484735628810540
178.470444427595140269
179.633469076523226704
180.838082359536571175
182.093613990100948286
183.407406535057532437
184.781430188829915551
186.209124260749149471
187.675749872832795972
189.163057187130874581
190.654005404945849023
192.134047654194858978
193.591454171256884820
195.018920068177550320
196.414651473986396013
197.782079606263806681
199.128827649961408497
200.464429385425290775
201.798044618936103234
203.138139691563821998
204.492370279348335771
205.864830586760319875
207.251666309213334216
208.639596867481117215
210.010395287266760533
211.348567712199383095
212.645566774876414229
213.898631885885748716
215.109209372389102555
216.283142210592558285
217.429531893827146405
218.556650266474065347
219.668000056757449556
220.763131088700475857
221.842630785131916582
222.910994820291904261
223.974788855195384940
225.040056303491809331
226.111323080201657376
227.192095547222322693
228.286129534029839760
229.396600144495380391
230.523860794971369614
231.666245963426320031
232.823183416938405799
233.995486040559001140
235.181675185161566333
236.374784860536408360
237.563303153443484916
238.735634972609204851
239.885110729237453597
241.012478445061333332
242.124898983108494122
243.231871802427349394
244.340384746111851655
245.453825262060206569
246.573969288950962664
247.700816010771319498
248.831365209262969529
249.960988461359647772
251.085508321924180564
252.202109403663030207
253.309549754278549472
254.407751338502805538
255.497155793794689771
256.577814096498343588
257.648974914161954075
258.710600483155417351
259.764817642996376890
260.814596600097502233
261.860510957375254293
262.897988266722393291
263.917065956844396624
264.906042091287645235
265.858056193466268269
266.775079630433083366
267.664963701418741948
268.535890590935593991
269.393848549828817340
270.241757268280139215
271.077885630955393026
271.895545644351670944
272.686109445872091328
273.443564220869461678
274.167196199053194050
274.861120326625268717
275.532108039984223069
276.186973927658641514
276.830612386523171153
277.466046998663216527
278.094485939786636663
278.713546264361809790
279.316406923611111779
279.894145377329209623
280.439790126813193183
280.950659874866346399
281.426531854704705893
281.866118163610110514
282.267639322576712857
282.633643394838259155
282.973286225830236162
283.298765257874151757
283.620142889936118991
283.943055425014563298
284.268585099912229452
284.592581212940331170
284.905705609174844994
285.196869060698986686
285.458324590642007479
285.689363147165693135
285.896821631276850439
286.091611258381021798
286.283331406831621280
286.476197022636142719
286.669277070115128936
286.861676736788069775
287.056755089703017347
287.260095842319230997
287.474902577486375321
287.700362022038063969
287.933178888480824753
288.169714778185664272
288.407057187652810626
288.642542974438583769
288.872602629522930329
289.093083259914124028
289.300879269499944257
289.494254285144052119
289.670768700687119690
289.825448464663736559
289.952463248325557288
290.048551535352999053
290.114670106750281775
290.155258391676966312
290.176410744918712226
290.185106117450004604
290.189490956763904705
290.197832235869157103
290.216228443404133941
290.247528184466034418
290.291933487779260759
290.347911864233651613
290.412634579953305547
290.481936959128347553
290.549949778523341593
290.608571065716262183
290.648058327285525593
290.660076056240484377
290.640929415700838945
290.591093332813670713
290.512132919926045815
290.406017349224043755
290.276676754834738858
290.129849071533158167
289.971701382376750189
289.807046805167487946
289.636496561948263206
289.455970114773435853
289.260110358607050784
289.044954270039113453
288.807547863899458207
288.545400926689580956
288.257476826266668013
287.944230292385555003
287.605445919869112004
287.239732580098745984
286.847368039724642585
286.431756224759340057
285.997181327434191189
285.547336028532015462
285.086177531764008108
284.617017574997703377
284.140719972516933467
283.655744294395162797
283.156807879090479219
282.633027445711263681
282.071584963420889380
281.464853462459018374
280.813518569839573047
280.125089695402152756
279.411526910437714832
278.685882326839362122
277.957296102869122478
277.227114733296161830
276.488956317301472154
275.732467323344451415
274.947595785391172285
274.127357162104487998
273.269323409178525708
272.375896130276373697
271.453549245494343722
270.509889093232004598
269.549415807125740230
268.573337486563673338
267.582932043546179557
266.580772704813284690
265.569407731082151258
264.550393042658981813
263.525650123150285253
262.498990361359176404
261.473340675547945011
260.447017833461643477
259.414119278920793477
258.366920851566931105
257.299299020010039385
256.210547556283472659
255.105431543672040107
253.990221578946574255
252.868328337703530906
251.737939216684168287
250.593255819668172535
249.429363274572693854
248.246166430770813349
247.047858483592762013
245.840802074082148465
244.631457486230232234
243.423785794938737581
242.218478034558870604
241.014652412965489248
239.810689473599296662
238.603388184252054316
237.389114318436242002
236.166491501691183430
234.935967156752525398
233.697513643377021708
232.450386967577941277
231.193560129251181934
229.925597939048572016
228.646181518942086086
227.358135413918319045
226.066223138138866489
224.773315353464255395
223.478181505822192321
222.176503106161476353
220.863281898511303325
219.535325710249935582
218.192158203435212727
216.833833526436734473
215.457836039612516288
214.059631744192301994
212.637954980506208358
211.198806428336467889
209.753088544121766290
208.311405159214672267
206.879620132319331560
205.455457129117576187
204.029095213586884938
202.587860341607068904
201.120756379528501157
199.621399844084436381
198.088195318745221130
196.521010192291640806
194.918975775119065474
193.282499663635263687
191.615443648801658583
189.924327617989263217
188.216524879542419058
186.498968986801884284
184.776947785879229968
183.052264512736485358
181.321348729573230685
179.576984658002146489
177.813872625746142830
176.031941264844135731
174.233863657890708510
172.418948352277993763
170.579312995731697811
168.703042749365039299
166.780810527014637046
164.809290896271932070
162.790272112322497833
160.728334240644159081
158.628751046105804789
156.495216002876816219
154.329038322265660099
152.132152383663907358
149.910188037984056564
147.670924761199529485
145.420660321160966078
143.162757066124868288
140.898629907608722078
138.629527073032051021
136.357372157123990064
134.083308228668926176
131.804734955819242259
129.514461441782032125
127.204177828774220416
124.869208791214532539
122.510090802338140747
120.130539438719750933
117.734543778353412335
115.324719812293608356
112.902987025104437180
110.472777989130293008
108.039098682471745860
105.605467406987330037
103.171145433276706171
100.730929348711043758
98.278054338698368042
95.808587193049149278
93.323390026722961466
90.826599028240892153
88.322356502312160842
85.811654928425312505
83.292777088818269249
80.765756508159597615
78.234777043090645066
75.705809818209658602
73.183554741959213175
70.670344993941213829
68.166693062003844261
65.672706427736585511
63.189405406317177949
60.719417845814177781
58.266969135521264889
55.837498124464332250
53.437607936846347911
51.074864756074333627
48.755933444848892577
46.483607299083644193
44.256563546137783760
42.072882368533640829
39.930885483413334214
37.823885333060246694
35.735209650833326123
33.639077367598360979
31.505679425952223482
29.304928420325808247
27.007270769522136789
24.586447567819959659
22.024421586378963411
19.314064421343033473
16.463232380193232984
13.505190064578926012
10.510009016888631095
7.590580403155826161
4.903741593805591492
2.642229578471017248
1.003656642925335518
0.127696073425880741
0.000000000000000000
0.360743388650121233
