120.000000000000000000 
120.000000000000000000 
366.289370470712000000 
296.766395538480000000 
120.000000000000000000 
120.000000000000000000 
120.000000000000000000 
120.000000000000000000 
120.000000000000000000 
120.000000000000000000 
120.000000000000000000 
120.000000000000000000 
120.000000000000000000 
120.000000000000000000 
120.000000000000000000 
120.000000000000000000 
120.000000000000000000 
120.000000000000000000 
260.126803010252000000 
3084.816302120850000000 
5417.082837829110000000 
6698.424445149720000000 
7064.130126850920000000 
6767.356163955420000000 
6087.462294294900000000 
5262.956098675330000000 
4485.681657041290000000 
3934.286252736290000000 
3789.309075246960000000 
4196.214594726150000000 
5202.200754114600000000 
6711.059786066940000000 
8481.196645319190000000 
10175.865164489700000000 
11445.041190651900000000 
11990.848305053800000000 
11595.675949517100000000 
10143.509402393500000000 
7654.386015195180000000 
4295.629592381390000000 
377.624435776708000000 
120.000000000000000000 
120.000000000000000000 
120.000000000000000000 
120.000000000000000000 
120.000000000000000000 
120.000000000000000000 
120.000000000000000000 
120.000000000000000000 
120.000000000000000000 
120.000000000000000000 
120.000000000000000000 
120.000000000000000000 
120.000000000000000000 
120.000000000000000000 
120.000000000000000000 
120.000000000000000000 
120.000000000000000000 
120.000000000000000000 
120.000000000000000000 
120.000000000000000000 
120.000000000000000000 
120.000000000000000000 
120.000000000000000000 
120.000000000000000000 
120.000000000000000000 
120.000000000000000000 
120.000000000000000000 
120.000000000000000000 
120.000000000000000000 
120.000000000000000000 
120.000000000000000000 
120.000000000000000000 
120.000000000000000000 
120.000000000000000000 
120.000000000000000000 
120.000000000000000000 
120.000000000000000000 
120.000000000000000000 
120.000000000000000000 
120.000000000000000000 
120.000000000000000000 
120.000000000000000000 
120.000000000000000000 
120.000000000000000000 
120.000000000000000000 
120.000000000000000000 
120.000000000000000000 
120.000000000000000000 
120.000000000000000000 
120.000000000000000000 
120.000000000000000000 
120.000000000000000000 
120.000000000000000000 
120.000000000000000000 
120.000000000000000000 
120.000000000000000000 
120.000000000000000000 
120.000000000000000000 
120.000000000000000000 
120.000000000000000000 
120.000000000000000000 
120.000000000000000000 
120.000000000000000000 
842.193810321138000000 
13490.071255718600000000 
20694.928136723000000000 
22619.961121781700000000 
19624.110706635000000000 
12283.311049647200000000 
1401.185859375930000000 
120.000000000000000000 
120.000000000000000000 
120.000000000000000000 
120.000000000000000000 
120.000000000000000000 
120.000000000000000000 
120.000000000000000000 
120.000000000000000000 
120.000000000000000000 
120.000000000000000000 
120.000000000000000000 
120.000000000000000000 
120.000000000000000000 
120.000000000000000000 
120.000000000000000000 
120.000000000000000000 
120.000000000000000000 
120.000000000000000000 
120.000000000000000000 
120.000000000000000000 
120.000000000000000000 
120.000000000000000000 
120.000000000000000000 
120.000000000000000000 
120.000000000000000000 
120.000000000000000000 
120.000000000000000000 
120.000000000000000000 
120.000000000000000000 
120.000000000000000000 
120.000000000000000000 
120.000000000000000000 
120.000000000000000000 
120.000000000000000000 
120.000000000000000000 
120.000000000000000000 
120.000000000000000000 
120.000000000000000000 
120.000000000000000000 
120.000000000000000000 
120.000000000000000000 
120.000000000000000000 
120.000000000000000000 
120.000000000000000000 
5769.031549226940000000 
9471.014752626250000000 
10754.046622973600000000 
9642.447133773540000000 
6397.934922319360000000 
1499.943723320310000000 
120.000000000000000000 
120.000000000000000000 
120.000000000000000000 
120.000000000000000000 
120.000000000000000000 
120.000000000000000000 
120.000000000000000000 
120.000000000000000000 
120.000000000000000000 
8426.779713792690000000 
16239.201286625600000000 
22292.568201967800000000 
25822.565307022100000000 
26376.101527439100000000 
23821.166200765400000000 
18314.653325806100000000 
10246.353232928300000000 
146.349669244699000000 
120.000000000000000000 
120.000000000000000000 
120.000000000000000000 
120.000000000000000000 
120.000000000000000000 
120.000000000000000000 
120.000000000000000000 
120.000000000000000000 
120.000000000000000000 
120.000000000000000000 
120.000000000000000000 
120.000000000000000000 
120.000000000000000000 
120.000000000000000000 
120.000000000000000000 
120.000000000000000000 
120.000000000000000000 
120.000000000000000000 
120.000000000000000000 
120.000000000000000000 
120.000000000000000000 
120.000000000000000000 
120.000000000000000000 
120.000000000000000000 
120.000000000000000000 
120.000000000000000000 
120.000000000000000000 
120.000000000000000000 
120.000000000000000000 
120.000000000000000000 
1754.291916447350000000 
12495.693387211600000000 
19933.951969203900000000 
24243.018474574600000000 
25687.804738163900000000 
24557.166317636200000000 
21145.841067063300000000 
15776.504395085100000000 
8829.881552963980000000 
764.787255022687000000 
120.000000000000000000 
120.000000000000000000 
120.000000000000000000 
120.000000000000000000 
120.000000000000000000 
120.000000000000000000 
120.000000000000000000 
120.000000000000000000 
120.000000000000000000 
120.000000000000000000 
120.000000000000000000 
120.000000000000000000 
120.000000000000000000 
3195.464723811100000000 
6352.762023145450000000 
8084.697829187540000000 
8677.594217501850000000 
8523.695824674280000000 
8011.392731698890000000 
7426.713936625450000000 
6912.111209550350000000 
6500.569067328850000000 
6176.465629053710000000 
5902.941107194540000000 
5612.950337329420000000 
5200.695341254270000000 
4533.896459361860000000 
3483.230097552870000000 
1959.355506607160000000 
120.000000000000000000 
120.000000000000000000 
120.000000000000000000 
120.000000000000000000 
120.000000000000000000 
120.000000000000000000 
120.000000000000000000 
120.000000000000000000 
120.000000000000000000 
120.000000000000000000 
1746.465578420240000000 
13138.880722149100000000 
23173.710415142600000000 
29967.056562269100000000 
32578.751452585000000000 
30893.086537856900000000 
25401.316258964700000000 
16982.956001295300000000 
6711.709230692550000000 
120.000000000000000000 
120.000000000000000000 
120.000000000000000000 
120.000000000000000000 
120.000000000000000000 
120.000000000000000000 
120.000000000000000000 
120.000000000000000000 
120.000000000000000000 
120.000000000000000000 
120.000000000000000000 
120.000000000000000000 
120.000000000000000000 
120.000000000000000000 
120.000000000000000000 
120.000000000000000000 
4286.299115816790000000 
8900.067818207180000000 
11920.569460779100000000 
13268.958181414100000000 
13053.270491594400000000 
11549.794089357500000000 
9163.424001649800000000 
6370.522214330480000000 
3653.659078581470000000 
1433.120661476920000000 
120.000000000000000000 
120.000000000000000000 
120.000000000000000000 
1350.568577434030000000 
3379.953357490160000000 
5857.073311573220000000 
8525.003301421220000000 
11127.869021945200000000 
13433.244760919200000000 
15256.262729057300000000 
16474.704327369300000000 
17023.605851637300000000 
16880.255733733400000000 
16055.574780038300000000 
14591.196394141600000000 
12560.321992559900000000 
10075.952980827900000000 
7295.356503697410000000 
4404.619998655040000000 
1591.976469324030000000 
120.000000000000000000 
120.000000000000000000 
120.000000000000000000 
120.000000000000000000 
120.000000000000000000 
120.000000000000000000 
120.000000000000000000 
120.000000000000000000 
120.000000000000000000 
120.000000000000000000 
2014.149542317130000000 
3815.962743546690000000 
5432.301644368090000000 
6827.725187550190000000 
8005.267561011900000000 
8993.454369348590000000 
9830.193543839640000000 
10546.015400780700000000 
11149.843086010300000000 
11619.536365920300000000 
11903.320748793200000000 
11938.035526130800000000 
11675.644615433300000000 
11103.182019956500000000 
10250.051242732100000000 
9186.093559595600000000 
8017.245277141510000000 
6878.183007991690000000 
5914.702176170930000000 
5255.924859995180000000 
4985.654519908560000000 
5122.544100254670000000 
5615.563574660740000000 
6356.717131449280000000 
7208.599903316450000000 
8040.109265021840000000 
8757.261856035410000000 
9317.762459260750000000 
9728.437095414500000000 
10030.474477331700000000 
10277.603984981400000000 
10511.116968487600000000 
10735.466763672400000000 
10902.623022438700000000 
10914.096449552400000000 
10640.083889155900000000 
9947.365223115940000000 
8711.553304577430000000 
6840.455182018720000000 
4368.299653167670000000 
1450.306429531860000000 
120.000000000000000000 
120.000000000000000000 
120.000000000000000000 
120.000000000000000000 
120.000000000000000000 
120.000000000000000000 
120.000000000000000000 
120.000000000000000000 
120.000000000000000000 
120.000000000000000000 
678.265446600455000000 
3544.417943613090000000 
6113.930306530560000000 
8246.639334112200000000 
9880.778124364470000000 
11030.033002378200000000 
11763.154266620800000000 
12174.747463598800000000 
12359.621591556100000000 
12395.815174497700000000 
12336.479756475200000000 
12209.085819668300000000 
12019.009928413700000000 
11757.502497142200000000 
11412.708853325700000000 
10976.649120120700000000 
10444.527580658600000000 
9812.159546865010000000 
9078.352383722320000000 
8251.225845016700000000 
7352.538558485180000000 
6416.434578435360000000 
5483.763518108110000000 
4596.060419340130000000 
3791.961558282820000000 
3106.828611935900000000 
2574.172228953780000000 
2223.223381542440000000 
2071.168824633100000000 
2117.496328630450000000 
2344.541468723530000000 
2720.581450821410000000 
3203.377706750860000000 
3744.228639386430000000 
4292.449784439390000000 
4800.680540221890000000 
5216.750576773640000000 
5495.845010173540000000 
5633.504379001570000000 
5662.719342533200000000 
5644.335368978000000000 
5654.943589637220000000 
5775.348352718310000000 
6070.791720217810000000 
6578.315489564750000000 
7312.400404969720000000 
8255.638244299310000000 
9348.168957488160000000 
10487.892399735400000000 
11543.101065210100000000 
12368.731603353600000000 
12816.178174300400000000 
12757.209876955800000000 
12135.005930357600000000 
10986.148968662500000000 
9453.272892399680000000 
7789.001788268420000000 
6348.621194014730000000 
5560.228796199740000000 
5858.699029591890000000 
6522.122620292140000000 
7422.797846928240000000 
8343.179234359340000000 
9028.083186080000000000 
9234.764380335160000000 
8792.913539018440000000 
7663.561859912230000000 
5962.216609494130000000 
3930.533468569650000000 
1876.510362713220000000 
120.000000000000000000 
120.000000000000000000 
120.000000000000000000 
120.000000000000000000 
120.000000000000000000 
212.337698850990000000 
1619.014960264600000000 
3073.880767581230000000 
4423.808419711110000000 
5582.833566645540000000 
6493.199481722840000000 
7074.816856545050000000 
7226.716014085670000000 
6885.246083039830000000 
6087.207900140730000000 
4980.982797651160000000 
3779.373091295890000000 
2695.683485549850000000 
1893.932485285920000000 
1466.847751318590000000 
1446.552740203830000000 
1808.819448871930000000 
2484.966178972430000000 
3377.498445049020000000 
4380.035745223250000000 
5426.382328800030000000 
6502.787752230690000000 
7601.662284124160000000 
8672.103361288490000000 
9629.358383470060000000 
10408.791104955100000000 
10979.461610601800000000 
11321.763999594000000000 
11403.209811730100000000 
11163.729686187900000000 
10529.947705118500000000 
9446.831813517520000000 
7914.956395179510000000 
6011.009767591990000000 
3860.507991267070000000 
1569.611990915770000000 
120.000000000000000000 
120.000000000000000000 
120.000000000000000000 
120.000000000000000000 
120.000000000000000000 
120.000000000000000000 
120.000000000000000000 
120.000000000000000000 
120.000000000000000000 
120.000000000000000000 
120.000000000000000000 
120.000000000000000000 
120.000000000000000000 
120.000000000000000000 
267.013076146951000000 
3970.610828679770000000 
6710.939972831440000000 
8363.129048912390000000 
8985.685002806870000000 
8785.828953303690000000 
8073.480358827790000000 
7211.121643299990000000 
6547.912361776070000000 
6342.511932760780000000 
6702.915181118780000000 
7575.086705996560000000 
8784.036296167440000000 
10089.386693169000000000 
11214.623685132000000000 
11866.497808208400000000 
11804.319020710100000000 
10939.680085915500000000 
9380.397407173040000000 
7411.376182726050000000 
5398.590572249050000000 
3657.211426594680000000 
2358.555396790590000000 
1507.144782400360000000 
958.542618126172000000 
464.803261277591000000 
720.799909586895000000 
621.326695249013000000 
143.596177777940000000 
120.000000000000000000 
120.000000000000000000 
120.000000000000000000 
120.000000000000000000 
120.000000000000000000 
120.000000000000000000 
120.000000000000000000 
120.000000000000000000 
120.000000000000000000 
120.000000000000000000 
120.000000000000000000 
120.000000000000000000 
120.000000000000000000 
120.000000000000000000 
120.000000000000000000 
120.000000000000000000 
120.000000000000000000 
120.000000000000000000 
120.000000000000000000 
120.000000000000000000 
120.000000000000000000 
120.000000000000000000 
120.000000000000000000 
120.000000000000000000 
120.000000000000000000 
491.496471499885000000 
5614.364227426220000000 
8845.319845946000000000 
9856.674925340160000000 
8400.032430789160000000 
4281.824512852070000000 
120.000000000000000000 
120.000000000000000000 
120.000000000000000000 
120.000000000000000000 
120.000000000000000000 
120.000000000000000000 
120.000000000000000000 
120.000000000000000000 
120.000000000000000000 
120.000000000000000000 
120.000000000000000000 
120.000000000000000000 
120.000000000000000000 
120.000000000000000000 
120.000000000000000000 
120.000000000000000000 
120.000000000000000000 
120.000000000000000000 
120.000000000000000000 
120.000000000000000000 
120.000000000000000000 
120.000000000000000000 
120.000000000000000000 
120.000000000000000000 
120.000000000000000000 
120.000000000000000000 
120.000000000000000000 
120.000000000000000000 
120.000000000000000000 
120.000000000000000000 
120.000000000000000000 
120.000000000000000000 
120.000000000000000000 
120.000000000000000000 
120.000000000000000000 
120.000000000000000000 
120.000000000000000000 
120.000000000000000000 
120.000000000000000000 
120.000000000000000000 
120.000000000000000000 
120.000000000000000000 
120.000000000000000000 
120.000000000000000000 
1435.596811924270000000 
4296.818791797990000000 
6140.708587713120000000 
6802.276934876260000000 
6222.794149382830000000 
4529.462460209840000000 
2049.766986253210000000 
120.000000000000000000 
120.000000000000000000 
120.000000000000000000 
120.000000000000000000 
120.000000000000000000 
120.000000000000000000 
120.000000000000000000 
120.000000000000000000 
120.000000000000000000 
120.000000000000000000 
120.000000000000000000 
120.000000000000000000 
120.000000000000000000 
1083.678681679530000000 
2553.305030197260000000 
4206.576396432550000000 
6085.037544168650000000 
8191.196091116900000000 
10462.152462973900000000 
12772.835264335900000000 
14976.811843246500000000 
16967.507415204900000000 
18709.467410361100000000 
20216.961148613300000000 
21509.496249564900000000 
22572.859276538400000000 
23342.403805308300000000 
23706.504833245000000000 
23533.004179718600000000 
22724.249972026200000000 
21278.043589932800000000 
19313.305837147300000000 
17044.965013942800000000 
14718.666346884900000000 
12545.718665016400000000 
10660.691927568300000000 
9106.926870119380000000 
7840.042698317310000000 
6736.394989666800000000 
5617.958033204540000000 
4300.130386571650000000 
2636.038016265480000000 
548.572129494225000000 
120.000000000000000000 
120.000000000000000000 
120.000000000000000000 
120.000000000000000000 
120.000000000000000000 
120.000000000000000000 
120.000000000000000000 
120.000000000000000000 
120.000000000000000000 
120.000000000000000000 
120.000000000000000000 
120.000000000000000000 
120.000000000000000000 
120.000000000000000000 
120.000000000000000000 
120.000000000000000000 
151.163673836654000000 
259.216331626592000000 
175.946197018659000000 
120.000000000000000000 
120.000000000000000000 
120.000000000000000000 
120.000000000000000000 
120.000000000000000000 
120.000000000000000000 
120.000000000000000000 
120.000000000000000000 
120.000000000000000000 
2713.168599639040000000 
6311.329054778260000000 
9412.596545704010000000 
11106.460850603900000000 
10496.243710506500000000 
6897.225839791430000000 
120.000000000000000000