0.000000000000000000 
0.000000000000000000 
0.000000000000000000 
0.000000000000000000 
0.000000000000000000 
0.000000000000000000 
0.000000000000000000 
0.000000000000000000 
0.000000000000000000 
0.000000000000000000 
0.000000000000000000 
0.000000000000000000 
0.000000000000000000 
0.000000000000000000 
0.000000000000000000 
0.000000000000000000 
0.000000000000000000 
0.000000000000000000 
0.000000000000000000 
0.000000000000000000 
0.000000000000000000 
0.000000000000000000 
0.000000000000000000 
0.000000000000000000 
0.000000000000000000 
0.000000000000000000 
0.000000000000000000 
0.000000000000000000 
0.000000000000000000 
0.000000000000000000 
0.000000000000000000 
0.000000000000000000 
0.000000000000000000 
0.000000000000000000 
0.000000000000000000 
0.000000000000000000 
0.000000000000000000 
0.000000000000000000 
0.000000000000000000 
0.000000000000000000 
0.000000000000000000 
0.000000000000000000 
0.000000000000000000 
0.000000000000000000 
0.000000000000000000 
0.000000000000000000 
0.000000000000000000 
0.000000000000000000 
0.000000000000000000 
0.000000000000000000 
0.000000000000000000 
0.000000000000000000 
0.000000000000000000 
0.000000000000000000 
0.000000000000000000 
0.000000000000000000 
0.000000000000000000 
0.000000000000000000 
0.000000000000000000 
0.000000000000000000 
0.000000000000000000 
0.000000000000000000 
0.000000000000000000 
0.000000000000000000 
0.000000000000000000 
0.000000000000000000 
0.000000000000000000 
0.000000000000000000 
0.000000000000000000 
0.000000000000000000 
0.000000000000000000 
0.000000000000000000 
0.000000000000000000 
0.000000000000000000 
0.000000000000000000 
0.000000000000000000 
0.000000000000000000 
0.000000000000000000 
0.000000000000000000 
0.000000000000000000 
0.000000000000000000 
0.000000000000000000 
0.000000000000000000 
0.000000000000000000 
0.000000000000000000 
0.000000000000000000 
0.000000000000000000 
0.000000000000000000 
0.000000000000000000 
0.000000000000000000 
0.000000000000000000 
0.000000000000000000 
0.000000000000000000 
0.000000000000000000 
0.000000000000000000 
0.000000000000000000 
0.000000000000000000 
0.000000000000000000 
0.000000000000000000 
0.000000000000000000 
0.000000000000000000 
0.000000000000000000 
0.000000000000000000 
0.000000000000000000 
0.000000000000000000 
0.000000000000000000 
0.000000000000000000 
0.000000000000000000 
0.000000000000000000 
0.000000000000000000 
0.000000000000000000 
0.000000000000000000 
0.000000000000000000 
0.000000000000000000 
0.000000000000000000 
0.000000000000000000 
0.000000000000000000 
0.000000000000000000 
0.000000000000000000 
0.000000000000000000 
0.000000000000000000 
0.000000000000000000 
0.000000000000000000 
0.000000000000000000 
0.000000000000000000 
0.000000000000000000 
0.000000000000000000 
0.000000000000000000 
0.000000000000000000 
0.000000000000000000 
0.000000000000000000 
0.000000000000000000 
0.000000000000000000 
0.000000000000000000 
0.000000000000000000 
0.000000000000000000 
0.000000000000000000 
0.000000000000000000 
0.000000000000000000 
0.000000000000000000 
0.000000000000000000 
0.000000000000000000 
0.000000000000000000 
0.000000000000000000 
0.000000000000000000 
0.000000000000000000 
0.000000000000000000 
0.000000000000000000 
0.000000000000000000 
0.000000000000000000 
0.000000000000000000 
0.000000000000000000 
0.000000000000000000 
0.000000000000000000 
0.000000000000000000 
0.000000000000000000 
0.000000000000000000 
0.000000000000000000 
0.000000000000000000 
0.000000000000000000 
0.000000000000000000 
0.000000000000000000 
0.000000000000000000 
0.000000000000000000 
0.000000000000000000 
0.000000000000000000 
0.000000000000000000 
0.000000000000000000 
0.000000000000000000 
0.000000000000000000 
0.000000000000000000 
0.000000000000000000 
0.000000000000000000 
0.000000000000000000 
0.000000000000000000 
0.000000000000000000 
0.000000000000000000 
0.000000000000000000 
0.000000000000000000 
0.000000000000000000 
0.000000000000000000 
0.000000000000000000 
0.000000000000000000 
0.000000000000000000 
0.000000000000000000 
0.000000000000000000 
0.000000000000000000 
0.000000000000000000 
0.000000000000000000 
0.000000000000000000 
0.000000000000000000 
0.000000000000000000 
0.000000000000000000 
0.000000000000000000 
0.000000000000000000 
0.000000000000000000 
0.000000000000000000 
0.000000000000000000 
0.000000000000000000 
0.000000000000000000 
0.000000000000000000 
0.000000000000000000 
0.000000000000000000 
0.000000000000000000 
0.000000000000000000 
0.000000000000000000 
0.000000000000000000 
0.000000000000000000 
0.000000000000000000 
0.000000000000000000 
0.000000000000000000 
0.000000000000000000 
0.000000000000000000 
0.000000000000000000 
0.000000000000000000 
0.000000000000000000 
0.000000000000000000 
0.000000000000000000 
0.000000000000000000 
0.000000000000000000 
0.000000000000000000 
0.000000000000000000 
0.000000000000000000 
0.000000000000000000 
0.000000000000000000 
0.000000000000000000 
0.000000000000000000 
0.000000000000000000 
0.000000000000000000 
0.000000000000000000 
0.000000000000000000 
0.000000000000000000 
0.000000000000000000 
0.000000000000000000 
0.000000000000000000 
0.000000000000000000 
0.000000000000000000 
0.000000000000000000 
0.000000000000000000 
0.000000000000000000 
0.000000000000000000 
0.000000000000000000 
0.000000000000000000 
0.000000000000000000 
0.000000000000000000 
0.000000000000000000 
0.000000000000000000 
0.000000000000000000 
0.000000000000000000 
0.000000000000000000 
0.000000000000000000 
0.000000000000000000 
0.000000000000000000 
0.000000000000000000 
0.000000000000000000 
1035.202226750320000000 
1031.749105754160000000 
1035.554344237940000000 
1050.244239804840000000 
1075.297212790440000000 
1107.807522888100000000 
1144.191845480090000000 
1181.199589881650000000 
1216.309403066260000000 
1247.717778567610000000 
1274.247924317340000000 
1295.298316181420000000 
1310.783938934490000000 
1321.097634822010000000 
1327.044290266160000000 
1329.620377374980000000 
1329.752877382220000000 
1328.209111453250000000 
1325.638792112480000000 
1322.631158966270000000 
1319.706027359870000000 
1317.210846566000000000 
1315.299022723470000000 
1314.064012707630000000 
1313.644666894190000000 
1314.236639836590000000 
1316.091310479080000000 
1319.482624402340000000 
1324.606667055760000000 
1331.523565849520000000 
1340.215606724100000000 
1350.639696620400000000 
1362.703689000710000000 
1376.249231521870000000 
1391.065702339400000000 
1406.923792833900000000 
1423.645812669280000000 
1441.157848045640000000 
1459.439834750780000000 
1478.423189138020000000 
1497.972156506880000000 
1517.951382807640000000 
1538.275413298380000000 
1558.912226638720000000 
1579.868663067350000000 
1601.148326473690000000 
1622.687590847880000000 
1644.347641812060000000 
1665.981230195970000000 
1687.474395547270000000 
1708.735418391340000000 
1729.698469566570000000 
1750.326035679170000000 
1770.569075726240000000 
1790.356746099320000000 
1809.657227265770000000 
1828.505715608880000000 
1846.939733298560000000 
1864.943454979080000000 
1882.473311745910000000 
1899.491066471900000000 
1915.954420160990000000 
1931.807977119050000000 
1946.994300901130000000 
1961.472916730800000000 
1975.235877109550000000 
1988.298428385440000000 
2000.667130170670000000 
2012.329467032390000000 
2023.278323354260000000 
2033.532976909340000000 
2043.139334959270000000 
2052.158642351770000000 
2060.655815322900000000 
2068.695344327850000000 
2076.347165058510000000 
2083.706567422420000000 
2090.896876474670000000 
2098.034709154260000000 
2105.211257977240000000 
2112.513041366370000000 
2120.041135240850000000 
2127.894630053230000000 
2136.118777487660000000 
2144.668157127100000000 
2153.429955744880000000 
2162.280066318880000000 
2171.125966505750000000 
2179.928048168040000000 
2188.705061170580000000 
2197.527592357680000000 
2206.496822354390000000 
2215.712199582140000000 
2225.257109766770000000 
2235.205478107610000000 
2245.615484389030000000 
2256.502739703040000000 
2267.815259562950000000 
2279.436258550100000000 
2291.221131697440000000 
2303.034854017830000000 
2314.762161476370000000 
2326.310111763830000000 
2337.620823649430000000 
2348.680083162970000000 
2359.515078003700000000 
2370.186211470090000000 
2380.769025711970000000 
2391.336099647000000000 
2401.954517430910000000 
2412.684939809580000000 
2423.559807745160000000 
2434.548581153440000000 
2445.546029635860000000 
2456.407729388450000000 
2467.010912823040000000 
2477.287853761150000000 
2487.216678313170000000 
2496.808846640680000000 
2506.110656326360000000 
2515.194224237620000000 
2524.125093410380000000 
2532.931018167760000000 
2541.608431481810000000 
2550.161987873770000000 
2558.627309403830000000 
2567.056419941870000000 
2575.497205262740000000 
2583.985527043400000000 
2592.549168398850000000 
2601.217889132930000000 
2610.016847594560000000 
2618.948844124220000000 
2628.000681741250000000 
2637.167826283590000000 
2646.456718751780000000 
2655.855642876950000000 
2665.309402728720000000 
2674.726782163730000000 
2684.015905966620000000 
2693.123926782210000000 
2702.056771658090000000 
2710.871180624790000000 
2719.642423882870000000 
2728.425870516880000000 
2737.248361411280000000 
2746.123968447390000000 
2755.052685159460000000 
2764.010738927480000000 
2772.961455838690000000 
2781.871735362650000000 
2790.719269411580000000 
2799.494217214760000000 
2808.195960449570000000 
2816.827998487940000000 
2825.390735247560000000 
2833.878217447920000000 
2842.290145863980000000 
2850.643372785580000000 
2858.961433029920000000 
2867.248871614410000000 
2875.469458151140000000 
2883.544252909370000000 
2891.380534072060000000 
2898.923941759760000000 
2906.190096356000000000 
2913.241208652410000000 
2920.142111253310000000 
2926.940252843890000000 
2933.658767969460000000 
2940.283939912260000000 
2946.762775485040000000 
2953.026910695190000000 
2959.028702222990000000 
2964.762494416620000000 
2970.260892588070000000 
2975.577551095260000000 
2980.766466217620000000 
2985.866419346040000000 
2990.901368226820000000 
2995.880885997480000000 
3000.786091078860000000 
3005.562936002890000000 
3010.140721860570000000 
3014.464209074250000000 
3018.512152036500000000 
3022.282785625710000000 
3025.765904977010000000 
3028.947410156800000000 
3031.847491075890000000 
3034.538695267640000000 
3037.117670754330000000 
3039.664148264280000000 
3042.222787778120000000 
3044.802164540060000000 
3047.369389924860000000 
3049.850471846180000000 
3052.157543362850000000 
3054.229220295010000000 
3056.059884378080000000 
3057.703708687340000000 
3059.247149658670000000 
3060.766269216250000000 
3062.294465033550000000 
3063.824359928130000000 
3065.348863736820000000 
3066.894592464700000000 
3068.505789392340000000 
3070.207838525570000000 
3071.994295788550000000 
3073.839050541790000000 
3075.713273460060000000 
3077.593886942670000000 
3079.459789233740000000 
3081.282696863800000000 
3083.029703844570000000 
3084.676202580870000000 
3086.208434694120000000 
3087.607069647270000000 
3088.832694895930000000 
3089.839113071180000000 
3090.600481123810000000 
3091.124380232700000000 
3091.445986792780000000 
3091.613590217660000000 
3091.682489134020000000 
3091.717232979210000000 
3091.783326190210000000 
3091.929090935740000000 
3092.177098509170000000 
3092.528949711390000000 
3092.972501665430000000 
3093.485340530120000000 
3094.034466954450000000 
3094.573375383970000000 
3095.037868785350000000 
3095.350751243500000000 
3095.445975283540000000 
3095.294264384390000000 
3094.899381693150000000 
3094.273728581250000000 
3093.432908040900000000 
3092.408061001530000000 
3091.244652736410000000 
3089.991548931070000000 
3088.686886951070000000 
3087.335509893850000000 
3085.905085085710000000 
3084.353164807440000000 
3082.648347527060000000 
3080.767226958480000000 
3078.690071570830000000 
3076.408667474360000000 
3073.926617779490000000 
3071.242215695250000000 
3068.344438432900000000 
3065.235486912680000000 
3061.942332585520000000 
3058.498921806350000000 
3054.934514012130000000 
3051.280464621670000000 
3047.563014621150000000 
3043.789008555520000000 
3039.946240627700000000 
3035.992852981150000000 
3031.842610522790000000 
3027.393947916400000000 
3022.586431874100000000 
3017.425495050770000000 
3011.970639233000000000 
3006.316631602820000000 
3000.566892268150000000 
2994.793844463000000000 
2989.008157313990000000 
2983.159262999060000000 
2977.165123963080000000 
2970.946092144420000000 
2964.446824620450000000 
2957.648082465980000000 
2950.568895100310000000 
2943.260559472230000000 
2935.783345394340000000 
2928.172910261420000000 
2920.438826606280000000 
2912.591220131010000000 
2904.650480132730000000 
2896.636798086990000000 
2888.562502530910000000 
2880.442818590050000000 
2872.307946299780000000 
2864.181077478050000000 
2856.048874814940000000 
2847.864568638050000000 
2839.566955557130000000 
2831.107514973960000000 
2822.480650999280000000 
2813.724120390900000000 
2804.887609038740000000 
2795.998141874950000000 
2787.041356501630000000 
2777.971308571370000000 
2768.749054455340000000 
2759.373840215150000000 
2749.878891179950000000 
2740.314622564440000000 
2730.732223269920000000 
2721.163079389100000000 
2711.612666422640000000 
2702.073997375830000000 
2692.534240273760000000 
2682.968031320980000000 
2673.346574250740000000 
2663.658963180800000000 
2653.908743323470000000 
2644.095695667690000000 
2634.213925080210000000 
2624.255293992030000000 
2614.208430493470000000 
2604.070807912970000000 
2593.864806900460000000 
2583.628171780600000000 
2573.383648616410000000 
2563.121486952470000000 
2552.807468678530000000 
2542.401989462650000000 
2531.879755709450000000 
2521.236993093230000000 
2510.474130665640000000 
2499.571235428460000000 
2488.492381652120000000 
2477.227540717430000000 
2465.824259791920000000 
2454.368925908650000000 
2442.945559905930000000 
2431.600624831640000000 
2420.316083854450000000 
2409.014119509130000000 
2397.594307356980000000 
2385.969518101360000000 
2374.089171381500000000 
2361.940625706810000000 
2349.522830315020000000 
2336.828902030970000000 
2323.862070497840000000 
2310.652935119110000000 
2297.253157071250000000 
2283.721159722890000000 
2270.111881986650000000 
2256.467222799670000000 
2242.801470336850000000 
2229.086333769440000000 
2215.264637937900000000 
2201.294390198960000000 
2187.175025059270000000 
2172.927723036810000000 
2158.547005316800000000 
2143.970415054760000000 
2129.103543473490000000 
2113.872486191400000000 
2098.250893711870000000 
2082.252935507670000000 
2065.914902323920000000 
2049.278581523190000000 
2032.373238828950000000 
2015.209247947450000000 
1997.801936185640000000 
1980.195912400230000000 
1962.452818281940000000 
1944.622555014290000000 
1926.731764601470000000 
1908.791658279090000000 
1890.812126539630000000 
1872.808411236360000000 
1854.789569623630000000 
1836.734997633490000000 
1818.587717258970000000 
1800.281884260010000000 
1781.780453085640000000 
1763.087674551410000000 
1744.232989512040000000 
1725.248005946410000000 
1706.153452000210000000 
1686.964536959310000000 
1667.708459257570000000 
1648.424884414250000000 
1629.141690152200000000 
1609.853023052820000000 
1590.517653198690000000 
1571.081978700630000000 
1551.514834255610000000 
1531.823050943750000000 
1512.039402393330000000 
1492.196710695040000000 
1472.302839889290000000 
1452.344183377590000000 
1432.321006797000000000 
1412.266461480360000000 
1392.227860410830000000 
1372.242443924880000000 
1352.328699274850000000 
1332.490687224920000000 
1312.729259419480000000 
1293.052500458680000000 
1273.481232438810000000 
1254.048935782080000000 
1234.798705916860000000 
1215.782863557490000000 
1197.061360343290000000 
1178.687006181590000000 
1160.681934116260000000 
1143.035662986050000000 
1125.732980867220000000 
1108.760589667050000000 
1092.065499651270000000 
1075.515605944470000000 
1058.906628888750000000 
1042.002372536750000000 
1024.564435413150000000 
1006.358645869580000000 
987.176938047697000000 
966.876391616426000000 
945.400523739718000000 
922.811584892748000000 
899.373151477631000000 
875.640444483577000000 
852.507971762698000000 
831.218454639272000000 
813.299069744377000000 
800.315623752792000000 
793.374836133185000000 
792.363019669795000000 
795.221416877362000000 
0.000000000000000000 
0.000000000000000000 
0.000000000000000000 
0.000000000000000000 
0.000000000000000000 
0.000000000000000000 
0.000000000000000000 
0.000000000000000000 
0.000000000000000000 
0.000000000000000000 
0.000000000000000000 
0.000000000000000000 
0.000000000000000000 
0.000000000000000000 
0.000000000000000000 
0.000000000000000000 
0.000000000000000000 
0.000000000000000000 
0.000000000000000000 
0.000000000000000000 
0.000000000000000000 
0.000000000000000000 
0.000000000000000000 
0.000000000000000000 
0.000000000000000000 
0.000000000000000000 
0.000000000000000000 
0.000000000000000000 
0.000000000000000000 
0.000000000000000000 
0.000000000000000000 
0.000000000000000000 
0.000000000000000000 
0.000000000000000000 
0.000000000000000000 
0.000000000000000000 
0.000000000000000000 
0.000000000000000000 
0.000000000000000000 
0.000000000000000000 
0.000000000000000000 
0.000000000000000000 
0.000000000000000000 
0.000000000000000000 
0.000000000000000000 
0.000000000000000000 
0.000000000000000000 
0.000000000000000000 
0.000000000000000000 
0.000000000000000000 
0.000000000000000000 
0.000000000000000000 
0.000000000000000000 
0.000000000000000000 
0.000000000000000000 
0.000000000000000000 
0.000000000000000000 
0.000000000000000000 
0.000000000000000000 
0.000000000000000000 
0.000000000000000000 
0.000000000000000000 
0.000000000000000000 
0.000000000000000000 
0.000000000000000000 
0.000000000000000000 
0.000000000000000000 
0.000000000000000000 
0.000000000000000000 
0.000000000000000000 
0.000000000000000000 
0.000000000000000000 
0.000000000000000000 
0.000000000000000000 
0.000000000000000000 
0.000000000000000000 
0.000000000000000000 
0.000000000000000000 
0.000000000000000000 
0.000000000000000000 
0.000000000000000000 
0.000000000000000000 
0.000000000000000000 
0.000000000000000000 
0.000000000000000000 
0.000000000000000000 
0.000000000000000000 
0.000000000000000000 
0.000000000000000000 
0.000000000000000000 
0.000000000000000000 
0.000000000000000000 
0.000000000000000000 
0.000000000000000000 
0.000000000000000000 
0.000000000000000000 
0.000000000000000000 
0.000000000000000000 
0.000000000000000000 
0.000000000000000000 
0.000000000000000000 
0.000000000000000000 
0.000000000000000000 
0.000000000000000000 
0.000000000000000000 
0.000000000000000000 
0.000000000000000000 
0.000000000000000000 
0.000000000000000000 
0.000000000000000000 
0.000000000000000000 
0.000000000000000000 
0.000000000000000000 
0.000000000000000000 
0.000000000000000000 
0.000000000000000000 
0.000000000000000000 
0.000000000000000000 
0.000000000000000000 
0.000000000000000000 
0.000000000000000000 
0.000000000000000000 
0.000000000000000000 
0.000000000000000000 
0.000000000000000000 
0.000000000000000000 
0.000000000000000000 
0.000000000000000000 
0.000000000000000000 
0.000000000000000000 
0.000000000000000000 
0.000000000000000000 
0.000000000000000000 
0.000000000000000000 
0.000000000000000000 
0.000000000000000000 
0.000000000000000000 
0.000000000000000000 
0.000000000000000000 
0.000000000000000000 
0.000000000000000000 
0.000000000000000000 
0.000000000000000000 
0.000000000000000000 
0.000000000000000000 
0.000000000000000000 
0.000000000000000000 
0.000000000000000000 
0.000000000000000000 
0.000000000000000000 
0.000000000000000000 
0.000000000000000000 
0.000000000000000000 
0.000000000000000000 
0.000000000000000000 
0.000000000000000000 
0.000000000000000000 
0.000000000000000000 
0.000000000000000000 
0.000000000000000000 
0.000000000000000000 
0.000000000000000000 
0.000000000000000000 
0.000000000000000000 
0.000000000000000000 
0.000000000000000000 
0.000000000000000000 
0.000000000000000000 
0.000000000000000000 
0.000000000000000000 
0.000000000000000000 
0.000000000000000000 
0.000000000000000000 
0.000000000000000000 
0.000000000000000000 
0.000000000000000000 
0.000000000000000000 
0.000000000000000000 
0.000000000000000000 
0.000000000000000000 
0.000000000000000000 
0.000000000000000000 
0.000000000000000000 
0.000000000000000000 
0.000000000000000000 
0.000000000000000000 
0.000000000000000000 
0.000000000000000000 
0.000000000000000000 
0.000000000000000000 
0.000000000000000000 
0.000000000000000000 
0.000000000000000000 
0.000000000000000000 
0.000000000000000000 
0.000000000000000000 
0.000000000000000000 
0.000000000000000000 
0.000000000000000000 
0.000000000000000000 
0.000000000000000000 
0.000000000000000000 
0.000000000000000000 
0.000000000000000000 
0.000000000000000000 
0.000000000000000000 
0.000000000000000000 
0.000000000000000000 
0.000000000000000000 
0.000000000000000000 
0.000000000000000000 
0.000000000000000000 
0.000000000000000000 
0.000000000000000000 
0.000000000000000000 
0.000000000000000000 
0.000000000000000000 
0.000000000000000000 
0.000000000000000000 
0.000000000000000000 
0.000000000000000000 
0.000000000000000000 
0.000000000000000000 
0.000000000000000000 
0.000000000000000000 
0.000000000000000000 
0.000000000000000000 
0.000000000000000000 
0.000000000000000000 
0.000000000000000000 
0.000000000000000000 
0.000000000000000000 
0.000000000000000000 
0.000000000000000000 
0.000000000000000000 
0.000000000000000000 
0.000000000000000000 
0.000000000000000000 
0.000000000000000000 
0.000000000000000000 
0.000000000000000000 
0.000000000000000000 
0.000000000000000000 
0.000000000000000000 
0.000000000000000000 
0.000000000000000000 
0.000000000000000000 
0.000000000000000000 
0.000000000000000000 
0.000000000000000000 
0.000000000000000000 
0.000000000000000000 
0.000000000000000000 
0.000000000000000000 
0.000000000000000000