0.000000000000000000 
0.000000000000000000 
0.000000000000000000 
0.000000000000000000 
0.000000000000000000 
0.000000000000000000 
0.000000000000000000 
0.000000000000000000 
0.000000000000000000 
0.000000000000000000 
0.000000000000000000 
0.000000000000000000 
0.000000000000000000 
0.000000000000000000 
0.000000000000000000 
0.000000000000000000 
0.000000000000000000 
0.000000000000000000 
0.000000000000000000 
0.000000000000000000 
0.000000000000000000 
0.000000000000000000 
0.000000000000000000 
0.000000000000000000 
0.000000000000000000 
0.000000000000000000 
0.000000000000000000 
0.000000000000000000 
0.000000000000000000 
0.000000000000000000 
0.000000000000000000 
0.000000000000000000 
0.000000000000000000 
0.000000000000000000 
0.000000000000000000 
0.000000000000000000 
0.000000000000000000 
0.000000000000000000 
0.000000000000000000 
0.000000000000000000 
0.000000000000000000 
0.000000000000000000 
0.000000000000000000 
0.000000000000000000 
0.000000000000000000 
0.000000000000000000 
0.000000000000000000 
0.000000000000000000 
0.000000000000000000 
0.000000000000000000 
0.000000000000000000 
0.000000000000000000 
0.000000000000000000 
0.000000000000000000 
0.000000000000000000 
0.000000000000000000 
0.000000000000000000 
0.000000000000000000 
0.000000000000000000 
0.000000000000000000 
0.000000000000000000 
0.000000000000000000 
0.000000000000000000 
0.000000000000000000 
0.000000000000000000 
0.000000000000000000 
0.000000000000000000 
0.000000000000000000 
0.000000000000000000 
0.000000000000000000 
0.000000000000000000 
0.000000000000000000 
0.000000000000000000 
0.000000000000000000 
0.000000000000000000 
0.000000000000000000 
0.000000000000000000 
0.000000000000000000 
0.000000000000000000 
0.000000000000000000 
0.000000000000000000 
0.000000000000000000 
0.000000000000000000 
0.000000000000000000 
0.000000000000000000 
0.000000000000000000 
0.000000000000000000 
0.000000000000000000 
0.000000000000000000 
0.000000000000000000 
0.000000000000000000 
0.000000000000000000 
0.000000000000000000 
0.000000000000000000 
0.000000000000000000 
0.000000000000000000 
0.000000000000000000 
0.000000000000000000 
0.000000000000000000 
0.000000000000000000 
0.000000000000000000 
0.000000000000000000 
0.000000000000000000 
0.000000000000000000 
0.000000000000000000 
0.000000000000000000 
0.000000000000000000 
0.000000000000000000 
0.000000000000000000 
0.000000000000000000 
0.000000000000000000 
0.000000000000000000 
0.000000000000000000 
0.000000000000000000 
0.000000000000000000 
0.000000000000000000 
0.000000000000000000 
0.000000000000000000 
0.000000000000000000 
0.000000000000000000 
0.000000000000000000 
0.000000000000000000 
0.000000000000000000 
0.000000000000000000 
0.000000000000000000 
0.000000000000000000 
0.000000000000000000 
2967.798350872300000000 
3146.192577749110000000 
3322.825455286340000000 
3497.913240139260000000 
3671.665962616300000000 
3844.278212723590000000 
4015.920160978120000000 
4186.728958205160000000 
4356.800652834820000000 
4526.182756559650000000 
4694.867579744410000000 
4862.786446844680000000 
5029.804889474300000000 
5195.718900857970000000 
5360.252320429130000000 
5523.055401507080000000 
5683.704598543950000000 
5841.703593606430000000 
5996.485564784680000000 
6147.416682335060000000 
6293.800801788180000000 
6434.885307206660000000 
6569.868042459380000000 
6697.905253978090000000 
6818.120455146600000000 
6929.614110392320000000 
7031.474026332030000000 
7122.786328075240000000 
7202.646891092020000000 
7270.173092966560000000 
7324.515744922410000000 
7364.871060233470000000 
7390.492515523970000000 
7400.702461484460000000 
7394.903341648350000000 
7372.588381525800000000 
7333.351615505850000000 
7276.897125427890000000 
7203.047372490940000000 
7111.750513107250000000 
7003.086599300160000000 
6877.272575174750000000 
6734.665992730340000000 
6575.767382711400000000 
6401.221229183230000000 
6211.815509948220000000 
6008.479778666900000000 
5792.281778499580000000 
5564.422591126630000000 
5326.230339032450000000 
5079.152472847040000000 
4824.746689232530000000 
4564.670538187370000000 
4300.669791628060000000 
4034.565657612410000000 
3768.240936508190000000 
3503.625226706610000000 
3242.679298056990000000 
2987.378760981240000000 
2739.697168142210000000 
2501.588693516590000000 
2274.970540689280000000 
2061.705238072090000000 
1863.582983486300000000 
1682.304204067820000000 
1519.462499690190000000 
1376.528138991590000000 
1254.832276577710000000 
1155.552057999250000000 
1079.696775621880000000 
1028.095233478350000000 
1001.384472585060000000 
1000.000000000000000000 
1024.167655087840000000 
1073.897235049500000000 
1148.977988791120000000 
1248.976073693970000000 
1373.234053862190000000 
1520.872501051870000000 
1690.793740825090000000 
1881.687766650590000000 
2092.040323837330000000 
2320.143143505640000000 
2564.106284465970000000 
2821.872518097060000000 
3091.233668324600000000 
3369.848795844720000000 
3655.264093075900000000 
3944.934334230270000000 
4236.245703653180000000 
4526.539805473340000000 
4813.138638922390000000 
5093.370306705060000000 
5364.595208805670000000 
5624.232461366270000000 
5869.786270014580000000 
6098.871979481540000000 
6309.241516731550000000 
6498.807943306100000000 
6665.668834292870000000 
6808.128206383300000000 
6924.716725934450000000 
7014.209939830420000000 
7075.644287219680000000 
7108.330668820730000000 
7111.865372322310000000 
7086.138177295230000000 
7031.337490768980000000 
6947.952394953880000000 
6836.771521207090000000 
6698.878698907210000000 
6535.645364037510000000 
6348.719749567270000000 
6140.012917719950000000 
5911.681732458200000000 
5666.108908512530000000 
5405.880310536340000000 
5133.759711984380000000 
4852.661257585580000000 
4565.619905327000000000 
4275.760153211090000000 
3986.263382246780000000 
3700.334169769680000000 
3421.165945878860000000 
3151.906380194690000000 
2895.622895999110000000 
2655.268713888750000000 
2433.649827183480000000 
2233.393306384190000000 
2056.917319924570000000 
1906.403243344050000000 
1783.770208923220000000 
1690.652422938720000000 
1628.379548252740000000 
1597.960416257830000000 
1600.070294622840000000 
1635.041896260380000000 
1702.860270945670000000 
1803.161674597790000000 
1935.236462962420000000 
2098.036006926230000000 
2290.183576584840000000 
2509.989091140250000000 
2755.467582386300000000 
3024.361171623810000000 
3314.164313988760000000 
3622.152021020820000000 
3945.410732458860000000 
4280.871472302390000000 
4625.344892654570000000 
4975.557782240690000000 
5328.190595192470000000 
5679.915540049370000000 
6027.434759227860000000 
6367.518125641300000000 
6697.040185826850000000 
7013.015787877060000000 
7312.633947618200000000 
7593.289527674600000000 
7852.612331067560000000 
8088.493243496500000000 
8299.107096029530000000 
8482.931962109900000000 
8638.764649008860000000 
8765.732193508330000000 
8863.299224008620000000 
8931.271105711350000000 
8969.792841276480000000 
8979.343755621550000000 
8960.728049532810000000 
8915.061361703180000000 
8843.753531921190000000 
8748.487808650040000000 
8631.196791429080000000 
8494.035441720970000000 
8339.351534386920000000 
8169.653955337730000000 
7987.579278591220000000 
7795.857077560090000000 
7597.274440580770000000 
7394.640169248560000000 
7190.749139918940000000 
6988.347303743490000000 
6790.097788905980000000 
6598.548550484680000000 
6416.101988864800000000 
6244.986927227670000000 
6087.233302807870000000 
5944.649885874650000000 
5818.805295372270000000 
5711.012531520970000000 
5622.317194168090000000 
5553.489502058140000000 
5505.020173268160000000 
5477.120171650360000000 
5469.724269067710000000 
5482.498319319790000000 
5514.850087735710000000 
5565.943431227000000000 
5634.715577866370000000 
5719.897213455210000000 
5820.035045661680000000 
5933.516484674170000000 
6058.596053361630000000 
6193.423120008470000000 
6336.070533051740000000 
6484.563730042290000000 
6636.909892332800000000 
6791.126722710820000000 
6945.270435194270000000 
7097.462564239730000000 
7245.915224337800000000 
7388.954479954370000000 
7525.041519511340000000 
7652.791365006010000000 
7770.988890303600000000 
7878.601965414880000000 
7974.791590461460000000 
8058.918930786310000000 
8130.549213018590000000 
8189.452490088420000000 
8235.601330451440000000 
8269.165532399200000000 
8290.504007603900000000 
8300.154018332780000000 
8298.817989477570000000 
8287.348149159450000000 
8266.729279738860000000 
8238.059884217280000000 
8202.532090979980000000 
8161.410632402830000000 
8116.011239928220000000 
8067.678799792820000000 
8017.765609738980000000 
7967.610067926230000000 
7918.516111123760000000 
7871.733700434000000000 
7828.440629664970000000 
7789.725904493820000000 
7756.574910258750000000 
7729.856553141810000000 
7710.312524253560000000 
7698.548799323060000000 
7695.029448964400000000 
7700.072796470220000000 
7713.849922400090000000 
7736.385478493370000000 
7767.560738220040000000 
7807.118778126400000000 
7854.671653526910000000 
7909.709404475560000000 
7971.610703696180000000 
8039.654937571240000000 
8113.035494624770000000 
8190.874023355080000000 
8272.235412873140000000 
8356.143245605230000000 
8441.595471273470000000 
8527.580055358340000000 
8613.090363086050000000 
8697.140051429020000000 
8778.777256359330000000 
8857.097880308550000000 
8931.257805076990000000 
9000.483877882240000000 
9064.083542399110000000 
9121.453012061490000000 
9172.083909106950000000 
9215.568319382530000000 
9251.602239341240000000 
9279.987417504430000000 
9300.631617532280000000 
9313.547353547090000000 
9318.849170146910000000 
9316.749559321580000000 
9307.553623981010000000 
9291.652612814490000000 
9269.516463560820000000 
9241.685501377370000000 
9208.761445799520000000 
9171.397883782740000000 
9130.290367569020000000 
9086.166294718370000000 
9039.774723739580000000 
8991.876272528020000000 
8943.233238492290000000 
8894.600069074790000000 
8846.714299614770000000 
8800.288062452990000000 
8756.000257132610000000 
8714.489456811780000000 
8676.347610870680000000 
8642.114588460240000000 
8612.273592681610000000 
8587.247460465330000000 
8567.395849275740000000 
8553.013298710780000000 
8544.328143084020000000 
8541.502240313560000000 
8544.631473018550000000 
8553.746969719650000000 
8568.816987504850000000 
8589.749392471800000000 
8616.394670677250000000 
8648.549400168460000000 
8685.960113866180000000 
8728.327483519190000000 
8775.310756537190000000 
8826.532380098900000000 
8881.582750379060000000 
8940.025028886210000000 
9001.399972595320000000 
9065.230729635780000000 
9131.027557601370000000 
9198.292426936750000000 
9266.523477187510000000 
9335.219299054000000000 
9403.883020054840000000 
9472.026176092780000000 
9539.172355252680000000 
9604.860603695730000000 
9668.648586516470000000 
9730.115498887140000000 
9788.864724737170000000 
9844.526241628800000000 
9896.758771436160000000 
9945.251676970050000000 
9989.726604884230000000 
10029.938875129000000000 
10065.678616968900000000 
10096.771651242000000000 
10123.080118190200000000 
10144.502849925500000000 
10160.975486478300000000 
10172.470334486300000000 
10178.995967965500000000 
10180.596571314900000000 
10177.351025770900000000 
10169.371741955100000000 
10156.803242965600000000 
10139.820504612600000000 
10118.627061877000000000 
10093.452893416300000000 
10064.552098905700000000 
10032.200387102300000000 
9996.692395681840000000 
9958.338867028410000000 
9917.463707160760000000 
9874.400957760610000000 
9829.491713731830000000 
9783.081020769260000000 
9735.514788968130000000 
9687.136759483180000000 
9638.285561586490000000 
9589.291897125530000000 
9540.475888316070000000 
9492.144623001150000000 
9444.589928973030000000 
9398.086405709450000000 
9352.889737960520000000 
9309.235311096270000000 
9267.337143063170000000 
9227.387142293370000000 
9189.554695068550000000 
9153.986579778310000000 
9120.807199359220000000 
9090.119117086020000000 
9062.003874949960000000 
9036.523068237590000000 
9013.719644750870000000 
8993.619392516000000000 
8976.232575931820000000 
8961.555677215830000000 
8949.573197808760000000 
8940.259473170490000000 
8933.580454194420000000 
8929.495409315850000000 
8927.958503302230000000 
8928.920211673800000000 
8932.328533674620000000 
8938.129971629710000000 
8946.270250297970000000 
8956.694756347770000000 
8969.348685212550000000 
8984.176890176340000000 
9001.123436429740000000 
9020.130870849800000000 
9041.139226210090000000 
9064.084786232240000000 
9088.898645162310000000 
9115.505102213270000000 
9143.819937089400000000 
9173.748617741360000000 
9205.184495354830000000 
9238.007044233210000000 
9272.080205603170000000 
9307.250894387070000000 
9343.347726610580000000 
9380.180022343790000000 
9417.537134934660000000 
9455.188151844100000000 
9492.882005719920000000 
9530.348026569700000000 
9567.296957155110000000 
9603.422444199610000000 
9638.403007865040000000 
9671.904481413790000000 
9703.582902247380000000 
9733.087824824260000000 
9760.066015536870000000 
9784.165479699370000000 
9805.039761585510000000 
9822.352450177250000000 
9835.781816139250000000 
9845.025499706280000000 
9849.805164820500000000 
9849.871032116270000000 
9845.006202323760000000 
9835.030682419260000000 
9819.805029420510000000 
9799.233531106840000000 
9773.266849091140000000 
9741.904057502930000000 
9705.194019940250000000 
9663.236058160870000000 
9616.179878025800000000 
9564.224731267780000000 
9507.617805495990000000 
9446.651849207030000000 
9381.662053176660000000 
9313.022224169880000000 
9241.140301137150000000 
9166.453277667800000000 
9089.421607162910000000 
9010.523178692300000000 
8930.246961558910000000 
8849.086424975150000000 
8767.532845755080000000 
8686.068621373790000000 
8605.160708006990000000 
8525.254303148190000000 
8446.766890059310000000 
8370.082756639360000000 
8295.548094339630000000 
8223.466773601630000000 
8154.096881081210000000 
8087.648090827600000000 
8024.279926829350000000 
7964.100958177250000000 
7907.168950818050000000 
7853.491981797730000000 
7803.030503359010000000 
7755.700325614920000000 
7711.376468130360000000 
7669.897812967180000000 
7631.072474942190000000 
7594.683789353750000000 
7560.496803574880000000 
7528.265146986240000000 
7497.738143994960000000 
7468.668027582760000000 
7440.817106131760000000 
7413.964734325750000000 
7387.913939803760000000 
7362.497560985730000000 
7337.583758076760000000 
7313.080768613660000000 
7288.940790917650000000 
7265.162893281380000000 
7241.794863420880000000 
7218.933931389480000000 
7196.726319470410000000 
7175.365594186280000000 
7155.089818110650000000 
7136.177522235600000000 
7118.942542823990000000 
7103.727789529520000000 
7090.898033675840000000 
7080.831826529910000000 
7073.912676780740000000 
7070.519633863400000000 
7071.017438901150000000 
7075.746417562440000000 
7085.012298777820000000 
7099.076149810850000000 
7118.144621459940000000 
7142.360697070330000000 
7171.795135502830000000 
7206.438791242910000000 
7246.195984506130000000 
7290.879080628450000000 
7340.204421406530000000 
7393.789731611460000000 
7451.153101928680000000 
7511.713625411490000000 
7574.793738552740000000 
7639.623290689830000000 
7705.345337103260000000 
7771.023622309150000000 
7835.651691158280000000 
7898.163536917150000000 
7957.445667999070000000 
8012.350448900150000000 
8061.710546625020000000 
8104.354291879680000000 
8139.121744953960000000 
8164.881239860610000000 
8180.546167246180000000 
8185.091747090720000000 
8177.571536465970000000 
8157.133415761880000000 
8123.034798895110000000 
8074.656819094970000000 
8011.517251873520000000 
7933.281950618240000000 
7839.774587727060000000 
7730.984515110180000000 
7607.072581928290000000 
7468.374774292550000000 
7315.403570940150000000 
7148.846940205740000000 
6969.564936483540000000 
6778.583888343050000000 
6577.088205028710000000 
6366.409862734880000000 
6148.015666295010000000 
5923.492415251500000000 
5694.530135189200000000 
5462.903565245170000000 
5230.452120402820000000 
4999.058572122890000000 
4770.626712679430000000 
4547.058286921870000000 
4330.229489787710000000 
4121.967338510570000000 
3924.026234926390000000 
3738.065035454220000000 
3565.624944156450000000 
3408.108537763340000000 
3266.760220736610000000 
3142.648393463930000000 
3036.649597693440000000 
2949.434880564520000000 
2881.458592346590000000 
2832.949803590370000000 
2803.906495195230000000 
2794.092640311360000000 
2803.038260467910000000 
2830.042500315950000000 
2874.179726388300000000 
2934.308615809950000000 
3009.084161455870000000 
3096.972481160830000000 
3196.268280747300000000 
3305.114784351510000000 
3421.525911273310000000 
3543.410446811320000000 
3668.597925698360000000 
3794.865921217290000000 
3919.968411208890000000 
4041.664874291560000000 
4157.749755959880000000 
4266.081935027440000000 
4364.613816285560000000 
4451.419675364560000000 
4524.722886651820000000 
4582.921674724860000000 
4624.613044023750000000 
4648.614560282970000000 
4653.983680377500000000 
4640.034354464780000000 
4606.350655324690000000 
4552.797224262880000000 
4479.526360452490000000 
4386.981620706740000000 
4275.897838923150000000 
4147.297518310550000000 
4002.483594467700000000 
3843.028612871900000000 
3670.760409788590000000 
3487.744430452640000000 
3296.262862023310000000 
3098.790800707780000000 
2897.969712029750000000 
2696.578479954850000000 
2497.502373970590000000 
2303.700292786560000000 
2118.170668643600000000 
1943.916436922110000000 
1783.909491495730000000 
1641.055056824230000000 
1518.156412918830000000 
1417.880408913930000000 
1342.724194980900000000 
1294.983590736040000000 
1276.723491212970000000 
1289.750689053880000000 
1335.589464057980000000 
1415.460258920730000000 
1530.261723279610000000 
1680.556367495700000000 
1866.560023449170000000 
2088.135262567850000000 
2344.788871949250000000 
2635.673438421000000000 
2959.593038391090000000 
3315.012979065400000000 
3700.073484766960000000 
4112.607171392530000000 
4550.160103192090000000 
5010.016179741490000000 
5489.224557855150000000 
5984.629773870790000000 
6492.904196800810000000 
7010.582412795470000000 
7534.097116645710000000 
8059.816067040170000000 
8584.079649273430000000 
9103.238582287030000000 
9613.691306428980000000 
10111.920594165000000000 
10594.528938096700000000 
11058.272288874900000000 
11500.091739691700000000 
11917.142783642700000000 
12306.821804960800000000 
12666.789504416500000000 
12994.991002489800000000 
13289.672410606100000000 
13549.393710078500000000 
13773.037829697300000000 
13959.815865354300000000 
14109.268437912000000000 
14221.263237915300000000 
14295.988856917200000000 
14333.945054368600000000 
14335.929655477900000000 
14303.022318480700000000 
14236.565448740700000000 
14138.142571447700000000 
14009.554503911900000000 
13852.793692139400000000 
13670.017094223100000000 
13463.518004858200000000 
13235.697220890500000000 
12989.033947216400000000 
12726.056835664700000000 
12449.315536907900000000 
12161.353127266600000000 
11864.679748873300000000 
11561.747773536000000000 
11254.928768334600000000 
10946.492505121200000000 
10638.588217345200000000 
10333.228266716700000000 
10032.274339888100000000 
9737.426252346320000000 
9450.213393821430000000 
9171.988807477810000000 
8903.925854678350000000 
8647.017378873710000000 
8402.077246784830000000 
8169.744113073040000000 
7950.487226604240000000 
7744.614072605840000000 
7552.279625789380000000 
7373.496975073500000000 
7208.149070994910000000 
7056.001342245390000000 
6916.714927925210000000 
6789.860276868460000000 
6674.930874497240000000 
6571.356870739330000000 
6478.518399168620000000 
6395.758397207480000000 
6322.394759424870000000 
6257.731680097910000000 
6201.070066680240000000 
6151.716932033480000000 
6108.993699630770000000 
6072.243381856650000000 
6040.836616462510000000 
6014.176569694390000000 
5991.702736149600000000 
5972.893684666380000000 
5957.268816206740000000 
5944.389213534370000000 
5933.857673377860000000 
0.000000000000000000 
0.000000000000000000 
0.000000000000000000 
0.000000000000000000 
0.000000000000000000 
0.000000000000000000 
0.000000000000000000 
0.000000000000000000 
0.000000000000000000 
0.000000000000000000 
0.000000000000000000 
0.000000000000000000 
0.000000000000000000 
0.000000000000000000 
0.000000000000000000 
0.000000000000000000 
0.000000000000000000 
0.000000000000000000 
0.000000000000000000 
0.000000000000000000 
0.000000000000000000 
0.000000000000000000 
0.000000000000000000 
0.000000000000000000 
0.000000000000000000 
0.000000000000000000 
0.000000000000000000 
0.000000000000000000 
0.000000000000000000 
0.000000000000000000 
0.000000000000000000 
0.000000000000000000 
0.000000000000000000 
0.000000000000000000 
0.000000000000000000 
0.000000000000000000 
0.000000000000000000 
0.000000000000000000 
0.000000000000000000 
0.000000000000000000 
0.000000000000000000 
0.000000000000000000 
0.000000000000000000 
0.000000000000000000 
0.000000000000000000 
0.000000000000000000 
0.000000000000000000 
0.000000000000000000 
0.000000000000000000 
0.000000000000000000 
0.000000000000000000 
0.000000000000000000 
0.000000000000000000 
0.000000000000000000 
0.000000000000000000 
0.000000000000000000 
0.000000000000000000 
0.000000000000000000 
0.000000000000000000 
0.000000000000000000 
0.000000000000000000 
0.000000000000000000 
0.000000000000000000 
0.000000000000000000 
0.000000000000000000 
0.000000000000000000 
0.000000000000000000 
0.000000000000000000 
0.000000000000000000 
0.000000000000000000 
0.000000000000000000 
0.000000000000000000 
0.000000000000000000 
0.000000000000000000 
0.000000000000000000 
0.000000000000000000 
0.000000000000000000 
0.000000000000000000 
0.000000000000000000 
0.000000000000000000 
0.000000000000000000 
0.000000000000000000 
0.000000000000000000 
0.000000000000000000 
0.000000000000000000 
0.000000000000000000 
0.000000000000000000 
0.000000000000000000 
0.000000000000000000 
0.000000000000000000 
0.000000000000000000 
0.000000000000000000 
0.000000000000000000 
0.000000000000000000 
0.000000000000000000 
0.000000000000000000 
0.000000000000000000 
0.000000000000000000 
0.000000000000000000 
0.000000000000000000 
0.000000000000000000 
0.000000000000000000 
0.000000000000000000 
0.000000000000000000 
0.000000000000000000 
0.000000000000000000 
0.000000000000000000 
0.000000000000000000 
0.000000000000000000 
0.000000000000000000 
0.000000000000000000 
0.000000000000000000 
0.000000000000000000 
0.000000000000000000 
0.000000000000000000 
0.000000000000000000 
0.000000000000000000 
0.000000000000000000 
0.000000000000000000 
0.000000000000000000 
0.000000000000000000 
0.000000000000000000 
0.000000000000000000 
0.000000000000000000 
0.000000000000000000 
0.000000000000000000 
0.000000000000000000 