                    Count                    Target                     Error                Dwell Time           Expected Figure             Sputter Yield              Error in RMS           Target Elements             Unit Elements            Total Elements 
                      255  1.306474685279648043e+02  1.745559273600804318e+00  1.200000000000000000e+02  1.289019092543639999e+02  0.000000000000000000e+00  9.097218734437815257e-01  4.320000000000000000e+02  2.550000000000000000e+02  9.420000000000000000e+02 
                      256  1.302116681548477573e+02 -1.681063754094282103e+00  1.200000000000000000e+02  1.318927319089420394e+02  7.159384406640000292e-07 
                      257  1.306919074377663321e+02 -4.162358790473547288e+00  1.200000000000000000e+02  1.348542662282398794e+02  1.438002269460999916e-06 
                      258  1.325458424653037639e+02 -5.229404544098912311e+00  1.200000000000000000e+02  1.377752470094026762e+02  2.160614632874000190e-06 
                      259  1.357076473910357208e+02 -4.939556188237759216e+00  1.200000000000000000e+02  1.406472035792734800e+02  2.866659717414999876e-06 
                      260  1.398106039009449262e+02 -3.657356360107996807e+00  1.200000000000000000e+02  1.434679602610529230e+02  3.531218935200000082e-06 
                      261  1.444024793025958786e+02 -1.832144527901789388e+00  1.200000000000000000e+02  1.462346238304976680e+02  4.118186948173000020e-06 
                      262  1.490730335161150606e+02  1.341962299322290164e-01  1.200000000000000000e+02  1.489388372861828316e+02  4.582983536991999661e-06 
                      263  1.535040597393278858e+02  1.939968042357207878e+00  1.200000000000000000e+02  1.515640916969706780e+02  4.894920198980999814e-06 
                      264  1.574679468367388324e+02  3.383683520471947759e+00  1.200000000000000000e+02  1.540842633162668847e+02  5.061339020714999803e-06 
                      265  1.608161780251132313e+02  4.352128355026735562e+00  1.200000000000000000e+02  1.564640496700864958e+02  5.128267739317000028e-06 
                      266  1.634728380838899682e+02  4.810821632613766496e+00  1.200000000000000000e+02  1.586620164512762017e+02  5.162152313423999723e-06 
                      267  1.654271976853168553e+02  4.790952463499337455e+00  1.200000000000000000e+02  1.606362452218175179e+02  5.224878299425999864e-06 
                      268  1.667288353982709737e+02  4.374202127345256486e+00  1.200000000000000000e+02  1.623546332709257172e+02  5.353253277846999785e-06 
                      269  1.674793317359992102e+02  3.676337757281714858e+00  1.200000000000000000e+02  1.638029939787174953e+02  5.558422180901000380e-06 
                      270  1.678044462409517337e+02  2.820579080760865054e+00  1.200000000000000000e+02  1.649838671601908686e+02  5.835946250620999829e-06 
                      271  1.678211683751194983e+02  1.905265701946461832e+00  1.200000000000000000e+02  1.659159026731730364e+02  6.167925168988000072e-06 
                      272  1.676263377368078125e+02  9.967896770923800887e-01  1.200000000000000000e+02  1.666295480597154324e+02  6.525233287833999603e-06 
                      273  1.673019511517494493e+02  1.414214425095678962e-01  1.200000000000000000e+02  1.671605297092398814e+02  6.871603367374000225e-06 
                      274  1.669223734744037415e+02 -6.074309643869355568e-01  1.200000000000000000e+02  1.675298044387906771e+02  7.164337458664999948e-06 
                      275  1.665532078856788871e+02 -1.224323392986264025e+00  1.200000000000000000e+02  1.677775312786651511e+02  7.370584363502999847e-06 
                      276  1.662383041443461593e+02 -1.704473693510067278e+00  1.200000000000000000e+02  1.679427778378562266e+02  7.490925841856000238e-06 
                      277  1.659970228382957202e+02 -2.061315541190936074e+00  1.200000000000000000e+02  1.680583383794866563e+02  7.548814575746000210e-06 
                      278  1.658411586718483477e+02 -2.309155170885787811e+00  1.200000000000000000e+02  1.681503138427341355e+02  7.551348211726000085e-06 
                      279  1.657882352260252219e+02 -2.450609151193731350e+00  1.200000000000000000e+02  1.682388443772189532e+02  7.469388610777999746e-06 
                      280  1.658629450405557577e+02 -2.477405897140499746e+00  1.200000000000000000e+02  1.683403509376962575e+02  7.259712625741000180e-06 
                      281  1.660970133396107258e+02 -2.374055481955934965e+00  1.200000000000000000e+02  1.684710688215666607e+02  6.909816250631000343e-06 
                      282  1.665250133647342921e+02 -2.125901311474393651e+00  5.769031549226946481e+03  1.686509146762086857e+02  6.460776836007999675e-06 
                      283  1.671716920367855721e+02 -1.734853577742995867e+00  9.471014752626258996e+03  1.689065456145285680e+02  5.986900798748999840e-06 
                      284  1.680446377222929470e+02 -1.231022995688448418e+00  1.075404662297362302e+04  1.692756607179813955e+02  5.563599999902999881e-06 
                      285  1.691416148222836853e+02 -6.616093795541075906e-01  9.642447133773544920e+03  1.698032242018377929e+02  5.245798433991999628e-06 
                      286  1.704571847867480869e+02 -7.876518104424690137e-02  6.397934922319367615e+03  1.705359499677923338e+02  5.053985741475000053e-06 
                      287  1.719797182822337618e+02  4.638310584911380374e-01  1.499943723320311619e+03  1.715158872237426237e+02  4.981741869277000350e-06 
                      288  1.736892304862233800e+02  9.153644544812493677e-01  1.200000000000000000e+02  1.727738660317421306e+02  5.021903844755000393e-06 
                      289  1.755591399153269663e+02  1.234426429641956702e+00  1.200000000000000000e+02  1.743247134856850096e+02  5.171638156494000296e-06 
                      290  1.775605067258468637e+02  1.395398359506401675e+00  1.200000000000000000e+02  1.761651083663404620e+02  5.408402381413999871e-06 
                      291  1.796709055481369433e+02  1.396513213475174098e+00  1.200000000000000000e+02  1.782743923346617692e+02  5.686761726663999917e-06 
                      292  1.818810081073973492e+02  1.262860072338895634e+00  1.200000000000000000e+02  1.806181480350584536e+02  5.978477052313999980e-06 
                      293  1.841882822041573036e+02  1.034819686672562966e+00  1.200000000000000000e+02  1.831534625174847406e+02  6.307594681439999784e-06 
                      294  1.865840722544235462e+02  7.495625337859053161e-01  1.200000000000000000e+02  1.858345097206376408e+02  6.734332872021000349e-06 
                      295  1.890512453661882546e+02  4.339395591213985881e-01  1.200000000000000000e+02  1.886173058070668560e+02  7.306293800286000032e-06 
                      296  1.915727192114837862e+02  1.347184709595126151e-01  1.200000000000000000e+02  1.914380007405242736e+02  8.038179992752000742e-06 
                      297  1.941377089934652247e+02 -1.286802195450889030e-01  8.426779713792695475e+03  1.942663892130103136e+02  8.938885663104000675e-06 
                      298  1.967421734659421588e+02 -3.421531260442236544e-01  1.623920128662560455e+04  1.970843265919863825e+02  1.004034907742000073e-05 
                      299  1.993869758997250301e+02 -4.954145345650999843e-01  2.229256820196788613e+04  1.998823904342901301e+02  1.139357983631100061e-05 
                      300  2.020725711228864441e+02 -5.843958879384558713e-01  2.582256530702214877e+04  2.026569670108248999e+02  1.304256250528799979e-05 
                      301  2.047909292288920540e+02 -6.160275533089816236e-01  2.637610152743913204e+04  2.054069567822010356e+02  1.500602481233200027e-05 
                      302  2.075245311798277044e+02 -6.061119948948316960e-01  2.382116620076546315e+04  2.081306431747225361e+02  1.727826569619000081e-05 
                      303  2.102547934266599157e+02 -5.683470046398895192e-01  1.831465332580614267e+04  2.108231404312998052e+02  1.983572839809499938e-05 
                      304  2.129673336156584185e+02 -5.082183826631876400e-01  1.024635323292832436e+04  2.134755519983216061e+02  2.265079737878899897e-05 
                      305  2.156505763107711573e+02 -4.261770407484846146e-01  1.463496692446994700e+02  2.160767533515196419e+02  2.571705267169200110e-05 
                      306  2.182962135571899580e+02 -3.209021835421594915e-01  1.200000000000000000e+02  2.186171157407321175e+02  2.905933902308699914e-05 
                      307  2.208995109853300391e+02 -1.923715400371293072e-01  1.200000000000000000e+02  2.210918825253671685e+02  3.270611408858700188e-05 
                      308  2.234542793862461281e+02 -4.783898662822139158e-02  1.200000000000000000e+02  2.235021183728743495e+02  3.664452889293400267e-05 
                      309  2.259515779579701302e+02  9.829068557422715458e-02  1.200000000000000000e+02  2.258532872723959031e+02  4.080052242899100031e-05 
                      310  2.283873909234071391e+02  2.343833915117272682e-01  1.200000000000000000e+02  2.281530075318954118e+02  4.505993156472599709e-05 
                      311  2.307661602343439995e+02  3.570674312520338844e-01  1.200000000000000000e+02  2.304090928030919656e+02  4.930960885749900312e-05 
                      312  2.330926213679480270e+02  4.644894954456617597e-01  1.200000000000000000e+02  2.326281318725023652e+02  5.347055378918300327e-05 
                      313  2.353647770886978492e+02  5.502717257402878204e-01  1.200000000000000000e+02  2.348145053629575614e+02  5.751343452669600007e-05 
                      314  2.375771287926089599e+02  6.066388141839809123e-01  1.200000000000000000e+02  2.369704899784249790e+02  6.146027744213800048e-05 
                      315  2.397248507714912762e+02  6.289936466882295463e-01  1.200000000000000000e+02  2.390958571248030466e+02  6.536919489142099847e-05 
                      316  2.418026046898857828e+02  6.160456225463235569e-01  1.200000000000000000e+02  2.411865590673394593e+02  6.931009180837200648e-05 
                      317  2.438033993464398748e+02  5.687288257070974851e-01  1.200000000000000000e+02  2.432346705207327773e+02  7.335882891448400670e-05 
                      318  2.457199859872959848e+02  4.911451191241837932e-01  1.200000000000000000e+02  2.452288408681718010e+02  7.760497910976800495e-05 
                      319  2.475472565022300273e+02  3.916356320760030485e-01  1.200000000000000000e+02  2.471556208701540243e+02  8.214197805577499903e-05 
                      320  2.492842078789465177e+02  2.826611522132225218e-01  1.200000000000000000e+02  2.490015467267332951e+02  8.704479561860900192e-05 
                      321  2.509327642794388851e+02  1.774775036882658696e-01  1.200000000000000000e+02  2.507552867757506192e+02  9.236168736397799730e-05 
                      322  2.524937535581121040e+02  8.452014228575421839e-02  1.200000000000000000e+02  2.524092334158263498e+02  9.812664828881999463e-05 
                      323  2.539655962075319167e+02  5.035534081656578564e-03  1.200000000000000000e+02  2.539605606734502601e+02  1.043875176728440059e-04 
                      324  2.553473942029038426e+02 -6.565008440816200164e-02  1.200000000000000000e+02  2.554130442873120046e+02  1.112344835946019981e-04 
                      325  2.566415804913249872e+02 -1.333308958866723515e-01  1.200000000000000000e+02  2.567749113872116595e+02  1.188042502714059989e-04 
                      326  2.578539487886146162e+02 -2.027590358023303452e-01  1.200000000000000000e+02  2.580567078244169466e+02  1.272559237008669890e-04 
                      327  2.589922284872624232e+02 -2.765578991106849571e-01  1.200000000000000000e+02  2.592687863863731081e+02  1.367405441873339978e-04 
                      328  2.600646123265125311e+02 -3.549194561011859150e-01  1.200000000000000000e+02  2.604195317826137170e+02  1.473834538242700014e-04 
                      329  2.610792393100255708e+02 -4.356182846135538966e-01  1.200000000000000000e+02  2.615148575946391247e+02  1.592782675581690089e-04 
                      330  2.620449356563614174e+02 -5.137229019297251398e-01  1.200000000000000000e+02  2.625586585582911425e+02  1.724789053008760097e-04 
                      331  2.629737274072651871e+02 -5.798410731753733671e-01  1.200000000000000000e+02  2.635535684804405605e+02  1.869838618554619928e-04 
                      332  2.638811787740954742e+02 -6.209443966907315371e-01  1.200000000000000000e+02  2.645021231707862057e+02  2.027174412180349986e-04 
                      333  2.647820073718962703e+02 -6.268548093313484060e-01  1.200000000000000000e+02  2.654088621812276187e+02  2.195231560667050021e-04 
                      334  2.656877221320299327e+02 -5.951579718193897861e-01  1.200000000000000000e+02  2.662828801038493225e+02  2.371885419279119896e-04 
                      335  2.666092420929402351e+02 -5.300966790551342456e-01  1.200000000000000000e+02  2.671393387719953694e+02  2.554878645334190176e-04 
                      336  2.675593235187008077e+02 -4.394005371623848077e-01  1.754291916447358290e+03  2.679987240558631925e+02  2.742034567407440116e-04 
                      337  2.685504720980032971e+02 -3.332099282271769880e-01  1.249569338721163149e+04  2.688836820262304741e+02  2.931234705390450162e-04 
                      338  2.695883988096589405e+02 -2.259900958809453186e-01  1.993395196920390663e+04  2.698143889055398859e+02  3.120472409555409771e-04 
                      339  2.706673713799596044e+02 -1.366721451162220546e-01  2.424301847457469194e+04  2.708040435250758264e+02  3.308051530110639850e-04 
                      340  2.717731522405330793e+02 -8.284221640610667237e-02  2.568780473816396625e+04  2.718559944569391860e+02  3.492815461103240143e-04 
                      341  2.728900784920503497e+02 -7.326524890328300899e-02  2.455716631763629994e+04  2.729633437409536327e+02  3.674294821736559915e-04 
                      342  2.740064733725888004e+02 -1.044307914546607208e-01  2.114584106706330931e+04  2.741109041640434612e+02  3.852536582433309961e-04 
                      343  2.751173381459031475e+02 -1.614005821934938467e-01  1.577650439508519958e+04  2.752787387280966414e+02  4.027570548800799791e-04 
                      344  2.762250391345485241e+02 -2.214581773787358543e-01  8.829881552963986906e+03  2.764464973119272599e+02  4.198911626797080109e-04 
                      345  2.773384847356288105e+02 -2.595019274129413134e-01  7.647872550226870771e+02  2.775979866630417519e+02  4.365488876334349972e-04 
                      346  2.784704444275951118e+02 -2.548322328532321990e-01  1.200000000000000000e+02  2.787252766604483440e+02  4.525919075778919807e-04 
                      347  2.796334690765232267e+02 -1.977516558104639444e-01  1.200000000000000000e+02  2.798312207323336906e+02  4.678759980503770189e-04 
                      348  2.808380823595365428e+02 -9.116855532869294620e-02  1.200000000000000000e+02  2.809292509148652357e+02  4.822657571667710182e-04 
                      349  2.820936139901009483e+02  5.341320236351521089e-02  1.200000000000000000e+02  2.820402007877374331e+02  4.956532862542779643e-04 
                      350  2.834074065350575324e+02  2.201294451758144533e-01  1.200000000000000000e+02  2.831872770898817180e+02  5.079796193990200126e-04 
                      351  2.847814301888299156e+02  3.905948392372238231e-01  1.200000000000000000e+02  2.843908353495926917e+02  5.192527570476640269e-04 
                      352  2.862091242607491495e+02  5.450954476568199425e-01  1.200000000000000000e+02  2.856640288130923295e+02  5.295539170495729879e-04 
                      353  2.876757498728327960e+02  6.656806140012463402e-01  1.200000000000000000e+02  2.870100692588315496e+02  5.390071686799419604e-04 
                      354  2.891630571871309030e+02  7.410840669726326269e-01  1.200000000000000000e+02  2.884219731201582704e+02  5.477173415685829619e-04 
                      355  2.906540054049458490e+02  7.690143400747615487e-01  1.200000000000000000e+02  2.898849910648710875e+02  5.557349773235890304e-04 
                      356  2.921340476541948874e+02  7.532892412945670912e-01  1.200000000000000000e+02  2.913807584129003203e+02  5.630816685713689465e-04 
                      357  2.935914541712568848e+02  6.996700814676728442e-01  1.200000000000000000e+02  2.928917840897892120e+02  5.697990842180270400e-04 
                      358  2.950189200681775219e+02  6.137937716293322410e-01  1.200000000000000000e+02  2.944051262965481897e+02  5.759694035388819577e-04 
                      359  2.964146514739863960e+02  5.046928441630029738e-01  3.195464723811102431e+03  2.959099586298233930e+02  5.816893904640779885e-04 
                      360  2.977820796062637783e+02  4.504999032704404271e-01  6.352762023145452986e+03  2.973315797029933378e+02  5.870274149748689772e-04 
                      361  2.991288276499614085e+02  4.132649003652204556e-01  8.084697829187549360e+03  2.987155627495961880e+02  5.920025310455999650e-04 
                      362  3.004644293854253192e+02  3.606802061123630665e-01  8.677594217501851745e+03  3.001037491793129561e+02  5.965893154255340163e-04 
                      363  3.017980446189361032e+02  2.676783491752416921e-01  8.523695824674283358e+03  3.015303662697608615e+02  6.007398206889290153e-04 
                      364  3.031381396915638220e+02  1.185260275311179612e-01  8.011392731698899297e+03  3.030196136640327040e+02  6.044179590806290393e-04 
                      365  3.044923702793483358e+02 -9.360674026299875550e-02  7.426713936625450515e+03  3.045859770196113345e+02  6.076309642546540504e-04 
                      366  3.058648305867603199e+02 -2.919477676048245485e-01  6.912111209550356762e+03  3.061567783543651444e+02  6.104382140136600235e-04 
                      367  3.072516663092133058e+02 -4.618957759241766325e-01  6.500569067328857273e+03  3.077135620851374824e+02  6.129374620632810052e-04 
                      368  3.086395968674811456e+02 -6.025651954472550642e-01  6.176465629053714110e+03  3.092421620629284007e+02  6.152533765708549695e-04 
                      369  3.100103952872667605e+02 -7.138500274119223832e-01  5.902941107194540564e+03  3.107242453146786829e+02  6.175274154936059769e-04 
                      370  3.113485677121993831e+02 -7.908330632853335374e-01  5.612950337329421018e+03  3.121394007754847166e+02  6.198794430971860505e-04 
                      371  3.126455667748764427e+02 -8.230824584304059499e-01  5.200695341254272535e+03  3.134686492333068486e+02  6.223549349960610282e-04 
                      372  3.138986318858857203e+02 -8.000995942539361749e-01  4.533896459361863890e+03  3.146987314801396565e+02  6.249112171958250399e-04 
                      373  3.151092093723891026e+02 -7.170420232073411171e-01  3.483230097552878306e+03  3.158262513955964437e+02  6.274530632556050026e-04 
                      374  3.162831422105925867e+02 -5.770292763122029100e-01  1.959355506607169218e+03  3.168601714869047896e+02  6.298691134160019824e-04 
                      375  3.174295318938271748e+02 -3.919899898762082557e-01  1.200000000000000000e+02  3.178215218837033831e+02  6.320450369740380049e-04 
                      376  3.185566502664740938e+02 -1.839344125511388484e-01  1.200000000000000000e+02  3.187405846790252326e+02  6.338824177969060126e-04 
                      377  3.196680000567574780e+02  1.885256608198915274e-02  1.200000000000000000e+02  3.196491474906754888e+02  6.353296045777790226e-04 
                      378  3.207631310887004474e+02  1.884182566807908188e-01  1.200000000000000000e+02  3.205747128320196566e+02  6.363897145513849754e-04 
                      379  3.218426307851319166e+02  3.062918685858448953e-01  1.200000000000000000e+02  3.215363389165460717e+02  6.371012451504310401e-04 
                      380  3.229109948202918758e+02  3.681213350150756014e-01  1.200000000000000000e+02  3.225428734852768002e+02  6.375205012845200055e-04 
                      381  3.239747888551953565e+02  3.809512878453915619e-01  1.200000000000000000e+02  3.235938375673499650e+02  6.377085663968309805e-04 
                      382  3.250400563034918378e+02  3.576875587396557421e-01  1.200000000000000000e+02  3.246823687447521820e+02  6.377108098005499588e-04 
                      383  3.261113230802016574e+02  3.125623930941969775e-01  1.200000000000000000e+02  3.257987606871074604e+02  6.375428869295810506e-04 
                      384  3.271920955472223227e+02  2.589580820284709262e-01  1.200000000000000000e+02  3.269331374651938518e+02  6.372047262683300283e-04 
                      385  3.282861295340298398e+02  2.092776932385618238e-01  1.746465578420248676e+03  3.280768518407912779e+02  6.367110250088609587e-04 
                      386  3.293966001444953804e+02  1.734646179920105169e-01  1.313888072214914428e+04  3.292231355265033699e+02  6.360980922315949545e-04 
                      387  3.305238607949713696e+02  1.563778606376899916e-01  2.317371041514266108e+04  3.303674829343336796e+02  6.353977029334089647e-04 
                      388  3.316662459634263200e+02  1.583360796049078090e-01  2.996705656226919382e+04  3.315079098838214122e+02  6.346127355052670442e-04 
                      389  3.328231834169383774e+02  1.780385780362507830e-01  3.257875145258508928e+04  3.326451448389021266e+02  6.337181644151090431e-04 
                      390  3.339954860405590011e+02  2.129133494540269567e-01  3.089308653785693969e+04  3.337825726911049742e+02  6.326858258900070094e-04 
                      391  3.351816751851615663e+02  2.562494746915149335e-01  2.540131625896472178e+04  3.349254257104700514e+02  6.315096629883699747e-04 
                      392  3.363747848605364084e+02  2.958590987909701653e-01  1.698295600129530430e+04  3.360789257617454382e+02  6.301974866657050062e-04 
                      393  3.375633031534434849e+02  3.173302661895149868e-01  6.711709230692550591e+03  3.372459728872539699e+02  6.287416446761240514e-04 
                      394  3.387356349726092049e+02  3.099338809856817534e-01  1.200000000000000000e+02  3.384257010916235231e+02  6.271100215556980407e-04 
                      395  3.398851107292374536e+02  2.713549899385157005e-01  1.200000000000000000e+02  3.396137557392989379e+02  6.252595940303700035e-04 
                      396  3.410124784450613333e+02  2.084718063234163310e-01  1.200000000000000000e+02  3.408040066387379170e+02  6.231516262989010438e-04 
                      397  3.421248989831084941e+02  1.340730078222236443e-01  1.200000000000000000e+02  3.419908259752862705e+02  6.207599235243819926e-04 
                      398  3.432318718024273494e+02  6.094538220628464842e-02  1.200000000000000000e+02  3.431709264202210647e+02  6.180770162428490507e-04 
                      399  3.443403847461118517e+02 -3.442007612875386258e-03  1.200000000000000000e+02  3.443438267537247270e+02  6.151194119547489765e-04 
                      400  3.454538252620602066e+02 -5.699163926652772716e-02  1.200000000000000000e+02  3.455108169013267343e+02  6.119127492718980446e-04 
                      401  3.465739692889509342e+02 -9.930561022355277601e-02  1.200000000000000000e+02  3.466732748991744870e+02  6.084557816277080203e-04 
                      402  3.477008160107712911e+02 -1.305552863853449708e-01  1.200000000000000000e+02  3.478313712971566360e+02  6.047053331623980380e-04 
                      403  3.488313652092629695e+02 -1.524516155875517143e-01  1.200000000000000000e+02  3.489838168248505212e+02  6.006058368476230314e-04 
                      404  3.499609884613596478e+02 -1.675783118637355074e-01  1.200000000000000000e+02  3.501285667732233833e+02  5.961306833687700455e-04 
                      405  3.510855083219241806e+02 -1.780639078271519793e-01  1.200000000000000000e+02  3.512635722297513325e+02  5.912935923558270464e-04 
                      406  3.522021094036630302e+02 -1.846608103769540321e-01  1.200000000000000000e+02  3.523867702140399842e+02  5.861238773775589777e-04 
                      407  3.533095497542785779e+02 -1.859784495204053201e-01  1.200000000000000000e+02  3.534955282037989832e+02  5.806300409689620036e-04 
                      408  3.544077513385028055e+02 -1.787623628338792514e-01  1.200000000000000000e+02  3.545865137013366848e+02  5.747808949404220038e-04 
                      409  3.554971557937947182e+02 -1.595404441305277032e-01  1.200000000000000000e+02  3.556566962379252459e+02  5.685113437307909605e-04 
                      410  3.565778140964983436e+02 -9.149219518320705902e-02  4.286299115816797894e+03  3.566693062916815506e+02  5.617350475048810523e-04 
                      411  3.576489749141619541e+02  7.114123666440264060e-03  8.900067818207182427e+03  3.576418607904955138e+02  5.543529813885040257e-04 
                      412  3.587106004831554174e+02  1.134148187420578324e-01  1.192056946077913017e+04  3.585971856644133595e+02  5.462620096678829718e-04 
                      413  3.597648176429963769e+02  2.054251834052251979e-01  1.326895818141415293e+04  3.595593924595911517e+02  5.373594497006479792e-04 
                      414  3.608145966000975022e+02  2.635761105863139164e-01  1.305327049159441231e+04  3.605510204895111883e+02  5.275322362861909614e-04 
                      415  3.618605109573752543e+02  2.705540614447272674e-01  1.154979408935753418e+04  3.615899568959305270e+02  5.166456821766439878e-04 
                      416  3.628979882667223933e+02  2.401435908954567822e-01  9.163424001649804268e+03  3.626578446758269365e+02  5.045735342862079633e-04 
                      417  3.639170659568443966e+02  1.701484217247752895e-01  6.370522214330489987e+03  3.637469175351196213e+02  4.912653602919509572e-04 
                      418  3.649060420912876452e+02  5.332619509482583453e-02  3.653659078581478298e+03  3.648527158961928194e+02  4.767886071049620223e-04 
                      419  3.658580561934662683e+02 -1.068576880433056431e-01  1.433120661476927580e+03  3.659649138815095739e+02  4.613059548879669988e-04 
                      420  3.667750796304330834e+02 -2.939122237145284089e-01  1.200000000000000000e+02  3.670689918541476118e+02  4.450099177905470198e-04 
                      421  3.676649637014187419e+02 -4.836225882958729017e-01  1.200000000000000000e+02  3.681485862897146148e+02  4.280660943582109733e-04 
                      422  3.685358905909355940e+02 -6.521979201271506099e-01  1.200000000000000000e+02  3.691880885110627446e+02  4.105985451659849750e-04 
                      423  3.693938485498288173e+02 -7.813581098969279992e-01  1.350568577434037934e+03  3.701752066597257453e+02  3.927111032047130197e-04 
                      424  3.702417572682801392e+02 -8.613035305049834278e-01  3.379953357490163398e+03  3.711030607987851226e+02  3.745052228749709946e-04 
                      425  3.710778856309553930e+02 -8.406892900126194945e-01  5.857073311573229148e+03  3.719185749209680125e+02  3.560694039839289735e-04 
                      426  3.718955456443516709e+02 -7.387552033551401109e-01  8.525003301421224023e+03  3.726343008477068111e+02  3.374705575678050022e-04 
                      427  3.726861094458720913e+02 -5.876242357173282471e-01  1.112786902194524373e+04  3.732737336815894196e+02  3.187699825269710210e-04 
                      428  3.734435642208694617e+02 -4.213532993243802593e-01  1.343324476091929318e+04  3.738649175201938419e+02  3.000356786113279753e-04 
                      429  3.741671961990531941e+02 -2.683318608932268035e-01  1.525626272905732731e+04  3.744355280599464209e+02  2.813384971666130089e-04 
                      430  3.748611203266252687e+02 -1.473313283572679211e-01  1.647470432736937073e+04  3.750084516549825366e+02  2.627606388465929883e-04 
                      431  3.755321080399842231e+02 -6.691475553691361711e-02  1.702360585163733413e+04  3.755990227955211367e+02  2.444295142198289902e-04 
                      432  3.761869739276586415e+02 -2.768070859838189790e-02  1.688025573373341103e+04  3.762146546362570234e+02  2.265437276172239890e-04 
                      433  3.768306123865231712e+02 -2.609378977416554335e-02  1.605557478003835968e+04  3.768567061762973367e+02  2.093545650364780030e-04 
                      434  3.774660469986632165e+02  1.549136937961748117e-02  1.459119639414165795e+04  3.774505556292835990e+02  1.931156424692369875e-04 
                      435  3.780944859397866367e+02  1.006337278503224297e-01  1.256032199255995874e+04  3.779938522119363142e+02  1.780325335552069936e-04 
                      436  3.787135462643618098e+02  2.245339043874423623e-01  1.007595298082797490e+04  3.784890123599743674e+02  1.642234635453200108e-04 
                      437  3.793164069236111118e+02  3.726048745153889286e-01  7.295356503697418702e+03  3.789438020490957229e+02  1.517049349434359943e-04 
                      438  3.798941453773292096e+02  5.231364355102527952e-01  4.404619998655047311e+03  3.793710089418189568e+02  1.404096492338919927e-04 
                      439  3.804397901268131932e+02  6.530674947477450587e-01  1.591976469324036088e+03  3.797867226320654481e+02  1.302155355882020024e-04 
                      440  3.809506598748663464e+02  7.432519217874187234e-01  1.200000000000000000e+02  3.802074079530789277e+02  1.209739396900489945e-04 
                      441  3.814265318547047059e+02  7.801076734907042010e-01  1.200000000000000000e+02  3.806464241812140017e+02  1.125463628664850045e-04 
                      442  3.818661181636101105e+02  7.553448891349034966e-01  1.200000000000000000e+02  3.811107732744752070e+02  1.048380965780600039e-04 
                      443  3.822676393225767129e+02  6.687201398523825446e-01  1.200000000000000000e+02  3.815989191827243303e+02  9.779769235380099857e-05 
                      444  3.826336433948382592e+02  5.330062697104267500e-01  1.200000000000000000e+02  3.821006371251278324e+02  9.138658378470800243e-05 
                      445  3.829732862258302362e+02  3.738747324840119290e-01  1.200000000000000000e+02  3.825994114933462242e+02  8.555457653840000298e-05 
                      446  3.832987652578741518e+02  2.211828227989940387e-01  1.200000000000000000e+02  3.830775824350751577e+02  8.023435743414199489e-05 
                      447  3.836201428899361190e+02  1.005452356257592328e-01  1.200000000000000000e+02  3.835195976543103598e+02  7.535032333491499654e-05 
                      448  3.839430554250145633e+02  2.763297927265284670e-02  1.200000000000000000e+02  3.839154224457419105e+02  7.083442850125400375e-05 
                      449  3.842685850999122295e+02  6.404404562204035756e-03  1.200000000000000000e+02  3.842621806953500254e+02  6.663016704921299459e-05 
                      450  3.845925812129403312e+02  2.837348913135429029e-02  2.014149542317139549e+03  3.845642077238089769e+02  6.268189976972799501e-05 
                      451  3.849057056091748450e+02  7.307506102284833105e-02  3.815962743546695037e+03  3.848326305481519967e+02  5.892159839773999691e-05 
                      452  3.851968690606989867e+02  1.145855137361877496e-01  5.432301644368093548e+03  3.850822835469627989e+02  5.525961550089799826e-05 
                      453  3.854583245906420075e+02  1.292909821173680029e-01  6.827725187550197006e+03  3.853290336085246395e+02  5.159721139804499825e-05 
                      454  3.856893631471656931e+02  1.019904640214690517e-01  8.005267561011900398e+03  3.855873726831442241e+02  4.785986089263099700e-05 
                      455  3.858968216312768504e+02  2.829674200290810404e-02  8.993454369348595719e+03  3.858685248892739423e+02  4.402004448770400260e-05 
                      456  3.860916112583810218e+02 -8.713347614087751936e-02  9.830193543839643098e+03  3.861787447345218993e+02  4.009674173905399756e-05 
                      457  3.862833314068316213e+02 -2.343299712532598278e-01  1.054601540078077596e+04  3.865176613780848811e+02  3.613838683995600172e-05 
                      458  3.864761970226361427e+02 -4.011884222932167177e-01  1.114984308601030716e+04  3.868773854449293594e+02  3.220231195248599970e-05 
                      459  3.866692770701151289e+02 -5.740660816917966258e-01  1.161953636592037947e+04  3.872433431518069256e+02  2.834333522480400033e-05 
                      460  3.868616767367880698e+02 -7.353110410389831486e-01  1.190332074879326501e+04  3.875969877778270529e+02  2.460462775782399839e-05 
                      461  3.870567550897030173e+02 -8.628650069544505641e-01  1.193803552613087413e+04  3.879196200966574679e+02  2.100800567607800169e-05 
                      462  3.872600958423192310e+02 -9.362127841083633939e-01  1.167564461543339712e+04  3.881963086264275944e+02  1.756205028230600063e-05 
                      463  3.874749025774863753e+02 -9.441203332001464332e-01  1.110318201995653544e+04  3.884190229106865218e+02  1.428971159664599972e-05 
                      464  3.877003620220380640e+02 -8.774156184893513455e-01  1.025005124273214096e+04  3.885777776405274153e+02  1.125043634446499950e-05 
                      465  3.879331788884808248e+02 -6.904946939371257031e-01  9.186093559595603438e+03  3.886236735824179505e+02  8.534610931195999551e-06 
                      466  3.881697147781856643e+02 -4.259235009384383375e-01  8.017245277141513725e+03  3.885956382791241026e+02  6.232312201848999894e-06 
                      467  3.884070571876528106e+02 -1.236320866723872314e-01  6.878183007991691738e+03  3.885306892743251979e+02  4.400298672548000124e-06 
                      468  3.886425429744385838e+02  1.813279466578023857e-01  5.914702176170935672e+03  3.884612150277807814e+02  3.045515453238000105e-06 
                      469  3.888726026295229303e+02  4.587722748400437922e-01  5.255924859995187035e+03  3.884138303546828865e+02  2.130418605628999900e-06 
                      470  3.890930832599141240e+02  6.840203115702934156e-01  4.985654519908561269e+03  3.884090629483438306e+02  1.591867824097000010e-06 
                      471  3.893008792694999443e+02  8.394851374347354067e-01  5.122544100254675868e+03  3.884613941320652089e+02  1.350305742801999896e-06 
                      472  3.894942542851440521e+02  9.147512954249350514e-01  5.615563574660749509e+03  3.885795029897191171e+02  1.311160140467000049e-06 
                      473  3.896707687006871197e+02  9.042514664246823486e-01  6.356717131449287081e+03  3.887665172342624373e+02  1.380207892641999913e-06 
                      474  3.898254484646637366e+02  8.561360318212223319e-01  7.208599903316452583e+03  3.889693124328425142e+02  1.480316787903000068e-06 
                      475  3.899524632483255573e+02  7.729665515208807847e-01  8.040109265021847023e+03  3.891794966968046765e+02  1.556988210173999930e-06 
                      476  3.900485515353529991e+02  6.580015150550480030e-01  8.757261856035416713e+03  3.893905500202979511e+02  1.588354453335999930e-06 
                      477  3.901146701067502818e+02  5.205680361389113386e-01  9.317762459260757169e+03  3.895941020706113704e+02  1.590380248995999974e-06 
                      478  3.901552583916769663e+02  3.736443434964940025e-01  9.728437095414503347e+03  3.897816140481804723e+02  1.603380280319999953e-06 
                      479  3.901764107449187122e+02  2.301993802612969375e-01  1.003047447733178342e+04  3.899462113646574153e+02  1.679184824911999906e-06 
                      480  3.901851061174500046e+02  1.011926587898415164e-01  1.027760398498145878e+04  3.900839134586601631e+02  1.871405618469999987e-06 
                      481  3.901894909567639047e+02 -4.560612049431256310e-03  1.051111696848763313e+04  3.901940515688133360e+02  2.210902086163000083e-06 
                      482  3.901978322358691571e+02 -8.126297975621810110e-02  1.073546676367243890e+04  3.902790952156253752e+02  2.685191121719000121e-06 
                      483  3.902162284434041339e+02 -1.279510489838457943e-01  1.090262302243879094e+04  3.903441794923879797e+02  3.248985588601999830e-06 
                      484  3.902475281844660344e+02 -1.488444877937240562e-01  1.091409644955247313e+04  3.903963726722597585e+02  3.844885653986000317e-06 
                      485  3.902919334877792608e+02 -1.515883043833241572e-01  1.064008388915595424e+04  3.904435217921625849e+02  4.412342146561999881e-06 
                      486  3.903479118642336516e+02 -1.454857045146127348e-01  9.947365223115941262e+03  3.904933975687482643e+02  4.896805629331999909e-06 
                      487  3.904126345799533055e+02 -1.204373874359134788e-01  8.711553304577435483e+03  3.905330719673892190e+02  5.262305592828999994e-06 
                      488  3.904819369591283476e+02 -8.456389627082216975e-02  6.840455182018728920e+03  3.905665008553991697e+02  5.498276927147999732e-06 
                      489  3.905499497785233416e+02 -5.264319407382345162e-02  4.368299653167679026e+03  3.906025929725971650e+02  5.621357765669000258e-06 
                      490  3.906085710657162622e+02 -3.450023709120841886e-02  1.450306429531867252e+03  3.906430713028074706e+02  5.673326889720000013e-06 
                      491  3.906480583272855256e+02 -3.490682098487241092e-02  1.200000000000000000e+02  3.906829651482703980e+02  5.702697601785999701e-06 
                      492  3.906600760562404844e+02 -5.267018157212532969e-02  1.200000000000000000e+02  3.907127462378126097e+02  5.730011379248000310e-06 
                      493  3.906409294157008389e+02 -8.069972537867897699e-02  1.200000000000000000e+02  3.907216291410795179e+02  5.737307064002000168e-06 
                      494  3.905910933328136707e+02 -1.098365029699834849e-01  1.200000000000000000e+02  3.907009298357836542e+02  5.704479047581999821e-06 
                      495  3.905121329199260458e+02 -1.341032916496942562e-01  1.200000000000000000e+02  3.906462362115757401e+02  5.646801993092000282e-06 
                      496  3.904060173492240438e+02 -1.517117453396963356e-01  1.200000000000000000e+02  3.905577290945637401e+02  5.609260025757000082e-06 
                      497  3.902766767548347389e+02 -1.622691128653173109e-01  1.200000000000000000e+02  3.904389458677000562e+02  5.636930984728999681e-06 
                      498  3.901298490715331582e+02 -1.651163888005839908e-01  1.200000000000000000e+02  3.902949654603337422e+02  5.758141095127999885e-06 
                      499  3.899717013823767502e+02 -1.592107459630369704e-01  1.200000000000000000e+02  3.901309121283397872e+02  5.981591706944000244e-06 
                      500  3.898070468051674879e+02 -1.441905459565759884e-01  1.200000000000000000e+02  3.899512373511240639e+02  6.296271812275000252e-06 
                      501  3.896364965619482632e+02 -1.254563460447570833e-01  6.782654466004551068e+02  3.897619529079930203e+02  6.675234405820000132e-06 
                      502  3.894559701147734359e+02 -1.116162483343146050e-01  3.544417943613090756e+03  3.895675863631077505e+02  7.078621440125999680e-06 
                      503  3.892601103586070508e+02 -1.101018576316050712e-01  6.113930306530563030e+03  3.893702122162386559e+02  7.457213140008000397e-06 
                      504  3.890449542700391135e+02 -1.125050046036903950e-01  8.246639334112207507e+03  3.891574592746428038e+02  7.762954693655000325e-06 
                      505  3.888075478638994582e+02 -1.215459941169001468e-01  9.880778124364473115e+03  3.889290938580163584e+02  7.950319304112000274e-06 
                      506  3.885454009266895810e+02 -1.389057137897680150e-01  1.103003300237823350e+04  3.886843066404793490e+02  7.969397265377999482e-06 
                      507  3.882574768262666680e+02 -1.644230418401662064e-01  1.176315426662082609e+04  3.884218998681068342e+02  7.780776410035999624e-06 
                      508  3.879442302923855550e+02 -1.967043998039343933e-01  1.217474746359882010e+04  3.881409346921894894e+02  7.391112012752000304e-06 
                      509  3.876054459198691120e+02 -2.359353813957909551e-01  1.235962159155619338e+04  3.878413813012649030e+02  6.873925206136000151e-06 
                      510  3.872397325800987460e+02 -2.843803176063488536e-01  1.239581517449776766e+04  3.875241128977050948e+02  0.000000000000000000e+00 
                      511  3.868473680397246426e+02 -3.429073870458978490e-01  1.233647975647521707e+04  3.871902754267705404e+02  0.000000000000000000e+00 
                      512  3.864317562247593401e+02 -4.089178495758574172e-01  1.220908581966832753e+04  3.868406740743351975e+02  0.000000000000000000e+00 
                      513  3.859971813274341912e+02 -4.681631369819569954e-01  1.201900992841376319e+04  3.864653444644161482e+02  0.000000000000000000e+00 
                      514  3.855473360285320155e+02 -4.558826352064215826e-01  1.175750249714223901e+04  3.860032186637384370e+02  0.000000000000000000e+00 
                      515  3.850861775317640081e+02 -3.816156012507008199e-01  1.141270885332570469e+04  3.854677931330147089e+02  0.000000000000000000e+00 
                      516  3.846170175749977034e+02 -2.648043091758722767e-01  1.097664912012071363e+04  3.848818218841735757e+02  0.000000000000000000e+00 
                      517  3.841407199725169335e+02 -1.292654891005895479e-01  1.044452758065862326e+04  3.842699854616175230e+02  0.000000000000000000e+00 
                      518  3.836557442943951628e+02  2.308139868205216771e-03  9.812159546865013908e+03  3.836534361545269576e+02  0.000000000000000000e+00 
                      519  3.831568078790904792e+02  1.100603230858041570e-01  9.078352383722321974e+03  3.830467475560046751e+02  0.000000000000000000e+00 
                      520  3.826330274457112637e+02  1.760249884354152528e-01  8.251225845016702806e+03  3.824570024572758484e+02  0.000000000000000000e+00 
                      521  3.820715849634208894e+02  1.869491112634591445e-01  7.352538558485186513e+03  3.818846358521574302e+02  0.000000000000000000e+00 
                      522  3.814648534624590184e+02  1.673435352673777743e-01  6.416434578435367257e+03  3.812975099271916406e+02  0.000000000000000000e+00 
                      523  3.808135185698395730e+02  1.619255531591079489e-01  5.483763518108113203e+03  3.806515930166804651e+02  0.000000000000000000e+00 
                      524  3.801250896954021528e+02  1.725248612860355024e-01  4.596060419340136832e+03  3.799525648341161173e+02  0.000000000000000000e+00 
                      525  3.794115269104377148e+02  2.020431889904443779e-01  3.791961558282824626e+03  3.792094837214472705e+02  0.000000000000000000e+00 
                      526  3.786858823268393621e+02  2.519585600530831471e-01  3.106828611935908157e+03  3.784339237667862790e+02  0.000000000000000000e+00 
                      527  3.779572961028691225e+02  3.196613619169852427e-01  2.574172228953784270e+03  3.776376347409521372e+02  0.000000000000000000e+00 
                      528  3.772271147332961618e+02  3.960370504308912132e-01  2.223223381542442894e+03  3.768310776828652706e+02  0.000000000000000000e+00 
                      529  3.764889563173014722e+02  4.660851584407623704e-01  2.071168824633105942e+03  3.760228711588607098e+02  0.000000000000000000e+00 
                      530  3.757324673233444514e+02  5.137578886773326303e-01  2.117496328630451899e+03  3.752187094346671188e+02  0.000000000000000000e+00 
                      531  3.749475957853911723e+02  5.266469237081992105e-01  2.344541468723532944e+03  3.744209488616829731e+02  0.000000000000000000e+00 
                      532  3.741273571621044880e+02  4.986628425863841585e-01  2.720581450821412091e+03  3.736286943195181038e+02  0.000000000000000000e+00 
                      533  3.732693234091785257e+02  4.309211633547533893e-01  3.203377706750864036e+03  3.728384022458237723e+02  0.000000000000000000e+00 
                      534  3.723758961302763737e+02  3.311815933215598307e-01  3.744228639386436498e+03  3.720447145369548139e+02  0.000000000000000000e+00 
                      535  3.714535492454943437e+02  2.123001908458945763e-01  4.292449784439399082e+03  3.712412490546484491e+02  0.000000000000000000e+00 
                      536  3.705098890932320046e+02  8.839202107088794946e-02  4.800680540221893352e+03  3.704214970721611166e+02  0.000000000000000000e+00 
                      537  3.695494158071257402e+02 -3.067655083629006185e-02  5.216750576773644752e+03  3.695800923579620303e+02  0.000000000000000000e+00 
                      538  3.685733374865636733e+02 -1.144320656010791026e-01  5.495845010173548872e+03  3.686877695521647524e+02  0.000000000000000000e+00 
                      539  3.675829320435461796e+02 -1.610588040969673784e-01  5.633504379001571579e+03  3.677439908476431469e+02  0.000000000000000000e+00 
                      540  3.665807727048132847e+02 -1.828951939268677052e-01  5.662719342533204326e+03  3.667636678987401524e+02  0.000000000000000000e+00 
                      541  3.655694077310821513e+02 -1.929639916795053978e-01  5.644335368978006045e+03  3.657623717227616567e+02  0.000000000000000000e+00 
                      542  3.645503930426589818e+02 -2.034441171747403132e-01  5.654943589637221521e+03  3.647538371598337221e+02  0.000000000000000000e+00 
                      543  3.635256501231502853e+02 -2.224297315972307842e-01  5.775348352718313436e+03  3.637480798547475160e+02  0.000000000000000000e+00 
                      544  3.624989903613591764e+02 -2.513004319545757426e-01  6.070791720217812326e+03  3.627502907933137521e+02  0.000000000000000000e+00 
                      545  3.614733406755479450e+02 -2.871578611116660795e-01  6.578315489564752170e+03  3.617604985366596111e+02  0.000000000000000000e+00 
                      546  3.604470178334616435e+02 -3.269898853810104811e-01  7.312400404969725969e+03  3.607740077188426540e+02  0.000000000000000000e+00 
                      547  3.594141192789207935e+02 -3.685122101704791930e-01  8.255638244299314465e+03  3.597826314890912727e+02  0.000000000000000000e+00 
                      548  3.583669208515669311e+02 -4.088366165024694965e-01  9.348168957488162050e+03  3.587757574680694006e+02  0.000000000000000000e+00 
                      549  3.572992990200100394e+02 -4.419472569721847321e-01  1.048789239973549229e+04  3.577412462769822241e+02  0.000000000000000000e+00 
                      550  3.562105475562834727e+02 -4.663161540179885378e-01  1.154310106521018861e+04  3.566768637103014612e+02  0.000000000000000000e+00 
                      551  3.551054315436720117e+02 -4.682385256045904498e-01  1.236873160335365719e+04  3.555736700692766021e+02  0.000000000000000000e+00 
                      552  3.539902215789466027e+02 -4.370917059715679898e-01  1.281617817430047762e+04  3.544273132849181707e+02  0.000000000000000000e+00 
                      553  3.528683283377035309e+02 -3.688757008165453044e-01  1.275720987695587246e+04  3.532372040385200762e+02  0.000000000000000000e+00 
                      554  3.517379392166841399e+02 -2.677794612923207751e-01  1.213500593035768361e+04  3.520057186779764606e+02  0.000000000000000000e+00 
                      555  3.505932558196681725e+02 -1.475687980541806610e-01  1.098614896866259915e+04  3.507408246177223532e+02  0.000000000000000000e+00 
                      556  3.494293632745726654e+02 -2.138223206083011974e-02  9.453272892399687407e+03  3.494507455066334956e+02  0.000000000000000000e+00 
                      557  3.482461664307708133e+02  1.030520773741727680e-01  7.789001788268421478e+03  3.481431143533966406e+02  0.000000000000000000e+00 
                      558  3.470478584835927904e+02  2.235189178856558101e-01  6.348621194014733192e+03  3.468243395657071346e+02  0.000000000000000000e+00 
                      559  3.458408020740821485e+02  3.415353519693553608e-01  5.560228796199743556e+03  3.454992667221127931e+02  0.000000000000000000e+00 
                      560  3.446314574862302607e+02  4.585819844456295868e-01  5.858699029591899489e+03  3.441728755017846311e+02  0.000000000000000000e+00 
                      561  3.434237857949387376e+02  5.708698570595629462e-01  6.522122620292145257e+03  3.428529159378791746e+02  0.000000000000000000e+00 
                      562  3.422184780345588706e+02  6.719236402674368946e-01  7.422797846928240688e+03  3.415465543942914337e+02  0.000000000000000000e+00 
                      563  3.410146524129654608e+02  7.544510519952609684e-01  8.343179234359347902e+03  3.402602013609701999e+02  0.000000000000000000e+00 
                      564  3.398106894735992682e+02  8.112842855476287696e-01  9.028083186080002633e+03  3.389994051880516395e+02  0.000000000000000000e+00 
                      565  3.386033881842520259e+02  8.348589178009433454e-01  9.234764380335167516e+03  3.377685292664510825e+02  0.000000000000000000e+00 
                      566  3.373891143184362136e+02  8.189356540335666068e-01  8.792913539018441952e+03  3.365701786644026470e+02  0.000000000000000000e+00 
                      567  3.361664915016912119e+02  7.619002340990732591e-01  7.663561859912235377e+03  3.354045912675921386e+02  0.000000000000000000e+00 
                      568  3.349359671567525538e+02  6.735666519932124174e-01  5.962216609494138538e+03  3.342624005047593414e+02  0.000000000000000000e+00 
                      569  3.336975136433770217e+02  5.652173188303777351e-01  3.930533468569657543e+03  3.331322963245466440e+02  0.000000000000000000e+00 
                      570  3.324503869675779697e+02  4.390388554026571910e-01  1.876510362713224367e+03  3.320113481121753125e+02  0.000000000000000000e+00 
                      571  3.311935601292511819e+02  2.983528917641251610e-01  1.200000000000000000e+02  3.308952072374870568e+02  0.000000000000000000e+00 
                      572  3.299255979390485436e+02  1.470677134936408947e-01  1.200000000000000000e+02  3.297785302255549027e+02  0.000000000000000000e+00 
                      573  3.286461815189420577e+02 -9.226610514758704085e-03  1.200000000000000000e+02  3.286554081294568164e+02  0.000000000000000000e+00 
                      574  3.273581354139183190e+02 -1.617412293685447366e-01  1.200000000000000000e+02  3.275198766432868638e+02  0.000000000000000000e+00 
                      575  3.260662231381388665e+02 -3.003720140601444655e-01  1.200000000000000000e+02  3.263665951521990110e+02  0.000000000000000000e+00 
                      576  3.247733153534642270e+02 -4.181561264188076166e-01  2.123376988509907903e+02  3.251914714798830346e+02  0.000000000000000000e+00 
                      577  3.234781815058221923e+02 -5.136385956523668028e-01  1.619014960264601086e+03  3.239918201014745591e+02  0.000000000000000000e+00 
                      578  3.221765031061614764e+02 -5.773490352424346383e-01  3.073880767581232249e+03  3.227538521414039110e+02  0.000000000000000000e+00 
                      579  3.208632818985113317e+02 -6.140406375422458041e-01  4.423808419711113856e+03  3.214773225360535776e+02  0.000000000000000000e+00 
                      580  3.195353257102499356e+02 -6.266313769603470973e-01  5.582833566645545943e+03  3.201619570872102827e+02  0.000000000000000000e+00 
                      581  3.181921582034352127e+02 -6.152412411418595184e-01  6.493199481722842393e+03  3.188073994445770722e+02  0.000000000000000000e+00 
                      582  3.168338335264367061e+02 -5.799946567160532140e-01  7.074816856545051451e+03  3.174138281831527593e+02  0.000000000000000000e+00 
                      583  3.154578360396125163e+02 -5.247672771479869880e-01  7.226716014085679490e+03  3.159826033167605033e+02  0.000000000000000000e+00 
                      584  3.140596317441923020e+02 -4.569629439143909622e-01  6.885246083039834957e+03  3.145165946881066930e+02  0.000000000000000000e+00 
                      585  3.126379549805062084e+02 -3.822326651700791444e-01  6.087207900140734637e+03  3.130201876456762875e+02  0.000000000000000000e+00 
                      586  3.111988064283364679e+02 -3.004617764975137106e-01  4.980982797651167857e+03  3.114992682048339816e+02  0.000000000000000000e+00 
                      587  3.097530885441217379e+02 -2.082824411592127944e-01  3.779373091295899485e+03  3.099613709852809507e+02  0.000000000000000000e+00 
                      588  3.083114051592147007e+02 -1.042594354586867667e-01  2.695683485549857323e+03  3.084156645946733875e+02  0.000000000000000000e+00 
                      589  3.068796201323193600e+02  7.348864491063977766e-03  1.893932485285922667e+03  3.068722712678282960e+02  0.000000000000000000e+00 
                      590  3.054554571291175762e+02  1.146355134972054657e-01  1.466847751318596238e+03  3.053408216156203707e+02  0.000000000000000000e+00 
                      591  3.040290952135868565e+02  2.004645445393862246e-01  1.446552740203830126e+03  3.038286306690474703e+02  0.000000000000000000e+00 
                      592  3.025878603416070973e+02  2.487802446062801209e-01  1.808819448871932082e+03  3.023390800970008172e+02  0.000000000000000000e+00 
                      593  3.011207563795285296e+02  2.501044135821643977e-01  2.484966178972435046e+03  3.008706519659463652e+02  0.000000000000000000e+00 
                      594  2.996213998440844080e+02  2.047021690743235922e-01  3.377498445049021484e+03  2.994166976750100844e+02  0.000000000000000000e+00 
                      595  2.980881953187451927e+02  1.223074554970366989e-01  4.380035745223256527e+03  2.979658878632481560e+02  0.000000000000000000e+00 
                      596  2.965210101922916692e+02  1.750480608870930155e-02  5.426382328800037612e+03  2.965035053862029599e+02  0.000000000000000000e+00 
                      597  2.949189757751190655e+02 -9.474616308801842024e-02  6.502787752230690785e+03  2.950137219382070839e+02  0.000000000000000000e+00 
                      598  2.932824996636352353e+02 -1.999800018936070956e-01  7.601662284124168764e+03  2.934824796655288424e+02  0.000000000000000000e+00 
                      599  2.916154436488016586e+02 -2.846584683648529790e-01  8.672103361288498490e+03  2.919001021171665116e+02  0.000000000000000000e+00 
                      600  2.899243276179892632e+02 -3.384595636573521915e-01  9.629358383470060289e+03  2.902627871816466154e+02  0.000000000000000000e+00 
                      601  2.882165248795424191e+02 -3.561081862901573913e-01  1.040879110495518944e+04  2.885726330658325764e+02  0.000000000000000000e+00 
                      602  2.864989689868018559e+02 -3.374475671552659151e-01  1.097946161060185659e+04  2.868364165539571218e+02  0.000000000000000000e+00 
                      603  2.847769477858792015e+02 -2.867576561092164411e-01  1.132176399959405171e+04  2.850637054419884180e+02  0.000000000000000000e+00 
                      604  2.830522645127364854e+02 -2.135586779268123792e-01  1.140320981173010114e+04  2.832658231906632977e+02  0.000000000000000000e+00 
                      605  2.813213487295732307e+02 -1.328604515556435217e-01  1.116372968618793493e+04  2.814542091811288742e+02  0.000000000000000000e+00 
                      606  2.795769846580021749e+02 -5.999316394348852555e-02  1.052994770511859133e+04  2.796369778219456634e+02  0.000000000000000000e+00 
                      607  2.778138726257461713e+02 -3.605145623055250326e-03  9.446831813517525006e+03  2.778174777713692265e+02  0.000000000000000000e+00 
                      608  2.760319412648441357e+02  3.843228019616162783e-02  7.914956395179513493e+03  2.759935089846479741e+02  0.000000000000000000e+00 
                      609  2.742338636578907085e+02  7.624639403422861506e-02  6.011009767591999662e+03  2.741576172638564799e+02  0.000000000000000000e+00 
                      610  2.724189483522779938e+02  1.202548938737777462e-01  3.860507991267071247e+03  2.722986934584042160e+02  0.000000000000000000e+00 
                      611  2.705793129957316978e+02  1.740377439073768073e-01  1.569611990915775323e+03  2.704052752518243210e+02  0.000000000000000000e+00 
                      612  2.687030427493650677e+02  2.338176426406448627e-01  1.200000000000000000e+02  2.684692251067244229e+02  0.000000000000000000e+00 
                      613  2.667808105270146370e+02  2.941805415346152586e-01  1.200000000000000000e+02  2.664866299854800218e+02  0.000000000000000000e+00 
                      614  2.648092908962719321e+02  3.502227019839665445e-01  1.200000000000000000e+02  2.644590681942879655e+02  0.000000000000000000e+00 
                      615  2.627902721123224978e+02  3.966644088847601779e-01  1.200000000000000000e+02  2.623936077034377377e+02  0.000000000000000000e+00 
                      616  2.607283342406441307e+02  4.268859958716006986e-01  1.200000000000000000e+02  2.603014482447725300e+02  0.000000000000000000e+00 
                      617  2.586287510461057764e+02  4.335577565529433741e-01  1.200000000000000000e+02  2.581951932895528330e+02  0.000000000000000000e+00 
                      618  2.564952160028768162e+02  4.091424453907848147e-01  1.200000000000000000e+02  2.560860735574860314e+02  0.000000000000000000e+00 
                      619  2.543290383222656601e+02  3.586153640173677104e-01  1.200000000000000000e+02  2.539704229582482924e+02  0.000000000000000000e+00 
                      620  2.521321523836639074e+02  2.881857874503452877e-01  1.200000000000000000e+02  2.518439665962135621e+02  0.000000000000000000e+00 
                      621  2.499101880379840566e+02  2.023817755552954623e-01  1.200000000000000000e+02  2.497078062624287611e+02  0.000000000000000000e+00 
                      622  2.476709247611995295e+02  1.112445449820711474e-01  1.200000000000000000e+02  2.475596802162174583e+02  0.000000000000000000e+00 
                      623  2.454206603211609661e+02  2.526191450095893742e-02  1.200000000000000000e+02  2.453953984066600071e+02  0.000000000000000000e+00 
                      624  2.431627570661248683e+02 -4.866192569679128610e-02  1.200000000000000000e+02  2.432114189918216596e+02  0.000000000000000000e+00 
                      625  2.408986299076087221e+02 -1.075067047707705115e-01  1.200000000000000000e+02  2.410061366123794926e+02  0.000000000000000000e+00 
                      626  2.386295270730320510e+02 -1.509027861752940680e-01  2.670130761469513345e+02  2.387804298592073451e+02  0.000000000000000000e+00 
                      627  2.363573721571239901e+02 -1.800814291778749521e-01  3.970610828679777114e+03  2.365374535863018650e+02  0.000000000000000000e+00 
                      628  2.340833082286689262e+02 -1.984038143382349517e-01  6.710939972831444720e+03  2.342817120430071611e+02  0.000000000000000000e+00 
                      629  2.318047349558192423e+02 -2.096952284711903758e-01  8.363129048912394865e+03  2.320144301842904326e+02  0.000000000000000000e+00 
                      630  2.295144614417820321e+02 -2.109195201859392910e-01  8.985685002806878401e+03  2.297253809619679714e+02  0.000000000000000000e+00 
                      631  2.272041778287742204e+02 -2.164022631448858647e-01  8.785828953303693197e+03  2.274205800919191063e+02  0.000000000000000000e+00 
                      632  2.248692087912145325e+02 -2.354412053301757624e-01  8.073480358827796408e+03  2.251046499965447083e+02  0.000000000000000000e+00 
                      633  2.225100908023381407e+02 -2.698147457605273303e-01  7.211121643299990865e+03  2.227799055480986681e+02  0.000000000000000000e+00 
                      634  2.201305394387197509e+02 -3.153528372251059864e-01  6.547912361776070611e+03  2.204458922759448569e+02  0.000000000000000000e+00 
                      635  2.177345437783534123e+02 -3.649773320534279719e-01  6.342511932760781747e+03  2.180995211104068403e+02  0.000000000000000000e+00 
                      636  2.153247198122936084e+02 -4.110358701735492559e-01  6.702915181118788496e+03  2.157357556824671576e+02  0.000000000000000000e+00 
                      637  2.129029870251044372e+02 -4.456207455193634814e-01  7.575086705996568526e+03  2.133486077706238007e+02  0.000000000000000000e+00 
                      638  2.104727779891302930e+02 -4.593314899053666522e-01  8.784036296167440014e+03  2.109321094790356597e+02  0.000000000000000000e+00 
                      639  2.080390986824717459e+02 -4.420418882683634365e-01  1.008938669316901178e+04  2.084811405707401093e+02  0.000000000000000000e+00 
                      640  2.056054674069873158e+02 -3.867880986475711325e-01  1.121462368513202273e+04  2.059922555056348870e+02  0.000000000000000000e+00 
                      641  2.031711454332767062e+02 -2.933573475759203575e-01  1.186649780820844353e+04  2.034645027808526265e+02  0.000000000000000000e+00 
                      642  2.007309293487110438e+02 -1.689581460306612826e-01  1.180431902071010518e+04  2.008998874947417050e+02  0.000000000000000000e+00 
                      643  1.982780543386983823e+02 -2.516622392872136516e-02  1.093968008591559010e+04  1.983032205626271036e+02  0.000000000000000000e+00 
                      644  1.958085871930491635e+02  1.270981276030624940e-01  9.380397407173048123e+03  1.956814890654461010e+02  0.000000000000000000e+00 
                      645  1.933233900267229615e+02  2.803469609508795202e-01  7.411376182726056868e+03  1.930430430657720819e+02  0.000000000000000000e+00 
                      646  1.908265990282408779e+02  4.298162452708993442e-01  5.398590572249050638e+03  1.903967827829699786e+02  0.000000000000000000e+00 
                      647  1.883223565023121751e+02  5.708983109003327172e-01  3.657211426594683871e+03  1.877514581914118423e+02  0.000000000000000000e+00 
                      648  1.858116549284252983e+02  6.964415913290338267e-01  2.358555396790597115e+03  1.851152133370962645e+02  0.000000000000000000e+00 
                      649  1.832927770888182692e+02  7.973359931755226171e-01  1.507144782400369877e+03  1.824954410956427466e+02  0.000000000000000000e+00 
                      650  1.807657565081595976e+02  8.668813163626225560e-01  9.585426181261726697e+02  1.798988751917969751e+02  0.000000000000000000e+00 
                      651  1.782347770430906451e+02  9.030768902005945620e-01  4.648032612775913321e+02  1.773317001528900505e+02  0.000000000000000000e+00 
                      652  1.757058098182096728e+02  9.064458243833257711e-01  7.207999095868959785e+02  1.747993639938263470e+02  0.000000000000000000e+00 
                      653  1.731835547419591990e+02  8.775681733136480034e-01  6.213266952490135964e+02  1.723059865686455510e+02  0.000000000000000000e+00 
                      654  1.706703449939412280e+02  8.151829899848621608e-01  1.435961777779407669e+02  1.698551620039563659e+02  0.000000000000000000e+00 
                      655  1.681666930620038443e+02  7.179954335576326230e-01  1.200000000000000000e+02  1.674486976284462116e+02  0.000000000000000000e+00 
                      656  1.656727064277365855e+02  5.862610112214099445e-01  1.200000000000000000e+02  1.650864454165151756e+02  0.000000000000000000e+00 
                      657  1.631894054063171779e+02  4.225280929183554690e-01  1.200000000000000000e+02  1.627668773133988225e+02  0.000000000000000000e+00 
                      658  1.607194178458141778e+02  2.317887494338890519e-01  1.200000000000000000e+02  1.604876290963802887e+02  0.000000000000000000e+00 
                      659  1.582669691355212649e+02  2.158311110147792533e-02  1.200000000000000000e+02  1.582453860244197870e+02  0.000000000000000000e+00 
                      660  1.558374981244643322e+02 -1.975271108395872943e-01  1.200000000000000000e+02  1.560350252353039195e+02  0.000000000000000000e+00 
                      661  1.534376079368463479e+02 -4.111220310706187320e-01  1.200000000000000000e+02  1.538487299679169666e+02  0.000000000000000000e+00 
                      662  1.510748647560743336e+02 -6.011383852584231136e-01  1.200000000000000000e+02  1.516760031413327567e+02  0.000000000000000000e+00 
                      663  1.487559334448488926e+02 -7.489812383824130393e-01  1.200000000000000000e+02  1.495049146832313056e+02  0.000000000000000000e+00 
                      664  1.464836072990836442e+02 -8.404588865062692093e-01  1.200000000000000000e+02  1.473240661855899134e+02  0.000000000000000000e+00 
                      665  1.442565635461377838e+02 -8.678917235126561991e-01  1.200000000000000000e+02  1.451244552696504400e+02  0.000000000000000000e+00 
                      666  1.420728823685336408e+02 -8.275585496385815532e-01  1.200000000000000000e+02  1.429004409181722224e+02  0.000000000000000000e+00 
                      667  1.399308854834133342e+02 -7.186490727779926146e-01  1.200000000000000000e+02  1.406495345561913268e+02  0.000000000000000000e+00 
                      668  1.378238853330602467e+02 -5.475991843326539765e-01  1.200000000000000000e+02  1.383714845173929007e+02  0.000000000000000000e+00 
                      669  1.357352096508333261e+02 -3.317521738896118677e-01  1.200000000000000000e+02  1.360669618247229380e+02  0.000000000000000000e+00 
                      670  1.336390773675983610e+02 -9.702420930324251458e-02  1.200000000000000000e+02  1.337361015769016035e+02  0.000000000000000000e+00 
                      671  1.315056794259522235e+02  1.283912537114986208e-01  1.200000000000000000e+02  1.313772881722407249e+02  0.000000000000000000e+00 
                      672  1.293049284203258082e+02  3.182836582629704480e-01  1.200000000000000000e+02  1.289866447620628378e+02  0.000000000000000000e+00 
                      673  1.270072707695221368e+02  4.480468779708957072e-01  1.200000000000000000e+02  1.265592238915512411e+02  0.000000000000000000e+00 
                      674  1.245864475678199597e+02  4.952861788446796254e-01  1.200000000000000000e+02  1.240911613889752800e+02  0.000000000000000000e+00 
                      675  1.220244215863789634e+02  4.421511388180618951e-01  1.200000000000000000e+02  1.215822704475609015e+02  0.000000000000000000e+00 
                      676  1.193140644213430335e+02  2.756794509482745070e-01  1.200000000000000000e+02  1.190383849703947590e+02  0.000000000000000000e+00 
                      677  1.164632323801932330e+02 -9.568542536513291452e-03  1.200000000000000000e+02  1.164728009227297463e+02  0.000000000000000000e+00 
                      678  1.135051900645789260e+02 -4.013351774612772260e-01  1.200000000000000000e+02  1.139065252420402032e+02  0.000000000000000000e+00 
                      679  1.105100090168886311e+02 -8.573122026311921218e-01  1.200000000000000000e+02  1.113673212195198232e+02  0.000000000000000000e+00 
                      680  1.075905804031558262e+02 -1.297083985576520604e+00  4.914964714998852173e+02  1.088876643887323468e+02  0.000000000000000000e+00 
                      681  1.049037415938055915e+02 -1.597953750847736387e+00  5.614364227426224716e+03  1.065016953446533279e+02  0.000000000000000000e+00 
                      682  1.026422295784710172e+02 -1.601130583541603869e+00  8.845319845946003625e+03  1.042433601620126211e+02  0.000000000000000000e+00 
                      683  1.010036566429253355e+02 -1.138251282726315594e+00  9.856674925340166737e+03  1.021419079256516511e+02  0.000000000000000000e+00 
                      684  1.001276960734258807e+02 -9.087434346645295591e-02  8.400032430789166028e+03  1.002185704168923337e+02  0.000000000000000000e+00 
                      685  1.000000000000000000e+02  1.514858162686323340e+00  4.281824512852074804e+03  9.848514183731367666e+01  0.000000000000000000e+00 
                      686  1.003607433886501212e+02  3.416824359149103429e+00  1.200000000000000000e+02  9.694391902950101780e+01  0.000000000000000000e+00 
