0.000000
0.000000
0.000000
0.000000
0.000000
0.000000
0.000000
0.000000
0.000000
0.000000
0.000000
0.000000
0.000000
0.000000
0.000000
0.000000
0.000000
0.000000
0.000000
0.000000
0.000000
0.000000
0.000000
0.000000
0.000000
0.000000
0.000000
0.000000
0.000000
0.000000
0.000000
0.000000
0.000000
0.000000
0.000000
0.000000
0.000000
0.000000
0.000000
0.000000
0.000000
0.000000
0.000000
0.000000
0.000000
0.000000
0.000000
0.000000
0.000000
0.000000
0.000000
0.000000
0.000000
0.000000
0.000000
0.000000
0.000000
0.000000
0.000000
0.000000
0.000000
0.000000
0.000000
0.000000
0.000000
0.000000
0.000000
0.000000
0.000000
0.000000
0.000000
0.000000
0.000000
0.000000
0.000000
0.000000
0.000000
0.000000
0.000000
0.000000
0.000000
0.000000
0.000000
0.000000
0.000000
0.000000
0.000000
0.000000
0.000000
0.000000
0.000000
0.000000
0.000000
0.000000
0.000000
0.000000
0.000000
0.000000
0.000000
0.000000
0.000000
0.000000
0.000000
0.000000
0.000000
0.000000
0.000000
0.000000
0.000000
0.000000
0.000000
0.000000
0.000000
0.000000
0.000000
0.000000
0.000000
0.000000
0.000000
0.000000
0.000000
0.000000
0.000000
0.000000
0.000000
0.000000
0.000000
0.000000
0.000000
0.000000
0.000000
0.000000
0.000000
0.000000
0.000000
0.000000
0.000000
0.000000
0.000000
0.000000
0.000000
0.000000
0.000000
0.000000
0.000000
0.000000
0.000000
0.000000
0.000000
0.000000
0.000000
0.000000
0.000000
0.000000
0.000000
0.000000
0.000000
0.000000
0.000000
0.000000
0.000000
0.000000
0.000000
0.000000
0.000000
0.000000
0.000000
0.000000
0.000000
0.000000
0.000000
0.000000
0.000000
0.000000
0.000000
0.000000
0.000000
0.000000
0.000000
0.000000
0.000000
0.000000
0.000000
0.000000
0.000000
0.000000
0.000000
0.000000
0.000000
0.000000
0.000000
0.000000
0.000000
0.000000
0.000000
0.000000
0.000000
0.000000
0.000000
0.000000
0.000000
0.000000
0.000000
0.000000
0.000000
0.000000
0.000000
0.000000
0.000000
0.000000
0.000000
0.000000
0.000000
0.000000
0.000000
0.000000
0.000000
0.000000
0.000000
0.000000
0.000000
0.000000
0.000000
0.000000
0.000000
0.000000
0.000000
0.000000
0.000000
0.000000
0.000000
0.000000
0.000000
0.000000
0.000000
0.000000
0.000000
0.000000
0.000000
0.000000
0.000000
0.000000
0.000000
0.000000
0.000000
0.000000
0.000000
0.000000
0.000000
0.000000
0.000000
0.000000
0.000000
0.000000
0.000000
517.601113
515.874553
517.777172
525.122120
537.648606
553.903761
572.095923
590.599795
608.154702
623.858889
637.123962
647.649158
655.391969
660.548817
663.522145
664.810189
664.876439
664.104556
662.819396
661.315579
659.853014
658.605423
657.649511
657.032006
656.822333
657.118320
658.045655
659.741312
662.303334
665.761783
670.107803
675.319848
681.351845
688.124616
695.532851
703.461896
711.822906
720.578924
729.719917
739.211595
748.986078
758.975691
769.137707
779.456113
789.934332
800.574163
811.343795
822.173821
832.990615
843.737198
854.367709
864.849235
875.163018
885.284538
895.178373
904.828614
914.252858
923.469867
932.471727
941.236656
949.745533
957.977210
965.903989
973.497150
980.736458
987.617939
994.149214
1000.333565
1006.164734
1011.639162
1016.766488
1021.569667
1026.079321
1030.327908
1034.347672
1038.173583
1041.853284
1045.448438
1049.017355
1052.605629
1056.256521
1060.020568
1063.947315
1068.059389
1072.334079
1076.714978
1081.140033
1085.562983
1089.964024
1094.352531
1098.763796
1103.248411
1107.856100
1112.628555
1117.602739
1122.807742
1128.251370
1133.907630
1139.718129
1145.610566
1151.517427
1157.381081
1163.155056
1168.810412
1174.340042
1179.757539
1185.093106
1190.384513
1195.668050
1200.977259
1206.342470
1211.779904
1217.274291
1222.773015
1228.203865
1233.505456
1238.643927
1243.608339
1248.404423
1253.055328
1257.597112
1262.062547
1266.465509
1270.804216
1275.080994
1279.313655
1283.528210
1287.748603
1291.992764
1296.274584
1300.608945
1305.008424
1309.474422
1314.000341
1318.583913
1323.228359
1327.927821
1332.654701
1337.363391
1342.007953
1346.561963
1351.028386
1355.435590
1359.821212
1364.212935
1368.624181
1373.061984
1377.526343
1382.005369
1386.480728
1390.935868
1395.359635
1399.747109
1404.097980
1408.413999
1412.695368
1416.939109
1421.145073
1425.321686
1429.480717
1433.624436
1437.734729
1441.772126
1445.690267
1449.461971
1453.095048
1456.620604
1460.071056
1463.470126
1466.829384
1470.141970
1473.381388
1476.513455
1479.514351
1482.381247
1485.130446
1487.788776
1490.383233
1492.933210
1495.450684
1497.940443
1500.393046
1502.781468
1505.070361
1507.232105
1509.256076
1511.141393
1512.882952
1514.473705
1515.923746
1517.269348
1518.558835
1519.832074
1521.111394
1522.401082
1523.684695
1524.925236
1526.078772
1527.114610
1528.029942
1528.851854
1529.623575
1530.383135
1531.147233
1531.912180
1532.674432
1533.447296
1534.252895
1535.103919
1535.997148
1536.919525
1537.856637
1538.796943
1539.729895
1540.641348
1541.514852
1542.338101
1543.104217
1543.803535
1544.416347
1544.919557
1545.300241
1545.562190
1545.722993
1545.806795
1545.841245
1545.858616
1545.891663
1545.964545
1546.088549
1546.264475
1546.486251
1546.742670
1547.017233
1547.286688
1547.518934
1547.675376
1547.722988
1547.647132
1547.449691
1547.136864
1546.716454
1546.204031
1545.622326
1544.995774
1544.343443
1543.667755
1542.952543
1542.176582
1541.324174
1540.383613
1539.345036
1538.204334
1536.963309
1535.621108
1534.172219
1532.617743
1530.971166
1529.249461
1527.467257
1525.640232
1523.781507
1521.894504
1519.973120
1517.996426
1515.921305
1513.696974
1511.293216
1508.712748
1505.985320
1503.158316
1500.283446
1497.396922
1494.504079
1491.579631
1488.582562
1485.473046
1482.223412
1478.824041
1475.284448
1471.630280
1467.891673
1464.086455
1460.219413
1456.295610
1452.325240
1448.318399
1444.281251
1440.221409
1436.153973
1432.090539
1428.024437
1423.932284
1419.783478
1415.553757
1411.240325
1406.862060
1402.443805
1397.999071
1393.520678
1388.985654
1384.374527
1379.686920
1374.939446
1370.157311
1365.366112
1360.581540
1355.806333
1351.036999
1346.267120
1341.484016
1336.673287
1331.829482
1326.954372
1322.047848
1317.106963
1312.127647
1307.104215
1302.035404
1296.932403
1291.814086
1286.691824
1281.560743
1276.403734
1271.200995
1265.939878
1260.618497
1255.237065
1249.785618
1244.246191
1238.613770
1232.912130
1227.184463
1221.472780
1215.800312
1210.158042
1204.507060
1198.797154
1192.984759
1187.044586
1180.970313
1174.761415
1168.414451
1161.931035
1155.326468
1148.626579
1141.860580
1135.055941
1128.233611
1121.400735
1114.543167
1107.632319
1100.647195
1093.587513
1086.463862
1079.273503
1071.985208
1064.551772
1056.936243
1049.125447
1041.126468
1032.957451
1024.639291
1016.186619
1007.604624
998.900968
990.097956
981.226409
972.311278
963.365882
954.395829
945.406063
936.404206
927.394785
918.367499
909.293859
900.140942
890.890227
881.543837
872.116495
862.624003
853.076726
843.482268
833.854230
824.212442
814.570845
804.926512
795.258827
785.540989
775.757417
765.911525
756.019701
746.098355
736.151420
726.172092
716.160503
706.133231
696.113930
686.121222
676.164350
666.245344
656.364630
646.526250
636.740616
627.024468
617.399353
607.891432
598.530680
589.343503
580.340967
571.517831
562.866490
554.380295
546.032750
537.757803
529.453314
521.001186
512.282218
503.179323
493.588469
483.438196
472.700262
461.405792
449.686576
437.820222
426.253986
415.609227
406.649535
400.157812
396.687418
396.181510
397.610708
0.000000
0.000000
0.000000
0.000000
0.000000
0.000000
0.000000
0.000000
0.000000
0.000000
0.000000
0.000000
0.000000
0.000000
0.000000
0.000000
0.000000
0.000000
0.000000
0.000000
0.000000
0.000000
0.000000
0.000000
0.000000
0.000000
0.000000
0.000000
0.000000
0.000000
0.000000
0.000000
0.000000
0.000000
0.000000
0.000000
0.000000
0.000000
0.000000
0.000000
0.000000
0.000000
0.000000
0.000000
0.000000
0.000000
0.000000
0.000000
0.000000
0.000000
0.000000
0.000000
0.000000
0.000000
0.000000
0.000000
0.000000
0.000000
0.000000
0.000000
0.000000
0.000000
0.000000
0.000000
0.000000
0.000000
0.000000
0.000000
0.000000
0.000000
0.000000
0.000000
0.000000
0.000000
0.000000
0.000000
0.000000
0.000000
0.000000
0.000000
0.000000
0.000000
0.000000
0.000000
0.000000
0.000000
0.000000
0.000000
0.000000
0.000000
0.000000
0.000000
0.000000
0.000000
0.000000
0.000000
0.000000
0.000000
0.000000
0.000000
0.000000
0.000000
0.000000
0.000000
0.000000
0.000000
0.000000
0.000000
0.000000
0.000000
0.000000
0.000000
0.000000
0.000000
0.000000
0.000000
0.000000
0.000000
0.000000
0.000000
0.000000
0.000000
0.000000
0.000000
0.000000
0.000000
0.000000
0.000000
0.000000
0.000000
0.000000
0.000000
0.000000
0.000000
0.000000
0.000000
0.000000
0.000000
0.000000
0.000000
0.000000
0.000000
0.000000
0.000000
0.000000
0.000000
0.000000
0.000000
0.000000
0.000000
0.000000
0.000000
0.000000
0.000000
0.000000
0.000000
0.000000
0.000000
0.000000
0.000000
0.000000
0.000000
0.000000
0.000000
0.000000
0.000000
0.000000
0.000000
0.000000
0.000000
0.000000
0.000000
0.000000
0.000000
0.000000
0.000000
0.000000
0.000000
0.000000
0.000000
0.000000
0.000000
0.000000
0.000000
0.000000
0.000000
0.000000
0.000000
0.000000
0.000000
0.000000
0.000000
0.000000
0.000000
0.000000
0.000000
0.000000
0.000000
0.000000
0.000000
0.000000
0.000000
0.000000
0.000000
0.000000
0.000000
0.000000
0.000000
0.000000
0.000000
0.000000
0.000000
0.000000
0.000000
0.000000
0.000000
0.000000
0.000000
0.000000
0.000000
0.000000
0.000000
0.000000
0.000000
0.000000
0.000000
0.000000
0.000000
0.000000
0.000000
0.000000
0.000000
0.000000
0.000000
0.000000
0.000000
0.000000
0.000000
0.000000
0.000000
0.000000
0.000000
0.000000
0.000000
0.000000
0.000000
0.000000
0.000000
0.000000
0.000000
0.000000
0.000000
0.000000
0.000000
0.000000
