Count	Iteration-1	Iteration-100000	Iteration-200000	Iteration-300000	Iteration-400000	Iteration-500000	Iteration-500001
0	0.00E+00	-2.86E-03	-2.86E-03	-2.86E-03	-2.86E-03	-2.86E-03	-2.86E-03
1	0.00E+00	2.55E-02	2.55E-02	2.55E-02	2.55E-02	2.55E-02	2.55E-02
2	0.00E+00	8.47E-02	8.47E-02	8.47E-02	8.47E-02	8.47E-02	8.47E-02
3	0.00E+00	1.74E-01	1.74E-01	1.74E-01	1.74E-01	1.74E-01	1.74E-01
4	0.00E+00	2.94E-01	2.94E-01	2.94E-01	2.94E-01	2.94E-01	2.94E-01
5	0.00E+00	4.46E-01	4.47E-01	4.47E-01	4.47E-01	4.47E-01	4.47E-01
6	0.00E+00	6.35E-01	6.35E-01	6.36E-01	6.36E-01	6.36E-01	6.36E-01
7	0.00E+00	8.66E-01	8.66E-01	8.67E-01	8.67E-01	8.68E-01	8.68E-01
8	0.00E+00	1.15E+00	1.15E+00	1.15E+00	1.15E+00	1.15E+00	1.15E+00
9	0.00E+00	1.49E+00	1.49E+00	1.49E+00	1.49E+00	1.50E+00	1.50E+00
10	0.00E+00	1.90E+00	1.91E+00	1.91E+00	1.91E+00	1.91E+00	1.91E+00
11	0.00E+00	2.40E+00	2.40E+00	2.40E+00	2.41E+00	2.41E+00	2.41E+00
12	0.00E+00	2.98E+00	2.99E+00	2.99E+00	2.99E+00	3.00E+00	3.00E+00
13	0.00E+00	3.67E+00	3.67E+00	3.68E+00	3.68E+00	3.69E+00	3.69E+00
14	0.00E+00	4.46E+00	4.47E+00	4.48E+00	4.49E+00	4.49E+00	4.49E+00
15	0.00E+00	5.39E+00	5.40E+00	5.41E+00	5.42E+00	5.43E+00	5.43E+00
16	0.00E+00	6.45E+00	6.47E+00	6.48E+00	6.49E+00	6.50E+00	6.50E+00
17	0.00E+00	7.67E+00	7.69E+00	7.71E+00	7.72E+00	7.73E+00	7.73E+00
18	0.00E+00	9.06E+00	9.09E+00	9.11E+00	9.12E+00	9.14E+00	9.14E+00
19	0.00E+00	1.06E+01	1.07E+01	1.07E+01	1.07E+01	1.07E+01	1.07E+01
20	0.00E+00	1.24E+01	1.25E+01	1.25E+01	1.25E+01	1.26E+01	1.26E+01
21	0.00E+00	1.45E+01	1.45E+01	1.46E+01	1.46E+01	1.46E+01	1.46E+01
22	0.00E+00	1.67E+01	1.68E+01	1.68E+01	1.69E+01	1.69E+01	1.69E+01
23	0.00E+00	1.93E+01	1.93E+01	1.94E+01	1.94E+01	1.95E+01	1.95E+01
24	0.00E+00	2.21E+01	2.21E+01	2.22E+01	2.22E+01	2.23E+01	2.23E+01
25	0.00E+00	2.51E+01	2.52E+01	2.53E+01	2.54E+01	2.54E+01	2.54E+01
26	0.00E+00	2.86E+01	2.87E+01	2.88E+01	2.88E+01	2.89E+01	2.89E+01
27	0.00E+00	3.23E+01	3.25E+01	3.26E+01	3.26E+01	3.27E+01	3.27E+01
28	0.00E+00	3.65E+01	3.66E+01	3.67E+01	3.68E+01	3.69E+01	3.69E+01
29	0.00E+00	4.10E+01	4.12E+01	4.14E+01	4.15E+01	4.15E+01	4.15E+01
30	0.00E+00	4.61E+01	4.63E+01	4.65E+01	4.66E+01	4.67E+01	4.67E+01
31	0.00E+00	5.16E+01	5.19E+01	5.21E+01	5.22E+01	5.23E+01	5.23E+01
32	0.00E+00	5.78E+01	5.81E+01	5.83E+01	5.85E+01	5.86E+01	5.86E+01
33	0.00E+00	6.46E+01	6.50E+01	6.52E+01	6.54E+01	6.55E+01	6.55E+01
34	0.00E+00	7.22E+01	7.26E+01	7.28E+01	7.30E+01	7.32E+01	7.32E+01
35	0.00E+00	8.05E+01	8.10E+01	8.13E+01	8.15E+01	8.17E+01	8.17E+01
36	0.00E+00	8.98E+01	9.03E+01	9.07E+01	9.09E+01	9.11E+01	9.11E+01
37	0.00E+00	9.99E+01	1.01E+02	1.01E+02	1.01E+02	1.02E+02	1.02E+02
38	0.00E+00	1.11E+02	1.12E+02	1.12E+02	1.13E+02	1.13E+02	1.13E+02
39	0.00E+00	1.23E+02	1.24E+02	1.25E+02	1.25E+02	1.25E+02	1.25E+02
40	0.00E+00	1.36E+02	1.37E+02	1.38E+02	1.38E+02	1.39E+02	1.39E+02
41	0.00E+00	1.51E+02	1.52E+02	1.52E+02	1.53E+02	1.53E+02	1.53E+02
42	0.00E+00	1.66E+02	1.67E+02	1.68E+02	1.69E+02	1.69E+02	1.69E+02
43	0.00E+00	1.83E+02	1.84E+02	1.85E+02	1.85E+02	1.86E+02	1.86E+02
44	0.00E+00	2.00E+02	2.02E+02	2.02E+02	2.03E+02	2.04E+02	2.04E+02
45	0.00E+00	2.19E+02	2.20E+02	2.21E+02	2.22E+02	2.23E+02	2.23E+02
46	0.00E+00	2.39E+02	2.40E+02	2.42E+02	2.42E+02	2.43E+02	2.43E+02
47	0.00E+00	2.59E+02	2.61E+02	2.63E+02	2.64E+02	2.65E+02	2.65E+02
48	0.00E+00	2.81E+02	2.84E+02	2.85E+02	2.86E+02	2.87E+02	2.87E+02
49	0.00E+00	3.04E+02	3.07E+02	3.09E+02	3.10E+02	3.11E+02	3.11E+02
50	0.00E+00	3.28E+02	3.31E+02	3.33E+02	3.34E+02	3.36E+02	3.36E+02
51	0.00E+00	3.54E+02	3.57E+02	3.59E+02	3.60E+02	3.61E+02	3.61E+02
52	0.00E+00	3.80E+02	3.83E+02	3.85E+02	3.87E+02	3.88E+02	3.88E+02
53	0.00E+00	4.07E+02	4.11E+02	4.13E+02	4.15E+02	4.16E+02	4.16E+02
54	0.00E+00	4.35E+02	4.39E+02	4.42E+02	4.44E+02	4.45E+02	4.45E+02
55	0.00E+00	4.64E+02	4.69E+02	4.72E+02	4.74E+02	4.76E+02	4.76E+02
56	0.00E+00	4.94E+02	4.99E+02	5.02E+02	5.05E+02	5.07E+02	5.07E+02
57	0.00E+00	5.25E+02	5.30E+02	5.34E+02	5.37E+02	5.39E+02	5.39E+02
58	0.00E+00	5.57E+02	5.63E+02	5.67E+02	5.70E+02	5.72E+02	5.72E+02
59	0.00E+00	5.89E+02	5.96E+02	6.00E+02	6.03E+02	6.06E+02	6.06E+02
60	0.00E+00	6.23E+02	6.30E+02	6.35E+02	6.38E+02	6.41E+02	6.41E+02
61	0.00E+00	6.57E+02	6.65E+02	6.70E+02	6.74E+02	6.77E+02	6.77E+02
62	0.00E+00	6.93E+02	7.01E+02	7.06E+02	7.10E+02	7.13E+02	7.13E+02
63	0.00E+00	7.29E+02	7.38E+02	7.43E+02	7.48E+02	7.51E+02	7.51E+02
64	0.00E+00	7.65E+02	7.75E+02	7.81E+02	7.86E+02	7.89E+02	7.89E+02
65	0.00E+00	8.03E+02	8.13E+02	8.20E+02	8.25E+02	8.29E+02	8.29E+02
66	0.00E+00	8.41E+02	8.52E+02	8.59E+02	8.65E+02	8.69E+02	8.69E+02
67	0.00E+00	8.80E+02	8.92E+02	9.00E+02	9.05E+02	9.10E+02	9.10E+02
68	0.00E+00	9.20E+02	9.33E+02	9.41E+02	9.47E+02	9.51E+02	9.51E+02
69	0.00E+00	9.60E+02	9.74E+02	9.82E+02	9.89E+02	9.94E+02	9.94E+02
70	0.00E+00	1.00E+03	1.02E+03	1.02E+03	1.03E+03	1.04E+03	1.04E+03
71	0.00E+00	1.04E+03	1.06E+03	1.07E+03	1.08E+03	1.08E+03	1.08E+03
72	0.00E+00	1.09E+03	1.10E+03	1.11E+03	1.12E+03	1.13E+03	1.13E+03
73	0.00E+00	1.13E+03	1.15E+03	1.16E+03	1.16E+03	1.17E+03	1.17E+03
74	0.00E+00	1.17E+03	1.19E+03	1.20E+03	1.21E+03	1.22E+03	1.22E+03
75	0.00E+00	1.22E+03	1.24E+03	1.25E+03	1.26E+03	1.26E+03	1.26E+03
76	0.00E+00	1.26E+03	1.28E+03	1.29E+03	1.30E+03	1.31E+03	1.31E+03
77	0.00E+00	1.31E+03	1.33E+03	1.34E+03	1.35E+03	1.36E+03	1.36E+03
78	0.00E+00	1.35E+03	1.37E+03	1.39E+03	1.40E+03	1.41E+03	1.41E+03
79	0.00E+00	1.40E+03	1.42E+03	1.44E+03	1.45E+03	1.45E+03	1.45E+03
80	0.00E+00	1.44E+03	1.47E+03	1.48E+03	1.50E+03	1.50E+03	1.50E+03
81	0.00E+00	1.49E+03	1.52E+03	1.53E+03	1.54E+03	1.55E+03	1.55E+03
82	0.00E+00	1.54E+03	1.56E+03	1.58E+03	1.59E+03	1.60E+03	1.60E+03
83	0.00E+00	1.58E+03	1.61E+03	1.63E+03	1.64E+03	1.65E+03	1.65E+03
84	0.00E+00	1.63E+03	1.66E+03	1.68E+03	1.69E+03	1.70E+03	1.70E+03
85	0.00E+00	1.68E+03	1.71E+03	1.73E+03	1.74E+03	1.75E+03	1.75E+03
86	0.00E+00	1.73E+03	1.76E+03	1.78E+03	1.79E+03	1.80E+03	1.80E+03
87	0.00E+00	1.77E+03	1.81E+03	1.83E+03	1.84E+03	1.85E+03	1.85E+03
88	0.00E+00	1.82E+03	1.86E+03	1.88E+03	1.89E+03	1.90E+03	1.90E+03
89	0.00E+00	1.87E+03	1.90E+03	1.92E+03	1.94E+03	1.95E+03	1.95E+03
90	0.00E+00	1.92E+03	1.95E+03	1.97E+03	1.99E+03	2.00E+03	2.00E+03
91	0.00E+00	1.96E+03	2.00E+03	2.02E+03	2.04E+03	2.05E+03	2.05E+03
92	0.00E+00	2.01E+03	2.05E+03	2.07E+03	2.08E+03	2.10E+03	2.10E+03
93	0.00E+00	2.06E+03	2.09E+03	2.12E+03	2.13E+03	2.14E+03	2.14E+03
94	0.00E+00	2.10E+03	2.14E+03	2.16E+03	2.18E+03	2.19E+03	2.19E+03
95	0.00E+00	2.15E+03	2.19E+03	2.21E+03	2.22E+03	2.24E+03	2.24E+03
96	0.00E+00	2.19E+03	2.23E+03	2.25E+03	2.27E+03	2.28E+03	2.28E+03
97	0.00E+00	2.24E+03	2.28E+03	2.30E+03	2.32E+03	2.33E+03	2.33E+03
98	0.00E+00	2.28E+03	2.32E+03	2.34E+03	2.36E+03	2.37E+03	2.37E+03
99	0.00E+00	2.33E+03	2.36E+03	2.39E+03	2.40E+03	2.42E+03	2.42E+03
100	0.00E+00	2.37E+03	2.41E+03	2.43E+03	2.45E+03	2.46E+03	2.46E+03
101	0.00E+00	2.41E+03	2.45E+03	2.47E+03	2.49E+03	2.50E+03	2.50E+03
102	0.00E+00	2.45E+03	2.49E+03	2.51E+03	2.53E+03	2.54E+03	2.54E+03
103	0.00E+00	2.49E+03	2.53E+03	2.55E+03	2.57E+03	2.58E+03	2.58E+03
104	0.00E+00	2.53E+03	2.57E+03	2.59E+03	2.61E+03	2.62E+03	2.62E+03
105	0.00E+00	2.57E+03	2.61E+03	2.63E+03	2.65E+03	2.66E+03	2.66E+03
106	0.00E+00	2.61E+03	2.65E+03	2.67E+03	2.69E+03	2.70E+03	2.70E+03
107	0.00E+00	2.65E+03	2.69E+03	2.71E+03	2.72E+03	2.74E+03	2.74E+03
108	0.00E+00	2.69E+03	2.72E+03	2.75E+03	2.76E+03	2.77E+03	2.77E+03
109	0.00E+00	2.72E+03	2.76E+03	2.78E+03	2.80E+03	2.81E+03	2.81E+03
110	0.00E+00	2.76E+03	2.79E+03	2.82E+03	2.83E+03	2.84E+03	2.84E+03
111	0.00E+00	2.79E+03	2.83E+03	2.85E+03	2.86E+03	2.88E+03	2.88E+03
112	0.00E+00	2.83E+03	2.86E+03	2.88E+03	2.90E+03	2.91E+03	2.91E+03
113	0.00E+00	2.86E+03	2.89E+03	2.91E+03	2.93E+03	2.94E+03	2.94E+03
114	0.00E+00	2.89E+03	2.93E+03	2.95E+03	2.96E+03	2.97E+03	2.97E+03
115	0.00E+00	2.92E+03	2.96E+03	2.98E+03	2.99E+03	3.00E+03	3.00E+03
116	0.00E+00	2.95E+03	2.99E+03	3.01E+03	3.02E+03	3.03E+03	3.03E+03
117	0.00E+00	2.98E+03	3.01E+03	3.03E+03	3.05E+03	3.06E+03	3.06E+03
118	0.00E+00	3.01E+03	3.04E+03	3.06E+03	3.08E+03	3.09E+03	3.09E+03
119	0.00E+00	3.03E+03	3.07E+03	3.09E+03	3.10E+03	3.11E+03	3.11E+03
120	0.00E+00	3.06E+03	3.09E+03	3.11E+03	3.13E+03	3.14E+03	3.14E+03
121	0.00E+00	3.08E+03	3.11E+03	3.14E+03	3.15E+03	3.16E+03	3.16E+03
122	0.00E+00	3.10E+03	3.14E+03	3.16E+03	3.17E+03	3.18E+03	3.18E+03
123	0.00E+00	3.12E+03	3.16E+03	3.18E+03	3.19E+03	3.21E+03	3.21E+03
124	0.00E+00	3.14E+03	3.18E+03	3.20E+03	3.21E+03	3.22E+03	3.22E+03
125	0.00E+00	3.16E+03	3.20E+03	3.22E+03	3.23E+03	3.24E+03	3.24E+03
126	0.00E+00	3.18E+03	3.21E+03	3.23E+03	3.25E+03	3.26E+03	3.26E+03
127	0.00E+00	3.19E+03	3.23E+03	3.25E+03	3.26E+03	3.27E+03	3.27E+03
128	0.00E+00	3.21E+03	3.24E+03	3.26E+03	3.28E+03	3.29E+03	3.29E+03
129	0.00E+00	3.22E+03	3.25E+03	3.27E+03	3.29E+03	3.30E+03	3.30E+03
130	0.00E+00	3.23E+03	3.26E+03	3.28E+03	3.30E+03	3.31E+03	3.31E+03
131	0.00E+00	3.24E+03	3.27E+03	3.29E+03	3.31E+03	3.32E+03	3.32E+03
132	0.00E+00	3.24E+03	3.28E+03	3.30E+03	3.31E+03	3.32E+03	3.32E+03
133	0.00E+00	3.25E+03	3.28E+03	3.30E+03	3.32E+03	3.33E+03	3.33E+03
134	0.00E+00	3.25E+03	3.29E+03	3.31E+03	3.32E+03	3.33E+03	3.33E+03
135	0.00E+00	3.25E+03	3.29E+03	3.31E+03	3.32E+03	3.33E+03	3.33E+03
136	0.00E+00	3.25E+03	3.29E+03	3.31E+03	3.32E+03	3.33E+03	3.33E+03
137	0.00E+00	3.25E+03	3.29E+03	3.31E+03	3.32E+03	3.33E+03	3.33E+03
138	0.00E+00	3.25E+03	3.28E+03	3.30E+03	3.32E+03	3.33E+03	3.33E+03
139	0.00E+00	3.25E+03	3.28E+03	3.30E+03	3.31E+03	3.33E+03	3.33E+03
140	0.00E+00	3.24E+03	3.28E+03	3.29E+03	3.31E+03	3.32E+03	3.32E+03
141	0.00E+00	3.24E+03	3.27E+03	3.29E+03	3.30E+03	3.31E+03	3.31E+03
142	0.00E+00	3.23E+03	3.26E+03	3.28E+03	3.29E+03	3.30E+03	3.30E+03
143	0.00E+00	3.22E+03	3.25E+03	3.27E+03	3.28E+03	3.29E+03	3.29E+03
144	0.00E+00	3.21E+03	3.24E+03	3.26E+03	3.27E+03	3.28E+03	3.28E+03
145	0.00E+00	3.20E+03	3.23E+03	3.25E+03	3.26E+03	3.27E+03	3.27E+03
146	0.00E+00	3.18E+03	3.21E+03	3.23E+03	3.24E+03	3.25E+03	3.25E+03
147	0.00E+00	3.17E+03	3.20E+03	3.22E+03	3.23E+03	3.24E+03	3.24E+03
148	0.00E+00	3.15E+03	3.18E+03	3.20E+03	3.21E+03	3.22E+03	3.22E+03
149	0.00E+00	3.14E+03	3.16E+03	3.18E+03	3.19E+03	3.20E+03	3.20E+03
150	0.00E+00	3.12E+03	3.15E+03	3.16E+03	3.17E+03	3.18E+03	3.18E+03
151	0.00E+00	3.10E+03	3.13E+03	3.14E+03	3.15E+03	3.16E+03	3.16E+03
152	0.00E+00	3.08E+03	3.10E+03	3.12E+03	3.13E+03	3.14E+03	3.14E+03
153	0.00E+00	3.06E+03	3.08E+03	3.10E+03	3.11E+03	3.12E+03	3.12E+03
154	0.00E+00	3.03E+03	3.06E+03	3.07E+03	3.08E+03	3.09E+03	3.09E+03
155	0.00E+00	3.01E+03	3.03E+03	3.05E+03	3.06E+03	3.06E+03	3.06E+03
156	0.00E+00	2.99E+03	3.01E+03	3.02E+03	3.03E+03	3.04E+03	3.04E+03
157	0.00E+00	2.96E+03	2.98E+03	2.99E+03	3.00E+03	3.01E+03	3.01E+03
158	0.00E+00	2.93E+03	2.95E+03	2.97E+03	2.97E+03	2.98E+03	2.98E+03
159	0.00E+00	2.90E+03	2.92E+03	2.94E+03	2.94E+03	2.95E+03	2.95E+03
160	0.00E+00	2.88E+03	2.89E+03	2.91E+03	2.91E+03	2.92E+03	2.92E+03
161	0.00E+00	2.85E+03	2.86E+03	2.87E+03	2.88E+03	2.89E+03	2.89E+03
162	0.00E+00	2.82E+03	2.83E+03	2.84E+03	2.85E+03	2.85E+03	2.85E+03
163	0.00E+00	2.78E+03	2.80E+03	2.81E+03	2.81E+03	2.82E+03	2.82E+03
164	0.00E+00	2.75E+03	2.77E+03	2.77E+03	2.78E+03	2.78E+03	2.78E+03
165	0.00E+00	2.72E+03	2.73E+03	2.74E+03	2.74E+03	2.75E+03	2.75E+03
166	0.00E+00	2.69E+03	2.70E+03	2.70E+03	2.71E+03	2.71E+03	2.71E+03
167	0.00E+00	2.65E+03	2.66E+03	2.67E+03	2.67E+03	2.67E+03	2.67E+03
168	0.00E+00	2.62E+03	2.63E+03	2.63E+03	2.63E+03	2.63E+03	2.63E+03
169	0.00E+00	2.58E+03	2.59E+03	2.59E+03	2.59E+03	2.60E+03	2.60E+03
170	0.00E+00	2.54E+03	2.55E+03	2.55E+03	2.56E+03	2.56E+03	2.56E+03
171	0.00E+00	2.51E+03	2.51E+03	2.52E+03	2.52E+03	2.52E+03	2.52E+03
172	0.00E+00	2.47E+03	2.48E+03	2.48E+03	2.48E+03	2.48E+03	2.48E+03
173	0.00E+00	2.43E+03	2.44E+03	2.44E+03	2.44E+03	2.44E+03	2.44E+03
174	0.00E+00	2.40E+03	2.40E+03	2.40E+03	2.40E+03	2.40E+03	2.40E+03
175	0.00E+00	2.36E+03	2.36E+03	2.36E+03	2.36E+03	2.36E+03	2.36E+03
176	0.00E+00	2.32E+03	2.32E+03	2.32E+03	2.32E+03	2.32E+03	2.32E+03
177	0.00E+00	2.29E+03	2.28E+03	2.28E+03	2.28E+03	2.28E+03	2.28E+03
178	0.00E+00	2.25E+03	2.25E+03	2.25E+03	2.24E+03	2.24E+03	2.24E+03
179	0.00E+00	2.21E+03	2.21E+03	2.21E+03	2.21E+03	2.21E+03	2.21E+03
180	0.00E+00	2.17E+03	2.17E+03	2.17E+03	2.17E+03	2.17E+03	2.17E+03
181	0.00E+00	2.14E+03	2.13E+03	2.13E+03	2.13E+03	2.13E+03	2.13E+03
182	0.00E+00	2.10E+03	2.10E+03	2.10E+03	2.10E+03	2.09E+03	2.09E+03
183	0.00E+00	2.07E+03	2.06E+03	2.06E+03	2.06E+03	2.06E+03	2.06E+03
184	0.00E+00	2.03E+03	2.03E+03	2.03E+03	2.02E+03	2.02E+03	2.02E+03
185	0.00E+00	2.00E+03	1.99E+03	1.99E+03	1.99E+03	1.99E+03	1.99E+03
186	0.00E+00	1.96E+03	1.96E+03	1.96E+03	1.96E+03	1.96E+03	1.96E+03
187	0.00E+00	1.93E+03	1.92E+03	1.92E+03	1.92E+03	1.92E+03	1.92E+03
188	0.00E+00	1.89E+03	1.89E+03	1.89E+03	1.89E+03	1.89E+03	1.89E+03
189	0.00E+00	1.86E+03	1.86E+03	1.86E+03	1.86E+03	1.86E+03	1.86E+03
190	0.00E+00	1.83E+03	1.83E+03	1.83E+03	1.83E+03	1.83E+03	1.83E+03
191	0.00E+00	1.80E+03	1.80E+03	1.80E+03	1.80E+03	1.80E+03	1.80E+03
192	0.00E+00	1.77E+03	1.77E+03	1.77E+03	1.77E+03	1.77E+03	1.77E+03
193	0.00E+00	1.74E+03	1.74E+03	1.74E+03	1.74E+03	1.74E+03	1.74E+03
194	0.00E+00	1.71E+03	1.71E+03	1.71E+03	1.71E+03	1.71E+03	1.71E+03
195	0.00E+00	1.68E+03	1.68E+03	1.68E+03	1.68E+03	1.68E+03	1.68E+03
196	0.00E+00	1.65E+03	1.65E+03	1.65E+03	1.65E+03	1.65E+03	1.65E+03
197	0.00E+00	1.62E+03	1.62E+03	1.62E+03	1.62E+03	1.62E+03	1.62E+03
198	0.00E+00	1.59E+03	1.59E+03	1.60E+03	1.60E+03	1.60E+03	1.60E+03
199	0.00E+00	1.57E+03	1.57E+03	1.57E+03	1.57E+03	1.57E+03	1.57E+03
200	0.00E+00	1.54E+03	1.54E+03	1.54E+03	1.54E+03	1.54E+03	1.54E+03
201	0.00E+00	1.51E+03	1.52E+03	1.52E+03	1.52E+03	1.52E+03	1.52E+03
202	0.00E+00	1.49E+03	1.49E+03	1.49E+03	1.49E+03	1.49E+03	1.49E+03
203	0.00E+00	1.46E+03	1.47E+03	1.47E+03	1.47E+03	1.47E+03	1.47E+03
204	0.00E+00	1.44E+03	1.44E+03	1.44E+03	1.44E+03	1.44E+03	1.44E+03
205	0.00E+00	1.42E+03	1.42E+03	1.42E+03	1.42E+03	1.42E+03	1.42E+03
206	0.00E+00	1.39E+03	1.39E+03	1.39E+03	1.39E+03	1.39E+03	1.39E+03
207	0.00E+00	1.37E+03	1.37E+03	1.37E+03	1.37E+03	1.37E+03	1.37E+03
208	0.00E+00	1.35E+03	1.35E+03	1.35E+03	1.35E+03	1.35E+03	1.35E+03
209	0.00E+00	1.32E+03	1.32E+03	1.32E+03	1.32E+03	1.32E+03	1.32E+03
210	0.00E+00	1.30E+03	1.30E+03	1.30E+03	1.30E+03	1.30E+03	1.30E+03
211	0.00E+00	1.28E+03	1.28E+03	1.28E+03	1.28E+03	1.28E+03	1.28E+03
212	0.00E+00	1.26E+03	1.26E+03	1.26E+03	1.26E+03	1.26E+03	1.26E+03
213	0.00E+00	1.24E+03	1.24E+03	1.24E+03	1.24E+03	1.24E+03	1.24E+03
214	0.00E+00	1.22E+03	1.22E+03	1.22E+03	1.22E+03	1.22E+03	1.22E+03
215	0.00E+00	1.20E+03	1.20E+03	1.20E+03	1.20E+03	1.20E+03	1.20E+03
216	0.00E+00	1.18E+03	1.18E+03	1.18E+03	1.18E+03	1.17E+03	1.17E+03
217	0.00E+00	1.16E+03	1.16E+03	1.16E+03	1.16E+03	1.16E+03	1.16E+03
218	0.00E+00	1.14E+03	1.14E+03	1.14E+03	1.14E+03	1.14E+03	1.14E+03
219	0.00E+00	1.12E+03	1.12E+03	1.12E+03	1.12E+03	1.12E+03	1.12E+03
220	0.00E+00	1.10E+03	1.10E+03	1.10E+03	1.10E+03	1.10E+03	1.10E+03
221	0.00E+00	1.08E+03	1.08E+03	1.08E+03	1.08E+03	1.08E+03	1.08E+03
222	0.00E+00	1.06E+03	1.06E+03	1.06E+03	1.06E+03	1.06E+03	1.06E+03
223	0.00E+00	1.04E+03	1.04E+03	1.04E+03	1.04E+03	1.04E+03	1.04E+03
224	0.00E+00	1.03E+03	1.03E+03	1.03E+03	1.03E+03	1.03E+03	1.03E+03
225	0.00E+00	1.01E+03	1.01E+03	1.01E+03	1.01E+03	1.01E+03	1.01E+03
226	0.00E+00	9.94E+02	9.93E+02	9.93E+02	9.93E+02	9.93E+02	9.93E+02
227	0.00E+00	9.77E+02	9.77E+02	9.76E+02	9.76E+02	9.76E+02	9.76E+02
228	0.00E+00	9.61E+02	9.61E+02	9.60E+02	9.60E+02	9.60E+02	9.60E+02
229	0.00E+00	9.45E+02	9.45E+02	9.45E+02	9.44E+02	9.44E+02	9.44E+02
230	0.00E+00	9.30E+02	9.29E+02	9.29E+02	9.29E+02	9.29E+02	9.29E+02
231	0.00E+00	9.14E+02	9.14E+02	9.14E+02	9.14E+02	9.14E+02	9.14E+02
232	0.00E+00	8.99E+02	8.99E+02	8.99E+02	8.99E+02	8.99E+02	8.99E+02
233	0.00E+00	8.85E+02	8.84E+02	8.84E+02	8.84E+02	8.84E+02	8.84E+02
234	0.00E+00	8.70E+02	8.70E+02	8.70E+02	8.70E+02	8.70E+02	8.70E+02
235	0.00E+00	8.56E+02	8.56E+02	8.56E+02	8.56E+02	8.56E+02	8.56E+02
236	0.00E+00	8.42E+02	8.42E+02	8.42E+02	8.42E+02	8.42E+02	8.42E+02
237	0.00E+00	8.28E+02	8.29E+02	8.29E+02	8.29E+02	8.29E+02	8.29E+02
238	0.00E+00	8.15E+02	8.15E+02	8.15E+02	8.15E+02	8.15E+02	8.15E+02
239	0.00E+00	8.02E+02	8.02E+02	8.02E+02	8.02E+02	8.02E+02	8.02E+02
240	0.00E+00	7.89E+02	7.89E+02	7.90E+02	7.90E+02	7.90E+02	7.90E+02
241	0.00E+00	7.76E+02	7.77E+02	7.77E+02	7.77E+02	7.77E+02	7.77E+02
242	0.00E+00	7.64E+02	7.64E+02	7.65E+02	7.65E+02	7.65E+02	7.65E+02
243	0.00E+00	7.52E+02	7.52E+02	7.53E+02	7.53E+02	7.53E+02	7.53E+02
244	0.00E+00	7.40E+02	7.41E+02	7.41E+02	7.41E+02	7.41E+02	7.41E+02
245	0.00E+00	7.28E+02	7.29E+02	7.29E+02	7.30E+02	7.30E+02	7.30E+02
246	0.00E+00	7.17E+02	7.18E+02	7.18E+02	7.18E+02	7.18E+02	7.18E+02
247	0.00E+00	7.06E+02	7.07E+02	7.07E+02	7.07E+02	7.07E+02	7.07E+02
248	0.00E+00	6.95E+02	6.96E+02	6.96E+02	6.97E+02	6.97E+02	6.97E+02
249	0.00E+00	6.85E+02	6.85E+02	6.86E+02	6.86E+02	6.86E+02	6.86E+02
250	0.00E+00	6.75E+02	6.75E+02	6.76E+02	6.76E+02	6.76E+02	6.76E+02
251	0.00E+00	6.65E+02	6.65E+02	6.66E+02	6.66E+02	6.66E+02	6.66E+02
252	0.00E+00	6.55E+02	6.56E+02	6.56E+02	6.56E+02	6.56E+02	6.56E+02
253	0.00E+00	6.46E+02	6.46E+02	6.47E+02	6.47E+02	6.47E+02	6.47E+02
254	0.00E+00	6.37E+02	6.37E+02	6.37E+02	6.38E+02	6.38E+02	6.38E+02
255	0.00E+00	6.28E+02	6.28E+02	6.29E+02	6.29E+02	6.29E+02	6.29E+02
256	0.00E+00	6.19E+02	6.20E+02	6.20E+02	6.20E+02	6.20E+02	6.20E+02
257	0.00E+00	6.11E+02	6.11E+02	6.12E+02	6.12E+02	6.12E+02	6.12E+02
258	0.00E+00	6.03E+02	6.03E+02	6.03E+02	6.03E+02	6.04E+02	6.04E+02
259	0.00E+00	5.95E+02	5.95E+02	5.95E+02	5.95E+02	5.96E+02	5.96E+02
260	0.00E+00	5.87E+02	5.88E+02	5.88E+02	5.88E+02	5.88E+02	5.88E+02
261	0.00E+00	5.80E+02	5.80E+02	5.80E+02	5.80E+02	5.80E+02	5.80E+02
262	0.00E+00	5.73E+02	5.73E+02	5.73E+02	5.73E+02	5.73E+02	5.73E+02
263	0.00E+00	5.66E+02	5.66E+02	5.66E+02	5.66E+02	5.66E+02	5.66E+02
264	0.00E+00	5.59E+02	5.59E+02	5.59E+02	5.59E+02	5.58E+02	5.58E+02
265	0.00E+00	5.52E+02	5.52E+02	5.52E+02	5.52E+02	5.52E+02	5.52E+02
266	0.00E+00	5.46E+02	5.45E+02	5.45E+02	5.45E+02	5.45E+02	5.45E+02
267	0.00E+00	5.39E+02	5.39E+02	5.38E+02	5.38E+02	5.38E+02	5.38E+02
268	0.00E+00	5.33E+02	5.32E+02	5.32E+02	5.32E+02	5.32E+02	5.32E+02
269	0.00E+00	5.27E+02	5.26E+02	5.26E+02	5.25E+02	5.25E+02	5.25E+02
270	0.00E+00	5.21E+02	5.20E+02	5.20E+02	5.19E+02	5.19E+02	5.19E+02
271	0.00E+00	5.15E+02	5.14E+02	5.13E+02	5.13E+02	5.13E+02	5.13E+02
272	0.00E+00	5.09E+02	5.08E+02	5.08E+02	5.07E+02	5.07E+02	5.07E+02
273	0.00E+00	5.03E+02	5.02E+02	5.02E+02	5.01E+02	5.01E+02	5.01E+02
274	0.00E+00	4.98E+02	4.97E+02	4.96E+02	4.96E+02	4.95E+02	4.95E+02
275	0.00E+00	4.93E+02	4.91E+02	4.91E+02	4.90E+02	4.90E+02	4.90E+02
276	0.00E+00	4.87E+02	4.86E+02	4.85E+02	4.85E+02	4.85E+02	4.85E+02
277	0.00E+00	4.82E+02	4.81E+02	4.80E+02	4.80E+02	4.80E+02	4.80E+02
278	0.00E+00	4.77E+02	4.76E+02	4.75E+02	4.75E+02	4.75E+02	4.75E+02
279	0.00E+00	4.72E+02	4.71E+02	4.71E+02	4.70E+02	4.70E+02	4.70E+02
280	0.00E+00	4.68E+02	4.67E+02	4.66E+02	4.66E+02	4.66E+02	4.66E+02
281	0.00E+00	4.63E+02	4.62E+02	4.62E+02	4.62E+02	4.61E+02	4.61E+02
282	0.00E+00	4.59E+02	4.58E+02	4.58E+02	4.57E+02	4.57E+02	4.57E+02
283	0.00E+00	4.55E+02	4.54E+02	4.54E+02	4.54E+02	4.54E+02	4.54E+02
284	0.00E+00	4.51E+02	4.50E+02	4.50E+02	4.50E+02	4.50E+02	4.50E+02
285	0.00E+00	4.47E+02	4.46E+02	4.46E+02	4.46E+02	4.46E+02	4.46E+02
286	0.00E+00	4.43E+02	4.42E+02	4.43E+02	4.43E+02	4.43E+02	4.43E+02
287	0.00E+00	4.40E+02	4.39E+02	4.39E+02	4.39E+02	4.40E+02	4.40E+02
288	0.00E+00	4.36E+02	4.36E+02	4.36E+02	4.36E+02	4.37E+02	4.37E+02
289	0.00E+00	4.33E+02	4.33E+02	4.33E+02	4.33E+02	4.34E+02	4.34E+02
290	0.00E+00	4.30E+02	4.30E+02	4.30E+02	4.31E+02	4.31E+02	4.31E+02
291	0.00E+00	4.27E+02	4.27E+02	4.28E+02	4.28E+02	4.28E+02	4.28E+02
292	0.00E+00	4.25E+02	4.25E+02	4.25E+02	4.26E+02	4.26E+02	4.26E+02
293	0.00E+00	4.22E+02	4.22E+02	4.23E+02	4.23E+02	4.23E+02	4.23E+02
294	0.00E+00	4.20E+02	4.20E+02	4.21E+02	4.21E+02	4.21E+02	4.21E+02
295	0.00E+00	4.18E+02	4.18E+02	4.18E+02	4.19E+02	4.19E+02	4.19E+02
296	0.00E+00	4.16E+02	4.16E+02	4.17E+02	4.17E+02	4.17E+02	4.17E+02
297	0.00E+00	4.14E+02	4.14E+02	4.15E+02	4.15E+02	4.15E+02	4.15E+02
298	0.00E+00	4.12E+02	4.13E+02	4.13E+02	4.13E+02	4.13E+02	4.13E+02
299	0.00E+00	4.10E+02	4.11E+02	4.11E+02	4.12E+02	4.12E+02	4.12E+02
300	0.00E+00	4.09E+02	4.10E+02	4.10E+02	4.10E+02	4.10E+02	4.10E+02
301	0.00E+00	4.08E+02	4.08E+02	4.09E+02	4.09E+02	4.09E+02	4.09E+02
302	0.00E+00	4.06E+02	4.07E+02	4.07E+02	4.08E+02	4.08E+02	4.08E+02
303	0.00E+00	4.05E+02	4.06E+02	4.06E+02	4.06E+02	4.06E+02	4.06E+02
304	0.00E+00	4.05E+02	4.05E+02	4.05E+02	4.05E+02	4.05E+02	4.05E+02
305	0.00E+00	4.04E+02	4.04E+02	4.05E+02	4.05E+02	4.04E+02	4.04E+02
306	0.00E+00	4.03E+02	4.04E+02	4.04E+02	4.04E+02	4.04E+02	4.04E+02
307	0.00E+00	4.02E+02	4.03E+02	4.03E+02	4.03E+02	4.03E+02	4.03E+02
308	0.00E+00	4.02E+02	4.02E+02	4.02E+02	4.02E+02	4.02E+02	4.02E+02
309	0.00E+00	4.01E+02	4.02E+02	4.02E+02	4.02E+02	4.02E+02	4.02E+02
310	0.00E+00	4.01E+02	4.02E+02	4.01E+02	4.01E+02	4.01E+02	4.01E+02
311	0.00E+00	4.01E+02	4.01E+02	4.01E+02	4.01E+02	4.01E+02	4.01E+02
312	0.00E+00	4.01E+02	4.01E+02	4.01E+02	4.01E+02	4.01E+02	4.01E+02
313	0.00E+00	4.00E+02	4.01E+02	4.01E+02	4.01E+02	4.00E+02	4.00E+02
314	0.00E+00	4.00E+02	4.01E+02	4.01E+02	4.00E+02	4.00E+02	4.00E+02
315	0.00E+00	4.00E+02	4.01E+02	4.01E+02	4.00E+02	4.00E+02	4.00E+02
316	0.00E+00	4.01E+02	4.01E+02	4.01E+02	4.00E+02	4.00E+02	4.00E+02
317	0.00E+00	4.01E+02	4.01E+02	4.01E+02	4.01E+02	4.01E+02	4.01E+02
318	0.00E+00	4.01E+02	4.01E+02	4.01E+02	4.01E+02	4.01E+02	4.01E+02
319	0.00E+00	4.01E+02	4.02E+02	4.01E+02	4.01E+02	4.01E+02	4.01E+02
320	0.00E+00	4.02E+02	4.02E+02	4.02E+02	4.02E+02	4.02E+02	4.02E+02
321	0.00E+00	4.02E+02	4.02E+02	4.02E+02	4.02E+02	4.02E+02	4.02E+02
322	0.00E+00	4.03E+02	4.03E+02	4.03E+02	4.03E+02	4.03E+02	4.03E+02
323	0.00E+00	4.03E+02	4.04E+02	4.03E+02	4.03E+02	4.03E+02	4.03E+02
324	0.00E+00	4.04E+02	4.04E+02	4.04E+02	4.04E+02	4.04E+02	4.04E+02
325	0.00E+00	4.05E+02	4.05E+02	4.05E+02	4.05E+02	4.05E+02	4.05E+02
326	0.00E+00	4.06E+02	4.06E+02	4.06E+02	4.06E+02	4.06E+02	4.06E+02
327	0.00E+00	4.07E+02	4.07E+02	4.07E+02	4.07E+02	4.07E+02	4.07E+02
328	0.00E+00	4.08E+02	4.08E+02	4.08E+02	4.08E+02	4.08E+02	4.08E+02
329	0.00E+00	4.09E+02	4.09E+02	4.09E+02	4.09E+02	4.09E+02	4.09E+02
330	0.00E+00	4.10E+02	4.10E+02	4.10E+02	4.10E+02	4.10E+02	4.10E+02
331	0.00E+00	4.11E+02	4.11E+02	4.11E+02	4.12E+02	4.12E+02	4.12E+02
332	0.00E+00	4.13E+02	4.13E+02	4.13E+02	4.13E+02	4.13E+02	4.13E+02
333	0.00E+00	4.14E+02	4.14E+02	4.14E+02	4.14E+02	4.15E+02	4.15E+02
334	0.00E+00	4.16E+02	4.16E+02	4.16E+02	4.16E+02	4.16E+02	4.16E+02
335	0.00E+00	4.17E+02	4.17E+02	4.17E+02	4.18E+02	4.18E+02	4.18E+02
336	0.00E+00	4.19E+02	4.19E+02	4.19E+02	4.19E+02	4.19E+02	4.19E+02
337	0.00E+00	4.21E+02	4.21E+02	4.21E+02	4.21E+02	4.21E+02	4.21E+02
338	0.00E+00	4.22E+02	4.23E+02	4.23E+02	4.23E+02	4.23E+02	4.23E+02
339	0.00E+00	4.24E+02	4.24E+02	4.25E+02	4.25E+02	4.25E+02	4.25E+02
340	0.00E+00	4.26E+02	4.26E+02	4.27E+02	4.27E+02	4.27E+02	4.27E+02
341	0.00E+00	4.29E+02	4.29E+02	4.29E+02	4.29E+02	4.29E+02	4.29E+02
342	0.00E+00	4.31E+02	4.31E+02	4.31E+02	4.31E+02	4.31E+02	4.31E+02
343	0.00E+00	4.33E+02	4.33E+02	4.33E+02	4.33E+02	4.33E+02	4.33E+02
344	0.00E+00	4.35E+02	4.35E+02	4.35E+02	4.36E+02	4.36E+02	4.36E+02
345	0.00E+00	4.38E+02	4.38E+02	4.38E+02	4.38E+02	4.38E+02	4.38E+02
346	0.00E+00	4.40E+02	4.40E+02	4.40E+02	4.40E+02	4.40E+02	4.40E+02
347	0.00E+00	4.43E+02	4.42E+02	4.43E+02	4.43E+02	4.43E+02	4.43E+02
348	0.00E+00	4.45E+02	4.45E+02	4.45E+02	4.45E+02	4.45E+02	4.45E+02
349	0.00E+00	4.48E+02	4.48E+02	4.48E+02	4.48E+02	4.48E+02	4.48E+02
350	0.00E+00	4.50E+02	4.50E+02	4.50E+02	4.50E+02	4.50E+02	4.50E+02
351	0.00E+00	4.53E+02	4.53E+02	4.53E+02	4.53E+02	4.53E+02	4.53E+02
352	0.00E+00	4.56E+02	4.56E+02	4.55E+02	4.55E+02	4.55E+02	4.55E+02
353	0.00E+00	4.59E+02	4.58E+02	4.58E+02	4.58E+02	4.58E+02	4.58E+02
354	0.00E+00	4.61E+02	4.61E+02	4.61E+02	4.61E+02	4.61E+02	4.61E+02
355	0.00E+00	4.64E+02	4.64E+02	4.64E+02	4.63E+02	4.63E+02	4.63E+02
356	0.00E+00	4.67E+02	4.67E+02	4.66E+02	4.66E+02	4.66E+02	4.66E+02
357	0.00E+00	4.70E+02	4.69E+02	4.69E+02	4.69E+02	4.69E+02	4.69E+02
358	0.00E+00	4.73E+02	4.72E+02	4.72E+02	4.72E+02	4.72E+02	4.72E+02
359	0.00E+00	4.76E+02	4.75E+02	4.75E+02	4.75E+02	4.75E+02	4.75E+02
360	0.00E+00	4.79E+02	4.78E+02	4.78E+02	4.78E+02	4.77E+02	4.77E+02
361	0.00E+00	4.82E+02	4.81E+02	4.81E+02	4.80E+02	4.80E+02	4.80E+02
362	0.00E+00	4.85E+02	4.84E+02	4.84E+02	4.83E+02	4.83E+02	4.83E+02
363	0.00E+00	4.88E+02	4.87E+02	4.87E+02	4.86E+02	4.86E+02	4.86E+02
364	0.00E+00	4.91E+02	4.90E+02	4.90E+02	4.89E+02	4.89E+02	4.89E+02
365	0.00E+00	4.94E+02	4.93E+02	4.93E+02	4.92E+02	4.92E+02	4.92E+02
366	0.00E+00	4.97E+02	4.96E+02	4.96E+02	4.95E+02	4.95E+02	4.95E+02
367	0.00E+00	5.00E+02	4.99E+02	4.99E+02	4.98E+02	4.98E+02	4.98E+02
368	0.00E+00	5.03E+02	5.02E+02	5.02E+02	5.02E+02	5.01E+02	5.01E+02
369	0.00E+00	5.06E+02	5.05E+02	5.05E+02	5.05E+02	5.05E+02	5.05E+02
370	0.00E+00	5.09E+02	5.08E+02	5.08E+02	5.08E+02	5.08E+02	5.08E+02
371	0.00E+00	5.12E+02	5.11E+02	5.11E+02	5.11E+02	5.11E+02	5.11E+02
372	0.00E+00	5.15E+02	5.15E+02	5.14E+02	5.14E+02	5.14E+02	5.14E+02
373	0.00E+00	5.18E+02	5.18E+02	5.18E+02	5.18E+02	5.18E+02	5.18E+02
374	0.00E+00	5.21E+02	5.21E+02	5.21E+02	5.21E+02	5.21E+02	5.21E+02
375	0.00E+00	5.25E+02	5.24E+02	5.24E+02	5.24E+02	5.24E+02	5.24E+02
376	0.00E+00	5.28E+02	5.28E+02	5.28E+02	5.28E+02	5.28E+02	5.28E+02
377	0.00E+00	5.31E+02	5.31E+02	5.31E+02	5.31E+02	5.31E+02	5.31E+02
378	0.00E+00	5.34E+02	5.34E+02	5.34E+02	5.34E+02	5.35E+02	5.35E+02
379	0.00E+00	5.38E+02	5.38E+02	5.38E+02	5.38E+02	5.38E+02	5.38E+02
380	0.00E+00	5.41E+02	5.41E+02	5.41E+02	5.41E+02	5.41E+02	5.41E+02
381	0.00E+00	5.44E+02	5.44E+02	5.45E+02	5.45E+02	5.45E+02	5.45E+02
382	0.00E+00	5.48E+02	5.48E+02	5.48E+02	5.48E+02	5.48E+02	5.48E+02
383	0.00E+00	5.51E+02	5.51E+02	5.52E+02	5.52E+02	5.52E+02	5.52E+02
384	0.00E+00	5.55E+02	5.55E+02	5.55E+02	5.55E+02	5.56E+02	5.56E+02
385	0.00E+00	5.58E+02	5.58E+02	5.59E+02	5.59E+02	5.59E+02	5.59E+02
386	0.00E+00	5.62E+02	5.62E+02	5.62E+02	5.63E+02	5.63E+02	5.63E+02
387	0.00E+00	5.65E+02	5.66E+02	5.66E+02	5.66E+02	5.66E+02	5.66E+02
388	0.00E+00	5.69E+02	5.69E+02	5.70E+02	5.70E+02	5.70E+02	5.70E+02
389	0.00E+00	5.72E+02	5.73E+02	5.73E+02	5.73E+02	5.74E+02	5.74E+02
390	0.00E+00	5.76E+02	5.77E+02	5.77E+02	5.77E+02	5.77E+02	5.77E+02
391	0.00E+00	5.80E+02	5.80E+02	5.81E+02	5.81E+02	5.81E+02	5.81E+02
392	0.00E+00	5.83E+02	5.84E+02	5.84E+02	5.84E+02	5.84E+02	5.84E+02
393	0.00E+00	5.87E+02	5.88E+02	5.88E+02	5.88E+02	5.88E+02	5.88E+02
394	0.00E+00	5.91E+02	5.91E+02	5.92E+02	5.92E+02	5.92E+02	5.92E+02
395	0.00E+00	5.94E+02	5.95E+02	5.95E+02	5.95E+02	5.95E+02	5.95E+02
396	0.00E+00	5.98E+02	5.99E+02	5.99E+02	5.99E+02	5.99E+02	5.99E+02
397	0.00E+00	6.02E+02	6.03E+02	6.03E+02	6.03E+02	6.03E+02	6.03E+02
398	0.00E+00	6.06E+02	6.06E+02	6.06E+02	6.06E+02	6.06E+02	6.06E+02
399	0.00E+00	6.09E+02	6.10E+02	6.10E+02	6.10E+02	6.10E+02	6.10E+02
400	0.00E+00	6.13E+02	6.14E+02	6.14E+02	6.14E+02	6.14E+02	6.14E+02
401	0.00E+00	6.17E+02	6.17E+02	6.17E+02	6.17E+02	6.17E+02	6.17E+02
402	0.00E+00	6.21E+02	6.21E+02	6.21E+02	6.21E+02	6.21E+02	6.21E+02
403	0.00E+00	6.24E+02	6.25E+02	6.25E+02	6.25E+02	6.25E+02	6.25E+02
404	0.00E+00	6.28E+02	6.28E+02	6.28E+02	6.28E+02	6.28E+02	6.28E+02
405	0.00E+00	6.32E+02	6.32E+02	6.32E+02	6.32E+02	6.32E+02	6.32E+02
406	0.00E+00	6.35E+02	6.36E+02	6.36E+02	6.36E+02	6.36E+02	6.36E+02
407	0.00E+00	6.39E+02	6.39E+02	6.39E+02	6.39E+02	6.39E+02	6.39E+02
408	0.00E+00	6.43E+02	6.43E+02	6.43E+02	6.43E+02	6.43E+02	6.43E+02
409	0.00E+00	6.46E+02	6.47E+02	6.46E+02	6.46E+02	6.46E+02	6.46E+02
410	0.00E+00	6.50E+02	6.50E+02	6.50E+02	6.50E+02	6.50E+02	6.50E+02
411	0.00E+00	6.54E+02	6.54E+02	6.54E+02	6.53E+02	6.53E+02	6.53E+02
412	0.00E+00	6.57E+02	6.57E+02	6.57E+02	6.57E+02	6.57E+02	6.57E+02
413	0.00E+00	6.61E+02	6.61E+02	6.61E+02	6.61E+02	6.61E+02	6.61E+02
414	0.00E+00	6.64E+02	6.64E+02	6.64E+02	6.64E+02	6.64E+02	6.64E+02
415	0.00E+00	6.68E+02	6.68E+02	6.68E+02	6.68E+02	6.68E+02	6.68E+02
416	0.00E+00	6.71E+02	6.71E+02	6.71E+02	6.71E+02	6.71E+02	6.71E+02
417	0.00E+00	6.75E+02	6.75E+02	6.75E+02	6.75E+02	6.75E+02	6.75E+02
418	0.00E+00	6.78E+02	6.78E+02	6.78E+02	6.78E+02	6.78E+02	6.78E+02
419	0.00E+00	6.82E+02	6.82E+02	6.82E+02	6.82E+02	6.82E+02	6.82E+02
420	0.00E+00	6.85E+02	6.85E+02	6.85E+02	6.85E+02	6.85E+02	6.85E+02
421	0.00E+00	6.89E+02	6.89E+02	6.89E+02	6.89E+02	6.89E+02	6.89E+02
422	0.00E+00	6.92E+02	6.92E+02	6.92E+02	6.92E+02	6.92E+02	6.92E+02
423	0.00E+00	6.95E+02	6.95E+02	6.95E+02	6.95E+02	6.95E+02	6.95E+02
424	0.00E+00	6.99E+02	6.99E+02	6.99E+02	6.99E+02	6.99E+02	6.99E+02
425	0.00E+00	7.02E+02	7.02E+02	7.02E+02	7.02E+02	7.02E+02	7.02E+02
426	0.00E+00	7.06E+02	7.06E+02	7.06E+02	7.06E+02	7.06E+02	7.06E+02
427	0.00E+00	7.09E+02	7.09E+02	7.09E+02	7.09E+02	7.09E+02	7.09E+02
428	0.00E+00	7.12E+02	7.12E+02	7.13E+02	7.13E+02	7.13E+02	7.13E+02
429	0.00E+00	7.16E+02	7.16E+02	7.16E+02	7.16E+02	7.16E+02	7.16E+02
430	0.00E+00	7.19E+02	7.19E+02	7.19E+02	7.19E+02	7.19E+02	7.19E+02
431	0.00E+00	7.23E+02	7.22E+02	7.23E+02	7.23E+02	7.23E+02	7.23E+02
432	0.00E+00	7.26E+02	7.26E+02	7.26E+02	7.26E+02	7.26E+02	7.26E+02
433	0.00E+00	7.29E+02	7.29E+02	7.29E+02	7.29E+02	7.30E+02	7.30E+02
434	0.00E+00	7.32E+02	7.32E+02	7.33E+02	7.33E+02	7.33E+02	7.33E+02
435	0.00E+00	7.36E+02	7.36E+02	7.36E+02	7.36E+02	7.36E+02	7.36E+02
436	0.00E+00	7.39E+02	7.39E+02	7.39E+02	7.39E+02	7.39E+02	7.39E+02
437	0.00E+00	7.42E+02	7.42E+02	7.42E+02	7.42E+02	7.43E+02	7.43E+02
438	0.00E+00	7.46E+02	7.45E+02	7.45E+02	7.46E+02	7.46E+02	7.46E+02
439	0.00E+00	7.49E+02	7.48E+02	7.49E+02	7.49E+02	7.49E+02	7.49E+02
440	0.00E+00	7.52E+02	7.52E+02	7.52E+02	7.52E+02	7.52E+02	7.52E+02
441	0.00E+00	7.55E+02	7.55E+02	7.55E+02	7.55E+02	7.55E+02	7.55E+02
442	0.00E+00	7.58E+02	7.58E+02	7.58E+02	7.58E+02	7.58E+02	7.58E+02
443	0.00E+00	7.61E+02	7.61E+02	7.61E+02	7.61E+02	7.61E+02	7.61E+02
444	0.00E+00	7.64E+02	7.64E+02	7.64E+02	7.64E+02	7.64E+02	7.64E+02
445	0.00E+00	7.67E+02	7.67E+02	7.67E+02	7.67E+02	7.67E+02	7.67E+02
446	0.00E+00	7.70E+02	7.70E+02	7.70E+02	7.70E+02	7.70E+02	7.70E+02
447	0.00E+00	7.73E+02	7.73E+02	7.73E+02	7.72E+02	7.72E+02	7.72E+02
448	0.00E+00	7.76E+02	7.76E+02	7.75E+02	7.75E+02	7.75E+02	7.75E+02
449	0.00E+00	7.79E+02	7.78E+02	7.78E+02	7.78E+02	7.78E+02	7.78E+02
450	0.00E+00	7.82E+02	7.81E+02	7.81E+02	7.81E+02	7.81E+02	7.81E+02
451	0.00E+00	7.85E+02	7.84E+02	7.84E+02	7.84E+02	7.83E+02	7.83E+02
452	0.00E+00	7.87E+02	7.87E+02	7.86E+02	7.86E+02	7.86E+02	7.86E+02
453	0.00E+00	7.90E+02	7.90E+02	7.89E+02	7.89E+02	7.89E+02	7.89E+02
454	0.00E+00	7.93E+02	7.92E+02	7.92E+02	7.92E+02	7.91E+02	7.91E+02
455	0.00E+00	7.95E+02	7.95E+02	7.94E+02	7.94E+02	7.94E+02	7.94E+02
456	0.00E+00	7.98E+02	7.97E+02	7.97E+02	7.97E+02	7.97E+02	7.97E+02
457	0.00E+00	8.00E+02	8.00E+02	7.99E+02	7.99E+02	7.99E+02	7.99E+02
458	0.00E+00	8.03E+02	8.02E+02	8.02E+02	8.02E+02	8.02E+02	8.02E+02
459	0.00E+00	8.05E+02	8.05E+02	8.04E+02	8.04E+02	8.04E+02	8.04E+02
460	0.00E+00	8.07E+02	8.07E+02	8.07E+02	8.07E+02	8.07E+02	8.07E+02
461	0.00E+00	8.10E+02	8.10E+02	8.09E+02	8.09E+02	8.09E+02	8.09E+02
462	0.00E+00	8.12E+02	8.12E+02	8.12E+02	8.11E+02	8.11E+02	8.11E+02
463	0.00E+00	8.14E+02	8.14E+02	8.14E+02	8.14E+02	8.14E+02	8.14E+02
464	0.00E+00	8.16E+02	8.16E+02	8.16E+02	8.16E+02	8.16E+02	8.16E+02
465	0.00E+00	8.18E+02	8.18E+02	8.18E+02	8.18E+02	8.18E+02	8.18E+02
466	0.00E+00	8.20E+02	8.20E+02	8.20E+02	8.20E+02	8.20E+02	8.20E+02
467	0.00E+00	8.22E+02	8.22E+02	8.23E+02	8.23E+02	8.23E+02	8.23E+02
468	0.00E+00	8.24E+02	8.24E+02	8.25E+02	8.25E+02	8.25E+02	8.25E+02
469	0.00E+00	8.26E+02	8.26E+02	8.27E+02	8.27E+02	8.27E+02	8.27E+02
470	0.00E+00	8.28E+02	8.28E+02	8.29E+02	8.29E+02	8.29E+02	8.29E+02
471	0.00E+00	8.30E+02	8.30E+02	8.30E+02	8.31E+02	8.31E+02	8.31E+02
472	0.00E+00	8.32E+02	8.32E+02	8.32E+02	8.33E+02	8.33E+02	8.33E+02
473	0.00E+00	8.33E+02	8.34E+02	8.34E+02	8.34E+02	8.35E+02	8.35E+02
474	0.00E+00	8.35E+02	8.36E+02	8.36E+02	8.36E+02	8.36E+02	8.36E+02
475	0.00E+00	8.37E+02	8.37E+02	8.38E+02	8.38E+02	8.38E+02	8.38E+02
476	0.00E+00	8.39E+02	8.39E+02	8.39E+02	8.40E+02	8.40E+02	8.40E+02
477	0.00E+00	8.40E+02	8.41E+02	8.41E+02	8.41E+02	8.41E+02	8.41E+02
478	0.00E+00	8.42E+02	8.42E+02	8.43E+02	8.43E+02	8.43E+02	8.43E+02
479	0.00E+00	8.43E+02	8.44E+02	8.44E+02	8.45E+02	8.45E+02	8.45E+02
480	0.00E+00	8.45E+02	8.46E+02	8.46E+02	8.46E+02	8.46E+02	8.46E+02
481	0.00E+00	8.47E+02	8.47E+02	8.47E+02	8.48E+02	8.48E+02	8.48E+02
482	0.00E+00	8.48E+02	8.49E+02	8.49E+02	8.49E+02	8.49E+02	8.49E+02
483	0.00E+00	8.50E+02	8.50E+02	8.50E+02	8.50E+02	8.51E+02	8.51E+02
484	0.00E+00	8.51E+02	8.51E+02	8.52E+02	8.52E+02	8.52E+02	8.52E+02
485	0.00E+00	8.52E+02	8.53E+02	8.53E+02	8.53E+02	8.53E+02	8.53E+02
486	0.00E+00	8.54E+02	8.54E+02	8.54E+02	8.54E+02	8.54E+02	8.54E+02
487	0.00E+00	8.55E+02	8.55E+02	8.56E+02	8.56E+02	8.56E+02	8.56E+02
488	0.00E+00	8.56E+02	8.57E+02	8.57E+02	8.57E+02	8.57E+02	8.57E+02
489	0.00E+00	8.58E+02	8.58E+02	8.58E+02	8.58E+02	8.58E+02	8.58E+02
490	0.00E+00	8.59E+02	8.59E+02	8.59E+02	8.59E+02	8.59E+02	8.59E+02
491	0.00E+00	8.60E+02	8.60E+02	8.60E+02	8.60E+02	8.60E+02	8.60E+02
492	0.00E+00	8.61E+02	8.61E+02	8.61E+02	8.61E+02	8.61E+02	8.61E+02
493	0.00E+00	8.62E+02	8.62E+02	8.62E+02	8.62E+02	8.62E+02	8.62E+02
494	0.00E+00	8.63E+02	8.63E+02	8.63E+02	8.63E+02	8.63E+02	8.63E+02
495	0.00E+00	8.64E+02	8.64E+02	8.64E+02	8.63E+02	8.63E+02	8.63E+02
496	0.00E+00	8.64E+02	8.64E+02	8.64E+02	8.64E+02	8.64E+02	8.64E+02
497	0.00E+00	8.65E+02	8.65E+02	8.65E+02	8.65E+02	8.65E+02	8.65E+02
498	0.00E+00	8.66E+02	8.66E+02	8.66E+02	8.65E+02	8.65E+02	8.65E+02
499	0.00E+00	8.66E+02	8.66E+02	8.66E+02	8.66E+02	8.66E+02	8.66E+02
500	0.00E+00	8.67E+02	8.67E+02	8.66E+02	8.66E+02	8.66E+02	8.66E+02
501	0.00E+00	8.67E+02	8.67E+02	8.67E+02	8.67E+02	8.67E+02	8.67E+02
502	0.00E+00	8.67E+02	8.67E+02	8.67E+02	8.67E+02	8.67E+02	8.67E+02
503	0.00E+00	8.68E+02	8.68E+02	8.67E+02	8.67E+02	8.67E+02	8.67E+02
504	0.00E+00	8.68E+02	8.68E+02	8.68E+02	8.68E+02	8.67E+02	8.67E+02
505	0.00E+00	8.68E+02	8.68E+02	8.68E+02	8.68E+02	8.68E+02	8.68E+02
506	0.00E+00	8.68E+02	8.68E+02	8.68E+02	8.68E+02	8.68E+02	8.68E+02
507	0.00E+00	8.68E+02	8.68E+02	8.68E+02	8.68E+02	8.68E+02	8.68E+02
508	0.00E+00	8.68E+02	8.68E+02	8.68E+02	8.68E+02	8.68E+02	8.68E+02
509	0.00E+00	8.68E+02	8.68E+02	8.68E+02	8.68E+02	8.68E+02	8.68E+02
510	0.00E+00	8.68E+02	8.68E+02	8.68E+02	8.68E+02	8.68E+02	8.68E+02
511	0.00E+00	8.68E+02	8.67E+02	8.67E+02	8.67E+02	8.67E+02	8.67E+02
512	0.00E+00	8.67E+02	8.67E+02	8.67E+02	8.67E+02	8.67E+02	8.67E+02
513	0.00E+00	8.67E+02	8.67E+02	8.67E+02	8.67E+02	8.67E+02	8.67E+02
514	0.00E+00	8.67E+02	8.66E+02	8.66E+02	8.66E+02	8.66E+02	8.66E+02
515	0.00E+00	8.66E+02	8.66E+02	8.66E+02	8.66E+02	8.66E+02	8.66E+02
516	0.00E+00	8.65E+02	8.66E+02	8.66E+02	8.66E+02	8.66E+02	8.66E+02
517	0.00E+00	8.65E+02	8.65E+02	8.65E+02	8.65E+02	8.65E+02	8.65E+02
518	0.00E+00	8.64E+02	8.64E+02	8.64E+02	8.64E+02	8.64E+02	8.64E+02
519	0.00E+00	8.64E+02	8.64E+02	8.64E+02	8.64E+02	8.64E+02	8.64E+02
520	0.00E+00	8.63E+02	8.63E+02	8.63E+02	8.63E+02	8.63E+02	8.63E+02
521	0.00E+00	8.62E+02	8.62E+02	8.62E+02	8.62E+02	8.62E+02	8.62E+02
522	0.00E+00	8.61E+02	8.61E+02	8.61E+02	8.61E+02	8.61E+02	8.61E+02
523	0.00E+00	8.60E+02	8.60E+02	8.60E+02	8.60E+02	8.60E+02	8.60E+02
524	0.00E+00	8.59E+02	8.59E+02	8.59E+02	8.59E+02	8.59E+02	8.59E+02
525	0.00E+00	8.58E+02	8.58E+02	8.58E+02	8.58E+02	8.58E+02	8.58E+02
526	0.00E+00	8.57E+02	8.57E+02	8.57E+02	8.57E+02	8.57E+02	8.57E+02
527	0.00E+00	8.55E+02	8.56E+02	8.56E+02	8.56E+02	8.56E+02	8.56E+02
528	0.00E+00	8.54E+02	8.54E+02	8.55E+02	8.55E+02	8.55E+02	8.55E+02
529	0.00E+00	8.53E+02	8.53E+02	8.53E+02	8.53E+02	8.53E+02	8.53E+02
530	0.00E+00	8.51E+02	8.51E+02	8.52E+02	8.52E+02	8.52E+02	8.52E+02
531	0.00E+00	8.50E+02	8.50E+02	8.50E+02	8.50E+02	8.50E+02	8.50E+02
532	0.00E+00	8.48E+02	8.48E+02	8.48E+02	8.49E+02	8.49E+02	8.49E+02
533	0.00E+00	8.47E+02	8.47E+02	8.47E+02	8.47E+02	8.47E+02	8.47E+02
534	0.00E+00	8.45E+02	8.45E+02	8.45E+02	8.45E+02	8.45E+02	8.45E+02
535	0.00E+00	8.43E+02	8.43E+02	8.43E+02	8.43E+02	8.43E+02	8.43E+02
536	0.00E+00	8.42E+02	8.41E+02	8.41E+02	8.41E+02	8.41E+02	8.41E+02
537	0.00E+00	8.40E+02	8.39E+02	8.39E+02	8.39E+02	8.39E+02	8.39E+02
538	0.00E+00	8.38E+02	8.37E+02	8.37E+02	8.37E+02	8.37E+02	8.37E+02
539	0.00E+00	8.36E+02	8.35E+02	8.35E+02	8.35E+02	8.35E+02	8.35E+02
540	0.00E+00	8.34E+02	8.33E+02	8.33E+02	8.33E+02	8.33E+02	8.33E+02
541	0.00E+00	8.32E+02	8.31E+02	8.31E+02	8.31E+02	8.31E+02	8.31E+02
542	0.00E+00	8.29E+02	8.28E+02	8.28E+02	8.28E+02	8.28E+02	8.28E+02
543	0.00E+00	8.27E+02	8.26E+02	8.26E+02	8.26E+02	8.26E+02	8.26E+02
544	0.00E+00	8.25E+02	8.24E+02	8.23E+02	8.23E+02	8.23E+02	8.23E+02
545	0.00E+00	8.22E+02	8.21E+02	8.21E+02	8.21E+02	8.21E+02	8.21E+02
546	0.00E+00	8.19E+02	8.19E+02	8.18E+02	8.18E+02	8.18E+02	8.18E+02
547	0.00E+00	8.17E+02	8.16E+02	8.16E+02	8.15E+02	8.15E+02	8.15E+02
548	0.00E+00	8.14E+02	8.13E+02	8.13E+02	8.13E+02	8.13E+02	8.13E+02
549	0.00E+00	8.11E+02	8.11E+02	8.10E+02	8.10E+02	8.10E+02	8.10E+02
550	0.00E+00	8.08E+02	8.08E+02	8.07E+02	8.07E+02	8.07E+02	8.07E+02
551	0.00E+00	8.05E+02	8.05E+02	8.04E+02	8.04E+02	8.04E+02	8.04E+02
552	0.00E+00	8.02E+02	8.02E+02	8.01E+02	8.01E+02	8.01E+02	8.01E+02
553	0.00E+00	7.99E+02	7.98E+02	7.98E+02	7.98E+02	7.98E+02	7.98E+02
554	0.00E+00	7.95E+02	7.95E+02	7.95E+02	7.95E+02	7.95E+02	7.95E+02
555	0.00E+00	7.92E+02	7.92E+02	7.92E+02	7.91E+02	7.91E+02	7.91E+02
556	0.00E+00	7.88E+02	7.88E+02	7.88E+02	7.88E+02	7.88E+02	7.88E+02
557	0.00E+00	7.84E+02	7.85E+02	7.85E+02	7.85E+02	7.84E+02	7.84E+02
558	0.00E+00	7.81E+02	7.81E+02	7.81E+02	7.81E+02	7.81E+02	7.81E+02
559	0.00E+00	7.77E+02	7.77E+02	7.77E+02	7.77E+02	7.77E+02	7.77E+02
560	0.00E+00	7.73E+02	7.73E+02	7.74E+02	7.74E+02	7.74E+02	7.74E+02
561	0.00E+00	7.68E+02	7.69E+02	7.70E+02	7.70E+02	7.70E+02	7.70E+02
562	0.00E+00	7.64E+02	7.65E+02	7.66E+02	7.66E+02	7.66E+02	7.66E+02
563	0.00E+00	7.60E+02	7.61E+02	7.61E+02	7.62E+02	7.62E+02	7.62E+02
564	0.00E+00	7.55E+02	7.57E+02	7.57E+02	7.57E+02	7.57E+02	7.57E+02
565	0.00E+00	7.51E+02	7.52E+02	7.53E+02	7.53E+02	7.53E+02	7.53E+02
566	0.00E+00	7.46E+02	7.47E+02	7.48E+02	7.48E+02	7.49E+02	7.49E+02
567	0.00E+00	7.41E+02	7.43E+02	7.43E+02	7.44E+02	7.44E+02	7.44E+02
568	0.00E+00	7.37E+02	7.38E+02	7.39E+02	7.39E+02	7.39E+02	7.39E+02
569	0.00E+00	7.32E+02	7.33E+02	7.34E+02	7.34E+02	7.35E+02	7.35E+02
570	0.00E+00	7.27E+02	7.28E+02	7.29E+02	7.29E+02	7.30E+02	7.30E+02
571	0.00E+00	7.23E+02	7.24E+02	7.24E+02	7.25E+02	7.25E+02	7.25E+02
572	0.00E+00	7.18E+02	7.19E+02	7.19E+02	7.20E+02	7.20E+02	7.20E+02
573	0.00E+00	7.13E+02	7.14E+02	7.14E+02	7.15E+02	7.15E+02	7.15E+02
574	0.00E+00	7.09E+02	7.09E+02	7.09E+02	7.10E+02	7.10E+02	7.10E+02
575	0.00E+00	7.04E+02	7.04E+02	7.04E+02	7.05E+02	7.05E+02	7.05E+02
576	0.00E+00	7.00E+02	6.99E+02	6.99E+02	7.00E+02	7.00E+02	7.00E+02
577	0.00E+00	6.95E+02	6.95E+02	6.95E+02	6.95E+02	6.95E+02	6.95E+02
578	0.00E+00	6.91E+02	6.90E+02	6.90E+02	6.90E+02	6.90E+02	6.90E+02
579	0.00E+00	6.87E+02	6.86E+02	6.85E+02	6.85E+02	6.85E+02	6.85E+02
580	0.00E+00	6.82E+02	6.81E+02	6.81E+02	6.80E+02	6.80E+02	6.80E+02
581	0.00E+00	6.78E+02	6.77E+02	6.76E+02	6.76E+02	6.75E+02	6.75E+02
582	0.00E+00	6.74E+02	6.73E+02	6.72E+02	6.71E+02	6.71E+02	6.71E+02
583	0.00E+00	6.71E+02	6.69E+02	6.68E+02	6.67E+02	6.66E+02	6.66E+02
584	0.00E+00	6.67E+02	6.65E+02	6.63E+02	6.63E+02	6.62E+02	6.62E+02
585	0.00E+00	6.63E+02	6.61E+02	6.59E+02	6.58E+02	6.58E+02	6.58E+02
586	0.00E+00	6.60E+02	6.57E+02	6.55E+02	6.54E+02	6.54E+02	6.54E+02
587	0.00E+00	6.56E+02	6.53E+02	6.52E+02	6.51E+02	6.50E+02	6.50E+02
588	0.00E+00	6.53E+02	6.50E+02	6.48E+02	6.47E+02	6.46E+02	6.46E+02
589	0.00E+00	6.50E+02	6.46E+02	6.44E+02	6.43E+02	6.42E+02	6.42E+02
590	0.00E+00	6.46E+02	6.43E+02	6.41E+02	6.39E+02	6.39E+02	6.39E+02
591	0.00E+00	6.43E+02	6.39E+02	6.37E+02	6.36E+02	6.35E+02	6.35E+02
592	0.00E+00	6.40E+02	6.36E+02	6.34E+02	6.32E+02	6.31E+02	6.31E+02
593	0.00E+00	6.37E+02	6.33E+02	6.30E+02	6.29E+02	6.28E+02	6.28E+02
594	0.00E+00	6.34E+02	6.30E+02	6.27E+02	6.26E+02	6.24E+02	6.24E+02
595	0.00E+00	6.30E+02	6.26E+02	6.24E+02	6.22E+02	6.21E+02	6.21E+02
596	0.00E+00	6.27E+02	6.23E+02	6.21E+02	6.19E+02	6.18E+02	6.18E+02
597	0.00E+00	6.24E+02	6.20E+02	6.17E+02	6.15E+02	6.14E+02	6.14E+02
598	0.00E+00	6.21E+02	6.17E+02	6.14E+02	6.12E+02	6.11E+02	6.11E+02
599	0.00E+00	6.18E+02	6.13E+02	6.11E+02	6.09E+02	6.08E+02	6.08E+02
600	0.00E+00	6.14E+02	6.10E+02	6.07E+02	6.05E+02	6.04E+02	6.04E+02
601	0.00E+00	6.11E+02	6.07E+02	6.04E+02	6.02E+02	6.01E+02	6.01E+02
602	0.00E+00	6.08E+02	6.03E+02	6.00E+02	5.98E+02	5.97E+02	5.97E+02
603	0.00E+00	6.04E+02	6.00E+02	5.97E+02	5.95E+02	5.94E+02	5.94E+02
604	0.00E+00	6.00E+02	5.96E+02	5.93E+02	5.91E+02	5.90E+02	5.90E+02
605	0.00E+00	5.97E+02	5.92E+02	5.89E+02	5.87E+02	5.86E+02	5.86E+02
606	0.00E+00	5.93E+02	5.88E+02	5.85E+02	5.83E+02	5.82E+02	5.82E+02
607	0.00E+00	5.89E+02	5.85E+02	5.81E+02	5.79E+02	5.78E+02	5.78E+02
608	0.00E+00	5.85E+02	5.80E+02	5.77E+02	5.75E+02	5.74E+02	5.74E+02
609	0.00E+00	5.81E+02	5.76E+02	5.73E+02	5.71E+02	5.70E+02	5.70E+02
610	0.00E+00	5.76E+02	5.72E+02	5.69E+02	5.67E+02	5.65E+02	5.65E+02
611	0.00E+00	5.72E+02	5.67E+02	5.64E+02	5.62E+02	5.61E+02	5.61E+02
612	0.00E+00	5.67E+02	5.63E+02	5.59E+02	5.57E+02	5.56E+02	5.56E+02
613	0.00E+00	5.62E+02	5.58E+02	5.55E+02	5.53E+02	5.51E+02	5.51E+02
614	0.00E+00	5.57E+02	5.53E+02	5.50E+02	5.48E+02	5.46E+02	5.46E+02
615	0.00E+00	5.52E+02	5.48E+02	5.44E+02	5.42E+02	5.41E+02	5.41E+02
616	0.00E+00	5.47E+02	5.42E+02	5.39E+02	5.37E+02	5.36E+02	5.36E+02
617	0.00E+00	5.41E+02	5.37E+02	5.34E+02	5.31E+02	5.30E+02	5.30E+02
618	0.00E+00	5.35E+02	5.31E+02	5.28E+02	5.26E+02	5.24E+02	5.24E+02
619	0.00E+00	5.30E+02	5.25E+02	5.22E+02	5.20E+02	5.18E+02	5.18E+02
620	0.00E+00	5.23E+02	5.19E+02	5.16E+02	5.14E+02	5.12E+02	5.12E+02
621	0.00E+00	5.17E+02	5.13E+02	5.10E+02	5.07E+02	5.06E+02	5.06E+02
622	0.00E+00	5.11E+02	5.07E+02	5.03E+02	5.01E+02	4.99E+02	4.99E+02
623	0.00E+00	5.04E+02	5.00E+02	4.96E+02	4.94E+02	4.92E+02	4.92E+02
624	0.00E+00	4.98E+02	4.93E+02	4.89E+02	4.87E+02	4.85E+02	4.85E+02
625	0.00E+00	4.91E+02	4.86E+02	4.82E+02	4.80E+02	4.78E+02	4.78E+02
626	0.00E+00	4.84E+02	4.79E+02	4.75E+02	4.73E+02	4.71E+02	4.71E+02
627	0.00E+00	4.76E+02	4.72E+02	4.68E+02	4.65E+02	4.64E+02	4.64E+02
628	0.00E+00	4.69E+02	4.64E+02	4.60E+02	4.58E+02	4.56E+02	4.56E+02
629	0.00E+00	4.62E+02	4.57E+02	4.53E+02	4.50E+02	4.48E+02	4.48E+02
630	0.00E+00	4.54E+02	4.49E+02	4.45E+02	4.42E+02	4.40E+02	4.40E+02
631	0.00E+00	4.47E+02	4.41E+02	4.37E+02	4.34E+02	4.32E+02	4.32E+02
632	0.00E+00	4.39E+02	4.33E+02	4.29E+02	4.26E+02	4.24E+02	4.24E+02
633	0.00E+00	4.31E+02	4.25E+02	4.21E+02	4.18E+02	4.16E+02	4.16E+02
634	0.00E+00	4.24E+02	4.17E+02	4.13E+02	4.10E+02	4.08E+02	4.08E+02
635	0.00E+00	4.16E+02	4.09E+02	4.05E+02	4.02E+02	4.00E+02	4.00E+02
636	0.00E+00	4.08E+02	4.01E+02	3.97E+02	3.93E+02	3.91E+02	3.91E+02
637	0.00E+00	4.00E+02	3.93E+02	3.88E+02	3.85E+02	3.83E+02	3.83E+02
638	0.00E+00	3.92E+02	3.85E+02	3.80E+02	3.77E+02	3.75E+02	3.75E+02
639	0.00E+00	3.85E+02	3.77E+02	3.72E+02	3.69E+02	3.67E+02	3.67E+02
640	0.00E+00	3.77E+02	3.69E+02	3.64E+02	3.61E+02	3.58E+02	3.58E+02
641	0.00E+00	3.69E+02	3.61E+02	3.56E+02	3.52E+02	3.50E+02	3.50E+02
642	0.00E+00	3.62E+02	3.53E+02	3.48E+02	3.44E+02	3.42E+02	3.42E+02
643	0.00E+00	3.54E+02	3.45E+02	3.40E+02	3.36E+02	3.34E+02	3.34E+02
644	0.00E+00	3.47E+02	3.38E+02	3.32E+02	3.29E+02	3.26E+02	3.26E+02
645	0.00E+00	3.39E+02	3.30E+02	3.24E+02	3.21E+02	3.18E+02	3.18E+02
646	0.00E+00	3.32E+02	3.23E+02	3.17E+02	3.13E+02	3.11E+02	3.11E+02
647	0.00E+00	3.25E+02	3.15E+02	3.09E+02	3.06E+02	3.03E+02	3.03E+02
648	0.00E+00	3.18E+02	3.08E+02	3.02E+02	2.98E+02	2.96E+02	2.96E+02
649	0.00E+00	3.11E+02	3.01E+02	2.95E+02	2.91E+02	2.88E+02	2.88E+02
650	0.00E+00	3.04E+02	2.94E+02	2.88E+02	2.84E+02	2.81E+02	2.81E+02
651	0.00E+00	2.97E+02	2.87E+02	2.81E+02	2.77E+02	2.74E+02	2.74E+02
652	0.00E+00	2.91E+02	2.80E+02	2.74E+02	2.70E+02	2.67E+02	2.67E+02
653	0.00E+00	2.84E+02	2.74E+02	2.67E+02	2.63E+02	2.61E+02	2.61E+02
654	0.00E+00	2.77E+02	2.67E+02	2.61E+02	2.57E+02	2.54E+02	2.54E+02
655	0.00E+00	2.71E+02	2.61E+02	2.54E+02	2.50E+02	2.48E+02	2.48E+02
656	0.00E+00	2.65E+02	2.54E+02	2.48E+02	2.44E+02	2.42E+02	2.42E+02
657	0.00E+00	2.58E+02	2.48E+02	2.42E+02	2.38E+02	2.36E+02	2.36E+02
658	0.00E+00	2.52E+02	2.42E+02	2.36E+02	2.32E+02	2.30E+02	2.30E+02
659	0.00E+00	2.46E+02	2.36E+02	2.30E+02	2.27E+02	2.24E+02	2.24E+02
660	0.00E+00	2.40E+02	2.30E+02	2.25E+02	2.21E+02	2.18E+02	2.18E+02
661	0.00E+00	2.34E+02	2.25E+02	2.19E+02	2.15E+02	2.13E+02	2.13E+02
662	0.00E+00	2.28E+02	2.19E+02	2.13E+02	2.10E+02	2.07E+02	2.07E+02
663	0.00E+00	2.22E+02	2.13E+02	2.08E+02	2.04E+02	2.02E+02	2.02E+02
664	0.00E+00	2.16E+02	2.08E+02	2.02E+02	1.99E+02	1.97E+02	1.97E+02
665	0.00E+00	2.10E+02	2.02E+02	1.97E+02	1.94E+02	1.92E+02	1.92E+02
666	0.00E+00	2.05E+02	1.97E+02	1.92E+02	1.89E+02	1.86E+02	1.86E+02
667	0.00E+00	1.99E+02	1.91E+02	1.87E+02	1.84E+02	1.81E+02	1.81E+02
668	0.00E+00	1.93E+02	1.86E+02	1.81E+02	1.78E+02	1.76E+02	1.76E+02
669	0.00E+00	1.87E+02	1.80E+02	1.76E+02	1.73E+02	1.71E+02	1.71E+02
670	0.00E+00	1.82E+02	1.75E+02	1.71E+02	1.68E+02	1.66E+02	1.66E+02
671	0.00E+00	1.76E+02	1.70E+02	1.66E+02	1.63E+02	1.62E+02	1.62E+02
672	0.00E+00	1.71E+02	1.65E+02	1.61E+02	1.58E+02	1.57E+02	1.57E+02
673	0.00E+00	1.65E+02	1.59E+02	1.56E+02	1.53E+02	1.52E+02	1.52E+02
674	0.00E+00	1.60E+02	1.54E+02	1.51E+02	1.49E+02	1.47E+02	1.47E+02
675	0.00E+00	1.54E+02	1.49E+02	1.46E+02	1.44E+02	1.42E+02	1.42E+02
676	0.00E+00	1.49E+02	1.44E+02	1.41E+02	1.39E+02	1.37E+02	1.37E+02
677	0.00E+00	1.44E+02	1.39E+02	1.36E+02	1.34E+02	1.33E+02	1.33E+02
678	0.00E+00	1.38E+02	1.34E+02	1.31E+02	1.29E+02	1.28E+02	1.28E+02
679	0.00E+00	1.33E+02	1.29E+02	1.26E+02	1.25E+02	1.23E+02	1.23E+02
680	0.00E+00	1.28E+02	1.24E+02	1.22E+02	1.20E+02	1.19E+02	1.19E+02
681	0.00E+00	1.23E+02	1.19E+02	1.17E+02	1.15E+02	1.14E+02	1.14E+02
682	0.00E+00	1.18E+02	1.14E+02	1.12E+02	1.11E+02	1.10E+02	1.10E+02
683	0.00E+00	1.13E+02	1.09E+02	1.08E+02	1.06E+02	1.05E+02	1.05E+02
684	0.00E+00	1.08E+02	1.05E+02	1.03E+02	1.02E+02	1.01E+02	1.01E+02
685	0.00E+00	1.03E+02	1.00E+02	9.85E+01	9.74E+01	9.66E+01	9.66E+01
686	0.00E+00	9.83E+01	9.57E+01	9.41E+01	9.30E+01	9.23E+01	9.23E+01
687	0.00E+00	9.37E+01	9.12E+01	8.98E+01	8.88E+01	8.81E+01	8.81E+01
688	0.00E+00	8.91E+01	8.69E+01	8.55E+01	8.46E+01	8.39E+01	8.39E+01
689	0.00E+00	8.47E+01	8.26E+01	8.13E+01	8.05E+01	7.99E+01	7.99E+01
690	0.00E+00	8.03E+01	7.84E+01	7.72E+01	7.64E+01	7.59E+01	7.59E+01
691	0.00E+00	7.61E+01	7.43E+01	7.32E+01	7.25E+01	7.20E+01	7.20E+01
692	0.00E+00	7.20E+01	7.03E+01	6.93E+01	6.86E+01	6.81E+01	6.81E+01
693	0.00E+00	6.79E+01	6.64E+01	6.55E+01	6.48E+01	6.44E+01	6.44E+01
694	0.00E+00	6.40E+01	6.26E+01	6.17E+01	6.12E+01	6.08E+01	6.08E+01
695	0.00E+00	6.02E+01	5.89E+01	5.81E+01	5.76E+01	5.72E+01	5.72E+01
696	0.00E+00	5.65E+01	5.53E+01	5.46E+01	5.41E+01	5.38E+01	5.38E+01
697	0.00E+00	5.30E+01	5.19E+01	5.12E+01	5.07E+01	5.04E+01	5.04E+01
698	0.00E+00	4.95E+01	4.85E+01	4.79E+01	4.75E+01	4.72E+01	4.72E+01
699	0.00E+00	4.62E+01	4.53E+01	4.47E+01	4.43E+01	4.41E+01	4.41E+01
700	0.00E+00	4.30E+01	4.22E+01	4.17E+01	4.13E+01	4.11E+01	4.11E+01
701	0.00E+00	4.00E+01	3.92E+01	3.87E+01	3.84E+01	3.82E+01	3.82E+01
702	0.00E+00	3.71E+01	3.63E+01	3.59E+01	3.56E+01	3.54E+01	3.54E+01
703	0.00E+00	3.43E+01	3.36E+01	3.32E+01	3.29E+01	3.28E+01	3.28E+01
704	0.00E+00	3.16E+01	3.10E+01	3.06E+01	3.04E+01	3.02E+01	3.02E+01
705	0.00E+00	2.91E+01	2.85E+01	2.82E+01	2.80E+01	2.78E+01	2.78E+01
706	0.00E+00	2.67E+01	2.62E+01	2.59E+01	2.57E+01	2.56E+01	2.56E+01
707	0.00E+00	2.44E+01	2.40E+01	2.37E+01	2.36E+01	2.34E+01	2.34E+01
708	0.00E+00	2.23E+01	2.19E+01	2.17E+01	2.16E+01	2.14E+01	2.14E+01
709	0.00E+00	2.04E+01	2.00E+01	1.98E+01	1.97E+01	1.96E+01	1.96E+01
710	0.00E+00	1.85E+01	1.82E+01	1.80E+01	1.79E+01	1.78E+01	1.78E+01
711	0.00E+00	1.68E+01	1.66E+01	1.64E+01	1.63E+01	1.62E+01	1.62E+01
712	0.00E+00	1.53E+01	1.50E+01	1.49E+01	1.48E+01	1.47E+01	1.47E+01
713	0.00E+00	1.38E+01	1.36E+01	1.35E+01	1.34E+01	1.33E+01	1.33E+01
714	0.00E+00	1.25E+01	1.23E+01	1.22E+01	1.21E+01	1.20E+01	1.20E+01
715	0.00E+00	1.13E+01	1.11E+01	1.10E+01	1.09E+01	1.09E+01	1.09E+01
716	0.00E+00	1.02E+01	1.00E+01	9.93E+00	9.86E+00	9.82E+00	9.82E+00
717	0.00E+00	9.17E+00	9.04E+00	8.95E+00	8.90E+00	8.86E+00	8.86E+00
718	0.00E+00	8.26E+00	8.14E+00	8.07E+00	8.02E+00	7.98E+00	7.98E+00
719	0.00E+00	7.43E+00	7.33E+00	7.26E+00	7.21E+00	7.18E+00	7.18E+00
720	0.00E+00	6.68E+00	6.58E+00	6.52E+00	6.48E+00	6.46E+00	6.46E+00
721	0.00E+00	5.99E+00	5.91E+00	5.85E+00	5.82E+00	5.79E+00	5.79E+00
722	0.00E+00	5.36E+00	5.29E+00	5.24E+00	5.21E+00	5.19E+00	5.19E+00
723	0.00E+00	4.79E+00	4.73E+00	4.69E+00	4.66E+00	4.64E+00	4.64E+00
724	0.00E+00	4.27E+00	4.22E+00	4.18E+00	4.16E+00	4.14E+00	4.14E+00
725	0.00E+00	3.80E+00	3.75E+00	3.72E+00	3.70E+00	3.69E+00	3.69E+00
726	0.00E+00	3.37E+00	3.33E+00	3.30E+00	3.29E+00	3.27E+00	3.27E+00
727	0.00E+00	2.99E+00	2.95E+00	2.93E+00	2.91E+00	2.90E+00	2.90E+00
728	0.00E+00	2.64E+00	2.61E+00	2.59E+00	2.57E+00	2.56E+00	2.56E+00
729	0.00E+00	2.32E+00	2.30E+00	2.28E+00	2.27E+00	2.26E+00	2.26E+00
730	0.00E+00	2.04E+00	2.02E+00	2.01E+00	2.00E+00	1.99E+00	1.99E+00
731	0.00E+00	1.79E+00	1.77E+00	1.76E+00	1.75E+00	1.75E+00	1.75E+00
732	0.00E+00	1.57E+00	1.55E+00	1.54E+00	1.54E+00	1.53E+00	1.53E+00
733	0.00E+00	1.37E+00	1.36E+00	1.35E+00	1.34E+00	1.34E+00	1.34E+00
734	0.00E+00	1.20E+00	1.19E+00	1.18E+00	1.17E+00	1.17E+00	1.17E+00
735	0.00E+00	1.04E+00	1.03E+00	1.03E+00	1.02E+00	1.02E+00	1.02E+00
736	0.00E+00	9.09E-01	9.00E-01	8.94E-01	8.90E-01	8.87E-01	8.87E-01
737	0.00E+00	7.90E-01	7.82E-01	7.77E-01	7.73E-01	7.71E-01	7.71E-01
738	0.00E+00	6.85E-01	6.78E-01	6.73E-01	6.70E-01	6.68E-01	6.68E-01
739	0.00E+00	5.92E-01	5.86E-01	5.82E-01	5.80E-01	5.78E-01	5.78E-01
740	0.00E+00	5.10E-01	5.05E-01	5.01E-01	4.99E-01	4.97E-01	4.97E-01
741	0.00E+00	4.37E-01	4.33E-01	4.30E-01	4.28E-01	4.27E-01	4.27E-01
742	0.00E+00	3.73E-01	3.70E-01	3.67E-01	3.65E-01	3.64E-01	3.64E-01
743	0.00E+00	3.18E-01	3.14E-01	3.12E-01	3.11E-01	3.10E-01	3.10E-01
744	0.00E+00	2.69E-01	2.66E-01	2.64E-01	2.63E-01	2.62E-01	2.62E-01
745	0.00E+00	2.28E-01	2.25E-01	2.23E-01	2.22E-01	2.21E-01	2.21E-01
746	0.00E+00	1.92E-01	1.90E-01	1.88E-01	1.87E-01	1.86E-01	1.86E-01
747	0.00E+00	1.61E-01	1.59E-01	1.58E-01	1.57E-01	1.56E-01	1.56E-01
748	0.00E+00	1.33E-01	1.32E-01	1.31E-01	1.31E-01	1.30E-01	1.30E-01
749	0.00E+00	1.08E-01	1.07E-01	1.07E-01	1.06E-01	1.06E-01	1.06E-01
750	0.00E+00	8.36E-02	8.30E-02	8.26E-02	8.23E-02	8.21E-02	8.21E-02
751	0.00E+00	5.83E-02	5.80E-02	5.79E-02	5.78E-02	5.77E-02	5.77E-02
752	0.00E+00	3.08E-02	3.08E-02	3.08E-02	3.08E-02	3.08E-02	3.08E-02