1500.000000000000000000 
1850.283145815080000000 
2088.169218044210000000 
2228.593609995680000000 
2283.988578079370000000 
2270.434825613760000000 
2210.050088980600000000 
2129.913841421150000000 
2058.190343246310000000 
2018.326212859970000000 
2023.444933974470000000 
2073.457804634310000000 
2156.263208158400000000 
2252.353166842330000000 
2341.065099115220000000 
2406.329418124840000000 
2439.958719362960000000 
2442.175871438560000000 
2419.978698971510000000 
2384.035823097750000000 
2345.574480898770000000 
2313.907299411150000000 
2293.528775921460000000 
2281.144992385640000000 
2265.057765497460000000 
2227.985532671860000000 
2152.573039573280000000 
2028.349345880890000000 
1858.498711689340000000 
1665.669577911620000000 
1500.000000000000000000 
1500.000000000000000000 
1615.428548661380000000 
2217.847695244000000000 
3494.100315946050000000 
5743.556572344610000000 
9289.268066367540000000 
14430.220653560400000000 
21377.253792786800000000 
30185.080183537300000000 
40686.991815004900000000 
52438.182329945500000000 
64710.631128795000000000 
76600.972920073500000000 
87235.898569940200000000 
95969.181007922800000000 
102481.238846306000000000 
106770.781654165000000000 
109076.569597411000000000 
109775.125295630000000000 
109287.678950336000000000 
108012.299511755000000000 
106283.114360204000000000 
104351.336953869000000000 
102383.358709229000000000 
100471.491690563000000000 
98650.561027887800000000 
96915.237587674800000000 
95236.837562950600000000 
93578.909965623300000000 
91910.010447854700000000 
90211.932154182800000000 
88482.804545032700000000 
86736.401666722200000000 
85000.310011908700000000 
83313.831314055100000000 
81723.012802444800000000 
80271.518909829600000000 
78990.421307084000000000 
77890.569487488900000000 
76959.365937105300000000 
76161.466749298500000000 
75441.321356704500000000 
74727.401264120700000000 
73940.060556613900000000 
73003.372791256700000000 
71858.215190726800000000 
70471.756777394200000000 
68840.121121338300000000 
66986.382360568300000000 
64958.144614370200000000 
62826.377563396700000000 
60684.425039055000000000 
58642.900729245300000000 
56816.084318852100000000 
55302.111301014300000000 
54164.880846632900000000 
53423.188139361700000000 
53047.003791620600000000 
52958.928637012300000000 
53041.083670611900000000 
53150.014951109800000000 
53140.048404459100000000 
52889.598410883000000000 
52322.050465265900000000 
51415.487238138400000000 
50200.414683509200000000 
48749.560009311700000000 
47165.337578251800000000 
45567.238734133000000000 
44078.746562855200000000 
42813.519728953000000000 
41861.239398594300000000 
41274.540461830800000000 
41058.180231368400000000 
41161.773904498800000000 
41481.005875978600000000 
41871.503446581400000000 
42170.829042653700000000 
42220.193685756000000000 
41884.594119052000000000 
41074.922021104200000000 
39770.488007503100000000 
38034.574934076500000000 
36016.461349949100000000 
33937.112397129400000000 
32057.807193182200000000 
30633.113512583900000000 
29855.038570295400000000 
29801.196119591400000000 
30400.653608949200000000 
31427.094226632000000000 
32524.396479240300000000 
33265.283871768800000000 
33238.089416110200000000 
32149.307925726800000000 
29919.889768624500000000 
26746.507096355100000000 
23096.152051278600000000 
19602.263316446600000000 
16869.882758656300000000 
15278.576883217000000000 
14891.308687291300000000 
15494.371666621600000000 
16711.584811602100000000 
18126.209194777100000000 
19374.597098848500000000 
20201.283428415700000000 
20477.480135423800000000 
20191.866806879300000000 
19424.879041972600000000 
18316.275065501900000000 
17034.008297424100000000 
15748.639720628900000000 
14612.602233402200000000 
13742.694816351700000000 
13207.449037066600000000 
13023.169384858800000000 
13159.123850003400000000 
13547.441216872100000000 
14093.863859727400000000 
14688.398416502100000000 
15215.376528573300000000 
15563.664177387700000000 
15638.918870760700000000 
15376.703462171800000000 
14752.453975936600000000 
13786.861214107400000000 
12547.441609410200000000 
11145.413158103700000000 
9725.934722878150000000 
8450.603075747470000000 
7472.985255363660000000 
6911.196784755060000000 
6825.125422027760000000 
7205.337670057800000000 
7974.367678841370000000 
8997.462339482380000000 
10101.224666201800000000 
11098.497108118000000000 
11815.750028751400000000 
12116.904469873400000000 
11918.285618334800000000 
11460.751638256300000000 
10680.015680928000000000 
9602.825992875240000000 
8335.944805371530000000 
7043.863021980260000000 
5918.681613377050000000 
5146.562704391270000000 
4875.404305362750000000 
5188.179859189700000000 
6085.661785628000000000 
7481.052100223250000000 
9207.560277609920000000 
11038.306240291400000000 
12716.225742198600000000 
13990.183736692000000000 
14652.467974142600000000 
14572.346364842500000000 
13720.511962014400000000 
12180.094743148400000000 
10141.504403674900000000 
7880.560469134840000000 
5721.898877757020000000 
3992.114783745460000000 
2969.094077148480000000 
2835.135491452200000000 
3641.422403905600000000 
5290.045613827920000000 
7537.295168891170000000 
10018.687097886900000000 
12292.715668697500000000 
13897.223030961900000000 
14410.079247337400000000 
13505.075538054000000000 
10994.781003860700000000 
6854.359124665020000000 
1629.568677563350000000 
1500.000000000000000000 
1500.000000000000000000 
1500.000000000000000000 
1500.000000000000000000 
1500.000000000000000000 
1500.000000000000000000 
1500.000000000000000000 
1500.000000000000000000 
1500.000000000000000000 
1500.000000000000000000 
1500.000000000000000000 
1500.000000000000000000 
1500.000000000000000000 
1500.000000000000000000 
1500.000000000000000000 
1500.000000000000000000 
1500.000000000000000000 
1500.000000000000000000 
1764.291986373690000000 
2698.195872636130000000 
3419.579069564240000000 
3908.593343912200000000 
4160.763893229530000000 
4187.435264092040000000 
3988.019745385170000000 
3586.015075555390000000 
3070.777259321940000000 
2521.237553776550000000 
2005.343651390230000000 
1603.279947234640000000 
1500.000000000000000000 
1500.000000000000000000 
1500.000000000000000000 
1500.000000000000000000 
1500.000000000000000000 
1500.000000000000000000 
1640.418367923380000000 
3168.732589225270000000 
4643.011739111750000000 
5905.837245156160000000 
6819.246247012580000000 
7282.594029404060000000 
7245.864544051050000000 
6716.550420041330000000 
5759.180561825860000000 
4584.547965908840000000 
3597.055142934570000000 
2753.232023114330000000 
2050.007356251780000000 
1630.382048673000000000 
1597.396500857640000000 
2002.362257486720000000 
2839.339139154170000000 
4046.405890208010000000 
5513.562622536770000000 
7096.408204914790000000 
8634.048009013180000000 
9969.158227244780000000 
10967.827028605700000000 
11536.710506285400000000 
11635.240470057500000000 
11281.158521697900000000 
10548.484752763800000000 
9558.054091546950000000 
8461.782989800260000000 
7422.684211642090000000 
6593.270286155640000000 
6095.303955441770000000 
6003.763982996660000000 
6337.355758299330000000 
7056.951750354380000000 
8072.155402711140000000 
9254.948971588060000000 
10458.281183226100000000 
11536.657568673000000000 
12365.505491871700000000 
12856.379870518800000000 
12965.902116464200000000 
12697.494673757100000000 
12096.230225819200000000 
11238.260405858800000000 
10217.117474965500000000 
9129.495779604840000000 
8062.888023730350000000 
7086.790364516500000000 
6248.312963113050000000 
5572.139917512800000000 
5063.977246689420000000 
4716.091671610250000000 
4513.438273729340000000 
4439.105304156800000000 
4478.196566211380000000 
4619.724337609210000000 
4856.509551611700000000 
5183.415679406230000000 
5594.473223139720000000 
6079.622071274610000000 
6621.905726833490000000 
7195.913310595010000000 
7768.040952059210000000 
8298.777106418140000000 
8746.773516261240000000 
9074.061969741120000000 
9251.549983165980000000 
9263.896487921290000000 
9112.962206115160000000 
8819.199983166160000000 
8420.621532656850000000 
7969.361486132660000000 
7526.240505468840000000 
7153.994057347810000000 
6909.997504374470000000 
6839.401502066980000000 
6969.572417544010000000 
7306.592535856690000000 
7834.292308221870000000 
8515.902080973040000000 
9298.048378831400000000 
10116.550414600800000000 
10903.292758052900000000 
11593.373623252200000000 
12131.753116870800000000 
12478.725468473300000000 
12613.746635504300000000 
12537.425402313200000000 
12271.653111997500000000 
11857.900120913100000000 
11353.783411480800000000 
10828.085592139400000000 
10354.466837345000000000 
10004.255067031900000000 
9838.921055503200000000 
9903.036812547330000000 
10218.596912114700000000 
10781.533321125200000000 
11561.082738209600000000 
12502.347556562300000000 
13531.909269079100000000 
14565.842398230100000000 
15519.123539923500000000 
16315.242354445000000000 
16894.811014767500000000 
17222.152335440000000000 
17289.151688958400000000 
17115.998707790700000000 
16748.784757220900000000 
16254.253058237500000000 
15712.273137356500000000 
15206.813847582700000000 
14816.385217959500000000 
14605.055227804300000000 
14615.109890859100000000 
14862.259302909100000000 
15334.028674985500000000 
15991.547606439500000000 
16774.435226394300000000 
17608.046893859900000000 
18412.060725794000000000 
19109.208705849000000000 
19632.964373002400000000 
19933.301746683000000000 
19980.114480816700000000 
19764.311219454600000000 
19296.917178586000000000 
18606.676996208700000000 
17736.684074594000000000 
16740.509197430400000000 
15678.186608153600000000 
14612.299174126800000000 
13604.298919137900000000 
12711.079795304000000000 
11981.762176809400000000 
11454.718273283400000000 
11155.003058767200000000 
11092.359977060400000000 
11260.066114690900000000 
11634.810948571900000000 
12177.754133836900000000 
12836.843283121000000000 
13550.425726383800000000 
14252.090113703600000000 
14876.458025554300000000 
15365.430680977200000000 
15674.277588982800000000 
15776.873782322400000000 
15669.327151023100000000 
15371.319355207600000000 
14924.766970739800000000 
14389.750375268000000000 
13838.024353855400000000 
13344.838146634200000000 
12980.084867059300000000 
12799.885588469500000000 
12839.650761729400000000 
13109.468506154300000000 
13592.389058025700000000 
14245.831791358700000000 
15005.981158511900000000 
15794.742815522700000000 
16528.559908008500000000 
17128.123653452700000000 
17527.890487320800000000 
17684.384285575000000000 
17582.363220268500000000 
17238.002187215000000000 
16698.399815131900000000 
16037.150289089700000000 
15282.783455486100000000 
14580.778022957000000000 
14032.317611926000000000 
13725.969162935700000000 
13725.412033805500000000 
14059.611085990500000000 
14716.924941405900000000 
15644.300488567200000000 
16752.191612810700000000 
17924.898461556300000000 
19034.991788897200000000 
19959.746052576600000000 
20597.264746598800000000 
20880.084817413100000000 
20784.446826326200000000 
20334.030367062000000000 
19597.596882374000000000 
18680.745338058500000000 
17712.763625220300000000 
16830.103276725000000000 
16158.554556101200000000 
15796.679692060000000000 
15802.849483020800000000 
16187.507813087400000000 
16911.691903392500000000 
17892.182062197800000000 
19012.801221032000000000 
20140.602803585200000000 
21144.913249018200000000 
21916.425103051200000000 
22382.984162122700000000 
22518.886208544400000000 
22345.906256772300000000 
21925.948509822600000000 
21346.313894114000000000 
20700.141183497200000000 
20066.315615672900000000 
19493.316420061800000000 
18990.627275312900000000 
18531.647012607700000000 
18071.079875580100000000 
17571.328824695100000000 
17022.448037820700000000 
16444.519288660100000000 
15876.043341312800000000 
15358.648096224400000000 
14925.016341624500000000 
14592.279242229000000000 
14360.413897861600000000 
14214.148430278200000000 
14126.889020415300000000 
14065.697580142800000000 
13996.765684573000000000 
13890.594734623700000000 
13726.026055037600000000 
13492.865925988400000000 
13193.151703302600000000 
12840.971548927000000000 
12460.820657958300000000 
12084.725625795800000000 
11748.559828875700000000 
11487.996318173000000000 
11334.384166380300000000 
11310.624627609800000000 
11427.295175809100000000 
11679.854380061800000000 
12047.800294940700000000 
12496.003402552900000000 
12977.955865710700000000 
13440.469810543000000000 
13829.345793162100000000 
14095.629945537100000000 
14201.784930748700000000 
14126.701857984300000000 
13868.583621474700000000 
13445.255620405400000000 
12892.184947632200000000 
12258.899923352300000000 
11604.187581803600000000 
10990.158528292800000000 
10475.449591904600000000 
10108.132173430300000000 
9919.471493601290000000 
9920.068430462310000000 
10099.194265768800000000 
10426.956201489600000000 
10858.514001195100000000 
11339.819462472500000000 
11814.472579188700000000 
12230.955467348800000000 
12548.955013176800000000 
12743.413299185900000000 
12805.736065590100000000 
12742.537246801400000000 
12572.752493036700000000 
12323.962427626700000000 
12028.371960627100000000 
11718.526237448200000000 
11423.032150013300000000 
11162.852172884800000000 
10948.786056968800000000 
10780.677948941500000000 
10648.586207837100000000 
10535.910067163100000000 
10424.196238701000000000 
10298.488377701800000000 
10151.598081492100000000 
9986.641298353670000000 
9818.173141159710000000 
9671.755160053820000000 
9581.022814032480000000 
9581.832743715300000000 
9704.228818841370000000 
9963.608366020530000000 
10352.678863696400000000 
10836.084714751300000000 
11349.699764761400000000 
11805.885365675700000000 
12104.611669313800000000 
12149.048101684400000000 
11863.358729179200000000 
11209.704366610800000000 
10200.858294119700000000 
8904.640478352770000000 
7436.993766974800000000 
5942.687018451740000000 
4566.060345926110000000 
3418.746943763230000000 
2556.735716529950000000 
1978.154585218410000000 
1640.286101922750000000 
1508.271561530320000000 
1500.000000000000000000 
1500.000000000000000000 
1529.702193842500000000 
1590.327466232580000000 
1640.367731414380000000 
1674.479399256340000000 
1692.962519386550000000 
1699.239600425610000000 
1697.971441646160000000 
1693.656552420470000000 
1689.504598918820000000 
1686.775956193220000000 
1684.961174418720000000 
1682.733690358850000000 
1678.979363166190000000 
1673.258378825490000000 
1665.742310783820000000 
1656.954055360730000000 
1647.512662005720000000 
1638.101996020180000000 
1629.685994982990000000 
1623.616467702900000000 
1621.468786094020000000 
1624.878368598900000000 
1635.449163807060000000 
1654.450920147750000000 
1682.179302428720000000 
1717.150949271570000000 
1755.525151927710000000 
1791.245872574560000000 
1817.152494706650000000 
1826.680124508520000000 
1815.391004217710000000 
1782.026571612420000000 
1729.168387644880000000 
1663.413354072610000000 
1594.870492030790000000 
1535.971090679970000000 
1500.000000000000000000
