536.860320
535.636077
534.255973
532.590919
530.583004
528.236070
525.595112
522.725181
519.695086
516.566680
513.388992
510.198348
507.022060
503.881315
500.791337
497.759046
494.781562
491.848756
488.948155
486.067334
483.193529
480.315123
477.424738
474.519887
471.600753
468.667346
465.717542
462.747049
459.751870
456.731812
453.692026
450.641646
447.592158
444.556561
441.547813
438.577127
435.653771
432.784971
429.973750
427.218512
424.516842
421.867317
419.266151
416.702706
414.158713
411.612898
409.046743
406.446643
403.804232
401.117748
398.392427
395.638706
392.870375
390.102497
387.349245
384.623660
381.937888
379.301880
376.722205
374.201163
371.734480
369.310181
366.910615
364.514864
362.100835
359.647725
357.138927
354.566215
351.932635
349.251194
346.541368
343.824689
341.119243
338.435843
335.778300
333.146849
330.541916
327.965123
325.416318
322.889607
320.372652
317.850077
315.309019
312.744445
310.161842
307.575928
305.006766
302.475832
300.002849
297.602981
295.284529
293.047259
290.882561
288.776997
286.717386
284.693704
282.699204
280.729413
278.780675
276.848380
274.925044
272.999450
271.059578
269.098379
267.116664
265.120986
263.120800
261.126887
259.149738
257.197818
255.275215
253.381017
251.513119
249.671027
247.853681
246.056830
244.273120
242.493045
240.706151
238.903958
237.083189
235.246543
233.401463
231.558835
229.730772
227.927396
226.155878
224.420736
222.722373
221.057369
219.422660
217.816998
216.236334
214.669445
213.099506
211.510366
209.892884
208.247741
206.583694
204.913618
203.251269
201.608195
199.990499
198.397772
196.825435
195.269525
193.730803
192.213926
190.722443
189.255611
187.810378
186.385323
184.981448
183.600188
182.241517
180.902397
179.577300
178.261299
176.951783
175.647377
174.346555
173.048052
171.752170
170.459918
169.171067
167.884332
166.598563
165.313411
164.029562
162.748386
161.471700
160.202111
158.943052
157.697901
156.469233
155.259015
154.068123
152.895371
151.738548
150.596218
149.467694
148.352230
147.249109
146.158004
145.078001
144.005847
142.935743
141.860688
140.773985
139.671122
138.551291
137.416321
136.267554
135.104504
133.926708
132.736211
131.539397
130.347776
129.175902
128.037731
126.945201
125.908656
124.937306
124.040293
123.228560
122.515731
121.916263
121.442369
121.102029
120.898698
120.831794
120.895695
121.077239
121.354801
121.700004
122.080184
122.460824
122.808800
123.095609
123.298353
123.397667
123.375067
123.212785
122.895841
122.414259
121.763291
120.941658
119.950282
118.792441
117.475258
116.011370
114.417487
112.710583
110.907355
109.028083
107.098915
105.149124
103.207115
101.298871
99.447744
97.674361
95.996412
94.426947
92.972567
91.634234
90.408769
89.288752
88.261739
87.310887
86.418103
85.568102
84.750952
83.961818
83.198455
82.459275
81.743192
81.049600
80.377715
79.725635
79.089634
78.464279
77.843231
77.220444
76.591381
75.953714
75.307312
74.653111
73.991838
73.324554
72.654441
71.987654
71.331172
70.688685
70.059438
69.440265
68.827918
68.222029
67.626662
67.047565
66.488403
65.949564
65.428388
64.919313
64.414705
63.907222
63.392442
62.870089
62.344038
61.821052
61.308258
60.811190
60.333320
59.876689
59.442807
59.031726
58.640089
58.261889
57.891920
57.527944
57.169474
56.815336
56.462808
56.108459
55.748857
55.381231
55.005508
54.625328
54.246698
53.877185
53.525041
53.195982
52.890722
52.606039
52.337853
52.084095
51.845169
51.622932
51.420739
51.242345
51.089419
50.961445
50.856775
50.772122
50.702254
50.641118
50.583151
50.524606
50.464989
50.406759
50.352693
50.303756
50.259080
50.216691
50.174403
50.130406
50.082777
50.028905
49.966319
49.894099
49.813306
49.727381
49.642804
49.567784
49.509958
49.475599
49.468810
49.489641
49.533480
49.593040
49.661216
49.732888
49.805222
49.876885
49.947115
50.015336
50.080820
50.142649
50.201281
50.260808
50.328114
50.408218
50.500851
50.601439
50.704365
50.805972
50.905783
51.005495
51.107374
51.213734
51.327372
51.451796
51.590473
51.745299
51.914990
52.094589
52.277131
52.457037
52.632851
52.806695
52.981404
53.158965
53.340832
53.528093
53.720792
53.917911
54.118873
54.324987
54.539284
54.764851
55.002565
55.250145
55.504096
55.762851
56.027905
56.302087
56.586879
56.881268
57.182668
57.487657
57.791053
58.086200
58.369403
58.644121
58.918139
59.196602
59.479414
59.763676
60.045843
60.321866
60.587653
60.841816
61.087876
61.331335
61.574787
61.817990
62.061497
62.307657
62.559038
62.818372
63.089290
63.375683
63.681198
64.008755
64.358491
64.726660
65.107079
65.492620
65.876850
66.256331
66.630825
67.001513
67.369565
67.735377
68.099311
68.463645
68.831950
69.205559
69.582371
69.959432
70.335166
70.710254
71.087992
71.471954
71.861895
72.253122
72.640503
73.022894
73.403859
73.788348
74.178546
74.572578
74.966977
75.359694
75.750291
76.138111
76.521311
76.897473
77.265064
77.624630
77.978679
78.330690
78.684734
79.046349
79.422869
79.821416
80.246107
80.696505
81.167916
81.653668
82.147234
82.641609
83.127871
83.595977
84.037420
84.448302
84.831053
85.193684
85.547312
85.902450
86.265381
86.637869
87.019967
87.411749
87.812508
88.219839
88.630083
89.039866
89.448151
89.856955
90.270136
90.692191
91.127885
91.581583
92.055446
92.548250
93.057008
93.578900
94.111327
94.651652
95.197142
95.744854
96.292046
96.836487
97.375626
97.905751
98.422884
98.924720
99.411403
99.884107
100.342781
100.785854
101.212399
101.624089
102.025343
102.422863
102.824607
103.237361
103.665100
104.109893
104.573328
105.056413
105.558448
106.077413
106.611914
107.161387
107.724313
108.297365
108.876220
109.456210
110.032000
110.598602
111.153929
111.699559
112.239353
112.778060
113.320390
113.870137
114.429035
114.995474
115.564716
116.131603
116.693078
117.248059
117.796358
118.338171
118.873285
119.400923
119.920944
120.433722
120.938457
121.432763
121.914302
122.383701
122.846748
123.313607
123.795606
124.301443
124.835065
125.396825
125.985713
126.599781
127.235425
127.886964
128.547133
129.209410
129.870590
130.530281
131.188369
131.843623
132.493677
133.136063
133.769838
134.395685
135.014671
135.627384
136.233076
136.829245
137.412924
137.982134
138.535816
139.072874
139.591987
140.093297
140.580999
141.064558
141.557465
142.074831
142.631747
143.242236
143.917992
144.667176
145.494258
146.401835
147.393194
148.473204
149.647412
150.920548
152.294261
153.764176
155.318304
156.937994
158.600055
160.278460
161.946246
163.577755
165.149176
166.636771
168.015517
169.261101
170.353294
171.277147
172.022890
172.586529
172.970122
173.180305
173.225806
173.116015
172.861691
172.477429
171.984036
171.408125
170.779092
170.126587
169.479522
168.865300
168.308783
167.830578
167.444887
167.159458
166.977514
166.898668
166.918697
167.029468
167.219949
167.478030
167.791751
168.150079
168.543741
168.965769
169.411774
169.879607
170.367735
170.873434
171.392456
171.919853
172.450982
172.982162
173.510686
174.034641
174.552618
175.063192
175.564834
176.056209
176.536524
177.005812
177.464890
177.915931
178.364104
178.817227
179.281793
179.759799
180.249610
180.747840
181.249609
181.748685
182.239134
182.717651
183.184096
183.639615
184.085260
184.522910
184.955817
185.386883
185.816994
186.245650
186.672716
187.099587
187.529346
187.965134
188.407797
188.855926
189.308122
189.764145
190.224153
190.688195
191.156617
191.630721
192.113241
192.607626
193.116253
193.639071
194.173822
194.718314
195.272169
195.835101
196.404136
196.972436
197.529152
198.060657
198.553038
198.994848
199.381299
199.720009
200.033718
200.354812
200.712625
201.122982
201.589369
202.111625
202.688959
203.316129
203.983565
204.682382
205.406054
206.148351
206.902376
207.660926
208.416091
209.159308
209.883523
210.585875
211.268526
211.937142
212.597791
213.253558
213.902360
214.537826
215.153118
215.744055
216.309849
216.853063
217.378528
217.891331
218.395788
218.895877
219.396086
219.901208
220.414435
220.935855
221.463699
221.996779
222.535827
223.083622
223.643528
224.216419
224.799307
225.388100
225.981005
226.578326
227.179529
227.781471
228.379728
228.971304
229.556180
230.137070
230.717966
231.302237
231.891188
232.483927
233.078115
233.670819
234.259648
234.843524
235.422101
235.994704
236.560206
237.117822
237.667714
238.211253
238.750953
239.288878
239.824396
240.354684
240.877979
241.395359
241.909336
242.422120
242.935235
243.449568
243.965455
244.483343
245.005030
245.533801
246.072422
246.621334
247.179020
247.743493
248.313376
248.888353
249.469638
250.059857
250.661584
251.275504
251.899021
252.525520
253.144804
253.745331
254.317578
254.855532
255.355382
255.814507
256.232333
256.611483
256.958229
257.282024
257.593094
257.900009
258.211170
258.537834
258.893166
259.287818
259.726502
260.207170
260.721495
261.255911
261.794069
262.321082
262.827570
263.310762
263.772130
264.214474
264.640993
265.055003
265.458701
265.852422
266.236314
266.613301
266.990154
267.376037
267.780766
268.213165
268.678224
269.174958
269.698468
270.244030
270.807505
271.382145
271.957624
272.523393
273.071887
273.598203
274.098412
274.570022
275.014331
275.437421
275.848172
276.254752
276.661767
277.069876
277.479085
277.893339
278.321409
278.773548
279.257603
279.776441
280.327237
280.903547
281.498609
282.107395
282.727543
283.358187
283.995553
284.630116
285.249819
285.846187
286.417632
286.967915
287.502381
288.025636
288.541016
289.050093
289.551403
290.040163
290.510999
290.960789
291.388386
291.793560
292.177095
292.541065
292.889194
293.226896
293.560256
293.894764
294.234405
294.581617
294.938226
295.305939
295.686059
296.078797
296.482381
296.893604
297.309428
297.727359
298.145122
298.560892
298.973255
299.380803
299.782031
300.175602
300.561024
300.939117
301.310802
301.675083
302.029250
302.371486
302.703198
303.029806
303.359911
303.702855
304.066133
304.454296
304.869028
305.309590
305.773688
306.258183
306.758751
307.268388
307.776477
308.270479
308.739054
309.174564
309.574732
309.943507
310.290684
310.629184
310.970971
311.325225
311.699562
312.100993
312.534876
313.002897
313.501083
314.019521
314.544574
315.061140
315.553793
316.008044
316.411937
316.757834
317.044202
317.276561
317.467031
317.633156
317.796402
317.979481
318.202589
318.480342
318.821555
319.231030
319.709558
320.251994
320.845882
321.469853
322.090859
322.667212
323.165665
323.579206
323.923887
324.221850
324.490241
324.738490
324.968830
325.178467
325.363279
325.521422
325.654022
325.763786
325.854663
325.931659
325.998944
326.058509
326.110912
326.157073
326.200530
326.249246
326.316195
326.419159
326.580177
326.824232
327.176252
327.656615
328.277380
329.041354
329.943024
330.969183
332.099186
333.305894
334.558330
335.825107
337.075597
338.278700
339.402797
340.419215
341.305858
342.046387
342.626710
343.033158
343.253369
343.278281
343.103311
342.728997
342.161700
341.413084
340.498403
339.435702
338.246413
336.955492
335.589942
334.177038
332.744292
331.319869
329.930828
328.600228
327.345541
326.179003
325.108417
324.137170
323.264328
322.485214
321.791704
321.173028
320.617640
320.114767
319.655120
319.232074
318.842968
318.488793
318.172717
317.898560
317.669049
317.483879
317.338800
317.226264
317.136505
317.059192
316.985549
316.908981
316.824014
316.725285
316.607010
316.463193
316.289412
316.084589
315.850512
315.590975
315.313027
315.027970
314.748737
314.485243
314.241420
314.014631
313.796675
313.576953
313.346746
313.101060
312.837515
312.554767
312.251680
311.927386
311.581699
311.215021
310.828714
310.426187
310.012749
309.594384
309.177099
308.766451
308.366522
307.978744
307.601330
307.229293
306.855075
306.470808
306.071675
305.657586
305.232792
304.805168
304.385252
303.984298
303.611149
303.269476
302.958262
302.674660
302.415401
302.176136
301.950448
301.729611
301.504157
301.266270
301.010223
300.730759
300.421536
300.075411
299.687713
299.260585
298.804203
298.334226
297.868446
297.424162
297.015820
296.652660
296.337313
296.065702
295.827471
295.607645
295.389905
295.159483
294.904083
294.614499
294.286924
293.924840
293.537527
293.136812
292.734147
292.337604
291.950416
291.572517
291.202495
290.838872
290.481965
290.134313
289.797191
289.466925
289.135887
288.796530
288.443917
288.075469
287.690305
287.290395
286.881199
286.469535
286.061650
285.662929
285.277142
284.905469
284.546549
284.196890
283.851047
283.502028
283.141973
282.762911
282.357092
281.917357
281.439896
280.928152
280.392730
279.847189
279.303862
278.769382
278.241339
277.712096
277.176290
276.633271
276.084185
275.528110
274.960720
274.376179
273.770460
273.143777
272.500115
271.845094
271.185288
270.527783
269.878181
269.238319
268.605710
267.976419
267.348376
266.720933
266.093868
265.467635
264.841416
264.210572
263.567722
262.906419
262.224120
261.523148
260.809907
260.093801
259.386405
258.699231
258.040218
257.411457
256.809372
256.225703
255.647707
255.059677
254.447143
253.800439
253.114977
252.389302
251.623730
250.820321
249.981999
249.111364
248.212077
247.291359
246.360119
245.431820
244.521518
243.642356
242.799885
241.990013
241.202192
240.422983
239.637949
238.834099
238.003252
237.144147
236.261248
235.361254
234.450145
233.531222
232.604439
231.668060
230.721175
229.765203
228.803620
227.841285
226.886658
225.954790
225.064590
224.228852
223.443750
222.687146
221.926636
221.129252
220.268253
219.328183
218.306968
217.214033
216.067042
214.887385
213.694071
212.500354
211.314823
210.141959
208.980402
207.823980
206.666472
205.504756
204.337440
203.162051
201.974283
200.769679
199.546897
198.308543
197.057334
195.793364
194.515078
193.220317
191.907182
190.576030
189.233646
187.897711
186.592378
185.334245
184.122223
182.938636
181.757754
180.556173
179.320370
178.048862
176.749908
175.438094
174.131241
172.843093
171.570856
170.293073
168.988722
167.659416
166.330322
165.030239
163.770949
162.541086
161.315035
160.068133
158.786577
157.467328
156.112743
154.726647
153.314164
151.882104
150.437877
148.986978
147.529272
146.057686
144.561137
143.028322
141.450243
139.823308
138.153274
136.454681
134.745243
133.042202
131.361565
129.716912
128.118733
126.574837
125.089274
123.659085
122.271956
120.907543
119.541556
118.149100
116.706664
115.195323
113.604343
111.932718
110.188953
108.389433
106.555587
104.711308
102.881216
101.089350
99.357981
97.706061
96.146192
94.680502
93.297720
91.972825
90.670175
89.350225
87.976493
86.519044
84.954424
83.263991
81.432693
79.450570
77.316032
75.035261
72.617180
70.075095
67.440773
64.773230
62.146967
59.632000
57.276898
55.095357
53.065394
51.147868
49.317221
47.581033
45.964648
44.479369
43.108578
41.808793
40.520666
39.192918
37.798888
36.333749
34.804899
33.225226
31.609264
29.968379
28.304618
26.608046
24.860025
23.040948
21.138521
19.152259
17.094174
14.988422
12.869438
10.776679
8.747054
6.808272
4.974745
3.244477
1.597454
0.000000
