0.000000
0.000000
0.000000
0.000000
0.000000
0.000000
0.000000
0.000000
0.000000
0.000000
0.000000
0.000000
0.000000
0.000000
0.000000
0.000000
0.000000
0.000000
0.000000
0.000000
0.000000
0.000000
0.000000
0.000000
0.000000
0.000000
0.000000
0.000000
0.000000
0.000000
0.000000
0.000000
0.000000
0.000000
0.000000
0.000000
0.000000
0.000000
0.000000
0.000000
0.000000
0.000000
0.000000
0.000000
0.000000
0.000000
0.000000
0.000000
0.000000
0.000000
0.000000
0.000000
0.000000
0.000000
0.000000
0.000000
0.000000
0.000000
0.000000
0.000000
0.000000
0.000000
0.000000
0.000000
0.000000
0.000000
0.000000
0.000000
0.000000
0.000000
0.000000
0.000000
0.000000
0.000000
0.000000
0.000000
0.000000
0.000000
0.000000
0.000000
0.000000
0.000000
0.000000
0.000000
0.000000
0.000000
0.000000
0.000000
0.000000
0.000000
0.000000
0.000000
0.000000
0.000000
0.000000
0.000000
0.000000
0.000000
0.000000
0.000000
0.000000
0.000000
0.000000
0.000000
0.000000
0.000000
0.000000
0.000000
0.000000
0.000000
0.000000
0.000000
0.000000
0.000000
0.000000
0.000000
0.000000
0.000000
0.000000
0.000000
0.000000
0.000000
0.000000
0.000000
0.000000
0.000000
0.000000
1239.390077
1266.123167
1291.167452
1314.467785
1336.018074
1355.875280
1374.164085
1391.072068
1406.834712
1421.709990
1435.947854
1449.760452
1463.296626
1476.628212
1489.758652
1502.655285
1515.290755
1527.672398
1539.851894
1551.925194
1564.031237
1576.344282
1589.052595
1602.329456
1616.310371
1631.082027
1646.679846
1663.094197
1680.341752
1698.440063
1717.392776
1737.178289
1757.725947
1778.894360
1800.463160
1822.145859
1843.628903
1864.631199
1884.965472
1904.582694
1923.589182
1942.233175
1960.865208
1979.884182
1999.685179
2020.624194
2043.006921
2067.097510
2093.138512
2121.373984
2152.067105
2185.502599
2221.967979
2261.715510
2304.912923
2351.599069
2401.777030
2455.279836
2511.773473
2570.768592
2631.641357
2693.665709
2756.056245
2818.020188
2878.812313
2937.779506
2994.383453
3048.198644
3098.891437
3146.192034
3189.872173
3229.738122
3265.644105
3297.523535
3325.424449
3349.530160
3370.152990
3387.704398
3402.655431
3415.500090
3426.726958
3436.861789
3446.484722
3456.106255
3466.162863
3477.011741
3488.922390
3502.072122
3516.557996
3532.430967
3549.745633
3568.609437
3589.210769
3611.809625
3636.690704
3664.096923
3694.219558
3727.106204
3762.632760
3800.531828
3840.451849
3882.031922
3924.972140
3969.088079
4014.350230
4060.813947
4108.587744
4157.818676
4208.696450
4261.459867
4316.393756
4373.819496
4434.091403
4497.607389
4564.824610
4636.258794
4712.456713
4793.951183
4881.212784
4974.601226
5074.313960
5180.339310
5292.428773
5410.097602
5532.654766
5659.256664
5788.971212
5920.837992
6053.857650
6187.208927
6320.074876
6451.777593
6581.719806
6709.354790
6834.103172
6955.277978
7072.033575
7183.349553
7288.059369
7384.934090
7472.817543
7550.785672
7618.286155
7675.219062
7721.945222
7759.235006
7788.175370
7809.977807
7825.945928
7837.480603
7845.878884
7852.331389
7857.959633
7863.891578
7871.343288
7881.656699
7896.314127
7916.906354
7945.056388
7982.303764
8029.962330
8088.974227
8159.789648
8242.305938
8335.886250
8439.448216
8551.595292
8670.764608
8795.359062
8923.567994
9054.093961
9185.856725
9317.978446
9449.748822
9580.580725
9709.967498
9837.456571
9962.649537
10085.224840
10204.965904
10321.776893
10435.680347
10546.799110
10655.323574
10761.467765
10865.424998
10967.332257
11067.243389
11165.109549
11260.773499
11353.987976
11444.458380
11531.893729
11616.044616
11696.720979
11773.798207
11847.217814
11916.980812
11983.137449
12045.781517
12105.048293
12161.109591
12214.165156
12264.436192
12312.170032
12357.661048
12401.278118
12443.478486
12484.795536
12525.803703
12567.073304
12609.127833
12652.408435
12697.242858
12743.816009
12792.149603
12842.112414
12893.476093
12946.000420
12999.512582
13053.956019
13109.402787
13166.031496
13224.076519
13283.760750
13345.232486
13408.525774
13473.547402
13540.082548
13607.816707
13676.378535
13745.233907
13812.544874
13878.712660
13944.224794
14009.618552
14075.422858
14142.084239
14209.891957
14278.922451
14349.016219
14418.799078
14487.260117
14553.854241
14618.063384
14679.482109
14737.882095
14793.240802
14845.738443
14895.734386
14943.727696
14990.302638
15036.064995
15081.579532
15127.316242
15173.610599
15220.646751
15268.472458
15317.043673
15366.284233
15416.140572
15466.613131
15517.756172
15569.652756
15622.380468
15675.981313
15730.445296
15785.713060
15841.691577
15898.267801
15955.311618
16012.671438
16070.169725
16127.604302
16184.757772
16241.412630
16297.366612
16352.441114
16406.480050
16459.349475
16510.952166
16561.258687
16609.863565
16656.940517
16702.996985
16748.601566
16794.311197
16840.591547
16887.750040
16935.897544
16984.942737
17034.609871
17084.467141
17133.963707
17182.484324
17229.424297
17274.270049
17316.661264
17356.419200
17393.540588
17428.163348
17460.515152
17490.861296
17519.465958
17546.572703
17572.401548
17597.155618
17621.034797
17644.251144
17667.014146
17688.457221
17708.933959
17728.818939
17748.463890
17768.155244
17788.083083
17808.327364
17828.860833
17849.563303
17870.244457
17890.676365
17910.632841
17929.925988
17948.431807
17966.102467
17982.964598
17999.103628
18014.636504
18029.677604
18044.305729
18058.540574
18072.332127
18085.562211
18098.059569
18109.631953
18119.554246
18126.944613
18132.115568
18135.452264
18137.391672
18138.402254
18138.963910
18139.546971
18140.588827
18142.467844
18145.476369
18149.795667
18155.476898
18162.434278
18170.454915
18178.758348
18186.996679
18194.976487
18202.500325
18209.390574
18215.514178
18220.804836
18225.184415
18228.370592
18230.593246
18232.125862
18233.228513
18234.100668
18234.851247
18235.489415
18235.935720
18236.049477
18235.665043
18234.605836
18232.707692
18229.842733
18225.921897
18220.898247
18214.763027
18207.535979
18199.252553
18189.950236
18179.656482
18168.380396
18156.109286
18142.809857
18128.431881
18112.912109
18096.179064
18078.191301
18058.594120
18037.200550
18014.021441
17989.230039
17963.093394
17935.900607
17907.906369
17879.297499
17850.180947
17820.587563
17790.486483
17759.805323
17728.451613
17696.332357
17663.393494
17629.623134
17594.772076
17558.980235
17522.413785
17485.208668
17447.460626
17409.221918
17370.406797
17330.835616
17290.491537
17249.375994
17207.513147
17164.946493
17121.728770
17077.908431
17033.515849
16988.551493
16942.977622
16896.715147
16849.647770
16801.634223
16752.525747
16702.183356
16650.490965
16597.364575
16542.807694
16486.876749
16429.669325
16371.321761
16312.004222
16251.912322
16191.256137
16130.249394
16069.099783
16007.999276
15947.167203
15886.841488
15827.234982
15768.524126
15710.837072
15654.243268
15598.745557
15544.276087
15490.697608
15437.811292
15385.370889
15333.099701
15280.704445
15227.883819
15174.335751
15119.768045
15063.912926
15006.542344
14947.480692
14886.614184
14823.898524
14759.365539
14693.125885
14625.362207
14556.309210
14486.224813
14415.362369
14343.950493
14272.179388
14200.188999
14128.056934
14055.790232
13983.327906
13910.556186
13837.330066
13763.492834
13688.891196
13613.388478
13536.876752
13459.300713
13380.663219
13300.990105
13220.312406
13138.645943
13055.973545
12972.233296
12887.315619
12801.072022
12713.336752
12623.959222
12532.840685
12439.965575
12345.418360
12249.378511
12152.094056
12053.841895
11954.877665
11855.399126
11755.525143
11655.294566
11554.682386
11453.627247
11352.059539
11249.920931
11147.175123
11043.810465
10939.833144
10835.251327
10730.054468
10624.195041
10517.577782
10410.057724
10301.447176
10191.531786
10080.094897
9966.948227
9851.964300
9735.102750
9616.423383
9496.084285
9374.328894
9251.465898
9127.845005
9003.831810
8879.786202
8756.050069
8632.947064
8510.789036
8389.878324
8270.499635
8152.903328
8037.285763
7923.784091
7812.456587
7703.270167
7596.097989
7490.724872
7386.860910
7284.160958
7182.246416
7080.727223
6979.224087
6877.391592
6774.940235
6671.648796
6567.360362
6461.963382
6355.367185
6247.482726
6138.214945
6027.469585
5915.175756
5801.322917
5686.006469
5569.470549
5452.132606
5334.578243
5217.526864
5101.778619
4988.156531
4877.466027
4770.432366
4667.658314
4569.598841
4476.554343
4388.683228
4306.030477
4228.703316
4156.801113
4090.418620
4029.646851
3974.565818
3925.227584
3881.632236
3843.705945
3811.291133
3784.152025
3761.991377
3744.472018
3731.239449
3721.945270
3716.270212
3713.941694
3714.741780
3718.503576
3725.094557
3734.390940
3746.253865
3760.514113
3776.962963
3795.345240
3815.357022
3836.655451
3858.883132
3881.698893
3904.804143
3927.960016
3950.993290
3973.791568
3996.288144
4018.437516
4040.185777
4061.445133
4082.083730
4101.936140
4120.828897
4138.608205
4155.160983
4170.430187
4184.427157
4197.237847
4209.017074
4219.968007
4230.308394
4240.229175
4249.857123
4259.236897
4268.340904
4277.100632
4285.442244
4293.309705
4300.668925
4307.497872
4313.771120
4319.444101
4324.430127
4328.567204
4331.787508
4333.966397
4334.891111
4334.452150
4332.602761
4329.362255
4324.803233
4319.027584
4312.137647
4304.207639
4295.258798
4285.242160
4274.033551
4261.443820
4247.243761
4231.198843
4213.105245
4192.817971
4170.266000
4145.455365
4118.461552
4089.411301
4058.455747
4025.741163
3991.385739
3955.470163
3918.045160
3879.151585
3838.844046
3797.211198
3754.390140
3710.354246
3665.177164
3619.096181
3572.324275
3525.026713
3477.309186
3429.217714
3380.743894
3331.826820
3282.350431
3232.144127
3180.994299
3128.666160
3074.929202
3019.579899
2962.457595
2903.451346
2842.497292
2779.567239
2714.651443
2647.742677
2578.830249
2507.908505
2434.997202
2360.166800
2283.562250
2204.998164
2124.781125
2043.440539
1961.585041
1879.870619
1798.972676
1719.561343
1642.278042
1567.714733
0.000000
0.000000
0.000000
0.000000
0.000000
0.000000
0.000000
0.000000
0.000000
0.000000
0.000000
0.000000
0.000000
0.000000
0.000000
0.000000
0.000000
0.000000
0.000000
0.000000
0.000000
0.000000
0.000000
0.000000
0.000000
0.000000
0.000000
0.000000
0.000000
0.000000
0.000000
0.000000
0.000000
0.000000
0.000000
0.000000
0.000000
0.000000
0.000000
0.000000
0.000000
0.000000
0.000000
0.000000
0.000000
0.000000
0.000000
0.000000
0.000000
0.000000
0.000000
0.000000
0.000000
0.000000
0.000000
0.000000
0.000000
0.000000
0.000000
0.000000
0.000000
0.000000
0.000000
0.000000
0.000000
0.000000
0.000000
0.000000
0.000000
0.000000
0.000000
0.000000
0.000000
0.000000
0.000000
0.000000
0.000000
0.000000
0.000000
0.000000
0.000000
0.000000
0.000000
0.000000
0.000000
0.000000
0.000000
0.000000
0.000000
0.000000
0.000000
0.000000
0.000000
0.000000
0.000000
0.000000
0.000000
0.000000
0.000000
0.000000
0.000000
0.000000
0.000000
0.000000
0.000000
0.000000
0.000000
0.000000
0.000000
0.000000
0.000000
0.000000
0.000000
0.000000
0.000000
0.000000
0.000000
0.000000
0.000000
0.000000
0.000000
0.000000
0.000000
0.000000
0.000000
0.000000
0.000000
