2936.848408
2882.66627
2836.3176
2791.50474
2746.948666
2704.327673
2661.841215
2620.550382
2580.5423
2540.82575
2501.99261
2463.739055
2426.465899
2389.878289
2354.194661
2319.355258
2284.743811
2250.918335
2217.897724
2185.892334
2154.373347
2123.464371
2093.236941
2063.919253
2035.03511
2007.091238
1979.802989
1952.972788
1926.977195
1899.357472
1863.349709
1824.731895
1786.029236
1745.827056
1701.49311
1660.032079
1622.16912
1584.080675
1543.439233
1500.300479
1457.338123
1414.755855
1372.539998
1334.851751
1302.973508
1273.491072
1245.625661
1209.266127
1160.972379
1114.673313
1076.426641
1042.714177
1012.566164
984.2127329
953.9445255
920.3744755
887.368867
856.7414254
828.8186549
803.5879086
780.4799498
760.3258909
742.2260887
725.5070839
709.5041615
694.2571518
679.2579874
665.146717
651.8850278
639.460743
628.1487458
617.4672784
607.2651292
597.3824297
588.0420415
579.988716
572.5756414
564.8951185
557.4919693
549.1280631
536.6170628
521.7911298
507.9958272
495.9066165
485.9293706
477.4436889
468.7855027
457.6384619
442.6429741
425.048731
405.8793198
385.8365497
365.9962527
346.8167667
328.8956187
311.195232
294.0348694
276.0986894
257.6451267
237.6193188
217.279967
196.1115064
173.8332304
150.8515608
129.5820688
110.3529477
93.07493439
77.31958638
62.87592236
49.80260677
38.02786408
27.88872403
19.20908528
11.77807819
6.115445289
2.166914584
0
0.586776982
2.942401507
6.560412527
11.18659644
16.8798694
22.99466838
30.08570559
37.31611029
44.51873834
51.29163096
57.57205012
62.97546756
68.56985655
76.10161327
81.43763429
86.86359505
91.977657
96.45627545
100.8630678
105.1702366
109.5587403
114.1138802
116.4334852
119.1599547
124.3790625
130.7062907
137.4268439
145.0175003
152.6417278
160.0631368
166.906191
173.0475959
178.1292372
182.3409574
185.5681991
188.6009588
191.2377298
193.4944559
195.743691
198.1144713
200.6749626
203.5629226
205.90721
208.1761118
210.7944388
213.11722
215.7954242
218.7929285
221.8735783
225.4796357
229.7750532
235.2977871
241.7943307
248.9590029
256.9384032
265.1224584
273.1881227
282.1691721
292.0643888
303.0900025
314.2967862
326.4576294
338.4232813
351.0362304
363.7821627
376.1815634
388.9203931
401.6235251
414.5333647
427.4052654
440.4381624
453.3700314
466.1388993
479.0654916
491.766044
504.1438182
516.258639
527.752859
539.2603546
550.5365617
560.9542334
571.0168068
580.6536911
589.9856481
599.4378598
609.0354302
617.5858193
625.6881811
633.5763817
641.7887066
649.6457974
657.0510355
664.5079373
672.6504888
681.8517574
691.5106958
702.0351748
712.9894128
724.4159982
736.0183224
747.4215059
758.9986612
770.6619388
782.4017731
794.0085618
806.0728795
818.3764384
830.8401166
843.602236
857.6273875
871.2187299
882.6794276
893.7133769
904.6676683
915.4632195
926.516712
937.7577721
948.6985509
959.9383937
970.6763517
981.4508981
991.7916
1001.010592
1008.498291
1013.566841
1015.719737
1013.738586
1004.700287
990.5436522
976.7995692
972.4170529
974.5078117
977.7134657
980.3720815
982.5090472
985.1847587
984.7803566
991.5756063
993.5759551
995.5904437
998.3054972
1000.25926
1001.433669
1003.358819
1005.077324
1005.936213
1006.047902
1005.576994
1005.86226
1005.876756
1005.576355
1004.76908
1003.558672
1001.953204
999.1779754
995.2410673
988.4371539
979.0874329
967.391341
952.8525175
936.4879721
917.5404262
890.5733445
858.7520323
829.1121904
802.5751735
778.6881335
757.9723467
740.1402242
724.4780029
710.3415028
698.173736
688.1133052
679.5073427
672.9206357
667.682928
662.4716535
657.2688757
652.7350668
650.3134782
647.8639904
644.6467858
641.1310038
637.8814595
635.7238962
634.1533412
632.0907889
628.6311871
625.0960489
620.7455803
615.4140259
608.4833627
600.2922965
591.7274788
581.7882046
570.6914228
561.2198503
553.2686337
546.2545589
539.9510128
535.0185304
530.6477707
526.8469607
522.7719745
519.2051226
515.8415297
513.7940168
513.7666247
514.2803216
515.5086049
517.6249746
520.6376805
525.894391
533.7773536
544.4426827
555.602495
568.0478278
580.9780765
594.549365
608.7003814
622.4826705
637.0003912
653.1663599
668.605736
679.7608201
688.1097732
695.0524806
700.9973137
709.4228672
720.0852034
724.4168702
727.2445825
730.1508859
732.5439509
735.1365764
737.867485
741.2233443
744.5775429
747.9992718
752.7057957
757.4008006
762.3883163
768.1289298
774.709237
782.6420137
791.4572191
801.006622
809.0284982
815.7921008
822.0972326
829.7526097
839.5058535
850.7303808
861.0948982
870.668627
878.9989394
886.7725832
894.3545001
900.7702171
905.3061881
907.3184488
906.8675349
903.7530585
896.4700068
884.878878
867.4659649
843.7960536
813.0599387
777.5360324
739.1461505
697.6812207
651.6362433
602.4894658
556.3983976
516.8069269
483.9930494
455.8255524
432.1040721
411.4975694
393.796986
377.3233855
363.3375916
354.6050986
345.0721271
334.3904659
322.2727877
309.1188697
296.5548397
284.0585419
272.0210603
259.9550319
247.9993159
233.6748222
201.0474148
161.4409543
