0.000000
0.000001
0.000001
0.000002
0.000003
0.000004
0.000004
0.000005
0.000005
0.000005
0.000005
0.000005
0.000005
0.000005
0.000006
0.000006
0.000006
0.000007
0.000007
0.000007
0.000007
0.000007
0.000008
0.000008
0.000007
0.000007
0.000007
0.000006
0.000006
0.000006
0.000005
0.000005
0.000005
0.000005
0.000005
0.000005
0.000006
0.000006
0.000006
0.000007
0.000007
0.000008
0.000009
0.000010
0.000011
0.000013
0.000015
0.000017
0.000020
0.000023
0.000026
0.000029
0.000033
0.000037
0.000041
0.000045
0.000049
0.000053
0.000058
0.000061
0.000065
0.000069
0.000073
0.000078
0.000082
0.000087
0.000092
0.000098
0.000104
0.000111
0.000119
0.000127
0.000137
0.000147
0.000159
0.000172
0.000187
0.000203
0.000220
0.000237
0.000255
0.000274
0.000293
0.000312
0.000331
0.000349
0.000367
0.000385
0.000403
0.000420
0.000437
0.000453
0.000468
0.000482
0.000496
0.000508
0.000519
0.000530
0.000539
0.000548
0.000556
0.000563
0.000570
0.000576
0.000582
0.000587
0.000592
0.000597
0.000601
0.000604
0.000608
0.000610
0.000613
0.000615
0.000618
0.000620
0.000622
0.000625
0.000627
0.000630
0.000632
0.000634
0.000635
0.000636
0.000637
0.000638
0.000638
0.000638
0.000638
0.000637
0.000637
0.000636
0.000635
0.000635
0.000634
0.000633
0.000632
0.000630
0.000629
0.000627
0.000625
0.000623
0.000621
0.000618
0.000615
0.000612
0.000608
0.000605
0.000601
0.000596
0.000591
0.000586
0.000581
0.000575
0.000569
0.000562
0.000554
0.000546
0.000537
0.000528
0.000517
0.000505
0.000491
0.000477
0.000461
0.000445
0.000428
0.000411
0.000393
0.000375
0.000356
0.000337
0.000319
0.000300
0.000281
0.000263
0.000244
0.000227
0.000209
0.000193
0.000178
0.000164
0.000152
0.000140
0.000130
0.000121
0.000113
0.000105
0.000098
0.000091
0.000086
0.000080
0.000075
0.000071
0.000067
0.000063
0.000059
0.000055
0.000052
0.000048
0.000044
0.000040
0.000036
0.000032
0.000028
0.000025
0.000021
0.000018
0.000014
0.000011
0.000009
0.000006
0.000004
0.000003
0.000002
0.000002
0.000001
0.000001
0.000001
0.000001
0.000002
0.000002
0.000002
0.000002
0.000002
0.000002
0.000002
0.000003
0.000003
0.000004
0.000004
0.000005
0.000005
0.000005
0.000006
0.000006
0.000006
0.000006
0.000006
0.000006
0.000006
0.000006
0.000006
0.000006
0.000006
0.000006
0.000007
0.000007
0.000007
0.000008
0.000008
0.000008
0.000008
0.000007
0.000007
