                    Count                    Target                     Error                Dwell Time           Expected Figure             Sputter Yield              Error in RMS           Target Elements             Unit Elements            Total Elements 
                      255  1.306474685279648043e+02  1.935307111155339044e+00  1.200000000000000000e+02  1.287121614168094652e+02  0.000000000000000000e+00  8.841491816391859881e-01  4.320000000000000000e+02  2.550000000000000000e+02  9.420000000000000000e+02 
                      256  1.302116681548477573e+02 -1.515564272520578015e+00  1.200000000000000000e+02  1.317272324273683353e+02  7.159384406640000292e-07 
                      257  1.306919074377663321e+02 -4.021268720914974892e+00  1.200000000000000000e+02  1.347131761586813070e+02  1.438002269460999916e-06 
                      258  1.325458424653037639e+02 -5.111943483028909441e+00  1.200000000000000000e+02  1.376577859483326733e+02  2.160614632874000190e-06 
                      259  1.357076473910357208e+02 -4.849058155350803645e+00  1.200000000000000000e+02  1.405567055463865245e+02  2.866659717414999876e-06 
                      260  1.398106039009449262e+02 -3.603079513261917555e+00  1.200000000000000000e+02  1.434136834142068437e+02  3.531218935200000082e-06 
                      261  1.444024793025958786e+02 -1.813880534409037182e+00  1.200000000000000000e+02  1.462163598370049158e+02  4.118186948173000020e-06 
                      262  1.490730335161150606e+02  1.193056878978779878e-01  1.200000000000000000e+02  1.489537278282171826e+02  4.582983536991999661e-06 
                      263  1.535040597393278858e+02  1.894885959520934193e+00  1.200000000000000000e+02  1.516091737798069516e+02  4.894920198980999814e-06 
                      264  1.574679468367388324e+02  3.311810542347160435e+00  1.200000000000000000e+02  1.541561362943916720e+02  5.061339020714999803e-06 
                      265  1.608161780251132313e+02  4.257725957289380858e+00  1.200000000000000000e+02  1.565584520678238505e+02  5.128267739317000028e-06 
                      266  1.634728380838899682e+02  4.699062881935049063e+00  1.200000000000000000e+02  1.587737752019549191e+02  5.162152313423999723e-06 
                      267  1.654271976853168553e+02  4.667379046744002835e+00  1.200000000000000000e+02  1.607598186385728525e+02  5.224878299425999864e-06 
                      268  1.667288353982709737e+02  4.243412611775198684e+00  1.200000000000000000e+02  1.624854227864957750e+02  5.353253277846999785e-06 
                      269  1.674793317359992102e+02  3.541818716933335054e+00  1.200000000000000000e+02  1.639375130190658751e+02  5.558422180901000380e-06 
                      270  1.678044462409517337e+02  2.684777036861078159e+00  1.200000000000000000e+02  1.651196692040906555e+02  5.835946250620999829e-06 
                      271  1.678211683751194983e+02  1.769988723807728093e+00  1.200000000000000000e+02  1.660511796513117702e+02  6.167925168988000072e-06 
                      272  1.676263377368078125e+02  8.679034503751665852e-01  1.200000000000000000e+02  1.667584342864326459e+02  6.525233287833999603e-06 
                      273  1.673019511517494493e+02  4.484421271575911305e-02  1.200000000000000000e+02  1.672571069390336902e+02  6.871603367374000225e-06 
                      274  1.669223734744037415e+02 -6.707003326875451421e-01  1.200000000000000000e+02  1.675930738070912867e+02  7.164337458664999948e-06 
                      275  1.665532078856788871e+02 -1.257417805549380319e+00  1.200000000000000000e+02  1.678106256912282674e+02  7.370584363502999847e-06 
                      276  1.662383041443461593e+02 -1.710771147882809373e+00  1.200000000000000000e+02  1.679490752922289687e+02  7.490925841856000238e-06 
                      277  1.659970228382957202e+02 -2.044025692485718082e+00  1.200000000000000000e+02  1.680410485307814383e+02  7.548814575746000210e-06 
                      278  1.658411586718483477e+02 -2.271044452241767431e+00  1.200000000000000000e+02  1.681122031240901151e+02  7.551348211726000085e-06 
                      279  1.657882352260252219e+02 -2.394157276948646995e+00  1.200000000000000000e+02  1.681823925029738689e+02  7.469388610777999746e-06 
                      280  1.658629450405557577e+02 -2.405377968218203932e+00  1.200000000000000000e+02  1.682683230087739616e+02  7.259712625741000180e-06 
                      281  1.660970133396107258e+02 -2.290172137162926447e+00  1.200000000000000000e+02  1.683871854767736522e+02  6.909816250631000343e-06 
                      282  1.665250133647342921e+02 -2.035288907443458584e+00  4.386094713216323726e+03  1.685603022721777506e+02  6.460776836007999675e-06 
                      283  1.671716920367855721e+02 -1.644080065963095194e+00  8.493981409594971410e+03  1.688157721027486673e+02  5.986900798748999840e-06 
                      284  1.680446377222929470e+02 -1.147381940281178458e+00  1.018895610085010594e+04  1.691920196625741255e+02  5.563599999902999881e-06 
                      285  1.691416148222836853e+02 -5.921759395099286394e-01  9.496288834849256091e+03  1.697337907617936139e+02  5.245798433991999628e-06 
                      286  1.704571847867480869e+02 -2.888808762233452399e-02  6.673732048032165039e+03  1.704860728743704215e+02  5.053985741475000053e-06 
                      287  1.719797182822337618e+02  4.918235670517390190e-01  2.190120936458954930e+03  1.714878947151820228e+02  4.981741869277000350e-06 
                      288  1.736892304862233800e+02  9.227392165255423606e-01  1.200000000000000000e+02  1.727664912696978377e+02  5.021903844755000393e-06 
                      289  1.755591399153269663e+02  1.225768830797505871e+00  1.200000000000000000e+02  1.743333710845294604e+02  5.171638156494000296e-06 
                      290  1.775605067258468637e+02  1.377649389791741896e+00  1.200000000000000000e+02  1.761828573360551218e+02  5.408402381413999871e-06 
                      291  1.796709055481369433e+02  1.377597606049391743e+00  1.200000000000000000e+02  1.782933079420875515e+02  5.686761726663999917e-06 
                      292  1.818810081073973492e+02  1.250247500968839631e+00  1.200000000000000000e+02  1.806307606064285096e+02  5.978477052313999980e-06 
                      293  1.841882822041573036e+02  1.034414614477867644e+00  1.200000000000000000e+02  1.831538675896794359e+02  6.307594681439999784e-06 
                      294  1.865840722544235462e+02  7.653134181615257603e-01  1.200000000000000000e+02  1.858187588362620204e+02  6.734332872021000349e-06 
                      295  1.890512453661882546e+02  4.680187915382703068e-01  1.200000000000000000e+02  1.885832265746499843e+02  7.306293800286000032e-06 
                      296  1.915727192114837862e+02  1.624351601786031551e-01  1.149426262677628984e+03  1.914102840513051831e+02  8.038179992752000742e-06 
                      297  1.941377089934652247e+02 -1.153240994209454584e-01  9.454411369348516018e+03  1.942530330928861702e+02  8.938885663104000675e-06 
                      298  1.967421734659421588e+02 -3.409214392388264514e-01  1.699606213167027454e+04  1.970830949051809853e+02  1.004034907742000073e-05 
                      299  1.993869758997250301e+02 -5.044163534128074389e-01  2.278383052153527387e+04  1.998913922531378375e+02  1.139357983631100061e-05 
                      300  2.020725711228864441e+02 -6.017917722783465706e-01  2.606036859745059337e+04  2.026743628951647906e+02  1.304256250528799979e-05 
                      301  2.047909292288920540e+02 -6.397458689707207213e-01  2.637405563647320378e+04  2.054306750978627747e+02  1.500602481233200027e-05 
                      302  2.075245311798277044e+02 -6.336620942414299407e-01  2.358961786713662877e+04  2.081581932740691343e+02  1.727826569619000081e-05 
                      303  2.102547934266599157e+02 -5.968692853429899969e-01  1.785770547429370345e+04  2.108516627120029057e+02  1.983572839809499938e-05 
                      304  2.129673336156584185e+02 -5.348225908211929891e-01  9.562768407919767924e+03  2.135021562064796115e+02  2.265079737878899897e-05 
                      305  2.156505763107711573e+02 -4.484611051085209965e-01  1.200000000000000000e+02  2.160990374158796783e+02  2.571705267169200110e-05 
                      306  2.182962135571899580e+02 -3.374265264788505192e-01  1.200000000000000000e+02  2.186336400836688085e+02  2.905933902308699914e-05 
                      307  2.208995109853300391e+02 -2.028587446289122909e-01  1.200000000000000000e+02  2.211023697299589514e+02  3.270611408858700188e-05 
                      308  2.234542793862461281e+02 -5.303258563571944251e-02  1.200000000000000000e+02  2.235073119718818475e+02  3.664452889293400267e-05 
                      309  2.259515779579701302e+02  9.700991159706973122e-02  1.200000000000000000e+02  2.258545680463730605e+02  4.080052242899100031e-05 
                      310  2.283873909234071391e+02  2.354820419929239961e-01  1.200000000000000000e+02  2.281519088814142151e+02  4.505993156472599709e-05 
                      311  2.307661602343439995e+02  3.592853524720567293e-01  1.200000000000000000e+02  2.304068748818719428e+02  4.930960885749900312e-05 
                      312  2.330926213679480270e+02  4.670489451133050807e-01  1.200000000000000000e+02  2.326255724228347219e+02  5.347055378918300327e-05 
                      313  2.353647770886978492e+02  5.527967324197504695e-01  1.200000000000000000e+02  2.348119803562780987e+02  5.751343452669600007e-05 
                      314  2.375771287926089599e+02  6.085618003494062123e-01  1.200000000000000000e+02  2.369685669922595537e+02  6.146027744213800048e-05 
                      315  2.397248507714912762e+02  6.295511556091355487e-01  1.200000000000000000e+02  2.390952996158821406e+02  6.536919489142099847e-05 
                      316  2.418026046898857828e+02  6.142893541274929703e-01  1.200000000000000000e+02  2.411883153357582898e+02  6.931009180837200648e-05 
                      317  2.438033993464398748e+02  5.638567069940734200e-01  1.200000000000000000e+02  2.432395426394458013e+02  7.335882891448400670e-05 
                      318  2.457199859872959848e+02  4.829480033217805612e-01  1.200000000000000000e+02  2.452370379839742043e+02  7.760497910976800495e-05 
                      319  2.475472565022300273e+02  3.807704075585434111e-01  1.200000000000000000e+02  2.471664860946714839e+02  8.214197805577499903e-05 
                      320  2.492842078789465177e+02  2.706093686423969302e-01  1.200000000000000000e+02  2.490135985103041207e+02  8.704479561860900192e-05 
                      321  2.509327642794388851e+02  1.662247798965665879e-01  1.200000000000000000e+02  2.507665394995423185e+02  9.236168736397799730e-05 
                      322  2.524937535581121040e+02  7.605658530178516230e-02  1.200000000000000000e+02  2.524176969728103188e+02  9.812664828881999463e-05 
                      323  2.539655962075319167e+02  8.802619805123867991e-04  1.200000000000000000e+02  2.539647159455514043e+02  1.043875176728440059e-04 
                      324  2.553473942029038426e+02 -6.434665502678171833e-02  1.200000000000000000e+02  2.554117408579306243e+02  1.112344835946019981e-04 
                      325  2.566415804913249872e+02 -1.261874353199914367e-01  1.200000000000000000e+02  2.567677679266449786e+02  1.188042502714059989e-04 
                      326  2.578539487886146162e+02 -1.900518493243339435e-01  1.200000000000000000e+02  2.580440006379389501e+02  1.272559237008669890e-04 
                      327  2.589922284872624232e+02 -2.590711247299850584e-01  1.200000000000000000e+02  2.592512996119924082e+02  1.367405441873339978e-04 
                      328  2.600646123265125311e+02 -3.338034855633509324e-01  1.200000000000000000e+02  2.603984158120758821e+02  1.473834538242700014e-04 
                      329  2.610792393100255708e+02 -4.122608918224273111e-01  1.200000000000000000e+02  2.614915002018479981e+02  1.592782675581690089e-04 
                      330  2.620449356563614174e+02 -4.895274014942856411e-01  1.200000000000000000e+02  2.625344630578557030e+02  1.724789053008760097e-04 
                      331  2.629737274072651871e+02 -5.559037595460267767e-01  1.200000000000000000e+02  2.635296311668112139e+02  1.869838618554619928e-04 
                      332  2.638811787740954742e+02 -5.978147672410045743e-01  1.200000000000000000e+02  2.644789935413364788e+02  2.027174412180349986e-04 
                      333  2.647820073718962703e+02 -6.045044384039215402e-01  1.200000000000000000e+02  2.653865118103001919e+02  2.195231560667050021e-04 
                      334  2.656877221320299327e+02 -5.731252088837095471e-01  1.200000000000000000e+02  2.662608473409136423e+02  2.371885419279119896e-04 
                      335  2.666092420929402351e+02 -5.077402346206554284e-01  1.200000000000000000e+02  2.671169823275608906e+02  2.554878645334190176e-04 
                      336  2.675593235187008077e+02 -4.161813222091836906e-01  2.729198966858490166e+03  2.679755048409099913e+02  2.742034567407440116e-04 
                      337  2.685504720980032971e+02 -3.089063693914226860e-01  1.312831348760230503e+04  2.688593784673947198e+02  2.931234705390450162e-04 
                      338  2.695883988096589405e+02 -2.008179306039323819e-01  2.025813634931409615e+04  2.697892167402628729e+02  3.120472409555409771e-04 
                      339  2.706673713799596044e+02 -1.113273936682048770e-01  2.430571257106356279e+04  2.707786987736278093e+02  3.308051530110639850e-04 
                      340  2.717731522405330793e+02 -5.840762544357858133e-02  2.554542151300959085e+04  2.718315598659766579e+02  3.492815461103240143e-04 
                      341  2.728900784920503497e+02 -5.088710921984329616e-02  2.426975663204420198e+04  2.729409656012701930e+02  3.674294821736559915e-04 
                      342  2.740064733725888004e+02 -8.487621839429948523e-02  2.077075840189573137e+04  2.740913495909830999e+02  3.852536582433309961e-04 
                      343  2.751173381459031475e+02 -1.448172609873950023e-01  1.536356917612650614e+04  2.752621554068905425e+02  4.027570548800799791e-04 
                      344  2.762250391345485241e+02 -2.075572077313836417e-01  8.418707045925446437e+03  2.764325963422799077e+02  4.198911626797080109e-04 
                      345  2.773384847356288105e+02 -2.480807281630745820e-01  3.838547468127287061e+02  2.775865654637918851e+02  4.365488876334349972e-04 
                      346  2.784704444275951118e+02 -2.463487848947920611e-01  1.200000000000000000e+02  2.787167932124899039e+02  4.525919075778919807e-04 
                      347  2.796334690765232267e+02 -1.936259914824063344e-01  1.200000000000000000e+02  2.798270950680056330e+02  4.678759980503770189e-04 
                      348  2.808380823595365428e+02 -9.361225574707532360e-02  1.200000000000000000e+02  2.809316946152836181e+02  4.822657571667710182e-04 
                      349  2.820936139901009483e+02  4.194659770439557178e-02  1.200000000000000000e+02  2.820516673923965527e+02  4.956532862542779643e-04 
                      350  2.834074065350575324e+02  1.975722995198907483e-01  1.200000000000000000e+02  2.832098342355376417e+02  5.079796193990200126e-04 
                      351  2.847814301888299156e+02  3.557702513740537142e-01  1.200000000000000000e+02  2.844256599374558618e+02  5.192527570476640269e-04 
                      352  2.862091242607491495e+02  4.980446817609731625e-01  1.200000000000000000e+02  2.857110795789881763e+02  5.295539170495729879e-04 
                      353  2.876757498728327960e+02  6.077720024922541597e-01  1.200000000000000000e+02  2.870679778703405418e+02  5.390071686799419604e-04 
                      354  2.891630571871309030e+02  6.749191745226994499e-01  1.200000000000000000e+02  2.884881380126082036e+02  5.477173415685829619e-04 
                      355  2.906540054049458490e+02  6.981976595372998418e-01  1.200000000000000000e+02  2.899558077454085492e+02  5.557349773235890304e-04 
                      356  2.921340476541948874e+02  6.820494939926788902e-01  1.200000000000000000e+02  2.914519981602022085e+02  5.630816685713689465e-04 
                      357  2.935914541712568848e+02  6.322690555168151150e-01  1.200000000000000000e+02  2.929591851157400697e+02  5.697990842180270400e-04 
                      358  2.950189200681775219e+02  5.537506428391338886e-01  1.200000000000000000e+02  2.944651694253383880e+02  5.759694035388819577e-04 
                      359  2.964146514739863960e+02  4.838446846725901196e-01  3.375475201332291363e+03  2.959308067893138059e+02  5.816893904640779885e-04 
                      360  2.977820796062637783e+02  4.535378076422489357e-01  6.488304205419118261e+03  2.973285417986215293e+02  5.870274149748689772e-04 
                      361  2.991288276499614085e+02  4.265096534360850455e-01  8.152133554615187677e+03  2.987023179965253235e+02  5.920025310455999650e-04 
                      362  3.004644293854253192e+02  3.726078092939815178e-01  8.656913380535605029e+03  3.000918215761313377e+02  5.965893154255340163e-04 
                      363  3.017980446189361032e+02  2.693119367125973440e-01  8.402646626466215821e+03  3.015287326822235059e+02  6.007398206889290153e-04 
                      364  3.031381396915638220e+02  1.035047214755309142e-01  7.788790206614974522e+03  3.030346349700882911e+02  6.044179590806290393e-04 
                      365  3.044923702793483358e+02 -1.099274572610511314e-01  7.112865314239281361e+03  3.046022977366093869e+02  6.076309642546540504e-04 
                      366  3.058648305867603199e+02 -3.014080176731113170e-01  6.526205212597635182e+03  3.061662386044334312e+02  6.104382140136600235e-04 
                      367  3.072516663092133058e+02 -4.647679348698261492e-01  6.067795428818212713e+03  3.077164342440831319e+02  6.129374620632810052e-04 
                      368  3.086395968674811456e+02 -5.987231892426621016e-01  5.727190667177576870e+03  3.092383200567238077e+02  6.152533765708549695e-04 
                      369  3.100103952872667605e+02 -7.029112596279105674e-01  5.473186541247522655e+03  3.107133065468946711e+02  6.175274154936059769e-04 
                      370  3.113485677121993831e+02 -7.723961614499899042e-01  5.244177574459080461e+03  3.121209638736493730e+02  6.198794430971860505e-04 
                      371  3.126455667748764427e+02 -7.970232454905499253e-01  4.938187494422284544e+03  3.134425900203669926e+02  6.223549349960610282e-04 
                      372  3.138986318858857203e+02 -7.668937728058722314e-01  4.424052557689100468e+03  3.146655256586915925e+02  6.249112171958250399e-04 
                      373  3.151092093723891026e+02 -6.779851141909603029e-01  3.570152798037148841e+03  3.157871944865800629e+02  6.274530632556050026e-04 
                      374  3.162831422105925867e+02 -5.341982862163376922e-01  2.281356919170700166e+03  3.168173404968089244e+02  6.298691134160019824e-04 
                      375  3.174295318938271748e+02 -3.478226941370508030e-01  5.306136643645401136e+02  3.177773545879642256e+02  6.320450369740380049e-04 
                      376  3.185566502664740938e+02 -1.410072879436938820e-01  1.200000000000000000e+02  3.186976575544177877e+02  6.338824177969060126e-04 
                      377  3.196680000567574780e+02  5.819592998682310281e-02  1.200000000000000000e+02  3.196098041267706549e+02  6.353296045777790226e-04 
                      378  3.207631310887004474e+02  2.222992977034436990e-01  1.200000000000000000e+02  3.205408317909970037e+02  6.363897145513849754e-04 
                      379  3.218426307851319166e+02  3.334272430448095292e-01  1.200000000000000000e+02  3.215092035420871071e+02  6.371012451504310401e-04 
                      380  3.229109948202918758e+02  3.878792156793338108e-01  1.200000000000000000e+02  3.225231156046125420e+02  6.375205012845200055e-04 
                      381  3.239747888551953565e+02  3.932805491025419542e-01  1.200000000000000000e+02  3.235815083060928146e+02  6.377085663968309805e-04 
                      382  3.250400563034918378e+02  3.629177904566063262e-01  1.200000000000000000e+02  3.246771385130352314e+02  6.377108098005499588e-04 
                      383  3.261113230802016574e+02  3.111881220480086085e-01  1.200000000000000000e+02  3.258001349581536488e+02  6.375428869295810506e-04 
                      384  3.271920955472223227e+02  2.515071770087615732e-01  1.200000000000000000e+02  3.269405883702135611e+02  6.372047262683300283e-04 
                      385  3.282861295340298398e+02  1.962804919152745242e-01  2.974680332429357804e+03  3.280898490421145652e+02  6.367110250088609587e-04 
                      386  3.293966001444953804e+02  1.554914696890250525e-01  1.408256241917313673e+04  3.292411086748063553e+02  6.360980922315949545e-04 
                      387  3.305238607949713696e+02  1.340786349626341689e-01  2.384128424915466894e+04  3.303897821600087354e+02  6.353977029334089647e-04 
                      388  3.316662459634263200e+02  1.324265113172486963e-01  3.037200467907692291e+04  3.315338194521090713e+02  6.346127355052670442e-04 
                      389  3.328231834169383774e+02  1.492566723571258080e-01  3.274051400059720982e+04  3.326739267445812516e+02  6.337181644151090431e-04 
                      390  3.339954860405590011e+02  1.820075513771257647e-01  3.083451531245278602e+04  3.338134784891818754e+02  6.326858258900070094e-04 
                      391  3.351816751851615663e+02  2.240088500771548752e-01  2.514974490203965252e+04  3.349576663350844115e+02  6.315096629883699747e-04 
                      392  3.363747848605364084e+02  2.631302058584878978e-01  1.657033019761129617e+04  3.361116546546779205e+02  6.301974866657050062e-04 
                      393  3.375633031534434849e+02  2.849685235383958570e-01  6.172797236971346138e+03  3.372783346299050891e+02  6.287416446761240514e-04 
                      394  3.387356349726092049e+02  2.787278980061387301e-01  1.200000000000000000e+02  3.384569070746030661e+02  6.271100215556980407e-04 
                      395  3.398851107292374536e+02  2.420182818899547783e-01  1.200000000000000000e+02  3.396430924473474988e+02  6.252595940303700035e-04 
                      396  3.410124784450613333e+02  1.817138453384359309e-01  1.200000000000000000e+02  3.408307645997228974e+02  6.231516262989010438e-04 
                      397  3.421248989831084941e+02  1.106679715145446607e-01  1.200000000000000000e+02  3.420142310115939495e+02  6.207599235243819926e-04 
                      398  3.432318718024273494e+02  4.173725071825629129e-02  1.200000000000000000e+02  3.431901345517090931e+02  6.180770162428490507e-04 
                      399  3.443403847461118517e+02 -1.759337872232435984e-02  1.200000000000000000e+02  3.443579781248341760e+02  6.151194119547489765e-04 
                      400  3.454538252620602066e+02 -6.528767295907300650e-02  1.200000000000000000e+02  3.455191129350192796e+02  6.119127492718980446e-04 
                      401  3.465739692889509342e+02 -1.010984575505062821e-01  1.200000000000000000e+02  3.466750677465014405e+02  6.084557816277080203e-04 
                      402  3.477008160107712911e+02 -1.254806523822935560e-01  1.200000000000000000e+02  3.478262966631535846e+02  6.047053331623980380e-04 
                      403  3.488313652092629695e+02 -1.405843890730693602e-01  1.200000000000000000e+02  3.489719495983360389e+02  6.006058368476230314e-04 
                      404  3.499609884613596478e+02 -1.494974747891433253e-01  1.200000000000000000e+02  3.501104859361487911e+02  5.961306833687700455e-04 
                      405  3.510855083219241806e+02 -1.547586372727209891e-01  1.200000000000000000e+02  3.512402669591969016e+02  5.912935923558270464e-04 
                      406  3.522021094036630302e+02 -1.573274993507425279e-01  1.200000000000000000e+02  3.523594369030137727e+02  5.861238773775589777e-04 
                      407  3.533095497542785779e+02 -1.557948379355025281e-01  1.200000000000000000e+02  3.534653445922140804e+02  5.806300409689620036e-04 
                      408  3.544077513385028055e+02 -1.467174831203692520e-01  1.200000000000000000e+02  3.545544688216231748e+02  5.747808949404220038e-04 
                      409  3.554971557937947182e+02 -1.263730514643839342e-01  1.200000000000000000e+02  3.556235288452591021e+02  5.685113437307909605e-04 
                      410  3.565778140964983436e+02 -6.651034486401385948e-02  4.010864896376504021e+03  3.566443244413623574e+02  5.617350475048810523e-04 
                      411  3.576489749141619541e+02  2.664851448776062171e-02  8.622364931862301091e+03  3.576223263996741935e+02  5.543529813885040257e-04 
                      412  3.587106004831554174e+02  1.298705268073376828e-01  1.164590067025233657e+04  3.585807299563480797e+02  5.462620096678829718e-04 
                      413  3.597648176429963769e+02  2.207843804628737416e-01  1.301673461467118796e+04  3.595440332625335031e+02  5.373594497006479792e-04 
                      414  3.608145966000975022e+02  2.795057430414544797e-01  1.285467639641995447e+04  3.605350908570560478e+02  5.275322362861909614e-04 
                      415  3.618605109573752543e+02  2.885290202722785580e-01  1.144154744587946334e+04  3.615719819371029757e+02  5.166456821766439878e-04 
                      416  3.628979882667223933e+02  2.547342926882834035e-01  9.179188234728493626e+03  3.626432539740341099e+02  5.045735342862079633e-04 
                      417  3.639170659568443966e+02  1.811268547768918324e-01  6.532213406780934747e+03  3.637359391020675048e+02  4.912653602919509572e-04 
                      418  3.649060420912876452e+02  6.098895196566900267e-02  3.964877053070598322e+03  3.648450531393219762e+02  4.767886071049620223e-04 
                      419  3.658580561934662683e+02 -1.016947341983041042e-01  1.876342163017366374e+03  3.659597509276645724e+02  4.613059548879669988e-04 
                      420  3.667750796304330834e+02 -2.900104295961796197e-01  5.454981384661990660e+02  3.670650900600292630e+02  4.450099177905470198e-04 
                      421  3.676649637014187419e+02 -4.795338565735960401e-01  1.200000000000000000e+02  3.681444975579923380e+02  4.280660943582109733e-04 
                      422  3.685358905909355940e+02 -6.465922605966625270e-01  5.697263619881217664e+02  3.691824828515322565e+02  4.105985451659849750e-04 
                      423  3.693938485498288173e+02 -7.733958702197014645e-01  1.842332169215363137e+03  3.701672444200485188e+02  3.927111032047130197e-04 
                      424  3.702417572682801392e+02 -8.443901918623737402e-01  3.766549551050325135e+03  3.710861474601425130e+02  3.745052228749709946e-04 
                      425  3.710778856309553930e+02 -8.160777947404653787e-01  6.131248609687185308e+03  3.718939634256958584e+02  3.560694039839289735e-04 
                      426  3.718955456443516709e+02 -7.099586831409965271e-01  8.689903144491165222e+03  3.726055043274926675e+02  3.374705575678050022e-04 
                      427  3.726861094458720913e+02 -5.582744232558525255e-01  1.119348130101750394e+04  3.732443838691279439e+02  3.187699825269710210e-04 
                      428  3.734435642208694617e+02 -3.948881054060962015e-01  1.341459290255616179e+04  3.738384523262755579e+02  3.000356786113279753e-04 
                      429  3.741671961990531941e+02 -2.477207595168238186e-01  1.517146292536037618e+04  3.744149169585700179e+02  2.813384971666130089e-04 
                      430  3.748611203266252687e+02 -1.348967074519009657e-01  1.634254405149118065e+04  3.749960170340771697e+02  2.627606388465929883e-04 
                      431  3.755321080399842231e+02 -6.430364296465995722e-02  1.686088795361272787e+04  3.755964116829488830e+02  2.444295142198289902e-04 
                      432  3.761869739276586415e+02 -3.594538414353110056e-02  1.669947338354562817e+04  3.762229193118021726e+02  2.265437276172239890e-04 
                      433  3.768306123865231712e+02 -4.018782619618832541e-02  1.586351630667338941e+04  3.768708002127193595e+02  2.093545650364780030e-04 
                      434  3.774660469986632165e+02 -3.441916586666593503e-03  1.438881451708936402e+04  3.774694889152498831e+02  1.931156424692369875e-04 
                      435  3.780944859397866367e+02  7.780212731995561626e-02  1.234369029402411979e+04  3.780166838124666810e+02  1.780325335552069936e-04 
                      436  3.787135462643618098e+02  1.987229013293472235e-01  9.837717740321675592e+03  3.785148233630324626e+02  1.642234635453200108e-04 
                      437  3.793164069236111118e+02  3.446246083298092344e-01  7.026052541969402228e+03  3.789717823152813025e+02  1.517049349434359943e-04 
                      438  3.798941453773292096e+02  4.936649160147226212e-01  4.093522065181038670e+03  3.794004804613144870e+02  1.404096492338919927e-04 
                      439  3.804397901268131932e+02  6.226507511756267377e-01  1.227664377542840157e+03  3.798171393756375664e+02  1.302155355882020024e-04 
                      440  3.809506598748663464e+02  7.123041793723245974e-01  1.200000000000000000e+02  3.802383556954940218e+02  1.209739396900489945e-04 
                      441  3.814265318547047059e+02  7.489351675943112241e-01  1.200000000000000000e+02  3.806775966871103947e+02  1.125463628664850045e-04 
                      442  3.818661181636101105e+02  7.242248450164083806e-01  1.200000000000000000e+02  3.811418933185937021e+02  1.048380965780600039e-04 
                      443  3.822676393225767129e+02  6.379923342900042371e-01  1.200000000000000000e+02  3.816296469882867086e+02  9.779769235380099857e-05 
                      444  3.826336433948382592e+02  5.030917252062181433e-01  1.200000000000000000e+02  3.821305516696320410e+02  9.138658378470800243e-05 
                      445  3.829732862258302362e+02  3.452255675335891283e-01  1.200000000000000000e+02  3.826280606582966470e+02  8.555457653840000298e-05 
                      446  3.832987652578741518e+02  1.943493634333890441e-01  1.200000000000000000e+02  3.831044158944407627e+02  8.023435743414199489e-05 
                      447  3.836201428899361190e+02  7.608281730233557028e-02  1.200000000000000000e+02  3.835440600726337834e+02  7.535032333491499654e-05 
                      448  3.839430554250145633e+02  6.148268730555628281e-03  1.200000000000000000e+02  3.839369071562840077e+02  7.083442850125400375e-05 
                      449  3.842685850999122295e+02 -1.141672557497486196e-02  1.200000000000000000e+02  3.842800018254872043e+02  6.663016704921299459e-05 
                      450  3.845925812129403312e+02  1.472633379785293073e-02  1.550897276117957972e+03  3.845778548791424782e+02  6.268189976972799501e-05 
                      451  3.849057056091748450e+02  6.407521023987783337e-02  3.465584994416637528e+03  3.848416303989349672e+02  5.892159839773999691e-05 
                      452  3.851968690606989867e+02  1.105753195482179763e-01  5.188076797704663477e+03  3.850862937411507687e+02  5.525961550089799826e-05 
                      453  3.854583245906420075e+02  1.304159642264721697e-01  6.674231339378287885e+03  3.853279086264155353e+02  5.159721139804499825e-05 
                      454  3.856893631471656931e+02  1.081703592396365821e-01  7.921910614977126897e+03  3.855811927879260566e+02  4.785986089263099700e-05 
                      455  3.858968216312768504e+02  3.924095499462509906e-02  8.958253287505220214e+03  3.858575806762822253e+02  4.402004448770400260e-05 
                      456  3.860916112583810218e+02 -7.186112580734516087e-02  9.823198139705258654e+03  3.861634723841883670e+02  4.009674173905399756e-05 
                      457  3.862833314068316213e+02 -2.152354393984978742e-01  1.055185875658692930e+04  3.864985668462301192e+02  3.613838683995600172e-05 
                      458  3.864761970226361427e+02 -3.788076642032365271e-01  1.115896216855547209e+04  3.868550046868393792e+02  3.220231195248599970e-05 
                      459  3.866692770701151289e+02 -5.489528633402755986e-01  1.162780555939169790e+04  3.872182299334554045e+02  2.834333522480400033e-05 
                      460  3.868616767367880698e+02 -7.080245416165666938e-01  1.191040126693123057e+04  3.875697012784046365e+02  2.460462775782399839e-05 
                      461  3.870567550897030173e+02 -8.339725442728536109e-01  1.194518524995719054e+04  3.878907276339758710e+02  2.100800567607800169e-05 
                      462  3.872600958423192310e+02 -9.063341781870803970e-01  1.168375514505836509e+04  3.881664300205063114e+02  1.756205028230600063e-05 
                      463  3.874749025774863753e+02 -9.139898088793074749e-01  1.111167959041571157e+04  3.883888923863656828e+02  1.428971159664599972e-05 
                      464  3.877003620220380640e+02 -8.417088000877015475e-01  1.025708929588703177e+04  3.885420708221257655e+02  1.125043634446499950e-05 
                      465  3.879331788884808248e+02 -6.527323221750975790e-01  9.190018010049800068e+03  3.885859112106559223e+02  8.534610931195999551e-06 
                      466  3.881697147781856643e+02 -3.890905273852922619e-01  8.018778837628745350e+03  3.885588053055709565e+02  6.232312201848999894e-06 
                      467  3.884070571876528106e+02 -9.013433641439405619e-02  6.882427767436909562e+03  3.884971915240672047e+02  4.400298672548000124e-06 
                      468  3.886425429744385838e+02  2.095504655544573325e-01  5.931933422606220120e+03  3.884329925088841264e+02  3.045515453238000105e-06 
                      469  3.888726026295229303e+02  4.800600004818988964e-01  5.300342235289976998e+03  3.883925426290410314e+02  2.130418605628999900e-06 
                      470  3.890930832599141240e+02  6.968612651513694800e-01  5.072066484556777141e+03  3.883962219947627545e+02  1.591867824097000010e-06 
                      471  3.893008792694999443e+02  8.425143700649755374e-01  5.262106447357378784e+03  3.884583648994349687e+02  1.350305742801999896e-06 
                      472  3.894942542851440521e+02  9.068755520800095837e-01  5.812249843493947992e+03  3.885873787330640425e+02  1.311160140467000049e-06 
                      473  3.896707687006871197e+02  8.848387930304397742e-01  6.605786673922599221e+03  3.887859299076566799e+02  1.380207892641999913e-06 
                      474  3.898254484646637366e+02  8.273163794951869932e-01  7.497433597384444511e+03  3.889981320851685496e+02  1.480316787903000068e-06 
                      475  3.899524632483255573e+02  7.350205077713667379e-01  8.350944937009355272e+03  3.892174427405541906e+02  1.556988210173999930e-06 
                      476  3.900485515353529991e+02  6.120371946588534229e-01  9.070792319862684963e+03  3.894365143406941456e+02  1.588354453335999930e-06 
                      477  3.901146701067502818e+02  4.684184748912230134e-01  9.616427879857719745e+03  3.896462516318590588e+02  1.590380248995999974e-06 
                      478  3.901552583916769663e+02  3.176493373516677821e-01  9.998658368898946719e+03  3.898376090543252985e+02  1.603380280319999953e-06 
                      479  3.901764107449187122e+02  1.729278261859690247e-01  1.026356501682991438e+04  3.900034829187327432e+02  1.679184824911999906e-06 
                      480  3.901851061174500046e+02  4.518171127705272738e-02  1.046943351843663186e+04  3.901399244061729519e+02  1.871405618469999987e-06 
                      481  3.901894909567639047e+02 -5.699326757758171880e-02  1.066074330880997331e+04  3.902464842243414864e+02  2.210902086163000083e-06 
                      482  3.901978322358691571e+02 -1.281398081286511115e-01  1.084300943545095106e+04  3.903259720439978082e+02  2.685191121719000121e-06 
                      483  3.902162284434041339e+02 -1.676817638493730556e-01  1.096672115657920585e+04  3.903839102072535070e+02  3.248985588601999830e-06 
                      484  3.902475281844660344e+02 -1.801393350125977122e-01  1.092939408270374406e+04  3.904276675194786321e+02  3.844885653986000317e-06 
                      485  3.902919334877792608e+02 -1.738509676218882305e-01  1.059533190879804897e+04  3.904657844554011490e+02  4.412342146561999881e-06 
                      486  3.903479118642336516e+02 -1.593051939305496489e-01  9.822902554279571632e+03  3.905072170581642013e+02  4.896805629331999909e-06 
                      487  3.904126345799533055e+02 -1.252290487421987564e-01  8.462543998123317579e+03  3.905378636286955043e+02  5.262305592828999994e-06 
                      488  3.904819369591283476e+02 -8.109597498855691811e-02  6.441064492369521759e+03  3.905630329341169045e+02  5.498276927147999732e-06 
                      489  3.905499497785233416e+02 -4.159590620542985562e-02  3.811771146603846319e+03  3.905915456847287714e+02  5.621357765669000258e-06 
                      490  3.906085710657162622e+02 -1.648095834121932057e-02  7.485394649630429740e+02  3.906250520240574815e+02  5.673326889720000013e-06 
                      491  3.906480583272855256e+02 -1.049259693286330730e-02  1.200000000000000000e+02  3.906585509242183889e+02  5.702697601785999701e-06 
                      492  3.906600760562404844e+02 -2.242839752574354861e-02  1.200000000000000000e+02  3.906825044537662279e+02  5.730011379248000310e-06 
                      493  3.906409294157008389e+02 -4.520889514606096782e-02  1.200000000000000000e+02  3.906861383108468999e+02  5.737307064002000168e-06 
                      494  3.905910933328136707e+02 -6.974485763652182868e-02  1.200000000000000000e+02  3.906608381904501925e+02  5.704479047581999821e-06 
                      495  3.905121329199260458e+02 -9.018770562312283801e-02  1.200000000000000000e+02  3.906023206255491687e+02  5.646801993092000282e-06 
                      496  3.904060173492240438e+02 -1.048826308594925649e-01  1.200000000000000000e+02  3.905108999800835363e+02  5.609260025757000082e-06 
                      497  3.902766767548347389e+02 -1.135267247374827093e-01  1.200000000000000000e+02  3.903902034795722216e+02  5.636930984728999681e-06 
                      498  3.901298490715331582e+02 -1.154969860389769565e-01  1.200000000000000000e+02  3.902453460575721351e+02  5.758141095127999885e-06 
                      499  3.899717013823767502e+02 -1.097640736816174467e-01  1.200000000000000000e+02  3.900814654560583676e+02  5.981591706944000244e-06 
                      500  3.898070468051674879e+02 -9.590067661042667169e-02  1.200000000000000000e+02  3.899029474817779146e+02  6.296271812275000252e-06 
                      501  3.896364965619482632e+02 -7.876260900513898378e-02  5.174824694084702514e+02  3.897152591709534022e+02  6.675234405820000132e-06 
                      502  3.894559701147734359e+02 -6.721034823380023226e-02  3.504831995127078699e+03  3.895231804630072361e+02  7.078621440125999680e-06 
                      503  3.892601103586070508e+02 -6.987132922643013444e-02  6.181651009287779743e+03  3.893299816878334809e+02  7.457213140008000397e-06 
                      504  3.890449542700391135e+02 -8.135329622956533058e-02  8.404479035025016856e+03  3.891263075662686788e+02  7.762954693655000325e-06 
                      505  3.888075478638994582e+02 -1.010790286752012435e-01  1.010958395389806901e+04  3.889086268925746595e+02  7.950319304112000274e-06 
                      506  3.885454009266895810e+02 -1.301083323259604185e-01  1.130988451651368450e+04  3.886755092590155414e+02  7.969397265377999482e-06 
                      507  3.882574768262666680e+02 -1.676367256858952715e-01  1.207439252898579070e+04  3.884251135519525633e+02  7.780776410035999624e-06 
                      508  3.879442302923855550e+02 -2.116123629725734645e-01  1.249885071914823129e+04  3.881558426553581285e+02  7.391112012752000304e-06 
                      509  3.876054459198691120e+02 -2.614602661182630072e-01  1.268003980538671749e+04  3.878669061859873750e+02  6.873925206136000151e-06 
                      510  3.872397325800987460e+02 -3.185515638874107935e-01  1.269880042175675953e+04  3.875582841439861568e+02  0.000000000000000000e+00 
                      511  3.868473680397246426e+02 -3.828707553939239006e-01  1.261176900411785391e+04  3.872302387951185665e+02  0.000000000000000000e+00 
                      512  3.864317562247593401e+02 -4.512095943151734900e-01  1.245016523333247460e+04  3.868829658190745135e+02  0.000000000000000000e+00 
                      513  3.859971813274341912e+02 -5.014108702762314351e-01  1.222274161884277601e+04  3.864985921977104226e+02  0.000000000000000000e+00 
                      514  3.855473360285320155e+02 -4.792739969032595582e-01  1.192303239036403465e+04  3.860266100254352750e+02  0.000000000000000000e+00 
                      515  3.850861775317640081e+02 -3.948157036059569691e-01  1.153990700336725058e+04  3.854809932353699651e+02  0.000000000000000000e+00 
                      516  3.846170175749977034e+02 -2.681676177523968363e-01  1.106459591957196972e+04  3.848851851927501002e+02  0.000000000000000000e+00 
                      517  3.841407199725169335e+02 -1.239050017424574435e-01  1.049054414986771735e+04  3.842646249742593909e+02  0.000000000000000000e+00 
                      518  3.836557442943951628e+02  1.454334016119673834e-02  9.811693598928615756e+03  3.836412009542339661e+02  0.000000000000000000e+00 
                      519  3.831568078790904792e+02  1.267162155884875574e-01  9.025844809010905010e+03  3.830300916635019917e+02  0.000000000000000000e+00 
                      520  3.826330274457112637e+02  1.942787534159151619e-01  8.141818088026131591e+03  3.824387486922953485e+02  0.000000000000000000e+00 
                      521  3.820715849634208894e+02  2.038913531198431883e-01  7.184135257933007779e+03  3.818676936103010462e+02  0.000000000000000000e+00 
                      522  3.814648534624590184e+02  1.842043901002625717e-01  6.191452702619545562e+03  3.812806490723587558e+02  0.000000000000000000e+00 
                      523  3.808135185698395730e+02  1.762955957114513694e-01  5.210001153407623860e+03  3.806372229741281217e+02  0.000000000000000000e+00 
                      524  3.801250896954021528e+02  1.822295188484304163e-01  4.286410467605111080e+03  3.799428601765537223e+02  0.000000000000000000e+00 
                      525  3.794115269104377148e+02  2.047729456322144870e-01  3.463025704565938213e+03  3.792067539648055003e+02  0.000000000000000000e+00 
                      526  3.786858823268393621e+02  2.458684542594369304e-01  2.776727082977045939e+03  3.784400138725799252e+02  0.000000000000000000e+00 
                      527  3.779572961028691225e+02  3.036175309572399783e-01  2.259942507786720398e+03  3.776536785719118825e+02  0.000000000000000000e+00 
                      528  3.772271147332961618e+02  3.698066328809090919e-01  1.938344839977140964e+03  3.768573081004152527e+02  0.000000000000000000e+00 
                      529  3.764889563173014722e+02  4.305835346326034596e-01  1.823663435756237050e+03  3.760583727826688687e+02  0.000000000000000000e+00 
                      530  3.757324673233444514e+02  4.706047941278939106e-01  1.909018585861385645e+03  3.752618625292165575e+02  0.000000000000000000e+00 
                      531  3.749475957853911723e+02  4.780626587644292158e-01  2.170719634918407337e+03  3.744695331266267431e+02  0.000000000000000000e+00 
                      532  3.741273571621044880e+02  4.473796733770996070e-01  2.572545995283542197e+03  3.736799774887273884e+02  0.000000000000000000e+00 
                      533  3.732693234091785257e+02  3.800900473353294728e-01  3.070117183670049144e+03  3.728892333618431962e+02  0.000000000000000000e+00 
                      534  3.723758961302763737e+02  2.841918434291414997e-01  3.615138924861031683e+03  3.720917042868472322e+02  0.000000000000000000e+00 
                      535  3.714535492454943437e+02  1.724244721465311159e-01  4.159348554351389794e+03  3.712811247733478126e+02  0.000000000000000000e+00 
                      536  3.705098890932320046e+02  5.831702877151201392e-02  4.659314772019241900e+03  3.704515720644604926e+02  0.000000000000000000e+00 
                      537  3.695494158071257402e+02 -4.921743784132104338e-02  5.075315238039884207e+03  3.695986332449670613e+02  0.000000000000000000e+00 
                      538  3.685733374865636733e+02 -1.224972375550237302e-01  5.362978534661204321e+03  3.686958347241186971e+02  0.000000000000000000e+00 
                      539  3.675829320435461796e+02 -1.587304767197679212e-01  5.515167338986647337e+03  3.677416625202659475e+02  0.000000000000000000e+00 
                      540  3.665807727048132847e+02 -1.708733072731547509e-01  5.562463669450679845e+03  3.667516460120864394e+02  0.000000000000000000e+00 
                      541  3.655694077310821513e+02 -1.722545605665573021e-01  5.563778854580195002e+03  3.657416622916487086e+02  0.000000000000000000e+00 
                      542  3.645503930426589818e+02 -1.751298069922881950e-01  5.594491195120813245e+03  3.647255228496512700e+02  0.000000000000000000e+00 
                      543  3.635256501231502853e+02 -1.875393280998878254e-01  5.734989646736098621e+03  3.637131894512501731e+02  0.000000000000000000e+00 
                      544  3.624989903613591764e+02 -2.108155364816752808e-01  6.054790219557403361e+03  3.627098058978408517e+02  0.000000000000000000e+00 
                      545  3.614733406755479450e+02 -2.421584398968548157e-01  6.594180315878521469e+03  3.617154991154447998e+02  0.000000000000000000e+00 
                      546  3.604470178334616435e+02 -2.788546110772927022e-01  7.368148374553560643e+03  3.607258724445389362e+02  0.000000000000000000e+00 
                      547  3.594141192789207935e+02 -3.190662288429280125e-01  8.357472578423577943e+03  3.597331855077637215e+02  0.000000000000000000e+00 
                      548  3.583669208515669311e+02 -3.610806531717116741e-01  9.498416241880066082e+03  3.587280015047386428e+02  0.000000000000000000e+00 
                      549  3.572992990200100394e+02 -4.013948908478823796e-01  1.068356764216923148e+04  3.577006939108579218e+02  0.000000000000000000e+00 
                      550  3.562105475562834727e+02 -4.323587855670325553e-01  1.177537236964808471e+04  3.566429063418505052e+02  0.000000000000000000e+00 
                      551  3.551054315436720117e+02 -4.424007760561607938e-01  1.262298790117564386e+04  3.555478323197281725e+02  0.000000000000000000e+00 
                      552  3.539902215789466027e+02 -4.209063904415302204e-01  1.307214882458152351e+04  3.544111279693881329e+02  0.000000000000000000e+00 
                      553  3.528683283377035309e+02 -3.628705187639980068e-01  1.299859109168153009e+04  3.532311988564675289e+02  0.000000000000000000e+00 
                      554  3.517379392166841399e+02 -2.713047550531655361e-01  1.235151193577238701e+04  3.520092439717373054e+02  0.000000000000000000e+00 
                      555  3.505932558196681725e+02 -1.586775244929299333e-01  1.117423974211910354e+04  3.507519333441611025e+02  0.000000000000000000e+00 
                      556  3.494293632745726654e+02 -3.799847793999333589e-02  9.615026876163434281e+03  3.494673617525126588e+02  0.000000000000000000e+00 
                      557  3.482461664307708133e+02  8.279321290314101134e-02  7.928633283717084851e+03  3.481633732178676723e+02  0.000000000000000000e+00 
                      558  3.470478584835927904e+02  2.009463078759949894e-01  6.466400086454687880e+03  3.468469121757167954e+02  0.000000000000000000e+00 
                      559  3.458408020740821485e+02  3.171456321247774213e-01  5.643895313921848356e+03  3.455236564419573710e+02  0.000000000000000000e+00 
                      560  3.446314574862302607e+02  4.330856789824792941e-01  5.872794111920621617e+03  3.441983718072477814e+02  0.000000000000000000e+00 
                      561  3.434237857949387376e+02  5.444331295128677084e-01  6.485050764477506164e+03  3.428793526654258699e+02  0.000000000000000000e+00 
                      562  3.422184780345588706e+02  6.442259804275636270e-01  7.347136096676990746e+03  3.415742520541313070e+02  0.000000000000000000e+00 
                      563  3.410146524129654608e+02  7.248782016505970205e-01  8.238764248028150178e+03  3.402897742113148638e+02  0.000000000000000000e+00 
                      564  3.398106894735992682e+02  7.791918900676364501e-01  8.905081875065645363e+03  3.390314975835316318e+02  0.000000000000000000e+00 
                      565  3.386033881842520259e+02  7.997996575091974591e-01  9.106299964430401815e+03  3.378035885267428284e+02  0.000000000000000000e+00 
                      566  3.373891143184362136e+02  7.807793718226889723e-01  8.676076331637252224e+03  3.366083349466135246e+02  0.000000000000000000e+00 
                      567  3.361664915016912119e+02  7.208498023530296450e-01  7.577441283252595895e+03  3.354456416993381822e+02  0.000000000000000000e+00 
                      568  3.349359671567525538e+02  6.328458869707560552e-01  5.923939280852651791e+03  3.343031212697817978e+02  0.000000000000000000e+00 
                      569  3.336975136433770217e+02  5.258919414563365535e-01  3.951848038438274216e+03  3.331716217019206852e+02  0.000000000000000000e+00 
                      570  3.324503869675779697e+02  4.025160147933775079e-01  1.962379701489626541e+03  3.320478709527845922e+02  0.000000000000000000e+00 
                      571  3.311935601292511819e+02  2.662965338276421789e-01  2.535469885804993737e+02  3.309272635954235398e+02  0.000000000000000000e+00 
                      572  3.299255979390485436e+02  1.212044817801825047e-01  1.200000000000000000e+02  3.298043934572683611e+02  0.000000000000000000e+00 
                      573  3.286461815189420577e+02 -2.734545901557794423e-02  1.200000000000000000e+02  3.286735269779576356e+02  0.000000000000000000e+00 
                      574  3.273581354139183190e+02 -1.709236519678825061e-01  1.200000000000000000e+02  3.275290590658862016e+02  0.000000000000000000e+00 
                      575  3.260662231381388665e+02 -2.998789876017440292e-01  1.200000000000000000e+02  3.263661021257406105e+02  0.000000000000000000e+00 
                      576  3.247733153534642270e+02 -4.077358750599842097e-01  5.198898707807347819e+02  3.251810512285242112e+02  0.000000000000000000e+00 
                      577  3.234781815058221923e+02 -4.935304902282950934e-01  1.906726007029429184e+03  3.239717119960504874e+02  0.000000000000000000e+00 
                      578  3.221765031061614764e+02 -5.512007741841671304e-01  3.320929546193784063e+03  3.227277038803456435e+02  0.000000000000000000e+00 
                      579  3.208632818985113317e+02 -5.820341498192647123e-01  4.608500567618522837e+03  3.214453160483305965e+02  0.000000000000000000e+00 
                      580  3.195353257102499356e+02 -5.893301040118785750e-01  5.682858717239204452e+03  3.201246558142618142e+02  0.000000000000000000e+00 
                      581  3.181921582034352127e+02 -5.734199309530936262e-01  6.488827134340153862e+03  3.187655781343883064e+02  0.000000000000000000e+00 
                      582  3.168338335264367061e+02 -5.345308524650249637e-01  6.954937040145466199e+03  3.173683643789017310e+02  0.000000000000000000e+00 
                      583  3.154578360396125163e+02 -4.766456084187211673e-01  6.993852266192428942e+03  3.159344816480312375e+02  0.000000000000000000e+00 
                      584  3.140596317441923020e+02 -4.072952746652731548e-01  6.555897792141393438e+03  3.144669270188575751e+02  0.000000000000000000e+00 
                      585  3.126379549805062084e+02 -3.321974177813444840e-01  5.687520127826529460e+03  3.129701523982875528e+02  0.000000000000000000e+00 
                      586  3.111988064283364679e+02 -2.511679833640414472e-01  4.541321771637690290e+03  3.114499744117005093e+02  0.000000000000000000e+00 
                      587  3.097530885441217379e+02 -1.606621694439240855e-01  3.331246074291341301e+03  3.099137507135656620e+02  0.000000000000000000e+00 
                      588  3.083114051592147007e+02 -5.910280011590884897e-02  2.271107905833858695e+03  3.083705079593306095e+02  0.000000000000000000e+00 
                      589  3.068796201323193600e+02  4.921316357092564431e-02  1.525832199525644228e+03  3.068304069687484343e+02  0.000000000000000000e+00 
                      590  3.054554571291175762e+02  1.521527642894398014e-01  1.189074796858416903e+03  3.053033043648281364e+02  0.000000000000000000e+00 
                      591  3.040290952135868565e+02  2.323353555726725972e-01  1.291203613492291424e+03  3.037967598580141839e+02  0.000000000000000000e+00 
                      592  3.025878603416070973e+02  2.736702932305092872e-01  1.798133714294295032e+03  3.023141900483765880e+02  0.000000000000000000e+00 
                      593  3.011207563795285296e+02  2.669659105221171558e-01  2.634029993774875038e+03  3.008537904690064124e+02  0.000000000000000000e+00 
                      594  2.996213998440844080e+02  2.130185387740652914e-01  3.694451238968450070e+03  2.994083813053103427e+02  0.000000000000000000e+00 
                      595  2.980881953187451927e+02  1.221790262383137815e-01  4.865444190732708194e+03  2.979660162925068789e+02  0.000000000000000000e+00 
                      596  2.965210101922916692e+02  9.647067102548589901e-03  6.070036806165759117e+03  2.965113631251891206e+02  0.000000000000000000e+00 
                      597  2.949189757751190655e+02 -1.090249268023626428e-01  7.280619816080190503e+03  2.950280007019214281e+02  0.000000000000000000e+00 
                      598  2.932824996636352353e+02 -2.189120614000898968e-01  8.476642046308917998e+03  2.935014117250353252e+02  0.000000000000000000e+00 
                      599  2.916154436488016586e+02 -3.064014041369773622e-01  9.598964425439673505e+03  2.919218450529386359e+02  0.000000000000000000e+00 
                      600  2.899243276179892632e+02 -3.616636115286269160e-01  1.055889480938902307e+04  2.902859912295178901e+02  0.000000000000000000e+00 
                      601  2.882165248795424191e+02 -3.803737699543034978e-01  1.128877578167154934e+04  2.885968986494967226e+02  0.000000000000000000e+00 
                      602  2.864989689868018559e+02 -3.634403791690488106e-01  1.175206677833018875e+04  2.868624093659709047e+02  0.000000000000000000e+00 
                      603  2.847769477858792015e+02 -3.159885776016153613e-01  1.192572821505723914e+04  2.850929363634808169e+02  0.000000000000000000e+00 
                      604  2.830522645127364854e+02 -2.470391292225713187e-01  1.177746550885036777e+04  2.832993036419590567e+02  0.000000000000000000e+00 
                      605  2.813213487295732307e+02 -1.695592788018984720e-01  1.125170016277665673e+04  2.814909080083751292e+02  0.000000000000000000e+00 
                      606  2.795769846580021749e+02 -9.723451277130834569e-02  1.028307568706612983e+04  2.796742191707734833e+02  0.000000000000000000e+00 
                      607  2.778138726257461713e+02 -3.782412661394118913e-02  8.826657833748591656e+03  2.778516967523601124e+02  0.000000000000000000e+00 
                      608  2.760319412648441357e+02  1.065742045483375477e-02  6.893301386861424362e+03  2.760212838443893020e+02  0.000000000000000000e+00 
                      609  2.742338636578907085e+02  5.714123595663522792e-02  4.568767847185437859e+03  2.741767224219340733e+02  0.000000000000000000e+00 
                      610  2.724189483522779938e+02  1.100084323906571626e-01  1.987679510653807029e+03  2.723089399198873366e+02  0.000000000000000000e+00 
                      611  2.705793129957316978e+02  1.709480679924126889e-01  1.200000000000000000e+02  2.704083649277392851e+02  0.000000000000000000e+00 
                      612  2.687030427493650677e+02  2.355692562973672466e-01  1.200000000000000000e+02  2.684674734930677005e+02  0.000000000000000000e+00 
                      613  2.667808105270146370e+02  2.980265217650526210e-01  1.200000000000000000e+02  2.664827840052495844e+02  0.000000000000000000e+00 
                      614  2.648092908962719321e+02  3.534388010443763051e-01  1.200000000000000000e+02  2.644558520952275558e+02  0.000000000000000000e+00 
                      615  2.627902721123224978e+02  3.970071813552067397e-01  1.200000000000000000e+02  2.623932649309672911e+02  0.000000000000000000e+00 
                      616  2.607283342406441307e+02  4.232169389749174115e-01  1.200000000000000000e+02  2.603051173016692132e+02  0.000000000000000000e+00 
                      617  2.586287510461057764e+02  4.261639252141549150e-01  1.200000000000000000e+02  2.582025871208916215e+02  0.000000000000000000e+00 
                      618  2.564952160028768162e+02  3.996967622201736958e-01  1.200000000000000000e+02  2.560955192406566425e+02  0.000000000000000000e+00 
                      619  2.543290383222656601e+02  3.548341035037481106e-01  1.200000000000000000e+02  2.539742042187619120e+02  0.000000000000000000e+00 
                      620  2.521321523836639074e+02  2.921423080763929647e-01  1.200000000000000000e+02  2.518400100755875144e+02  0.000000000000000000e+00 
                      621  2.499101880379840566e+02  2.147598021067835816e-01  1.200000000000000000e+02  2.496954282358772730e+02  0.000000000000000000e+00 
                      622  2.476709247611995295e+02  1.309340352669323693e-01  1.200000000000000000e+02  2.475399907259325971e+02  0.000000000000000000e+00 
                      623  2.454206603211609661e+02  4.930379700095954831e-02  1.200000000000000000e+02  2.453713565241600065e+02  0.000000000000000000e+00 
                      624  2.431627570661248683e+02 -2.407420901434420557e-02  1.200000000000000000e+02  2.431868312751392125e+02  0.000000000000000000e+00 
                      625  2.408986299076087221e+02 -8.608951213204818487e-02  1.200000000000000000e+02  2.409847194197407703e+02  0.000000000000000000e+00 
                      626  2.386295270730320510e+02 -1.355508861637702012e-01  1.200000000000000000e+02  2.387650779591958212e+02  0.000000000000000000e+00 
                      627  2.363573721571239901e+02 -1.723889986549522746e-01  2.965894574113470298e+03  2.365297611557789423e+02  0.000000000000000000e+00 
                      628  2.340833082286689262e+02 -1.986330091237107354e-01  6.027678108728106054e+03  2.342819412377926369e+02  0.000000000000000000e+00 
                      629  2.318047349558192423e+02 -2.181675727204037685e-01  7.978445638458249050e+03  2.320229025285396460e+02  0.000000000000000000e+00 
                      630  2.295144614417820321e+02 -2.256569980965821287e-01  8.864242675921601403e+03  2.297401184398786143e+02  0.000000000000000000e+00 
                      631  2.272041778287742204e+02 -2.355073094742010653e-01  8.881900185333299305e+03  2.274396851382484215e+02  0.000000000000000000e+00 
                      632  2.248692087912145325e+02 -2.571069858146302067e-01  8.335819021663015519e+03  2.251263157770291627e+02  0.000000000000000000e+00 
                      633  2.225100908023381407e+02 -2.920489012464599909e-01  7.585350974510773085e+03  2.228021397035846007e+02  0.000000000000000000e+00 
                      634  2.201305394387197509e+02 -3.356940671751829086e-01  6.979834321249931236e+03  2.204662335058949338e+02  0.000000000000000000e+00 
                      635  2.177345437783534123e+02 -3.804895004076342957e-01  6.782823011518975363e+03  2.181150332787610466e+02  0.000000000000000000e+00 
                      636  2.153247198122936084e+02 -4.186595263171568604e-01  7.112706906028359299e+03  2.157433793386107652e+02  0.000000000000000000e+00 
                      637  2.129029870251044372e+02 -4.427281341440050255e-01  7.930091715504369859e+03  2.133457151592484422e+02  0.000000000000000000e+00 
                      638  2.104727779891302930e+02 -4.442682648105460430e-01  9.075252466376945449e+03  2.109170462539408391e+02  0.000000000000000000e+00 
                      639  2.080390986824717459e+02 -4.145291660983900783e-01  1.032084737360029067e+04  2.084536278485701359e+02  0.000000000000000000e+00 
                      640  2.056054674069873158e+02 -3.481287937866568427e-01  1.139829094847191664e+04  2.059535962007739727e+02  0.000000000000000000e+00 
                      641  2.031711454332767062e+02 -2.464045483114887247e-01  1.201596172348978325e+04  2.034175499815881949e+02  0.000000000000000000e+00 
                      642  2.007309293487110438e+02 -1.178470087755556506e-01  1.193560287405227245e+04  2.008487763574865994e+02  0.000000000000000000e+00 
                      643  1.982780543386983823e+02  2.515500388255986763e-02  1.106446355452566968e+04  1.982528993348158224e+02  0.000000000000000000e+00 
                      644  1.958085871930491635e+02  1.715148248118509855e-01  9.498832040547538782e+03  1.956370723682373125e+02  0.000000000000000000e+00 
                      645  1.933233900267229615e+02  3.143206628155326143e-01  7.507168030332447415e+03  1.930090693639074289e+02  0.000000000000000000e+00 
                      646  1.908265990282408779e+02  4.499895269466946957e-01  5.439769948894339905e+03  1.903766095012941832e+02  0.000000000000000000e+00 
                      647  1.883223565023121751e+02  5.753189224676589220e-01  3.603766762506243140e+03  1.877470375798445161e+02  0.000000000000000000e+00 
                      648  1.858116549284252983e+02  6.843849826016707993e-01  2.173668844291932146e+03  1.851272699458236275e+02  0.000000000000000000e+00 
                      649  1.832927770888182692e+02  7.689402409374679337e-01  1.166808711306698797e+03  1.825238368478808013e+02  0.000000000000000000e+00 
                      650  1.807657565081595976e+02  8.228320395845400981e-01  4.555654983666841531e+02  1.799429244685750575e+02  0.000000000000000000e+00 
                      651  1.782347770430906451e+02  8.443763874226704047e-01  6.228200522266891994e+02  1.773904006556679747e+02  0.000000000000000000e+00 
                      652  1.757058098182096728e+02  8.341250368862347386e-01  1.073282966105434980e+03  1.748716847813234381e+02  0.000000000000000000e+00 
                      653  1.731835547419591990e+02  7.923012208453599214e-01  1.118974484592983572e+03  1.723912535211138390e+02  0.000000000000000000e+00 
                      654  1.706703449939412280e+02  7.184902707144544820e-01  6.113674041925340816e+02  1.699518547232267736e+02  0.000000000000000000e+00 
                      655  1.681666930620038443e+02  6.128634631227498630e-01  1.200000000000000000e+02  1.675538295988810944e+02  0.000000000000000000e+00 
                      656  1.656727064277365855e+02  4.776767697337334084e-01  1.200000000000000000e+02  1.651950296580028521e+02  0.000000000000000000e+00 
                      657  1.631894054063171779e+02  3.173728592233260315e-01  1.200000000000000000e+02  1.628720325470938519e+02  0.000000000000000000e+00 
                      658  1.607194178458141778e+02  1.375256825387225490e-01  1.200000000000000000e+02  1.605818921632754552e+02  0.000000000000000000e+00 
                      659  1.582669691355212649e+02 -5.431265983136768227e-02  1.200000000000000000e+02  1.583212817953526326e+02  0.000000000000000000e+00 
                      660  1.558374981244643322e+02 -2.486818877964083185e-01  1.200000000000000000e+02  1.560861800122607406e+02  0.000000000000000000e+00 
                      661  1.534376079368463479e+02 -4.334643450289092925e-01  1.200000000000000000e+02  1.538710722818752572e+02  0.000000000000000000e+00 
                      662  1.510748647560743336e+02 -5.936158674194018658e-01  1.200000000000000000e+02  1.516684806234937355e+02  0.000000000000000000e+00 
                      663  1.487559334448488926e+02 -7.134454520786448484e-01  1.200000000000000000e+02  1.494693788969275374e+02  0.000000000000000000e+00 
                      664  1.464836072990836442e+02 -7.808033106200582552e-01  1.200000000000000000e+02  1.472644106097037024e+02  0.000000000000000000e+00 
                      665  1.442565635461377838e+02 -7.887955881473658337e-01  1.200000000000000000e+02  1.450453591342851496e+02  0.000000000000000000e+00 
                      666  1.420728823685336408e+02 -7.343769123217498418e-01  1.200000000000000000e+02  1.428072592808553907e+02  0.000000000000000000e+00 
                      667  1.399308854834133342e+02 -6.167561688343425885e-01  1.200000000000000000e+02  1.405476416522476768e+02  0.000000000000000000e+00 
                      668  1.378238853330602467e+02 -4.418134430943894131e-01  1.200000000000000000e+02  1.382656987761546361e+02  0.000000000000000000e+00 
                      669  1.357352096508333261e+02 -2.261051027423945925e-01  1.200000000000000000e+02  1.359613147535757207e+02  0.000000000000000000e+00 
                      670  1.336390773675983610e+02  5.165134791639047762e-03  1.200000000000000000e+02  1.336339122328067219e+02  0.000000000000000000e+00 
                      671  1.315056794259522235e+02  2.242589417315343781e-01  1.200000000000000000e+02  1.312814204842206891e+02  0.000000000000000000e+00 
                      672  1.293049284203258082e+02  4.050036071351996725e-01  1.200000000000000000e+02  1.288999248131906086e+02  0.000000000000000000e+00 
                      673  1.270072707695221368e+02  5.228432664370359362e-01  1.200000000000000000e+02  1.264844275030851009e+02  0.000000000000000000e+00 
                      674  1.245864475678199597e+02  5.559034908140745301e-01  1.200000000000000000e+02  1.240305440770058851e+02  0.000000000000000000e+00 
                      675  1.220244215863789634e+02  4.876434519358952002e-01  1.200000000000000000e+02  1.215367781344430682e+02  0.000000000000000000e+00 
                      676  1.193140644213430335e+02  3.066755586438176806e-01  1.200000000000000000e+02  1.190073888626992158e+02  0.000000000000000000e+00 
                      677  1.164632323801932330e+02  9.270912896511163126e-03  1.200000000000000000e+02  1.164539614672967218e+02  0.000000000000000000e+00 
                      678  1.135051900645789260e+02 -3.907188202792895027e-01  1.200000000000000000e+02  1.138959088848582155e+02  0.000000000000000000e+00 
                      679  1.105100090168886311e+02 -8.503908862826961013e-01  1.200000000000000000e+02  1.113603999031713272e+02  0.000000000000000000e+00 
                      680  1.075905804031558262e+02 -1.290665046824926776e+00  1.200000000000000000e+02  1.088812454499807529e+02  0.000000000000000000e+00 
                      681  1.049037415938055915e+02 -1.593460725768778730e+00  4.371321095825836892e+03  1.064972023195743702e+02  0.000000000000000000e+00 
                      682  1.026422295784710172e+02 -1.604844845829660471e+00  7.989279562275407443e+03  1.042470744243006777e+02  0.000000000000000000e+00 
                      683  1.010036566429253355e+02 -1.162050488371036749e+00  9.492401094349022969e+03  1.021657071312963723e+02  0.000000000000000000e+00 
                      684  1.001276960734258807e+02 -1.531714426607777568e-01  8.639206662655305990e+03  1.002808675160866585e+02  0.000000000000000000e+00 
                      685  1.000000000000000000e+02  1.388490220926513530e+00  5.245239309763946039e+03  9.861150977907348647e+01  0.000000000000000000e+00 
                      686  1.003607433886501212e+02  3.193280104448831480e+00  1.200000000000000000e+02  9.716746328420128975e+01  0.000000000000000000e+00 
