0.000000
0.000000
0.000000
0.000000
0.000000
0.000000
0.000000
0.000000
0.000000
0.000000
0.000000
0.000000
0.000000
0.000000
0.000000
0.000000
0.000000
0.000000
0.000000
0.000000
0.000000
0.000000
0.000000
0.000000
0.000000
0.000000
0.000000
0.000000
0.000000
0.000000
0.000000
0.000000
0.000000
0.000000
0.000000
0.000000
0.000000
0.000000
0.000000
0.000000
0.000000
0.000000
0.000000
0.000000
0.000000
0.000000
0.000000
0.000000
0.000000
0.000000
0.000000
0.000000
0.000000
0.000000
0.000000
0.000000
0.000000
0.000000
0.000000
0.000000
0.000000
0.000000
0.000000
0.000000
0.000000
0.000000
0.000000
0.000000
0.000000
0.000000
0.000000
0.000000
0.000000
0.000000
0.000000
0.000000
0.000000
0.000000
0.000000
0.000000
0.000000
0.000000
0.000000
0.000000
0.000000
0.000000
0.000000
0.000000
0.000000
0.000000
0.000000
0.000000
0.000000
0.000000
0.000000
0.000000
0.000000
0.000000
0.000000
0.000000
0.000000
0.000000
0.000000
0.000000
0.000000
0.000000
0.000000
0.000000
0.000000
0.000000
0.000000
0.000000
0.000000
0.000000
0.000000
0.000000
0.000000
0.000000
0.000000
0.000000
0.000000
0.000000
0.000000
0.000000
0.000000
0.000000
0.000000
2067.798351
2246.192578
2422.825455
2597.913240
2771.665963
2944.278213
3115.920161
3286.728958
3456.800653
3626.182757
3794.867580
3962.786447
4129.804889
4295.718901
4460.252320
4623.055402
4783.704599
4941.703594
5096.485565
5247.416682
5393.800802
5534.885307
5669.868042
5797.905254
5918.120455
6029.614110
6131.474026
6222.786328
6302.646891
6370.173093
6424.515745
6464.871060
6490.492516
6500.702461
6494.903342
6472.588382
6433.351616
6376.897125
6303.047372
6211.750513
6103.086599
5977.272575
5834.665993
5675.767383
5501.221229
5311.815510
5108.479779
4892.281778
4664.422591
4426.230339
4179.152473
3924.746689
3664.670538
3400.669792
3134.565658
2868.240937
2603.625227
2342.679298
2087.378761
1839.697168
1601.588694
1374.970541
1161.705238
963.582983
782.304204
619.462500
476.528139
354.832277
255.552058
179.696776
128.095233
101.384473
100.000000
124.167655
173.897235
248.977989
348.976074
473.234054
620.872501
790.793741
981.687767
1192.040324
1420.143144
1664.106284
1921.872518
2191.233668
2469.848796
2755.264093
3044.934334
3336.245704
3626.539805
3913.138639
4193.370307
4464.595209
4724.232461
4969.786270
5198.871979
5409.241517
5598.807943
5765.668834
5908.128206
6024.716726
6114.209940
6175.644287
6208.330669
6211.865372
6186.138177
6131.337491
6047.952395
5936.771521
5798.878699
5635.645364
5448.719750
5240.012918
5011.681732
4766.108909
4505.880311
4233.759712
3952.661258
3665.619905
3375.760153
3086.263382
2800.334170
2521.165946
2251.906380
1995.622896
1755.268714
1533.649827
1333.393306
1156.917320
1006.403243
883.770209
790.652423
728.379548
697.960416
700.070295
735.041896
802.860271
903.161675
1035.236463
1198.036007
1390.183577
1609.989091
1855.467582
2124.361172
2414.164314
2722.152021
3045.410732
3380.871472
3725.344893
4075.557782
4428.190595
4779.915540
5127.434759
5467.518126
5797.040186
6113.015788
6412.633948
6693.289528
6952.612331
7188.493243
7399.107096
7582.931962
7738.764649
7865.732194
7963.299224
8031.271106
8069.792841
8079.343756
8060.728050
8015.061362
7943.753532
7848.487809
7731.196791
7594.035442
7439.351534
7269.653955
7087.579279
6895.857078
6697.274441
6494.640169
6290.749140
6088.347304
5890.097789
5698.548550
5516.101989
5344.986927
5187.233303
5044.649886
4918.805295
4811.012532
4722.317194
4653.489502
4605.020173
4577.120172
4569.724269
4582.498319
4614.850088
4665.943431
4734.715578
4819.897213
4920.035046
5033.516485
5158.596053
5293.423120
5436.070533
5584.563730
5736.909892
5891.126723
6045.270435
6197.462564
6345.915224
6488.954480
6625.041520
6752.791365
6870.988890
6978.601965
7074.791590
7158.918931
7230.549213
7289.452490
7335.601330
7369.165532
7390.504008
7400.154018
7398.817989
7387.348149
7366.729280
7338.059884
7302.532091
7261.410632
7216.011240
7167.678800
7117.765610
7067.610068
7018.516111
6971.733700
6928.440630
6889.725904
6856.574910
6829.856553
6810.312524
6798.548799
6795.029449
6800.072796
6813.849922
6836.385478
6867.560738
6907.118778
6954.671654
7009.709404
7071.610704
7139.654938
7213.035495
7290.874023
7372.235413
7456.143246
7541.595471
7627.580055
7713.090363
7797.140051
7878.777256
7957.097880
8031.257805
8100.483878
8164.083542
8221.453012
8272.083909
8315.568319
8351.602239
8379.987418
8400.631618
8413.547354
8418.849170
8416.749559
8407.553624
8391.652613
8369.516464
8341.685501
8308.761446
8271.397884
8230.290368
8186.166295
8139.774724
8091.876273
8043.233238
7994.600069
7946.714300
7900.288062
7856.000257
7814.489457
7776.347611
7742.114588
7712.273593
7687.247460
7667.395849
7653.013299
7644.328143
7641.502240
7644.631473
7653.746970
7668.816988
7689.749392
7716.394671
7748.549400
7785.960114
7828.327484
7875.310757
7926.532380
7981.582750
8040.025029
8101.399973
8165.230730
8231.027558
8298.292427
8366.523477
8435.219299
8503.883020
8572.026176
8639.172355
8704.860604
8768.648587
8830.115499
8888.864725
8944.526242
8996.758771
9045.251677
9089.726605
9129.938875
9165.678617
9196.771651
9223.080118
9244.502850
9260.975486
9272.470334
9278.995968
9280.596571
9277.351026
9269.371742
9256.803243
9239.820505
9218.627062
9193.452893
9164.552099
9132.200387
9096.692396
9058.338867
9017.463707
8974.400958
8929.491714
8883.081021
8835.514789
8787.136759
8738.285562
8689.291897
8640.475888
8592.144623
8544.589929
8498.086406
8452.889738
8409.235311
8367.337143
8327.387142
8289.554695
8253.986580
8220.807199
8190.119117
8162.003875
8136.523068
8113.719645
8093.619393
8076.232576
8061.555677
8049.573198
8040.259473
8033.580454
8029.495409
8027.958503
8028.920212
8032.328534
8038.129972
8046.270250
8056.694756
8069.348685
8084.176890
8101.123436
8120.130871
8141.139226
8164.084786
8188.898645
8215.505102
8243.819937
8273.748618
8305.184495
8338.007044
8372.080206
8407.250894
8443.347727
8480.180022
8517.537135
8555.188152
8592.882006
8630.348027
8667.296957
8703.422444
8738.403008
8771.904481
8803.582902
8833.087825
8860.066016
8884.165480
8905.039762
8922.352450
8935.781816
8945.025500
8949.805165
8949.871032
8945.006202
8935.030682
8919.805029
8899.233531
8873.266849
8841.904058
8805.194020
8763.236058
8716.179878
8664.224731
8607.617805
8546.651849
8481.662053
8413.022224
8341.140301
8266.453278
8189.421607
8110.523179
8030.246962
7949.086425
7867.532846
7786.068621
7705.160708
7625.254303
7546.766890
7470.082757
7395.548094
7323.466774
7254.096881
7187.648091
7124.279927
7064.100958
7007.168951
6953.491982
6903.030503
6855.700326
6811.376468
6769.897813
6731.072475
6694.683789
6660.496804
6628.265147
6597.738144
6568.668028
6540.817106
6513.964734
6487.913940
6462.497561
6437.583758
6413.080769
6388.940791
6365.162893
6341.794863
6318.933931
6296.726319
6275.365594
6255.089818
6236.177522
6218.942543
6203.727790
6190.898034
6180.831827
6173.912677
6170.519634
6171.017439
6175.746418
6185.012299
6199.076150
6218.144621
6242.360697
6271.795136
6306.438791
6346.195985
6390.879081
6440.204421
6493.789732
6551.153102
6611.713625
6674.793739
6739.623291
6805.345337
6871.023622
6935.651691
6998.163537
7057.445668
7112.350449
7161.710547
7204.354292
7239.121745
7264.881240
7280.546167
7285.091747
7277.571536
7257.133416
7223.034799
7174.656819
7111.517252
7033.281951
6939.774588
6830.984515
6707.072582
6568.374774
6415.403571
6248.846940
6069.564936
5878.583888
5677.088205
5466.409863
5248.015666
5023.492415
4794.530135
4562.903565
4330.452120
4099.058572
3870.626713
3647.058287
3430.229490
3221.967339
3024.026235
2838.065035
2665.624944
2508.108538
2366.760221
2242.648393
2136.649598
2049.434881
1981.458592
1932.949804
1903.906495
1894.092640
1903.038260
1930.042500
1974.179726
2034.308616
2109.084161
2196.972481
2296.268281
2405.114784
2521.525911
2643.410447
2768.597926
2894.865921
3019.968411
3141.664874
3257.749756
3366.081935
3464.613816
3551.419675
3624.722887
3682.921675
3724.613044
3748.614560
3753.983680
3740.034354
3706.350655
3652.797224
3579.526360
3486.981621
3375.897839
3247.297518
3102.483594
2943.028613
2770.760410
2587.744430
2396.262862
2198.790801
1997.969712
1796.578480
1597.502374
1403.700293
1218.170669
1043.916437
883.909491
741.055057
618.156413
517.880409
442.724195
394.983591
376.723491
389.750689
435.589464
515.460259
630.261723
780.556367
966.560023
1188.135263
1444.788872
1735.673438
2059.593038
2415.012979
2800.073485
3212.607171
3650.160103
4110.016180
4589.224558
5084.629774
5592.904197
6110.582413
6634.097117
7159.816067
7684.079649
8203.238582
8713.691306
9211.920594
9694.528938
10158.272289
10600.091740
11017.142784
11406.821805
11766.789504
12094.991002
12389.672411
12649.393710
12873.037830
13059.815865
13209.268438
13321.263238
13395.988857
13433.945054
13435.929655
13403.022318
13336.565449
13238.142571
13109.554504
12952.793692
12770.017094
12563.518005
12335.697221
12089.033947
11826.056836
11549.315537
11261.353127
10964.679749
10661.747774
10354.928768
10046.492505
9738.588217
9433.228267
9132.274340
8837.426252
8550.213394
8271.988807
8003.925855
7747.017379
7502.077247
7269.744113
7050.487227
6844.614073
6652.279626
6473.496975
6308.149071
6156.001342
6016.714928
5889.860277
5774.930874
5671.356871
5578.518399
5495.758397
5422.394759
5357.731680
5301.070067
5251.716932
5208.993700
5172.243382
5140.836616
5114.176570
5091.702736
5072.893685
5057.268816
5044.389214
5033.857673
0.000000
0.000000
0.000000
0.000000
0.000000
0.000000
0.000000
0.000000
0.000000
0.000000
0.000000
0.000000
0.000000
0.000000
0.000000
0.000000
0.000000
0.000000
0.000000
0.000000
0.000000
0.000000
0.000000
0.000000
0.000000
0.000000
0.000000
0.000000
0.000000
0.000000
0.000000
0.000000
0.000000
0.000000
0.000000
0.000000
0.000000
0.000000
0.000000
0.000000
0.000000
0.000000
0.000000
0.000000
0.000000
0.000000
0.000000
0.000000
0.000000
0.000000
0.000000
0.000000
0.000000
0.000000
0.000000
0.000000
0.000000
0.000000
0.000000
0.000000
0.000000
0.000000
0.000000
0.000000
0.000000
0.000000
0.000000
0.000000
0.000000
0.000000
0.000000
0.000000
0.000000
0.000000
0.000000
0.000000
0.000000
0.000000
0.000000
0.000000
0.000000
0.000000
0.000000
0.000000
0.000000
0.000000
0.000000
0.000000
0.000000
0.000000
0.000000
0.000000
0.000000
0.000000
0.000000
0.000000
0.000000
0.000000
0.000000
0.000000
0.000000
0.000000
0.000000
0.000000
0.000000
0.000000
0.000000
0.000000
0.000000
0.000000
0.000000
0.000000
0.000000
0.000000
0.000000
0.000000
0.000000
0.000000
0.000000
0.000000
0.000000
0.000000
0.000000
0.000000
0.000000
0.000000
0.000000
