0.00000199473577235772 
0.00000186175338753388 
0.00000172877100271003 
0.00000159578861788618 
0.00000146280623306233 
0.00000132982384823848 
0.00000119684146341463 
0.00000106385907859079 
0.00000093087669376694 
0.00000079789430894309 
0.00000066491192411924 
0.00000053192953929539 
0.00000039894715447154 
0.00000026596476964770 
0.00000013298238482385 
0.00000000000000000000 
0.00000025079539295393 
0.00000050159078590786 
0.00000075238617886179 
0.00000100318157181572 
0.00000125397696476965 
0.00000150477235772358 
0.00000175556775067751 
0.00000200636314363144 
0.00000225715853658537 
0.00000250795392953930 
0.00000275874932249323 
0.00000300954471544715 
0.00000326034010840108 
0.00000351113550135501 
0.00000376193089430894 
0.00000367250406504065 
0.00000358307723577236 
0.00000349365040650407 
0.00000340422357723577 
0.00000331479674796748 
0.00000322536991869919 
0.00000313594308943089 
0.00000304651626016260 
0.00000295708943089431 
0.00000286766260162602 
0.00000277823577235772 
0.00000268880894308943 
0.00000259938211382114 
0.00000250995528455285 
0.00000242052845528455 
0.00000227699051490515 
0.00000213345257452574 
0.00000198991463414634 
0.00000184637669376694 
0.00000170283875338753 
0.00000155930081300813 
0.00000141576287262873 
0.00000127222493224932 
0.00000112868699186992 
0.00000098514905149052 
0.00000084161111111111 
0.00000069807317073171 
0.00000055453523035230 
0.00000041099728997290 
0.00000026745934959350 
0.00000039914363143632 
0.00000053082791327913 
0.00000066251219512195 
0.00000079419647696477 
0.00000092588075880759 
0.00000105756504065041 
0.00000118924932249322 
0.00000132093360433604 
0.00000145261788617886 
0.00000158430216802168 
0.00000171598644986450 
0.00000184767073170732 
0.00000197935501355014 
0.00000211103929539295 
0.00000224272357723577 
0.00000230885230352304 
0.00000237498102981030 
0.00000244110975609756 
0.00000250723848238482 
0.00000257336720867209 
0.00000263949593495935 
0.00000270562466124661 
0.00000277175338753388 
0.00000283788211382114 
0.00000290401084010840 
0.00000297013956639566 
0.00000303626829268293 
0.00000310239701897019 
0.00000316852574525745 
0.00000323465447154472 
0.00000323165926620805 
0.00000322866406087138 
0.00000322566885553471 
0.00000322267365019804 
0.00000321967844486137 
0.00000321668323952470 
0.00000321368803418803 
0.00000321069282885137 
0.00000320769762351470 
0.00000320470241817803 
0.00000320170721284136 
0.00000319871200750469 
0.00000319571680216802 
0.00000319272159683135 
0.00000318972639149468 
0.00000318673118615802 
0.00000318373598082135 
0.00000318074077548468 
0.00000317774557014801 
0.00000317475036481134 
0.00000317175515947467 
0.00000316875995413800 
0.00000316576474880133 
0.00000316276954346467 
0.00000315977433812800 
0.00000315677913279133 
0.00000315378392745466 
0.00000315078872211799 
0.00000314779351678132 
0.00000314479831144465 
0.00000314180310610799 
0.00000313880790077132 
0.00000313581269543465 
0.00000313281749009798 
0.00000312982228476131 
0.00000312682707942464 
0.00000312383187408797 
0.00000312083666875130 
0.00000311784146341463 
0.00000311484625807797 
0.00000311185105274130 
0.00000310885584740463 
0.00000310586064206796 
0.00000310286543673129 
0.00000309987023139462 
0.00000309687502605795 
0.00000309387982072129 
0.00000309088461538462 
0.00000308788941004795 
0.00000308489420471128 
0.00000308189899937461 
0.00000307890379403794 
0.00000307590858870127 
0.00000307291338336460 
0.00000306991817802793 
0.00000306692297269127 
0.00000306392776735460 
0.00000306093256201793 
0.00000305793735668126 
0.00000305494215134459 
0.00000305194694600792 
0.00000304895174067125 
0.00000304595653533458 
0.00000304296132999792 
0.00000303996612466125 
0.00000303697091932458 
0.00000303397571398791 
0.00000303098050865124 
0.00000302798530331457 
0.00000302499009797790 
0.00000302199489264123 
0.00000301899968730457 
0.00000301600448196790 
0.00000301300927663123 
0.00000301001407129456 
0.00000300701886595789 
0.00000300402366062122 
0.00000300102845528455 
0.00000299803324994788 
0.00000299503804461122 
0.00000299204283927455 
0.00000298904763393788 
0.00000298605242860121 
0.00000298305722326454 
0.00000298006201792787 
0.00000297706681259120 
0.00000297407160725453 
0.00000297107640191787 
0.00000296808119658120 
0.00000296508599124453 
0.00000296209078590786 
0.00000295909558057119 
0.00000295610037523452 
0.00000295310516989785 
0.00000295010996456118 
0.00000294711475922452 
0.00000294411955388785 
0.00000294112434855118 
0.00000293812914321451 
0.00000293513393787784 
0.00000293213873254117 
0.00000292914352720450 
0.00000292614832186783 
0.00000292315311653117 
0.00000292015791119450 
0.00000291716270585783 
0.00000291416750052116 
0.00000291117229518449 
0.00000290817708984782 
0.00000290518188451115 
0.00000290218667917448 
0.00000289919147383782 
0.00000289619626850115 
0.00000289320106316448 
0.00000289020585782781 
0.00000288721065249114 
0.00000288421544715447 
0.00000288122024181780 
0.00000287822503648113 
0.00000287522983114447 
0.00000287223462580780 
0.00000286923942047113 
0.00000286624421513446 
0.00000286324900979779 
0.00000286025380446112 
0.00000285725859912445 
0.00000285426339378778 
0.00000285126818845112 
0.00000284827298311445 
0.00000284527777777778 
0.00000306118428184282 
0.00000327709078590786 
0.00000349299728997290 
0.00000370890379403794 
0.00000392481029810298 
0.00000414071680216802 
0.00000435662330623306 
0.00000457252981029810 
0.00000478843631436314 
0.00000500434281842818 
0.00000522024932249323 
0.00000543615582655827 
0.00000565206233062331 
0.00000586796883468835 
0.00000608387533875339 
0.00000622355962059621 
0.00000636324390243902 
0.00000650292818428184 
0.00000664261246612466 
0.00000678229674796748 
0.00000692198102981030 
0.00000706166531165312 
0.00000720134959349594 
0.00000734103387533875 
0.00000748071815718157 
0.00000762040243902439 
0.00000776008672086721 
0.00000789977100271003 
0.00000803945528455284 
0.00000817913956639566 
0.00000819693495934959 
0.00000821473035230352 
0.00000823252574525745 
0.00000825032113821138 
0.00000826811653116531 
0.00000828591192411924 
0.00000830370731707317 
0.00000832150271002710 
0.00000833929810298103 
0.00000835709349593496 
0.00000837488888888889 
0.00000839268428184282 
0.00000841047967479675 
0.00000842827506775068 
0.00000844607046070461 
0.00000856531029810298 
0.00000868455013550136 
0.00000880378997289973 
0.00000892302981029810 
0.00000904226964769648 
0.00000916150948509485 
0.00000928074932249323 
0.00000939998915989160 
0.00000951922899728997 
0.00000963846883468835 
0.00000975770867208672 
0.00000987694850948509 
0.00000999618834688347 
0.00001011542818428180 
0.00001023466802168020 
0.00001033079674796750 
0.00001042692547425470 
0.00001052305420054200 
0.00001061918292682930 
0.00001071531165311650 
0.00001081144037940380 
0.00001090756910569110 
0.00001100369783197830 
0.00001109982655826560 
0.00001119595528455280 
0.00001129208401084010 
0.00001138821273712740 
0.00001148434146341460 
0.00001158047018970190 
0.00001167659891598920 
0.00001168372764227640 
0.00001169085636856370 
0.00001169798509485100 
0.00001170511382113820 
0.00001171224254742550 
0.00001171937127371270 
0.00001172650000000000 
0.00001173362872628730 
0.00001174075745257450 
0.00001174788617886180 
0.00001175501490514910 
0.00001176214363143630 
0.00001176927235772360 
0.00001177640108401080 
0.00001178352981029810 
0.00001231050394721340 
0.00001283747808412870 
0.00001336445222104390 
0.00001389142635795920 
0.00001441840049487450 
0.00001494537463178980 
0.00001547234876870510 
0.00001599932290562040 
0.00001652629704253560 
0.00001705327117945090 
0.00001758024531636620 
0.00001810721945328150 
0.00001863419359019680 
0.00001916116772711210 
0.00001968814186402730 
0.00002021511600094260 
0.00002074209013785790 
0.00002126906427477320 
0.00002179603841168850 
0.00002232301254860370 
0.00002284998668551900 
0.00002337696082243430 
0.00002390393495934960 
0.00002443090909626490 
0.00002495788323318020 
0.00002548485737009540 
0.00002601183150701070 
0.00002653880564392600 
0.00002706577978084130 
0.00002759275391775660 
0.00002811972805467180 
0.00002864670219158710 
0.00002917367632850240 
0.00002970065046541770 
0.00003022762460233300 
0.00003075459873924830 
0.00003128157287616350 
0.00003180854701307880 
0.00003233552114999410 
0.00003286249528690940 
0.00003338946942382470 
0.00003391644356074000 
0.00003444341769765520 
0.00003497039183457050 
0.00003549736597148580 
0.00003602434010840110 
0.00003655131424531640 
0.00003707828838223160 
0.00003760526251914690 
0.00003813223665606220 
0.00003865921079297750 
0.00003918618492989280 
0.00003971315906680810 
0.00004024013320372330 
0.00004076710734063860 
0.00004129408147755390 
0.00004182105561446920 
0.00004234802975138450 
0.00004287500388829970 
0.00004340197802521500 
0.00004392895216213030 
0.00004445592629904560 
0.00004498290043596090 
0.00004550987457287620 
0.00004603684870979140 
0.00004656382284670670 
0.00004709079698362200 
0.00004761777112053730 
0.00004814474525745260 
0.00004867171939436780 
0.00004919869353128310 
0.00004972566766819840 
0.00005025264180511370 
0.00005077961594202900 
0.00005130659007894430 
0.00005183356421585950 
0.00005236053835277480 
0.00005288751248969010 
0.00005341448662660540 
0.00005394146076352070 
0.00005446843490043600 
0.00005499540903735120 
0.00005552238317426650 
0.00005604935731118180 
0.00005657633144809710 
0.00005710330558501240 
0.00005763027972192770 
0.00005815725385884290 
0.00005868422799575820 
0.00005921120213267350 
0.00005973817626958880 
0.00006026515040650410 
0.00006079212454341930 
0.00006131909868033460 
0.00006184607281724990 
0.00006237304695416520 
0.00006290002109108050 
0.00006342699522799580 
0.00006395396936491100 
0.00006448094350182630 
0.00006500791763874160 
0.00006553489177565690 
0.00006606186591257220 
0.00006658884004948750 
0.00006711581418640270 
0.00006764278832331800 
0.00006816976246023330 
0.00006869673659714860 
0.00006922371073406380 
0.00006975068487097910 
0.00007027765900789440 
0.00007080463314480970 
0.00007133160728172500 
0.00007185858141864030 
0.00007238555555555550 
0.00007322479539295390 
0.00007406403523035230 
0.00007490327506775070 
0.00007574251490514900 
0.00007658175474254740 
0.00007742099457994580 
0.00007826023441734420 
0.00007909947425474250 
0.00007993871409214090 
0.00008077795392953930 
0.00008161719376693770 
0.00008245643360433600 
0.00008329567344173440 
0.00008413491327913280 
0.00008497415311653120 
0.00008604339295392950 
0.00008711263279132790 
0.00008818187262872630 
0.00008925111246612470 
0.00009032035230352300 
0.00009138959214092140 
0.00009245883197831980 
0.00009352807181571810 
0.00009459731165311650 
0.00009566655149051490 
0.00009673579132791330 
0.00009780503116531170 
0.00009887427100271000 
0.00009994351084010840 
0.00010101275067750700 
0.00010238443495935000 
0.00010375611924119200 
0.00010512780352303500 
0.00010649948780487800 
0.00010787117208672100 
0.00010924285636856400 
0.00011061454065040700 
0.00011198622493224900 
0.00011335790921409200 
0.00011472959349593500 
0.00011610127777777800 
0.00011747296205962100 
0.00011884464634146300 
0.00012021633062330600 
0.00012158801490514900 
0.00012267958807588100 
0.00012377116124661200 
0.00012486273441734400 
0.00012595430758807600 
0.00012704588075880800 
0.00012813745392953900 
0.00012922902710027100 
0.00013032060027100300 
0.00013141217344173400 
0.00013250374661246600 
0.00013359531978319800 
0.00013468689295393000 
0.00013577846612466100 
0.00013687003929539300 
0.00013796161246612500 
0.00013908596341463400 
0.00014021031436314400 
0.00014133466531165300 
0.00014245901626016300 
0.00014358336720867200 
0.00014470771815718200 
0.00014583206910569100 
0.00014695642005420100 
0.00014808077100271000 
0.00014920512195122000 
0.00015032947289972900 
0.00015145382384823800 
0.00015257817479674800 
0.00015370252574525700 
0.00015482687669376700 
0.00015583900542005400 
0.00015685113414634100 
0.00015786326287262900 
0.00015887539159891600 
0.00015988752032520300 
0.00016089964905149000 
0.00016191177777777800 
0.00016292390650406500 
0.00016393603523035200 
0.00016494816395664000 
0.00016596029268292700 
0.00016697242140921400 
0.00016798455013550100 
0.00016899667886178900 
0.00017000880758807600 
0.00017074982520325200 
0.00017149084281842800 
0.00017223186043360400 
0.00017297287804878000 
0.00017371389566395700 
0.00017445491327913300 
0.00017519593089430900 
0.00017593694850948500 
0.00017667796612466100 
0.00017741898373983700 
0.00017816000135501400 
0.00017890101897019000 
0.00017964203658536600 
0.00018038305420054200 
0.00018112407181571800 
0.00018186508943089400 
0.00018260610704607000 
0.00018334712466124700 
0.00018408814227642300 
0.00018482915989159900 
0.00018557017750677500 
0.00018631119512195100 
0.00018705221273712700 
0.00018779323035230300 
0.00018853424796748000 
0.00018927526558265600 
0.00019001628319783200 
0.00019075730081300800 
0.00019149831842818400 
0.00019223933604336000 
0.00019298035365853700 
0.00019372137127371300 
0.00019446238888888900 
0.00019520340650406500 
0.00019594442411924100 
0.00019668544173441700 
0.00019742645934959300 
0.00019816747696477000 
0.00019890849457994600 
0.00019964951219512200 
0.00020039052981029800 
0.00020113154742547400 
0.00020187256504065000 
0.00020261358265582700 
0.00020335460027100300 
0.00020409561788617900 
0.00020483663550135500 
0.00020557765311653100 
0.00020631867073170700 
0.00020705968834688300 
0.00020780070596206000 
0.00020854172357723600 
0.00020928274119241200 
0.00021002375880758800 
0.00021076477642276400 
0.00021150579403794000 
0.00021224681165311700 
0.00021298782926829300 
0.00021372884688346900 
0.00021446986449864500 
0.00021521088211382100 
0.00021595189972899700 
0.00021669291734417300 
0.00021743393495935000 
0.00021817495257452600 
0.00021891597018970200 
0.00021965698780487800 
0.00022039800542005400 
0.00022113902303523000 
0.00022188004065040600 
0.00022262105826558300 
0.00022336207588075900 
0.00022410309349593500 
0.00022484411111111100 
0.00022558512872628700 
0.00022632614634146300 
0.00022706716395664000 
0.00022780818157181600 
0.00022854919918699200 
0.00022929021680216800 
0.00023003123441734400 
0.00023077225203252000 
0.00023151326964769600 
0.00023225428726287300 
0.00023299530487804900 
0.00023373632249322500 
0.00023447734010840100 
0.00023521835772357700 
0.00023595937533875300 
0.00023670039295393000 
0.00023744141056910600 
0.00023818242818428200 
0.00023892344579945800 
0.00023966446341463400 
0.00024040548102981000 
0.00024114649864498600 
0.00024188751626016300 
0.00024262853387533900 
0.00024336955149051500 
0.00024411056910569100 
0.00024485158672086700 
0.00024559260433604300 
0.00024633362195121900 
0.00024707463956639600 
0.00024781565718157200 
0.00024855667479674800 
0.00024929769241192400 
0.00025003871002710000 
0.00025077972764227600 
0.00025152074525745300 
0.00025226176287262900 
0.00025300278048780500 
0.00025374379810298100 
0.00025448481571815700 
0.00025522583333333300 
0.00025561285094851000 
0.00025599986856368600 
0.00025638688617886200 
0.00025677390379403800 
0.00025716092140921400 
0.00025754793902439000 
0.00025793495663956600 
0.00025832197425474300 
0.00025870899186991900 
0.00025909600948509500 
0.00025948302710027100 
0.00025987004471544700 
0.00026025706233062300 
0.00026064407994579900 
0.00026103109756097600 
0.00026124789295393000 
0.00026146468834688300 
0.00026168148373983700 
0.00026189827913279100 
0.00026211507452574500 
0.00026233186991869900 
0.00026254866531165300 
0.00026276546070460700 
0.00026298225609756100 
0.00026319905149051500 
0.00026341584688346900 
0.00026363264227642300 
0.00026384943766937700 
0.00026406623306233100 
0.00026428302845528500 
0.00026463915718157200 
0.00026499528590785900 
0.00026535141463414600 
0.00026570754336043400 
0.00026606367208672100 
0.00026641980081300800 
0.00026677592953929500 
0.00026713205826558300 
0.00026748818699187000 
0.00026784431571815700 
0.00026820044444444400 
0.00026855657317073200 
0.00026891270189701900 
0.00026926883062330600 
0.00026962495934959400 
0.00026976264363143600 
0.00026990032791327900 
0.00027003801219512200 
0.00027017569647696500 
0.00027031338075880800 
0.00027045106504065000 
0.00027058874932249300 
0.00027072643360433600 
0.00027086411788617900 
0.00027100180216802200 
0.00027113948644986500 
0.00027127717073170700 
0.00027141485501355000 
0.00027155253929539300 
0.00027169022357723600 
0.00027190413008130100 
0.00027211803658536600 
0.00027233194308943100 
0.00027254584959349600 
0.00027275975609756100 
0.00027297366260162600 
0.00027318756910569100 
0.00027340147560975600 
0.00027361538211382100 
0.00027382928861788600 
0.00027404319512195100 
0.00027425710162601600 
0.00027447100813008100 
0.00027468491463414600 
0.00027489882113821100 
0.00027513017208672100 
0.00027536152303523000 
0.00027559287398374000 
0.00027582422493224900 
0.00027605557588075900 
0.00027628692682926800 
0.00027651827777777800 
0.00027674962872628700 
0.00027698097967479700 
0.00027721233062330600 
0.00027744368157181600 
0.00027767503252032500 
0.00027790638346883500 
0.00027813773441734400 
0.00027836908536585400 
0.00027855799186991900 
0.00027874689837398400 
0.00027893580487804900 
0.00027912471138211400 
0.00027931361788617900 
0.00027950252439024400 
0.00027969143089430900 
0.00027988033739837400 
0.00028006924390243900 
0.00028025815040650400 
0.00028044705691056900 
0.00028063596341463400 
0.00028082486991869900 
0.00028101377642276400 
0.00028120268292682900 
0.00028130562807823700 
0.00028140857322964500 
0.00028151151838105300 
0.00028161446353246100 
0.00028171740868386900 
0.00028182035383527700 
0.00028192329898668500 
0.00028202624413809400 
0.00028212918928950200 
0.00028223213444091000 
0.00028233507959231800 
0.00028243802474372600 
0.00028254096989513400 
0.00028264391504654200 
0.00028274686019795000 
0.00028284980534935800 
0.00028295275050076600 
0.00028305569565217400 
0.00028315864080358200 
0.00028326158595499000 
0.00028336453110639800 
0.00028346747625780600 
0.00028357042140921400 
0.00028367336656062200 
0.00028377631171203000 
0.00028387925686343800 
0.00028398220201484600 
0.00028408514716625400 
0.00028418809231766200 
0.00028429103746907000 
0.00028439398262047800 
0.00028449692777188600 
0.00028459987292329400 
0.00028470281807470200 
0.00028480576322611000 
0.00028490870837751900 
0.00028501165352892700 
0.00028511459868033500 
0.00028521754383174300 
0.00028532048898315100 
0.00028542343413455900 
0.00028552637928596700 
0.00028562932443737500 
0.00028573226958878300 
0.00028583521474019100 
0.00028593815989159900 
0.00028604110504300700 
0.00028614405019441500 
0.00028624699534582300 
0.00028634994049723100 
0.00028645288564863900 
0.00028655583080004700 
0.00028665877595145500 
0.00028676172110286300 
0.00028686466625427100 
0.00028696761140567900 
0.00028707055655708700 
0.00028717350170849500 
0.00028727644685990300 
0.00028737939201131100 
0.00028748233716271900 
0.00028758528231412800 
0.00028768822746553600 
0.00028779117261694400 
0.00028789411776835200 
0.00028799706291976000 
0.00028810000807116800 
0.00028820295322257600 
0.00028830589837398400 
0.00028840884352539200 
0.00028851178867680000 
0.00028861473382820800 
0.00028871767897961600 
0.00028882062413102400 
0.00028892356928243200 
0.00028902651443384000 
0.00028912945958524800 
0.00028923240473665600 
0.00028933534988806400 
0.00028943829503947200 
0.00028954124019088000 
0.00028964418534228800 
0.00028974713049369600 
0.00028985007564510400 
0.00028995302079651200 
0.00029005596594792000 
0.00029015891109932800 
0.00029026185625073600 
0.00029036480140214500 
0.00029046774655355300 
0.00029057069170496000 
0.00029067363685636900 
0.00029077658200777700 
0.00029087952715918500 
0.00029098247231059300 
0.00029108541746200100 
0.00029118836261340900 
0.00029129130776481700 
0.00029139425291622500 
0.00029149719806763300 
0.00029160014321904100 
0.00029170308837044900 
0.00029180603352185700 
0.00029190897867326500 
0.00029201192382467300 
0.00029211486897608100 
0.00029221781412748900 
0.00029232075927889700 
0.00029242370443030500 
0.00029252664958171300 
0.00029262959473312100 
0.00029273253988452900 
0.00029283548503593700 
0.00029293843018734500 
0.00029304137533875300 
0.00029301272628726300 
0.00029298407723577200 
0.00029295542818428200 
0.00029292677913279100 
0.00029289813008130100 
0.00029286948102981000 
0.00029284083197832000 
0.00029281218292682900 
0.00029278353387533900 
0.00029275488482384800 
0.00029272623577235800 
0.00029269758672086700 
0.00029266893766937700 
0.00029264028861788600 
0.00029261163956639600 
0.00029256087940379400 
0.00029251011924119200 
0.00029245935907859100 
0.00029240859891598900 
0.00029235783875338800 
0.00029230707859078600 
0.00029225631842818400 
0.00029220555826558300 
0.00029215479810298100 
0.00029210403794037900 
0.00029205327777777800 
0.00029200251761517600 
0.00029195175745257500 
0.00029190099728997300 
0.00029185023712737100 
0.00029188925474254700 
0.00029192827235772400 
0.00029196728997290000 
0.00029200630758807600 
0.00029204532520325200 
0.00029208434281842800 
0.00029212336043360400 
0.00029216237804878000 
0.00029220139566395700 
0.00029224041327913300 
0.00029227943089430900 
0.00029231844850948500 
0.00029235746612466100 
0.00029239648373983700 
0.00029243550135501400 
0.00029249007452574500 
0.00029254464769647700 
0.00029259922086720900 
0.00029265379403794000 
0.00029270836720867200 
0.00029276294037940400 
0.00029281751355013500 
0.00029287208672086700 
0.00029292665989159900 
0.00029298123306233100 
0.00029303580623306200 
0.00029309037940379400 
0.00029314495257452600 
0.00029319952574525700 
0.00029325409891598900 
0.00029337144986449900 
0.00029348880081300800 
0.00029360615176151800 
0.00029372350271002700 
0.00029384085365853700 
0.00029395820460704600 
0.00029407555555555600 
0.00029419290650406500 
0.00029431025745257500 
0.00029442760840108400 
0.00029454495934959400 
0.00029466231029810300 
0.00029477966124661200 
0.00029489701219512200 
0.00029501436314363100 
0.00029517515853658500 
0.00029533595392953900 
0.00029549674932249300 
0.00029565754471544700 
0.00029581834010840100 
0.00029597913550135500 
0.00029613993089430900 
0.00029630072628726300 
0.00029646152168021700 
0.00029662231707317100 
0.00029678311246612500 
0.00029694390785907900 
0.00029710470325203300 
0.00029726549864498600 
0.00029742629403794000 
0.00029744844208789900 
0.00029747059013785800 
0.00029749273818781700 
0.00029751488623777500 
0.00029753703428773400 
0.00029755918233769300 
0.00029758133038765200 
0.00029760347843761100 
0.00029762562648756900 
0.00029764777453752800 
0.00029766992258748700 
0.00029769207063744600 
0.00029771421868740400 
0.00029773636673736300 
0.00029775851478732200 
0.00029778066283728100 
0.00029780281088723900 
0.00029782495893719800 
0.00029784710698715700 
0.00029786925503711600 
0.00029789140308707400 
0.00029791355113703300 
0.00029793569918699200 
0.00029795784723695100 
0.00029797999528690900 
0.00029800214333686800 
0.00029802429138682700 
0.00029804643943678600 
0.00029806858748674400 
0.00029809073553670300 
0.00029811288358666200 
0.00029813503163662100 
0.00029815717968658000 
0.00029817932773653800 
0.00029820147578649700 
0.00029822362383645600 
0.00029824577188641500 
0.00029826791993637300 
0.00029829006798633200 
0.00029831221603629100 
0.00029833436408625000 
0.00029835651213620800 
0.00029837866018616700 
0.00029840080823612600 
0.00029842295628608500 
0.00029844510433604300 
0.00029846725238600200 
0.00029848940043596100 
0.00029851154848592000 
0.00029853369653587800 
0.00029855584458583700 
0.00029857799263579600 
0.00029860014068575500 
0.00029862228873571400 
0.00029864443678567200 
0.00029866658483563100 
0.00029868873288559000 
0.00029871088093554900 
0.00029873302898550700 
0.00029875517703546600 
0.00029877732508542500 
0.00029879947313538400 
0.00029882162118534200 
0.00029884376923530100 
0.00029886591728526000 
0.00029888806533521900 
0.00029891021338517700 
0.00029893236143513600 
0.00029895450948509500 
0.00029897665753505400 
0.00029899880558501200 
0.00029902095363497100 
0.00029904310168493000 
0.00029906524973488900 
0.00029908739778484700 
0.00029910954583480600 
0.00029913169388476500 
0.00029915384193472400 
0.00029917598998468200 
0.00029919813803464100 
0.00029922028608460000 
0.00029924243413455900 
0.00029926458218451700 
0.00029928673023447600 
0.00029930887828443500 
0.00029933102633439400 
0.00029935317438435300 
0.00029937532243431100 
0.00029939747048427000 
0.00029941961853422900 
0.00029944176658418800 
0.00029946391463414600 
0.00029948606268410500 
0.00029950821073406400 
0.00029953035878402300 
0.00029955250683398100 
0.00029957465488394000 
0.00029959680293389900 
0.00029961895098385800 
0.00029964109903381600 
0.00029966324708377500 
0.00029968539513373400 
0.00029970754318369300 
0.00029972969123365100 
0.00029975183928361000 
0.00029977398733356900 
0.00029979613538352800 
0.00029981828343348700 
0.00029984043148344500 
0.00029986257953340400 
0.00029988472758336300 
0.00029990687563332200 
0.00029992902368328000 
0.00029995117173323900 
0.00029997331978319800 
0.00029998244850948500 
0.00029999157723577200 
0.00030000070596206000 
0.00030000983468834700 
0.00030001896341463400 
0.00030002809214092100 
0.00030003722086720900 
0.00030004634959349600 
0.00030005547831978300 
0.00030006460704607000 
0.00030007373577235800 
0.00030008286449864500 
0.00030009199322493200 
0.00030010112195122000 
0.00030011025067750700 
0.00029999660162601600 
0.00029988295257452600 
0.00029976930352303500 
0.00029965565447154500 
0.00029954200542005400 
0.00029942835636856400 
0.00029931470731707300 
0.00029920105826558300 
0.00029908740921409200 
0.00029897376016260200 
0.00029886011111111100 
0.00029874646205962100 
0.00029863281300813000 
0.00029851916395664000 
0.00029840551490514900 
0.00029846686585365900 
0.00029852821680216800 
0.00029858956775067800 
0.00029865091869918700 
0.00029871226964769700 
0.00029877362059620600 
0.00029883497154471500 
0.00029889632249322500 
0.00029895767344173400 
0.00029901902439024400 
0.00029908037533875300 
0.00029914172628726300 
0.00029920307723577200 
0.00029926442818428200 
0.00029932577913279100 
0.00029938313008130100 
0.00029944048102981000 
0.00029949783197832000 
0.00029955518292682900 
0.00029961253387533900 
0.00029966988482384800 
0.00029972723577235800 
0.00029978458672086700 
0.00029984193766937700 
0.00029989928861788600 
0.00029995663956639600 
0.00030001399051490500 
0.00030007134146341500 
0.00030012869241192400 
0.00030018604336043400 
0.00030029662764227600 
0.00030040721192411900 
0.00030051779620596200 
0.00030062838048780500 
0.00030073896476964800 
0.00030084954905149100 
0.00030096013333333300 
0.00030107071761517600 
0.00030118130189701900 
0.00030129188617886200 
0.00030140247046070500 
0.00030151305474254700 
0.00030162363902439000 
0.00030173422330623300 
0.00030184480758807600 
0.00030153603631436300 
0.00030122726504065000 
0.00030091849376693800 
0.00030060972249322500 
0.00030030095121951200 
0.00029999217994579900 
0.00029968340867208700 
0.00029937463739837400 
0.00029906586612466100 
0.00029875709485094900 
0.00029844832357723600 
0.00029813955230352300 
0.00029783078102981000 
0.00029752200975609800 
0.00029721323848238500 
0.00029707736720867200 
0.00029694149593495900 
0.00029680562466124700 
0.00029666975338753400 
0.00029653388211382100 
0.00029639801084010800 
0.00029626213956639600 
0.00029612626829268300 
0.00029599039701897000 
0.00029585452574525700 
0.00029571865447154500 
0.00029558278319783200 
0.00029544691192411900 
0.00029531104065040700 
0.00029517516937669400 
0.00029515623047013100 
0.00029513729156356800 
0.00029511835265700500 
0.00029509941375044200 
0.00029508047484387900 
0.00029506153593731600 
0.00029504259703075300 
0.00029502365812419000 
0.00029500471921762700 
0.00029498578031106400 
0.00029496684140450100 
0.00029494790249793800 
0.00029492896359137500 
0.00029491002468481200 
0.00029489108577824900 
0.00029487214687168600 
0.00029485320796512300 
0.00029483426905856000 
0.00029481533015199700 
0.00029479639124543400 
0.00029477745233887100 
0.00029475851343230800 
0.00029473957452574500 
0.00029472063561918200 
0.00029470169671261900 
0.00029468275780605600 
0.00029466381889949300 
0.00029464487999293000 
0.00029462594108636700 
0.00029460700217980400 
0.00029458806327324100 
0.00029456912436667800 
0.00029455018546011600 
0.00029453124655355200 
0.00029451230764698900 
0.00029449336874042700 
0.00029447442983386400 
0.00029445549092730100 
0.00029443655202073800 
0.00029441761311417500 
0.00029439867420761200 
0.00029437973530104900 
0.00029436079639448600 
0.00029434185748792300 
0.00029432291858136000 
0.00029430397967479700 
0.00029428504076823400 
0.00029426610186167100 
0.00029424716295510800 
0.00029422822404854500 
0.00029420928514198200 
0.00029419034623541900 
0.00029417140732885600 
0.00029415246842229300 
0.00029413352951573000 
0.00029411459060916700 
0.00029409565170260400 
0.00029407671279604100 
0.00029405777388947800 
0.00029403883498291500 
0.00029401989607635200 
0.00029400095716978900 
0.00029398201826322600 
0.00029396307935666300 
0.00029394414045010000 
0.00029392520154353700 
0.00029390626263697400 
0.00029388732373041100 
0.00029386838482384800 
0.00029384944591728500 
0.00029383050701072200 
0.00029381156810415900 
0.00029379262919759600 
0.00029377369029103300 
0.00029375475138447000 
0.00029373581247790700 
0.00029371687357134400 
0.00029369793466478100 
0.00029367899575821800 
0.00029366005685165500 
0.00029364111794509200 
0.00029362217903853000 
0.00029360324013196700 
0.00029358430122540400 
0.00029356536231884100 
0.00029354642341227800 
0.00029352748450571500 
0.00029350854559915200 
0.00029348960669258900 
0.00029347066778602600 
0.00029345172887946300 
0.00029343278997290000 
0.00029341385106633700 
0.00029339491215977400 
0.00029337597325321100 
0.00029335703434664800 
0.00029333809544008500 
0.00029331915653352200 
0.00029330021762695900 
0.00029328127872039600 
0.00029326233981383300 
0.00029324340090727000 
0.00029322446200070700 
0.00029320552309414400 
0.00029318658418758100 
0.00029316764528101800 
0.00029314870637445500 
0.00029312976746789200 
0.00029311082856132900 
0.00029309188965476600 
0.00029307295074820300 
0.00029305401184164000 
0.00029303507293507700 
0.00029301613402851400 
0.00029299719512195100 
0.00029304787940379400 
0.00029309856368563700 
0.00029314924796748000 
0.00029319993224932300 
0.00029325061653116500 
0.00029330130081300800 
0.00029335198509485100 
0.00029340266937669400 
0.00029345335365853700 
0.00029350403794037900 
0.00029355472222222200 
0.00029360540650406500 
0.00029365609078590800 
0.00029370677506775100 
0.00029375745934959400 
0.00029356636585365900 
0.00029337527235772400 
0.00029318417886178900 
0.00029299308536585400 
0.00029280199186991900 
0.00029261089837398400 
0.00029241980487804900 
0.00029222871138211400 
0.00029203761788617900 
0.00029184652439024400 
0.00029165543089430900 
0.00029146433739837400 
0.00029127324390243900 
0.00029108215040650400 
0.00029089105691056900 
0.00029082107452574500 
0.00029075109214092100 
0.00029068110975609800 
0.00029061112737127400 
0.00029054114498645000 
0.00029047116260162600 
0.00029040118021680200 
0.00029033119783197800 
0.00029026121544715400 
0.00029019123306233100 
0.00029012125067750700 
0.00029005126829268300 
0.00028998128590785900 
0.00028991130352303500 
0.00028984132113821100 
0.00028987356097561000 
0.00028990580081300800 
0.00028993804065040600 
0.00028997028048780500 
0.00029000252032520300 
0.00029003476016260200 
0.00029006700000000000 
0.00029009923983739800 
0.00029013147967479700 
0.00029016371951219500 
0.00029019595934959300 
0.00029022819918699200 
0.00029026043902439000 
0.00029029267886178900 
0.00029032491869918700 
0.00029020160298103000 
0.00029007828726287300 
0.00028995497154471500 
0.00028983165582655800 
0.00028970834010840100 
0.00028958502439024400 
0.00028946170867208700 
0.00028933839295392900 
0.00028921507723577200 
0.00028909176151761500 
0.00028896844579945800 
0.00028884513008130100 
0.00028872181436314400 
0.00028859849864498600 
0.00028847518292682900 
0.00028844753387533900 
0.00028841988482384800 
0.00028839223577235800 
0.00028836458672086700 
0.00028833693766937700 
0.00028830928861788600 
0.00028828163956639600 
0.00028825399051490500 
0.00028822634146341500 
0.00028819869241192400 
0.00028817104336043400 
0.00028814339430894300 
0.00028811574525745300 
0.00028808809620596200 
0.00028806044715447200 
0.00028801402998703900 
0.00028796761281960700 
0.00028792119565217400 
0.00028787477848474100 
0.00028782836131730900 
0.00028778194414987600 
0.00028773552698244400 
0.00028768910981501100 
0.00028764269264757900 
0.00028759627548014600 
0.00028754985831271400 
0.00028750344114528100 
0.00028745702397784800 
0.00028741060681041600 
0.00028736418964298300 
0.00028731777247555100 
0.00028727135530811800 
0.00028722493814068600 
0.00028717852097325300 
0.00028713210380582100 
0.00028708568663838800 
0.00028703926947095600 
0.00028699285230352300 
0.00028694643513609000 
0.00028690001796865800 
0.00028685360080122500 
0.00028680718363379300 
0.00028676076646636000 
0.00028671434929892800 
0.00028666793213149500 
0.00028662151496406300 
0.00028657509779663000 
0.00028652868062919800 
0.00028648226346176500 
0.00028643584629433200 
0.00028638942912690000 
0.00028634301195946700 
0.00028629659479203500 
0.00028625017762460200 
0.00028620376045717000 
0.00028615734328973700 
0.00028611092612230500 
0.00028606450895487200 
0.00028601809178744000 
0.00028597167462000700 
0.00028592525745257400 
0.00028587884028514200 
0.00028583242311770900 
0.00028578600595027700 
0.00028573958878284400 
0.00028569317161541200 
0.00028564675444797900 
0.00028560033728054700 
0.00028555392011311400 
0.00028550750294568200 
0.00028546108577824900 
0.00028541466861081700 
0.00028536825144338400 
0.00028532183427595100 
0.00028527541710851900 
0.00028522899994108600 
0.00028518258277365400 
0.00028513616560622100 
0.00028508974843878900 
0.00028504333127135600 
0.00028499691410392400 
0.00028495049693649100 
0.00028490407976905900 
0.00028485766260162600 
0.00028481124543419300 
0.00028476482826676100 
0.00028471841109932800 
0.00028467199393189600 
0.00028462557676446300 
0.00028457915959703100 
0.00028453274242959800 
0.00028448632526216600 
0.00028443990809473300 
0.00028439349092730100 
0.00028434707375986800 
0.00028430065659243600 
0.00028425423942500300 
0.00028420782225757000 
0.00028416140509013800 
0.00028411498792270500 
0.00028406857075527300 
0.00028402215358784000 
0.00028397573642040800 
0.00028392931925297500 
0.00028388290208554300 
0.00028383648491811000 
0.00028379006775067800 
0.00028374365058324500 
0.00028369723341581200 
0.00028365081624838000 
0.00028360439908094700 
0.00028355798191351500 
0.00028351156474608200 
0.00028346514757865000 
0.00028341873041121700 
0.00028337231324378500 
0.00028332589607635200 
0.00028327947890892000 
0.00028323306174148700 
0.00028318664457405400 
0.00028314022740662200 
0.00028309381023918900 
0.00028304739307175700 
0.00028300097590432400 
0.00028295455873689200 
0.00028290814156945900 
0.00028286172440202700 
0.00028281530723459400 
0.00028276889006716200 
0.00028272247289972900 
0.00028264749051490500 
0.00028257250813008100 
0.00028249752574525700 
0.00028242254336043400 
0.00028234756097561000 
0.00028227257859078600 
0.00028219759620596200 
0.00028212261382113800 
0.00028204763143631400 
0.00028197264905149100 
0.00028189766666666700 
0.00028182268428184300 
0.00028174770189701900 
0.00028167271951219500 
0.00028159773712737100 
0.00028131786585365900 
0.00028103799457994600 
0.00028075812330623300 
0.00028047825203252000 
0.00028019838075880800 
0.00027991850948509500 
0.00027963863821138200 
0.00027935876693766900 
0.00027907889566395700 
0.00027879902439024400 
0.00027851915311653100 
0.00027823928184281800 
0.00027795941056910600 
0.00027767953929539300 
0.00027739966802168000 
0.00027739135230352300 
0.00027738303658536600 
0.00027737472086720900 
0.00027736640514905100 
0.00027735808943089400 
0.00027734977371273700 
0.00027734145799458000 
0.00027733314227642300 
0.00027732482655826600 
0.00027731651084010800 
0.00027730819512195100 
0.00027729987940379400 
0.00027729156368563700 
0.00027728324796748000 
0.00027727493224932300 
0.00027704439430894300 
0.00027681385636856400 
0.00027658331842818400 
0.00027635278048780500 
0.00027612224254742600 
0.00027589170460704600 
0.00027566116666666700 
0.00027543062872628700 
0.00027520009078590800 
0.00027496955284552800 
0.00027473901490514900 
0.00027450847696477000 
0.00027427793902439000 
0.00027404740108401100 
0.00027381686314363100 
0.00027371010298103000 
0.00027360334281842800 
0.00027349658265582700 
0.00027338982249322500 
0.00027328306233062300 
0.00027317630216802200 
0.00027306954200542000 
0.00027296278184281800 
0.00027285602168021700 
0.00027274926151761500 
0.00027264250135501400 
0.00027253574119241200 
0.00027242898102981000 
0.00027232222086720900 
0.00027221546070460700 
0.00027210092276422800 
0.00027198638482384800 
0.00027187184688346900 
0.00027175730894309000 
0.00027164277100271000 
0.00027152823306233100 
0.00027141369512195100 
0.00027129915718157200 
0.00027118461924119200 
0.00027107008130081300 
0.00027095554336043400 
0.00027084100542005400 
0.00027072646747967500 
0.00027061192953929500 
0.00027049739159891600 
0.00026998970408588700 
0.00026948201657285800 
0.00026897432905982900 
0.00026846664154680000 
0.00026795895403377100 
0.00026745126652074200 
0.00026694357900771300 
0.00026643589149468400 
0.00026592820398165500 
0.00026542051646862600 
0.00026491282895559700 
0.00026440514144256800 
0.00026389745392953900 
0.00026338976641651000 
0.00026288207890348100 
0.00026237439139045200 
0.00026186670387742300 
0.00026135901636439400 
0.00026085132885136500 
0.00026034364133833700 
0.00025983595382530700 
0.00025932826631227900 
0.00025882057879925000 
0.00025831289128622100 
0.00025780520377319200 
0.00025729751626016300 
0.00025678982874713400 
0.00025628214123410500 
0.00025577445372107600 
0.00025526676620804700 
0.00025475907869501800 
0.00025425139118198900 
0.00025374370366896000 
0.00025323601615593100 
0.00025272832864290200 
0.00025222064112987300 
0.00025171295361684400 
0.00025120526610381500 
0.00025069757859078600 
0.00025018989107775700 
0.00024968220356472800 
0.00024917451605169900 
0.00024866682853867000 
0.00024815914102564100 
0.00024765145351261200 
0.00024714376599958300 
0.00024663607848655400 
0.00024612839097352500 
0.00024562070346049600 
0.00024511301594746700 
0.00024460532843443800 
0.00024409764092140900 
0.00024358995340838000 
0.00024308226589535100 
0.00024257457838232200 
0.00024206689086929300 
0.00024155920335626400 
0.00024105151584323500 
0.00024054382833020600 
0.00024003614081717700 
0.00023952845330414800 
0.00023902076579111900 
0.00023851307827809000 
0.00023800539076506200 
0.00023749770325203300 
0.00023699001573900400 
0.00023648232822597500 
0.00023597464071294600 
0.00023546695319991700 
0.00023495926568688800 
0.00023445157817385900 
0.00023394389066083000 
0.00023343620314780100 
0.00023292851563477200 
0.00023242082812174300 
0.00023191314060871400 
0.00023140545309568500 
0.00023089776558265600 
0.00023039007806962700 
0.00022988239055659800 
0.00022937470304356900 
0.00022886701553054000 
0.00022835932801751100 
0.00022785164050448200 
0.00022734395299145300 
0.00022683626547842400 
0.00022632857796539500 
0.00022582089045236600 
0.00022531320293933700 
0.00022480551542630800 
0.00022429782791327900 
0.00022379014040025000 
0.00022328245288722100 
0.00022277476537419200 
0.00022226707786116300 
0.00022175939034813400 
0.00022125170283510500 
0.00022074401532207600 
0.00022023632780904700 
0.00021972864029601800 
0.00021922095278298900 
0.00021871326526996000 
0.00021820557775693100 
0.00021769789024390200 
0.00021719020273087300 
0.00021668251521784500 
0.00021617482770481600 
0.00021566714019178700 
0.00021515945267875800 
0.00021465176516572900 
0.00021414407765270000 
0.00021363639013967100 
0.00021312870262664200 
0.00021262101511361300 
0.00021211332760058400 
0.00021160564008755500 
0.00021109795257452600 
0.00021059026506149700 
0.00021008257754846800 
0.00020957489003543900 
0.00020906720252241000 
0.00020855951500938100 
0.00020805182749635200 
0.00020754413998332300 
0.00020703645247029400 
0.00020652876495726500 
0.00020602107744423600 
0.00020551338993120700 
0.00020500570241817800 
0.00020449801490514900 
0.00020354458807588100 
0.00020259116124661200 
0.00020163773441734400 
0.00020068430758807600 
0.00019973088075880800 
0.00019877745392953900 
0.00019782402710027100 
0.00019687060027100300 
0.00019591717344173400 
0.00019496374661246600 
0.00019401031978319800 
0.00019305689295393000 
0.00019210346612466100 
0.00019115003929539300 
0.00019019661246612500 
0.00018908085230352300 
0.00018796509214092100 
0.00018684933197832000 
0.00018573357181571800 
0.00018461781165311700 
0.00018350205149051500 
0.00018238629132791300 
0.00018127053116531200 
0.00018015477100271000 
0.00017903901084010800 
0.00017792325067750700 
0.00017680749051490500 
0.00017569173035230400 
0.00017457597018970200 
0.00017346021002710000 
0.00017213667208672100 
0.00017081313414634100 
0.00016948959620596200 
0.00016816605826558300 
0.00016684252032520300 
0.00016551898238482400 
0.00016419544444444400 
0.00016287190650406500 
0.00016154836856368600 
0.00016022483062330600 
0.00015890129268292700 
0.00015757775474254700 
0.00015625421680216800 
0.00015493067886178900 
0.00015360714092140900 
0.00015222949186991900 
0.00015085184281842800 
0.00014947419376693800 
0.00014809654471544700 
0.00014671889566395700 
0.00014534124661246600 
0.00014396359756097600 
0.00014258594850948500 
0.00014120829945799500 
0.00013983065040650400 
0.00013845300135501400 
0.00013707535230352300 
0.00013569770325203200 
0.00013432005420054200 
0.00013294240514905100 
0.00013151064498645000 
0.00013007888482384800 
0.00012864712466124700 
0.00012721536449864500 
0.00012578360433604300 
0.00012435184417344200 
0.00012292008401084000 
0.00012148832384823800 
0.00012005656368563700 
0.00011862480352303500 
0.00011719304336043400 
0.00011576128319783200 
0.00011432952303523000 
0.00011289776287262900 
0.00011146600271002700 
0.00011011446476964800 
0.00010876292682926800 
0.00010741138888888900 
0.00010605985094850900 
0.00010470831300813000 
0.00010335677506775100 
0.00010200523712737100 
0.00010065369918699200 
0.00009930216124661250 
0.00009795062330623310 
0.00009659908536585370 
0.00009524754742547430 
0.00009389600948509480 
0.00009254447154471550 
0.00009119293360433600 
0.00009059464687168610 
0.00008999636013903620 
0.00008939807340638620 
0.00008879978667373630 
0.00008820149994108640 
0.00008760321320843640 
0.00008700492647578650 
0.00008640663974313660 
0.00008580835301048660 
0.00008521006627783670 
0.00008461177954518680 
0.00008401349281253680 
0.00008341520607988690 
0.00008281691934723700 
0.00008221863261458700 
0.00008162034588193710 
0.00008102205914928720 
0.00008042377241663720 
0.00007982548568398730 
0.00007922719895133730 
0.00007862891221868740 
0.00007803062548603750 
0.00007743233875338750 
0.00007683405202073760 
0.00007623576528808770 
0.00007563747855543770 
0.00007503919182278780 
0.00007444090509013790 
0.00007384261835748790 
0.00007324433162483800 
0.00007264604489218810 
0.00007204775815953810 
0.00007144947142688820 
0.00007085118469423820 
0.00007025289796158830 
0.00006965461122893840 
0.00006905632449628840 
0.00006845803776363850 
0.00006785975103098860 
0.00006726146429833860 
0.00006666317756568870 
0.00006606489083303880 
0.00006546660410038880 
0.00006486831736773890 
0.00006427003063508900 
0.00006367174390243900 
0.00006307345716978910 
0.00006247517043713920 
0.00006187688370448920 
0.00006127859697183930 
0.00006068031023918930 
0.00006008202350653940 
0.00005948373677388950 
0.00005888545004123960 
0.00005828716330858960 
0.00005768887657593970 
0.00005709058984328970 
0.00005649230311063980 
0.00005589401637798990 
0.00005529572964533990 
0.00005469744291269000 
0.00005409915618004010 
0.00005350086944739010 
0.00005290258271474020 
0.00005230429598209030 
0.00005170600924944030 
0.00005110772251679040 
0.00005050943578414050 
0.00004991114905149050 
0.00004931286231884060 
0.00004871457558619060 
0.00004811628885354070 
0.00004751800212089080 
0.00004691971538824080 
0.00004632142865559090 
0.00004572314192294100 
0.00004512485519029100 
0.00004452656845764110 
0.00004392828172499120 
0.00004332999499234120 
0.00004273170825969130 
0.00004213342152704140 
0.00004153513479439140 
0.00004093684806174150 
0.00004033856132909160 
0.00003974027459644160 
0.00003914198786379170 
0.00003854370113114180 
0.00003794541439849180 
0.00003734712766584190 
0.00003674884093319200 
0.00003615055420054200 
0.00003555226746789210 
0.00003495398073524210 
0.00003435569400259220 
0.00003375740726994230 
0.00003315912053729230 
0.00003256083380464240 
0.00003196254707199250 
0.00003136426033934250 
0.00003076597360669260 
0.00003016768687404270 
0.00002956940014139270 
0.00002897111340874280 
0.00002837282667609290 
0.00002777453994344290 
0.00002717625321079300 
0.00002657796647814300 
0.00002597967974549310 
0.00002538139301284320 
0.00002478310628019320 
0.00002418481954754330 
0.00002358653281489340 
0.00002298824608224340 
0.00002238995934959350 
0.00002197486585365850 
0.00002155977235772360 
0.00002114467886178860 
0.00002072958536585370 
0.00002031449186991870 
0.00001989939837398370 
0.00001948430487804880 
0.00001906921138211380 
0.00001865411788617890 
0.00001823902439024390 
0.00001782393089430890 
0.00001740883739837400 
0.00001699374390243900 
0.00001657865040650410 
0.00001616355691056910 
0.00001587213008130080 
0.00001558070325203250 
0.00001528927642276420 
0.00001499784959349590 
0.00001470642276422760 
0.00001441499593495940 
0.00001412356910569110 
0.00001383214227642280 
0.00001354071544715450 
0.00001324928861788620 
0.00001295786178861790 
0.00001266643495934960 
0.00001237500813008130 
0.00001208358130081300 
0.00001179215447154470 
0.00001178094986449860 
0.00001176974525745260 
0.00001175854065040650 
0.00001174733604336040 
0.00001173613143631440 
0.00001172492682926830 
0.00001171372222222220 
0.00001170251761517620 
0.00001169131300813010 
0.00001168010840108400 
0.00001166890379403790 
0.00001165769918699190 
0.00001164649457994580 
0.00001163528997289970 
0.00001162408536585370 
0.00001159154742547430 
0.00001155900948509490 
0.00001152647154471540 
0.00001149393360433600 
0.00001146139566395660 
0.00001142885772357720 
0.00001139631978319780 
0.00001136378184281840 
0.00001133124390243900 
0.00001129870596205960 
0.00001126616802168020 
0.00001123363008130080 
0.00001120109214092140 
0.00001116855420054200 
0.00001113601626016260 
0.00001104858943089430 
0.00001096116260162600 
0.00001087373577235770 
0.00001078630894308940 
0.00001069888211382110 
0.00001061145528455280 
0.00001052402845528460 
0.00001043660162601630 
0.00001034917479674800 
0.00001026174796747970 
0.00001017432113821140 
0.00001008689430894310 
0.00000999946747967480 
0.00000991204065040650 
0.00000982461382113821 
0.00000979996476964770 
0.00000977531571815718 
0.00000975066666666667 
0.00000972601761517615 
0.00000970136856368564 
0.00000967671951219512 
0.00000965207046070461 
0.00000962742140921409 
0.00000960277235772358 
0.00000957812330623306 
0.00000955347425474255 
0.00000952882520325203 
0.00000950417615176152 
0.00000947952710027100 
0.00000945487804878049 
0.00000947247537410157 
0.00000949007269942265 
0.00000950767002474372 
0.00000952526735006480 
0.00000954286467538588 
0.00000956046200070696 
0.00000957805932602804 
0.00000959565665134912 
0.00000961325397667020 
0.00000963085130199128 
0.00000964844862731236 
0.00000966604595263344 
0.00000968364327795452 
0.00000970124060327560 
0.00000971883792859668 
0.00000973643525391776 
0.00000975403257923884 
0.00000977162990455991 
0.00000978922722988099 
0.00000980682455520207 
0.00000982442188052315 
0.00000984201920584423 
0.00000985961653116531 
0.00000987721385648639 
0.00000989481118180747 
0.00000991240850712855 
0.00000993000583244963 
0.00000994760315777071 
0.00000996520048309179 
0.00000998279780841287 
0.00001000039513373390 
0.00001001799245905500 
0.00001003558978437610 
0.00001005318710969720 
0.00001007078443501830 
0.00001008838176033930 
0.00001010597908566040 
0.00001012357641098150 
0.00001014117373630260 
0.00001015877106162370 
0.00001017636838694470 
0.00001019396571226580 
0.00001021156303758690 
0.00001022916036290800 
0.00001024675768822910 
0.00001026435501355010 
0.00001028195233887120 
0.00001029954966419230 
0.00001031714698951340 
0.00001033474431483450 
0.00001035234164015550 
0.00001036993896547660 
0.00001038753629079770 
0.00001040513361611880 
0.00001042273094143980 
0.00001044032826676090 
0.00001045792559208200 
0.00001047552291740310 
0.00001049312024272420 
0.00001051071756804520 
0.00001052831489336630 
0.00001054591221868740 
0.00001056350954400850 
0.00001058110686932960 
0.00001059870419465060 
0.00001061630151997170 
0.00001063389884529280 
0.00001065149617061390 
0.00001066909349593500 
0.00001068669082125600 
0.00001070428814657710 
0.00001072188547189820 
0.00001073948279721930 
0.00001075708012254040 
0.00001077467744786140 
0.00001079227477318250 
0.00001080987209850360 
0.00001082746942382470 
0.00001084506674914580 
0.00001086266407446680 
0.00001088026139978790 
0.00001089785872510900 
0.00001091545605043010 
0.00001093305337575110 
0.00001095065070107220 
0.00001096824802639330 
0.00001098584535171440 
0.00001100344267703550 
0.00001102104000235650 
0.00001103863732767760 
0.00001105623465299870 
0.00001107383197831980 
0.00001109142930364090 
0.00001110902662896190 
0.00001112662395428300 
0.00001114422127960410 
0.00001116181860492520 
0.00001117941593024630 
0.00001119701325556730 
0.00001121461058088840 
0.00001123220790620950 
0.00001124980523153060 
0.00001126740255685170 
0.00001128499988217270 
0.00001130259720749380 
0.00001132019453281490 
0.00001133779185813600 
0.00001135538918345710 
0.00001137298650877810 
0.00001139058383409920 
0.00001140818115942030 
0.00001142577848474140 
0.00001144337581006240 
0.00001146097313538350 
0.00001147857046070460 
0.00001137069918699190 
0.00001126282791327910 
0.00001115495663956640 
0.00001104708536585370 
0.00001093921409214090 
0.00001083134281842820 
0.00001072347154471540 
0.00001061560027100270 
0.00001050772899729000 
0.00001039985772357720 
0.00001029198644986450 
0.00001018411517615180 
0.00001007624390243900 
0.00000996837262872629 
0.00000986050135501355 
0.00000976429674796748 
0.00000966809214092141 
0.00000957188753387534 
0.00000947568292682927 
0.00000937947831978320 
0.00000928327371273713 
0.00000918706910569106 
0.00000909086449864499 
0.00000899465989159891 
0.00000889845528455284 
0.00000880225067750678 
0.00000870604607046071 
0.00000860984146341463 
0.00000851363685636856 
0.00000841743224932249 
0.00000843333875338753 
0.00000844924525745257 
0.00000846515176151761 
0.00000848105826558266 
0.00000849696476964770 
0.00000851287127371274 
0.00000852877777777778 
0.00000854468428184282 
0.00000856059078590786 
0.00000857649728997290 
0.00000859240379403794 
0.00000860831029810298 
0.00000862421680216802 
0.00000864012330623306 
0.00000865602981029810 
0.00000858593631436314 
0.00000851584281842818 
0.00000844574932249323 
0.00000837565582655827 
0.00000830556233062331 
0.00000823546883468835 
0.00000816537533875339 
0.00000809528184281843 
0.00000802518834688347 
0.00000795509485094851 
0.00000788500135501355 
0.00000781490785907859 
0.00000774481436314363 
0.00000767472086720867 
0.00000760462737127371 
0.00000756342276422764 
0.00000752221815718157 
0.00000748101355013550 
0.00000743980894308943 
0.00000739860433604336 
0.00000735739972899729 
0.00000731619512195122 
0.00000727499051490515 
0.00000723378590785908 
0.00000719258130081301 
0.00000715137669376694 
0.00000711017208672087 
0.00000706896747967480 
0.00000702776287262873 
0.00000698655826558266 
0.00000698024254742547 
0.00000697392682926829 
0.00000696761111111111 
0.00000696129539295393 
0.00000695497967479675 
0.00000694866395663957 
0.00000694234823848238 
0.00000693603252032520 
0.00000692971680216802 
0.00000692340108401084 
0.00000691708536585366 
0.00000691076964769648 
0.00000690445392953930 
0.00000689813821138211 
0.00000689182249322493 
0.00000698506233062331 
0.00000707830216802168 
0.00000717154200542005 
0.00000726478184281843 
0.00000735802168021680 
0.00000745126151761518 
0.00000754450135501355 
0.00000763774119241192 
0.00000773098102981030 
0.00000782422086720867 
0.00000791746070460705 
0.00000801070054200542 
0.00000810394037940379 
0.00000819718021680217 
0.00000829042005420054 
0.00000827410433604336 
0.00000825778861788618 
0.00000824147289972900 
0.00000822515718157182 
0.00000820884146341463 
0.00000819252574525745 
0.00000817621002710027 
0.00000815989430894309 
0.00000814357859078591 
0.00000812726287262873 
0.00000811094715447154 
0.00000809463143631436 
0.00000807831571815718 
0.00000806200000000000 
0.00000804568428184282 
0.00000802936856368564 
0.00000801305284552845 
0.00000799673712737127 
0.00000798042140921409 
0.00000796410569105691 
0.00000794778997289973 
0.00000793147425474255 
0.00000791515853658537 
0.00000789884281842818 
0.00000788252710027100 
0.00000786621138211382 
0.00000784989566395664 
0.00000783357994579946 
0.00000781726422764228 
0.00000780094850948509 
0.00000778463279132791 
0.00000776831707317073 
0.00000775200135501355 
0.00000773568563685637 
0.00000771936991869919 
0.00000770305420054200 
0.00000768673848238482 
0.00000767042276422764 
0.00000765410704607046 
0.00000763779132791328 
0.00000762147560975610 
0.00000760515989159892 
0.00000758884417344173 
0.00000757252845528455 
0.00000755621273712737 
