                    Count                    Target                     Error                Dwell Time           Expected Figure             Sputter Yield              Error in RMS           Target Elements             Unit Elements            Total Elements 
                      255  1.306474685279648043e+02  1.745490785432309622e+00  1.200000000000000000e+02  1.289019777425324946e+02  0.000000000000000000e+00  9.097077685709006323e-01  4.320000000000000000e+02  2.550000000000000000e+02  9.420000000000000000e+02 
                      256  1.302116681548477573e+02 -1.681101215339054988e+00  1.200000000000000000e+02  1.318927693701868122e+02  7.159384406640000292e-07 
                      257  1.306919074377663321e+02 -4.162366612343959105e+00  1.200000000000000000e+02  1.348542740501102912e+02  1.438002269460999916e-06 
                      258  1.325458424653037639e+02 -5.229382082290015887e+00  1.200000000000000000e+02  1.377752245475937798e+02  2.160614632874000190e-06 
                      259  1.357076473910357208e+02 -4.939507702141241907e+00  1.200000000000000000e+02  1.406471550931769627e+02  2.866659717414999876e-06 
                      260  1.398106039009449262e+02 -3.657287659755240838e+00  1.200000000000000000e+02  1.434678915607001670e+02  3.531218935200000082e-06 
                      261  1.444024793025958786e+02 -1.832063913073142203e+00  1.200000000000000000e+02  1.462345432156690208e+02  4.118186948173000020e-06 
                      262  1.490730335161150606e+02  1.342781615690853414e-01  1.200000000000000000e+02  1.489387553545459753e+02  4.582983536991999661e-06 
                      263  1.535040597393278858e+02  1.940039427908430980e+00  1.200000000000000000e+02  1.515640203114194549e+02  4.894920198980999814e-06 
                      264  1.574679468367388324e+02  3.383732858307240576e+00  1.200000000000000000e+02  1.540842139784315918e+02  5.061339020714999803e-06 
                      265  1.608161780251132313e+02  4.352146568942771410e+00  1.200000000000000000e+02  1.564640314561704599e+02  5.128267739317000028e-06 
                      266  1.634728380838899682e+02  4.810804283457144948e+00  1.200000000000000000e+02  1.586620338004328232e+02  5.162152313423999723e-06 
                      267  1.654271976853168553e+02  4.790901599348956097e+00  1.200000000000000000e+02  1.606362960859678992e+02  5.224878299425999864e-06 
                      268  1.667288353982709737e+02  4.374121073120193159e+00  1.200000000000000000e+02  1.623547143251507805e+02  5.353253277846999785e-06 
                      269  1.674793317359992102e+02  3.676236489037222555e+00  1.200000000000000000e+02  1.638030952469619876e+02  5.558422180901000380e-06 
                      270  1.678044462409517337e+02  2.820472434950715979e+00  1.200000000000000000e+02  1.649839738060010177e+02  5.835946250620999829e-06 
                      271  1.678211683751194983e+02  1.905169562594863919e+00  1.200000000000000000e+02  1.659159988125246343e+02  6.167925168988000072e-06 
                      272  1.676263377368078125e+02  9.967162373503981598e-01  1.200000000000000000e+02  1.666296214994574143e+02  6.525233287833999603e-06 
                      273  1.673019511517494493e+02  1.413753701223185999e-01  1.200000000000000000e+02  1.671605757816271307e+02  6.871603367374000225e-06 
                      274  1.669223734744037415e+02 -6.074344959737913996e-01  1.200000000000000000e+02  1.675298079703775329e+02  7.164337458664999948e-06 
                      275  1.665532078856788871e+02 -1.224293324795127091e+00  1.200000000000000000e+02  1.677775012104740142e+02  7.370584363502999847e-06 
                      276  1.662383041443461593e+02 -1.704421139261512508e+00  1.200000000000000000e+02  1.679427252836076718e+02  7.490925841856000238e-06 
                      277  1.659970228382957202e+02 -2.061250769639997316e+00  1.200000000000000000e+02  1.680582736079357176e+02  7.548814575746000210e-06 
                      278  1.658411586718483477e+02 -2.309086479372297163e+00  1.200000000000000000e+02  1.681502451512206449e+02  7.551348211726000085e-06 
                      279  1.657882352260252219e+02 -2.450543183561762817e+00  1.200000000000000000e+02  1.682387784095869847e+02  7.469388610777999746e-06 
                      280  1.658629450405557577e+02 -2.477347921953281684e+00  1.200000000000000000e+02  1.683402929625090394e+02  7.259712625741000180e-06 
                      281  1.660970133396107258e+02 -2.374009103705958523e+00  1.200000000000000000e+02  1.684710224433166843e+02  6.909816250631000343e-06 
                      282  1.665250133647342921e+02 -2.125868146101595357e+00  5.759996535635318651e+03  1.686508815108358874e+02  6.460776836007999675e-06 
                      283  1.671716920367855721e+02 -1.734833133620810486e+00  9.467216998906616936e+03  1.689065251704063826e+02  5.986900798748999840e-06 
                      284  1.680446377222929470e+02 -1.231013096215207270e+00  1.075418956477424035e+04  1.692756508185081543e+02  5.563599999902999881e-06 
                      285  1.691416148222836853e+02 -6.616068151242870954e-01  9.645338416477958162e+03  1.698032216374079724e+02  5.245798433991999628e-06 
                      286  1.704571847867480869e+02 -7.876670692184006839e-02  6.402515462975357877e+03  1.705359514936699270e+02  5.053985741475000053e-06 
                      287  1.719797182822337618e+02  4.638275883419282763e-01  1.505325120694727957e+03  1.715158906938918335e+02  4.981741869277000350e-06 
                      288  1.736892304862233800e+02  9.153591975521067070e-01  1.200000000000000000e+02  1.727738712886712733e+02  5.021903844755000393e-06 
                      289  1.755591399153269663e+02  1.234417300562995479e+00  1.200000000000000000e+02  1.743247226147639708e+02  5.171638156494000296e-06 
                      290  1.775605067258468637e+02  1.395381988845883825e+00  1.200000000000000000e+02  1.761651247370009798e+02  5.408402381413999871e-06 
                      291  1.796709055481369433e+02  1.396487293636681670e+00  1.200000000000000000e+02  1.782744182545002616e+02  5.686761726663999917e-06 
                      292  1.818810081073973492e+02  1.262826016642179638e+00  1.200000000000000000e+02  1.806181820907551696e+02  5.978477052313999980e-06 
                      293  1.841882822041573036e+02  1.034784046563856919e+00  1.200000000000000000e+02  1.831534981575934466e+02  6.307594681439999784e-06 
                      294  1.865840722544235462e+02  7.495368617494762020e-01  1.200000000000000000e+02  1.858345353926740700e+02  6.734332872021000349e-06 
                      295  1.890512453661882546e+02  4.338930003352743370e-01  1.200000000000000000e+02  1.886173523658529803e+02  7.306293800286000032e-06 
                      296  1.915727192114837862e+02  1.346640071251670179e-01  1.200000000000000000e+02  1.914380552043586192e+02  8.038179992752000742e-06 
                      297  1.941377089934652247e+02 -1.287320222904497768e-01  8.427324285736134698e+03  1.942664410157556745e+02  8.938885663104000675e-06 
                      298  1.967421734659421588e+02 -3.421968055739910142e-01  1.623905476129150338e+04  1.970843702715161498e+02  1.004034907742000073e-05 
                      299  1.993869758997250301e+02 -4.954484493279665003e-01  2.229177324859789587e+04  1.998824243490529966e+02  1.139357983631100061e-05 
                      300  2.020725711228864441e+02 -5.844205825890753658e-01  2.582121002482033509e+04  2.026569917054755194e+02  1.304256250528799979e-05 
                      301  2.047909292288920540e+02 -6.160448646637348702e-01  2.637435224696856312e+04  2.054069740935557888e+02  1.500602481233200027e-05 
                      302  2.075245311798277044e+02 -6.061246709355145867e-01  2.381929305087023022e+04  2.081306558507632190e+02  1.727826569619000081e-05 
                      303  2.102547934266599157e+02 -5.683580489591406604e-01  1.831301178200740105e+04  2.108231514756190563e+02  1.983572839809499938e-05 
                      304  2.129673336156584185e+02 -5.082299092598248080e-01  1.024532897225085435e+04  2.134755635249182433e+02  2.265079737878899897e-05 
                      305  2.156505763107711573e+02 -4.261892884319706809e-01  1.462937111939757528e+02  2.160767655992031280e+02  2.571705267169200110e-05 
                      306  2.182962135571899580e+02 -3.209134536956241845e-01  1.200000000000000000e+02  2.186171270108855822e+02  2.905933902308699914e-05 
                      307  2.208995109853300391e+02 -1.923791012711149051e-01  1.200000000000000000e+02  2.210918900866011541e+02  3.270611408858700188e-05 
                      308  2.234542793862461281e+02 -4.784041722578535882e-02  1.200000000000000000e+02  2.235021198034719134e+02  3.664452889293400267e-05 
                      309  2.259515779579701302e+02  9.829623829642741839e-02  1.200000000000000000e+02  2.258532817196737028e+02  4.080052242899100031e-05 
                      310  2.283873909234071391e+02  2.343943336411768996e-01  1.200000000000000000e+02  2.281529965897659622e+02  4.505993156472599709e-05 
                      311  2.307661602343439995e+02  3.570795000176758549e-01  1.200000000000000000e+02  2.304090807343263236e+02  4.930960885749900312e-05 
                      312  2.330926213679480270e+02  4.644965474607829492e-01  1.200000000000000000e+02  2.326281248204872441e+02  5.347055378918300327e-05 
                      313  2.353647770886978492e+02  5.502675698971870588e-01  1.200000000000000000e+02  2.348145095188006621e+02  5.751343452669600007e-05 
                      314  2.375771287926089599e+02  6.066176743709661423e-01  1.200000000000000000e+02  2.369705111182379937e+02  6.146027744213800048e-05 
                      315  2.397248507714912762e+02  6.289533771403625906e-01  1.200000000000000000e+02  2.390958973943509136e+02  6.536919489142099847e-05 
                      316  2.418026046898857828e+02  6.159887824161103254e-01  1.200000000000000000e+02  2.411866159074696725e+02  6.931009180837200648e-05 
                      317  2.438033993464398748e+02  5.686625953121904331e-01  1.200000000000000000e+02  2.432347367511276843e+02  7.335882891448400670e-05 
                      318  2.457199859872959848e+02  4.910801439044405470e-01  1.200000000000000000e+02  2.452289058433915443e+02  7.760497910976800495e-05 
                      319  2.475472565022300273e+02  3.915842163801244169e-01  1.200000000000000000e+02  2.471556722858499029e+02  8.214197805577499903e-05 
                      320  2.492842078789465177e+02  2.826350860275681498e-01  1.200000000000000000e+02  2.490015727929189495e+02  8.704479561860900192e-05 
                      321  2.509327642794388851e+02  1.774856384112979413e-01  1.200000000000000000e+02  2.507552786410275871e+02  9.236168736397799730e-05 
                      322  2.524937535581121040e+02  8.456614377837468055e-02  1.200000000000000000e+02  2.524091874143337293e+02  9.812664828881999463e-05 
                      323  2.539655962075319167e+02  5.116637022581471683e-03  1.200000000000000000e+02  2.539604795705093352e+02  1.043875176728440059e-04 
                      324  2.553473942029038426e+02 -6.554138488235139448e-02  1.200000000000000000e+02  2.554129355877861940e+02  1.112344835946019981e-04 
                      325  2.566415804913249872e+02 -1.332061477820047912e-01  1.200000000000000000e+02  2.567747866391069920e+02  1.188042502714059989e-04 
                      326  2.578539487886146162e+02 -2.026306540091127317e-01  1.200000000000000000e+02  2.580565794426237289e+02  1.272559237008669890e-04 
                      327  2.589922284872624232e+02 -2.764361573872520239e-01  1.200000000000000000e+02  2.592686646446496752e+02  1.367405441873339978e-04 
                      328  2.600646123265125311e+02 -3.548106414131666497e-01  1.200000000000000000e+02  2.604194229679256978e+02  1.473834538242700014e-04 
                      329  2.610792393100255708e+02 -4.355242272828832029e-01  1.200000000000000000e+02  2.615147635373084540e+02  1.592782675581690089e-04 
                      330  2.620449356563614174e+02 -5.136417618150517228e-01  1.200000000000000000e+02  2.625585774181764691e+02  1.724789053008760097e-04 
                      331  2.629737274072651871e+02 -5.797690992953903333e-01  1.200000000000000000e+02  2.635534965065605775e+02  1.869838618554619928e-04 
                      332  2.638811787740954742e+02 -6.208778895173168166e-01  1.200000000000000000e+02  2.645020566636127910e+02  2.027174412180349986e-04 
                      333  2.647820073718962703e+02 -6.267916892464313605e-01  1.200000000000000000e+02  2.654087990611427017e+02  2.195231560667050021e-04 
                      334  2.656877221320299327e+02 -5.950989295446902361e-01  1.200000000000000000e+02  2.662828210615746229e+02  2.371885419279119896e-04 
                      335  2.666092420929402351e+02 -5.300457003671681377e-01  1.200000000000000000e+02  2.671392877933074033e+02  2.554878645334190176e-04 
                      336  2.675593235187008077e+02 -4.393643818793862010e-01  1.762788994317033257e+03  2.679986879005801939e+02  2.742034567407440116e-04 
                      337  2.685504720980032971e+02 -3.331966168336180090e-01  1.250242497886669662e+04  2.688836687148369151e+02  2.931234705390450162e-04 
                      338  2.695883988096589405e+02 -2.260068909431538486e-01  1.993874109642941767e+04  2.698144057006020944e+02  3.120472409555409771e-04 
                      339  2.706673713799596044e+02 -1.367235319058863752e-01  2.424577270980059257e+04  2.708040949118654908e+02  3.308051530110639850e-04 
                      340  2.717731522405330793e+02 -8.292840848844207358e-02  2.568853954889411034e+04  2.718560806490215214e+02  3.492815461103240143e-04 
                      341  2.728900784920503497e+02 -7.338174410352849009e-02  2.455600810544726846e+04  2.729634602361538782e+02  3.674294821736559915e-04 
                      342  2.740064733725888004e+02 -1.045690710627127373e-01  2.114301290338212857e+04  2.741110424436515132e+02  3.852536582433309961e-04 
                      343  2.751173381459031475e+02 -1.615495578317904801e-01  1.577229934647066148e+04  2.752788877037349380e+02  4.027570548800799791e-04 
                      344  2.762250391345485241e+02 -2.216060345722326019e-01  8.824630512806197657e+03  2.764466451691207567e+02  4.198911626797080109e-04 
                      345  2.773384847356288105e+02 -2.596381408829415705e-01  7.588290114597441516e+02  2.775981228765117521e+02  4.365488876334349972e-04 
                      346  2.784704444275951118e+02 -2.549491919405113549e-01  1.200000000000000000e+02  2.787253936195356232e+02  4.525919075778919807e-04 
                      347  2.796334690765232267e+02 -1.978451768044919845e-01  1.200000000000000000e+02  2.798313142533277187e+02  4.678759980503770189e-04 
                      348  2.808380823595365428e+02 -9.123725983135955175e-02  1.200000000000000000e+02  2.809293196193679023e+02  4.822657571667710182e-04 
                      349  2.820936139901009483e+02  5.336893424873778713e-02  1.200000000000000000e+02  2.820402450558522105e+02  4.956532862542779643e-04 
                      350  2.834074065350575324e+02  2.201084961153583208e-01  1.200000000000000000e+02  2.831872980389421741e+02  5.079796193990200126e-04 
                      351  2.847814301888299156e+02  3.905963103873091313e-01  1.200000000000000000e+02  2.843908338784426064e+02  5.192527570476640269e-04 
                      352  2.862091242607491495e+02  5.451192492246264010e-01  1.200000000000000000e+02  2.856640050115245231e+02  5.295539170495729879e-04 
                      353  2.876757498728327960e+02  6.657273200517010991e-01  1.200000000000000000e+02  2.870100225527810949e+02  5.390071686799419604e-04 
                      354  2.891630571871309030e+02  7.411541175072784426e-01  1.200000000000000000e+02  2.884219030696236246e+02  5.477173415685829619e-04 
                      355  2.906540054049458490e+02  7.691070475005972185e-01  1.200000000000000000e+02  2.898848983574452518e+02  5.557349773235890304e-04 
                      356  2.921340476541948874e+02  7.534022241665638830e-01  1.200000000000000000e+02  2.913806454300283235e+02  5.630816685713689465e-04 
                      357  2.935914541712568848e+02  6.997994804228824250e-01  1.200000000000000000e+02  2.928916546908340024e+02  5.697990842180270400e-04 
                      358  2.950189200681775219e+02  6.139349368547755148e-01  1.200000000000000000e+02  2.944049851313227464e+02  5.759694035388819577e-04 
                      359  2.964146514739863960e+02  5.047844726970538431e-01  3.196096989718509576e+03  2.959098670012893422e+02  5.816893904640779885e-04 
                      360  2.977820796062637783e+02  4.505531823004389480e-01  6.353638506124068954e+03  2.973315264239633393e+02  5.870274149748689772e-04 
                      361  2.991288276499614085e+02  4.132929929303372774e-01  8.085720724330901248e+03  2.987155346570310712e+02  5.920025310455999650e-04 
                      362  3.004644293854253192e+02  3.606982658270112552e-01  8.678676565623121860e+03  3.001037311195983079e+02  5.965893154255340163e-04 
                      363  3.017980446189361032e+02  2.677036803684131883e-01  8.524758318889091242e+03  3.015303409385676900e+02  6.007398206889290153e-04 
                      364  3.031381396915638220e+02  1.185788596774841608e-01  8.012353616662508102e+03  3.030195608318863378e+02  6.044179590806290393e-04 
                      365  3.044923702793483358e+02 -9.350138458637502481e-02  7.427482233706464285e+03  3.045858716639347108e+02  6.076309642546540504e-04 
                      366  3.058648305867603199e+02 -2.918929982978397675e-01  6.912596475216433646e+03  3.061567235850581596e+02  6.104382140136600235e-04 
                      367  3.072516663092133058e+02 -4.618928914904927296e-01  6.500703849890933270e+03  3.077135592007037985e+02  6.129374620632810052e-04 
                      368  3.086395968674811456e+02 -6.026095638962942758e-01  6.176222480697635547e+03  3.092422064313774399e+02  6.152533765708549695e-04 
                      369  3.100103952872667605e+02 -7.139315093986624561e-01  5.902329496440035655e+03  3.107243267966654230e+02  6.175274154936059769e-04 
                      370  3.113485677121993831e+02 -7.909374433231164403e-01  5.611994722275078857e+03  3.121395051555224995e+02  6.198794430971860505e-04 
                      371  3.126455667748764427e+02 -8.231938772174771657e-01  5.199413395904256504e+03  3.134687606520939198e+02  6.223549349960610282e-04 
                      372  3.138986318858857203e+02 -8.002036523338347251e-01  4.532295795767418895e+03  3.146988355382195550e+02  6.249112171958250399e-04 
                      373  3.151092093723891026e+02 -7.171285644116665026e-01  3.481319343856751857e+03  3.158263379368007691e+02  6.274530632556050026e-04 
                      374  3.162831422105925867e+02 -5.770937364706014705e-01  1.957155450670624532e+03  3.168602359470631882e+02  6.298691134160019824e-04 
                      375  3.174295318938271748e+02 -3.920348024944360077e-01  1.200000000000000000e+02  3.178215666963216108e+02  6.320450369740380049e-04 
                      376  3.185566502664740938e+02 -1.839649468713560054e-01  1.200000000000000000e+02  3.187406152133454498e+02  6.338824177969060126e-04 
                      377  3.196680000567574780e+02  1.883025364338664076e-02  1.200000000000000000e+02  3.196491698031140913e+02  6.353296045777790226e-04 
                      378  3.207631310887004474e+02  1.883992509821155181e-01  1.200000000000000000e+02  3.205747318377183319e+02  6.363897145513849754e-04 
                      379  3.218426307851319166e+02  3.062738034100789264e-01  1.200000000000000000e+02  3.215363569817218377e+02  6.371012451504310401e-04 
                      380  3.229109948202918758e+02  3.681052321647939607e-01  1.200000000000000000e+02  3.225428895881270819e+02  6.375205012845200055e-04 
                      381  3.239747888551953565e+02  3.809411177130073156e-01  1.200000000000000000e+02  3.235938477374823492e+02  6.377085663968309805e-04 
                      382  3.250400563034918378e+02  3.576885071969968521e-01  1.200000000000000000e+02  3.246823677962948409e+02  6.377108098005499588e-04 
                      383  3.261113230802016574e+02  3.125788894185461686e-01  1.200000000000000000e+02  3.257987441907831112e+02  6.375428869295810506e-04 
                      384  3.271920955472223227e+02  2.589924471280937723e-01  1.200000000000000000e+02  3.269331031000942289e+02  6.372047262683300283e-04 
                      385  3.282861295340298398e+02  2.093294623431347645e-01  1.750841350498699512e+03  3.280768000716867050e+02  6.367110250088609587e-04 
                      386  3.293966001444953804e+02  1.735303717719034466e-01  1.314305913011370103e+04  3.292230697727234769e+02  6.360980922315949545e-04 
                      387  3.305238607949713696e+02  1.564514188775092407e-01  2.317699569660563066e+04  3.303674093760938604e+02  6.353977029334089647e-04 
                      388  3.316662459634263200e+02  1.584088396838296831e-01  2.996890716952499133e+04  3.315078371237424903e+02  6.346127355052670442e-04 
                      389  3.328231834169383774e+02  1.781000360662687854e-01  3.257879439913209353e+04  3.326450833808721086e+02  6.337181644151090431e-04 
                      390  3.339954860405590011e+02  2.129521592931951091e-01  3.089111905537834173e+04  3.337825338812658060e+02  6.326858258900070094e-04 
                      391  3.351816751851615663e+02  2.562550509896937001e-01  2.539730776050428904e+04  3.349254201341718726e+02  6.315096629883699747e-04 
                      392  3.363747848605364084e+02  2.958232757301288984e-01  1.697704822084596890e+04  3.360789615848062795e+02  6.301974866657050062e-04 
                      393  3.375633031534434849e+02  3.172487703334354592e-01  6.704200548199746663e+03  3.372460543831100495e+02  6.287416446761240514e-04 
                      394  3.387356349726092049e+02  3.098077696899395050e-01  1.200000000000000000e+02  3.384258272029192653e+02  6.271100215556980407e-04 
                      395  3.398851107292374536e+02  2.711918333535550119e-01  1.200000000000000000e+02  3.396139188958838986e+02  6.252595940303700035e-04 
                      396  3.410124784450613333e+02  2.082858140961434401e-01  1.200000000000000000e+02  3.408041926309651899e+02  6.231516262989010438e-04 
                      397  3.421248989831084941e+02  1.338835263815667531e-01  1.200000000000000000e+02  3.419910154567269274e+02  6.207599235243819926e-04 
                      398  3.432318718024273494e+02  6.077399751103484959e-02  1.200000000000000000e+02  3.431710978049163145e+02  6.180770162428490507e-04 
                      399  3.443403847461118517e+02 -3.574941339763881842e-03  1.200000000000000000e+02  3.443439596874516155e+02  6.151194119547489765e-04 
                      400  3.454538252620602066e+02 -5.707008579150851801e-02  1.200000000000000000e+02  3.455108953478517151e+02  6.119127492718980446e-04 
                      401  3.465739692889509342e+02 -9.931992756042973269e-02  1.200000000000000000e+02  3.466732892165113640e+02  6.084557816277080203e-04 
                      402  3.477008160107712911e+02 -1.305033108584439105e-01  1.200000000000000000e+02  3.478313193216297350e+02  6.047053331623980380e-04 
                      403  3.488313652092629695e+02 -1.523388903843851949e-01  1.200000000000000000e+02  3.489837040996473547e+02  6.006058368476230314e-04 
                      404  3.499609884613596478e+02 -1.674172177249602100e-01  1.200000000000000000e+02  3.501284056790846080e+02  5.961306833687700455e-04 
                      405  3.510855083219241806e+02 -1.778716643883058168e-01  1.200000000000000000e+02  3.512633799863124864e+02  5.912935923558270464e-04 
                      406  3.522021094036630302e+02 -1.844568709224745362e-01  1.200000000000000000e+02  3.523865662745855047e+02  5.861238773775589777e-04 
                      407  3.533095497542785779e+02 -1.857818047814703277e-01  1.200000000000000000e+02  3.534953315590600482e+02  5.806300409689620036e-04 
                      408  3.544077513385028055e+02 -1.785889958597977056e-01  1.200000000000000000e+02  3.545863403343626032e+02  5.747808949404220038e-04 
                      409  3.554971557937947182e+02 -1.594011864533513290e-01  1.200000000000000000e+02  3.556565569802480695e+02  5.685113437307909605e-04 
                      410  3.565778140964983436e+02 -9.144888451913857352e-02  4.286762852360746365e+03  3.566692629810174822e+02  5.617350475048810523e-04 
                      411  3.576489749141619541e+02  7.099941866215431219e-03  8.901116580821184471e+03  3.576418749722957386e+02  5.543529813885040257e-04 
                      412  3.587106004831554174e+02  1.133735171652574536e-01  1.192208925188478861e+04  3.585972269659901599e+02  5.462620096678829718e-04 
                      413  3.597648176429963769e+02  2.053786178847190058e-01  1.327080635583707954e+04  3.595594390251116579e+02  5.373594497006479792e-04 
                      414  3.608145966000975022e+02  2.635383548753793548e-01  1.305527595799062328e+04  3.605510582452221229e+02  5.275322362861909614e-04 
                      415  3.618605109573752543e+02  2.705333780746741468e-01  1.155177376661177732e+04  3.615899775793005801e+02  5.166456821766439878e-04 
                      416  3.628979882667223933e+02  2.401099094819869606e-01  9.165213365430159683e+03  3.626578783572404063e+02  5.045735342862079633e-04 
                      417  3.639170659568443966e+02  1.701094917771115433e-01  6.372008122555742375e+03  3.637469564650672851e+02  4.912653602919509572e-04 
                      418  3.649060420912876452e+02  5.328955830577797315e-02  3.654796055964598054e+03  3.648527525329818673e+02  4.767886071049620223e-04 
                      419  3.658580561934662683e+02 -1.068858056834756098e-01  1.433916003495268797e+03  3.659649419991497439e+02  4.613059548879669988e-04 
                      420  3.667750796304330834e+02 -2.939277842214096381e-01  1.200000000000000000e+02  3.670690074146544930e+02  4.450099177905470198e-04 
                      421  3.676649637014187419e+02 -4.836242557765331185e-01  1.200000000000000000e+02  3.681485879571952751e+02  4.280660943582109733e-04 
                      422  3.685358905909355940e+02 -6.521871277401487532e-01  1.200000000000000000e+02  3.691880777186757427e+02  4.105985451659849750e-04 
                      423  3.693938485498288173e+02 -7.813386663941059851e-01  1.350151190222929927e+03  3.701751872162229233e+02  3.927111032047130197e-04 
                      424  3.702417572682801392e+02 -8.612808787650578779e-01  3.379299827422927137e+03  3.711030381470451971e+02  3.745052228749709946e-04 
                      425  3.710778856309553930e+02 -8.406659879651670053e-01  5.856232278815425161e+03  3.719185516189205600e+02  3.560694039839289735e-04 
                      426  3.718955456443516709e+02 -7.387410505158982232e-01  8.524059030380831246e+03  3.726342866948675692e+02  3.374705575678050022e-04 
                      427  3.726861094458720913e+02 -5.876260191788560405e-01  1.112694632862123763e+04  3.732737354650509474e+02  3.187699825269710210e-04 
                      428  3.734435642208694617e+02 -4.213734157181079354e-01  1.343248945924221698e+04  3.738649376365875696e+02  3.000356786113279753e-04 
                      429  3.741671961990531941e+02 -2.683675769268347722e-01  1.525580848245927518e+04  3.744355637759800288e+02  2.813384971666130089e-04 
                      430  3.748611203266252687e+02 -1.473751009687020996e-01  1.647464055905013811e+04  3.750084954275939708e+02  2.627606388465929883e-04 
                      431  3.755321080399842231e+02 -6.695572571277352836e-02  1.702395497262956269e+04  3.755990637656969966e+02  2.444295142198289902e-04 
                      432  3.761869739276586415e+02 -2.770675482332762840e-02  1.688096371312033807e+04  3.762146806824819691e+02  2.265437276172239890e-04 
                      433  3.768306123865231712e+02 -2.609342978149697956e-02  1.605651654898384368e+04  3.768567058163046681e+02  2.093545650364780030e-04 
                      434  3.774660469986632165e+02  1.551999460178876689e-02  1.459219072524922012e+04  3.774505270040614278e+02  1.931156424692369875e-04 
                      435  3.780944859397866367e+02  1.006883062692622843e-01  1.256114322301348875e+04  3.779937976335173744e+02  1.780325335552069936e-04 
                      436  3.787135462643618098e+02  2.246083374425325019e-01  1.007636367408547630e+04  3.784889379269192773e+02  1.642234635453200108e-04 
                      437  3.793164069236111118e+02  3.726898692197551100e-01  7.295151216773394481e+03  3.789437170543913567e+02  1.517049349434359943e-04 
                      438  3.798941453773292096e+02  5.232206988808911774e-01  4.403661935435869964e+03  3.793709246784483184e+02  1.404096492338919927e-04 
                      439  3.804397901268131932e+02  6.531394062113236032e-01  1.590214359239956593e+03  3.797866507206018696e+02  1.302155355882020024e-04 
                      440  3.809506598748663464e+02  7.433014338956240863e-01  1.200000000000000000e+02  3.802073584409707223e+02  1.209739396900489945e-04 
                      441  3.814265318547047059e+02  7.801281670759294684e-01  1.200000000000000000e+02  3.806464036876287764e+02  1.125463628664850045e-04 
                      442  3.818661181636101105e+02  7.553346164672234408e-01  1.200000000000000000e+02  3.811107835471428871e+02  1.048380965780600039e-04 
                      443  3.822676393225767129e+02  6.686826328342476700e-01  1.200000000000000000e+02  3.815989566897424652e+02  9.779769235380099857e-05 
                      444  3.826336433948382592e+02  5.329492714714660906e-01  1.200000000000000000e+02  3.821006941233667931e+02  9.138658378470800243e-05 
                      445  3.829732862258302362e+02  3.738082490043552752e-01  1.200000000000000000e+02  3.825994779768258809e+02  8.555457653840000298e-05 
                      446  3.832987652578741518e+02  2.211175878931044281e-01  1.200000000000000000e+02  3.830776476699810473e+02  8.023435743414199489e-05 
                      447  3.836201428899361190e+02  1.004909794129957845e-01  1.200000000000000000e+02  3.835196519105231232e+02  7.535032333491499654e-05 
                      448  3.839430554250145633e+02  2.759716076565155163e-02  1.200000000000000000e+02  3.839154582642489117e+02  7.083442850125400375e-05 
                      449  3.842685850999122295e+02  6.391334580371221818e-03  1.200000000000000000e+02  3.842621937653318582e+02  6.663016704921299459e-05 
                      450  3.845925812129403312e+02  2.838096630733843995e-02  2.012368202291213038e+03  3.845642002466329927e+02  6.268189976972799501e-05 
                      451  3.849057056091748450e+02  7.309772055464236473e-02  3.814412423169246267e+03  3.848326078886202026e+02  5.892159839773999691e-05 
                      452  3.851968690606989867e+02  1.146160238657216723e-01  5.431011204969565370e+03  3.850822530368332650e+02  5.525961550089799826e-05 
                      453  3.854583245906420075e+02  1.293215563850935723e-01  6.826785170020858459e+03  3.853290030342569139e+02  5.159721139804499825e-05 
                      454  3.856893631471656931e+02  1.020142178939522637e-01  8.004799951254994994e+03  3.855873489292717409e+02  4.785986089263099700e-05 
                      455  3.858968216312768504e+02  2.830873922522414432e-02  8.993568283135748061e+03  3.858685128920516263e+02  4.402004448770400260e-05 
                      456  3.860916112583810218e+02 -8.713537878105626078e-02  9.830945762662498964e+03  3.861787466371620781e+02  4.009674173905399756e-05 
                      457  3.862833314068316213e+02 -2.343446705907012984e-01  1.054738924764847798e+04  3.865176760774223226e+02  3.613838683995600172e-05 
                      458  3.864761970226361427e+02 -4.012119465916725858e-01  1.115174819006670077e+04  3.868774089692278153e+02  3.220231195248599970e-05 
                      459  3.866692770701151289e+02 -5.740928202070563202e-01  1.162181981398149401e+04  3.872433698903221853e+02  2.834333522480400033e-05 
                      460  3.868616767367880698e+02 -7.353353906156598896e-01  1.190577424507292744e+04  3.875970121274037297e+02  2.460462775782399839e-05 
                      461  3.870567550897030173e+02 -8.628829928935033422e-01  1.194040128828840716e+04  3.879196380825965207e+02  2.100800567607800169e-05 
                      462  3.872600958423192310e+02 -9.362233946736182588e-01  1.167764068499534369e+04  3.881963192369928493e+02  1.756205028230600063e-05 
                      463  3.874749025774863753e+02 -9.441263459015658555e-01  1.110455032593998658e+04  3.884190289233879412e+02  1.428971159664599972e-05 
                      464  3.877003620220380640e+02 -8.773695882960623749e-01  1.025060834186823922e+04  3.885777316103341263e+02  1.125043634446499950e-05 
                      465  3.879331788884808248e+02 -6.904204172037680109e-01  9.185763872893139705e+03  3.886235993056845928e+02  8.534610931195999551e-06 
                      466  3.881697147781856643e+02 -4.258441877064456094e-01  8.016069514765915301e+03  3.885955589658921099e+02  6.232312201848999894e-06 
                      467  3.884070571876528106e+02 -1.235678024058870506e-01  6.876304088626821795e+03  3.885306249900586977e+02  4.400298672548000124e-06 
                      468  3.886425429744385838e+02  1.813620864852509840e-01  5.912336104703817000e+03  3.884611808879533328e+02  3.045515453238000105e-06 
                      469  3.888726026295229303e+02  4.587669439249566494e-01  5.253325040026259558e+03  3.884138356855979737e+02  2.130418605628999900e-06 
                      470  3.890930832599141240e+02  6.839718855898127003e-01  4.983073059222067059e+03  3.884091113743243113e+02  1.591867824097000010e-06 
                      471  3.893008792694999443e+02  8.393948671027260389e-01  5.120194123181707255e+03  3.884614844023972182e+02  1.350305742801999896e-06 
                      472  3.894942542851440521e+02  9.146240814072825742e-01  5.613593269538740969e+03  3.885796302037367695e+02  1.311160140467000049e-06 
                      473  3.896707687006871197e+02  9.040946480707248156e-01  6.355206417162565231e+03  3.887666740526163949e+02  1.380207892641999913e-06 
                      474  3.898254484646637366e+02  8.559986434842130620e-01  7.207576950759732426e+03  3.889694498211795235e+02  1.480316787903000068e-06 
                      475  3.899524632483255573e+02  7.728557183497173355e-01  8.039568830785984574e+03  3.891796075299758400e+02  1.556988210173999930e-06 
                      476  3.900485515353529991e+02  6.579229619908346649e-01  8.757173438441601320e+03  3.893906285733621644e+02  1.588354453335999930e-06 
                      477  3.901146701067502818e+02  5.205250356819419721e-01  9.318071383202337529e+03  3.895941450710683398e+02  1.590380248995999974e-06 
                      478  3.901552583916769663e+02  3.736366198303358033e-01  9.729065225397660470e+03  3.897816217718466305e+02  1.603380280319999953e-06 
                      479  3.901764107449187122e+02  2.302225749615445238e-01  1.003132401465075782e+04  3.899461881699571677e+02  1.679184824911999906e-06 
                      480  3.901851061174500046e+02  1.012386351604845913e-01  1.027856075717792010e+04  3.900838674822895200e+02  1.871405618469999987e-06 
                      481  3.901894909567639047e+02 -4.502765650499895855e-03  1.051205099162680381e+04  3.901939937224144046e+02  2.210902086163000083e-06 
                      482  3.901978322358691571e+02 -8.120567497877573260e-02  1.073623792480916563e+04  3.902790379108479328e+02  2.685191121719000121e-06 
                      483  3.902162284434041339e+02 -1.279068581317233111e-01  1.090309902141719613e+04  3.903441353015358573e+02  3.248985588601999830e-06 
                      484  3.902475281844660344e+02 -1.488245837375075098e-01  1.091417941311963295e+04  3.903963527682035419e+02  3.844885653986000317e-06 
                      485  3.902919334877792608e+02 -1.516006993871314990e-01  1.063973995226095212e+04  3.904435341871663923e+02  4.412342146561999881e-06 
                      486  3.903479118642336516e+02 -1.455352441252557583e-01  9.946638677330276550e+03  3.904934471083589074e+02  4.896805629331999909e-06 
                      487  3.904126345799533055e+02 -1.205200989098784703e-01  8.710586986533697200e+03  3.905331546788631840e+02  5.262305592828999994e-06 
                      488  3.904819369591283476e+02 -8.467359484120606794e-02  6.839409306181963075e+03  3.905666105539695536e+02  5.498276927147999732e-06 
                      489  3.905499497785233416e+02 -5.276989099212414658e-02  4.367344459002117219e+03  3.906027196695154657e+02  5.621357765669000258e-06 
                      490  3.906085710657162622e+02 -3.463092728139827159e-02  1.449611818582521892e+03  3.906432019929976605e+02  5.673326889720000013e-06 
                      491  3.906480583272855256e+02 -3.502670901201554443e-02  1.200000000000000000e+02  3.906830850362975411e+02  5.702697601785999701e-06 
                      492  3.906600760562404844e+02 -5.276443189882229490e-02  1.200000000000000000e+02  3.907128404881393067e+02  5.730011379248000310e-06 
                      493  3.906409294157008389e+02 -8.075548790884568007e-02  1.200000000000000000e+02  3.907216849036096846e+02  5.737307064002000168e-06 
                      494  3.905910933328136707e+02 -1.098446037416351828e-01  1.200000000000000000e+02  3.907009379365553059e+02  5.704479047581999821e-06 
                      495  3.905121329199260458e+02 -1.340591150623708927e-01  1.200000000000000000e+02  3.906461920349884167e+02  5.646801993092000282e-06 
                      496  3.904060173492240438e+02 -1.516153062769944881e-01  1.200000000000000000e+02  3.905576326555010382e+02  5.609260025757000082e-06 
                      497  3.902766767548347389e+02 -1.621246419938415784e-01  1.200000000000000000e+02  3.904388013968285804e+02  5.636930984728999681e-06 
                      498  3.901298490715331582e+02 -1.649317936850138722e-01  1.200000000000000000e+02  3.902947808652181720e+02  5.758141095127999885e-06 
                      499  3.899717013823767502e+02 -1.589971398561829119e-01  1.200000000000000000e+02  3.901306985222329331e+02  5.981591706944000244e-06 
                      500  3.898070468051674879e+02 -1.439597612358056722e-01  1.200000000000000000e+02  3.899510065664032936e+02  6.296271812275000252e-06 
                      501  3.896364965619482632e+02 -1.252231369891774193e-01  6.809122957904357918e+02  3.897617196989374406e+02  6.675234405820000132e-06 
                      502  3.894559701147734359e+02 -1.113975201883476984e-01  3.546593426701769204e+03  3.895673676349617836e+02  7.078621440125999680e-06 
                      503  3.892601103586070508e+02 -1.098999119937502655e-01  6.115576053504126321e+03  3.893700102706008011e+02  7.457213140008000397e-06 
                      504  3.890449542700391135e+02 -1.123367464978741737e-01  8.247769136504479320e+03  3.891572910165369876e+02  7.762954693655000325e-06 
                      505  3.888075478638994582e+02 -1.214256688814998597e-01  9.881469113767081581e+03  3.889289735327809581e+02  7.950319304112000274e-06 
                      506  3.885454009266895810e+02 -1.388430980956059102e-01  1.103041257876758027e+04  3.886842440247851869e+02  7.969397265377999482e-06 
                      507  3.882574768262666680e+02 -1.644224390037720696e-01  1.176337803531414465e+04  3.884218992652704401e+02  7.780776410035999624e-06 
                      508  3.879442302923855550e+02 -1.967644203685949833e-01  1.217497347708732923e+04  3.881409947127541500e+02  7.391112012752000304e-06 
                      509  3.876054459198691120e+02 -2.360492169884196301e-01  1.235999215225705666e+04  3.878414951368575316e+02  6.873925206136000151e-06 
                      510  3.872397325800987460e+02 -2.845363951833519423e-01  1.239644236784031636e+04  3.875242689752820979e+02  0.000000000000000000e+00 
                      511  3.868473680397246426e+02 -3.430905808913280453e-01  1.233742962434729270e+04  3.871904586206159706e+02  0.000000000000000000e+00 
                      512  3.864317562247593401e+02 -4.091114027996809455e-01  1.221035042607649120e+04  3.868408676275590210e+02  0.000000000000000000e+00 
                      513  3.859971813274341912e+02 -4.683232417304452611e-01  1.202050385974577875e+04  3.864655045691646365e+02  0.000000000000000000e+00 
                      514  3.855473360285320155e+02 -4.559992363453488906e-01  1.175907275189347456e+04  3.860033352648773644e+02  0.000000000000000000e+00 
                      515  3.850861775317640081e+02 -3.816864792846672572e-01  1.141414801248864023e+04  3.854678640110486754e+02  0.000000000000000000e+00 
                      516  3.846170175749977034e+02 -2.648342026316186093e-01  1.097771798581871735e+04  3.848818517776293220e+02  0.000000000000000000e+00 
                      517  3.841407199725169335e+02 -1.292646262502898935e-01  1.044498985338017155e+04  3.842699845987672234e+02  0.000000000000000000e+00 
                      518  3.836557442943951628e+02  2.325871465416184947e-03  9.811819313502142904e+03  3.836534184229297466e+02  0.000000000000000000e+00 
                      519  3.831568078790904792e+02  1.100794094097068410e-01  9.077096934346829585e+03  3.830467284696807724e+02  0.000000000000000000e+00 
                      520  3.826330274457112637e+02  1.760303252930839335e-01  8.249071371945037754e+03  3.824569971204181797e+02  0.000000000000000000e+00 
                      521  3.820715849634208894e+02  1.869276275539846210e-01  7.349650656053581770e+03  3.818846573358669048e+02  0.000000000000000000e+00 
                      522  3.814648534624590184e+02  1.673401259941442731e-01  6.413104737046579430e+03  3.812975133364648741e+02  0.000000000000000000e+00 
                      523  3.808135185698395730e+02  1.619332825848687207e-01  5.480356497095601298e+03  3.806515852872547043e+02  0.000000000000000000e+00 
                      524  3.801250896954021528e+02  1.725366012200311161e-01  4.592954000003743204e+03  3.799525530941821216e+02  0.000000000000000000e+00 
                      525  3.794115269104377148e+02  2.020560532911872542e-01  3.789487468826650911e+03  3.792094708571465276e+02  0.000000000000000000e+00 
                      526  3.786858823268393621e+02  2.519715639554647169e-01  3.105224797406485322e+03  3.784339107628838974e+02  0.000000000000000000e+00 
                      527  3.779572961028691225e+02  3.196757227234456877e-01  2.573560026295869648e+03  3.776376203801456768e+02  0.000000000000000000e+00 
                      528  3.772271147332961618e+02  3.960546336908237208e-01  2.223612100571272094e+03  3.768310600996053381e+02  0.000000000000000000e+00 
                      529  3.764889563173014722e+02  4.661082002891134834e-01  2.072475928665389802e+03  3.760228481170123587e+02  0.000000000000000000e+00 
                      530  3.757324673233444514e+02  5.137887670118743699e-01  2.119569608052124750e+03  3.752186785563325770e+02  0.000000000000000000e+00 
                      531  3.749475957853911723e+02  5.266873023871880832e-01  2.347177998788423338e+03  3.744209084830039842e+02  0.000000000000000000e+00 
                      532  3.741273571621044880e+02  4.987131409182552488e-01  2.723544117557294157e+03  3.736286440211862327e+02  0.000000000000000000e+00 
                      533  3.732693234091785257e+02  4.309805299747608842e-01  3.206409814617084066e+03  3.728383428792037648e+02  0.000000000000000000e+00 
                      534  3.723758961302763737e+02  3.312482261402465156e-01  3.747068487853955048e+03  3.720446479041361272e+02  0.000000000000000000e+00 
                      535  3.714535492454943437e+02  2.123716289951858016e-01  4.294847099276367771e+03  3.712411776164991579e+02  0.000000000000000000e+00 
                      536  3.705098890932320046e+02  8.846514750712231034e-02  4.802406117809232455e+03  3.704214239457248823e+02  0.000000000000000000e+00 
                      537  3.695494158071257402e+02 -3.060577644009754295e-02  5.217735051189061778e+03  3.695800215835658378e+02  0.000000000000000000e+00 
                      538  3.685733374865636733e+02 -1.143659636329061868e-01  5.496069237415707903e+03  3.686877034501965795e+02  0.000000000000000000e+00 
                      539  3.675829320435461796e+02 -1.610004243108278388e-01  5.633010208532214165e+03  3.677439324678570074e+02  0.000000000000000000e+00 
                      540  3.665807727048132847e+02 -1.828494830400586579e-01  5.661606752983446313e+03  3.667636221878533433e+02  0.000000000000000000e+00 
                      541  3.655694077310821513e+02 -1.929370537787917783e-01  5.642751793897751668e+03  3.657623447848609430e+02  0.000000000000000000e+00 
                      542  3.645503930426589818e+02 -2.034420943236341373e-01  5.653067846520323656e+03  3.647538351369826159e+02  0.000000000000000000e+00 
                      543  3.635256501231502853e+02 -2.224575203652534583e-01  5.773363777596236105e+03  3.637481076435155387e+02  0.000000000000000000e+00 
                      544  3.624989903613591764e+02 -2.513604392514139363e-01  6.068880970604624054e+03  3.627503508006105903e+02  0.000000000000000000e+00 
                      545  3.614733406755479450e+02 -2.872489409674585659e-01  6.576613361865316620e+03  3.617605896165154036e+02  0.000000000000000000e+00 
                      546  3.604470178334616435e+02 -3.271067274536676450e-01  7.310988613773232828e+03  3.607741245609153111e+02  0.000000000000000000e+00 
                      547  3.594141192789207935e+02 -3.686455116413185351e-01  8.254563308973491075e+03  3.597827647905621120e+02  0.000000000000000000e+00 
                      548  3.583669208515669311e+02 -4.089771280462741743e-01  9.347464765119495496e+03  3.587758979796132053e+02  0.000000000000000000e+00 
                      549  3.572992990200100394e+02 -4.420791327477786581e-01  1.048759343101852210e+04  3.577413781527578180e+02  0.000000000000000000e+00 
                      550  3.562105475562834727e+02 -4.664239879544425094e-01  1.154323458307782857e+04  3.566769715442379152e+02  0.000000000000000000e+00 
                      551  3.551054315436720117e+02 -4.683114911871939512e-01  1.236929857689981327e+04  3.555737430348592056e+02  0.000000000000000000e+00 
                      552  3.539902215789466027e+02 -4.371210124534741226e-01  1.281714469364865727e+04  3.544273425914000768e+02  0.000000000000000000e+00 
                      553  3.528683283377035309e+02 -3.688568802014060566e-01  1.275852336753195596e+04  3.532371852179049370e+02  0.000000000000000000e+00 
                      554  3.517379392166841399e+02 -2.677257234857393087e-01  1.213660043338074138e+04  3.520056649401698792e+02  0.000000000000000000e+00 
                      555  3.505932558196681725e+02 -1.474961577404769741e-01  1.098794480845791259e+04  3.507407519774086495e+02  0.000000000000000000e+00 
                      556  3.494293632745726654e+02 -2.130712349116947735e-02  9.455162503138053580e+03  3.494506703980638349e+02  0.000000000000000000e+00 
                      557  3.482461664307708133e+02  1.031167483516242100e-01  7.790829364288870238e+03  3.481430496824191891e+02  0.000000000000000000e+00 
                      558  3.470478584835927904e+02  2.235687380242552535e-01  6.350174857811211041e+03  3.468242897455685352e+02  0.000000000000000000e+00 
                      559  3.458408020740821485e+02  3.415793335506691619e-01  5.561249597201640427e+03  3.454992227405314793e+02  0.000000000000000000e+00 
                      560  3.446314574862302607e+02  4.586150139729738839e-01  5.858901777768073771e+03  3.441728424722572868e+02  0.000000000000000000e+00 
                      561  3.434237857949387376e+02  5.708906373981221805e-01  6.521412486990433536e+03  3.428528951575406154e+02  0.000000000000000000e+00 
                      562  3.422184780345588706e+02  6.719331518357876121e-01  7.421154577420564237e+03  3.415465448827230830e+02  0.000000000000000000e+00 
                      563  3.410146524129654608e+02  7.544502303006197508e-01  8.340674533438786966e+03  3.402602021826648411e+02  0.000000000000000000e+00 
                      564  3.398106894735992682e+02  8.112716516271234468e-01  9.024888231773744337e+03  3.389994178219721448e+02  0.000000000000000000e+00 
                      565  3.386033881842520259e+02  8.348292630928995095e-01  9.231144599197783464e+03  3.377685589211591264e+02  0.000000000000000000e+00 
                      566  3.373891143184362136e+02  8.188807063267518060e-01  8.789203950326669656e+03  3.365702336121094618e+02  0.000000000000000000e+00 
                      567  3.361664915016912119e+02  7.618109504600170112e-01  7.660119514937166059e+03  3.354046805512311948e+02  0.000000000000000000e+00 
                      568  3.349359671567525538e+02  6.734520145246278844e-01  5.959371996641671103e+03  3.342625151422279259e+02  0.000000000000000000e+00 
                      569  3.336975136433770217e+02  5.650776052247579173e-01  3.928557804687030512e+03  3.331324360381522638e+02  0.000000000000000000e+00 
                      570  3.324503869675779697e+02  4.388789819897738198e-01  1.875594962258716350e+03  3.320115079855881959e+02  0.000000000000000000e+00 
                      571  3.311935601292511819e+02  2.981825303704681573e-01  1.200000000000000000e+02  3.308953775988807138e+02  0.000000000000000000e+00 
                      572  3.299255979390485436e+02  1.469005978960353787e-01  1.200000000000000000e+02  3.297786973411525082e+02  0.000000000000000000e+00 
                      573  3.286461815189420577e+02 -9.374259941694162990e-03  1.200000000000000000e+02  3.286555557788837518e+02  0.000000000000000000e+00 
                      574  3.273581354139183190e+02 -1.618533956853411837e-01  1.200000000000000000e+02  3.275199888096036602e+02  0.000000000000000000e+00 
                      575  3.260662231381388665e+02 -3.004358434949381262e-01  1.200000000000000000e+02  3.263666589816338046e+02  0.000000000000000000e+00 
                      576  3.247733153534642270e+02 -4.181638413867858617e-01  2.165085646119825071e+02  3.251914791948510128e+02  0.000000000000000000e+00 
                      577  3.234781815058221923e+02 -5.135877757092544016e-01  1.623043860162875262e+03  3.239917692815314467e+02  0.000000000000000000e+00 
                      578  3.221765031061614764e+02 -5.772528813921553592e-01  3.077426740450920533e+03  3.227537559875536317e+02  0.000000000000000000e+00 
                      579  3.208632818985113317e+02 -6.139021178107668675e-01  4.426595799414655630e+03  3.214771840163220986e+02  0.000000000000000000e+00 
                      580  3.195353257102499356e+02 -6.264573543635378883e-01  5.584673673582126867e+03  3.201617830646134735e+02  0.000000000000000000e+00 
                      581  3.181921582034352127e+02 -6.150434308291892194e-01  6.494007838275657377e+03  3.188072016342644019e+02  0.000000000000000000e+00 
                      582  3.168338335264367061e+02 -5.797898184938503618e-01  7.074633560269718146e+03  3.174136233449305564e+02  0.000000000000000000e+00 
                      583  3.154578360396125163e+02 -5.245752770285321276e-01  7.225720691510539837e+03  3.159824113166410484e+02  0.000000000000000000e+00 
                      584  3.140596317441923020e+02 -4.568027459955033009e-01  6.883744376479940911e+03  3.145164344901878053e+02  0.000000000000000000e+00 
                      585  3.126379549805062084e+02 -3.821180387158165104e-01  6.085574040503483047e+03  3.130200730192220249e+02  0.000000000000000000e+00 
                      586  3.111988064283364679e+02 -3.003987636557212682e-01  4.979577478234352384e+03  3.114992051919921892e+02  0.000000000000000000e+00 
                      587  3.097530885441217379e+02 -2.082689714223988631e-01  3.778476363289795700e+03  3.099613575155441367e+02  0.000000000000000000e+00 
                      588  3.083114051592147007e+02 -1.042863367648578787e-01  2.695459587580120115e+03  3.084156914959795586e+02  0.000000000000000000e+00 
                      589  3.068796201323193600e+02  7.296001504244031821e-03  1.894425058103224728e+03  3.068723241308151160e+02  0.000000000000000000e+00 
                      590  3.054554571291175762e+02  1.145738700432730184e-01  1.467998512302337303e+03  3.053408832590743032e+02  0.000000000000000000e+00 
                      591  3.040290952135868565e+02  2.004110191397785457e-01  1.448218178421123412e+03  3.038286841944470780e+02  0.000000000000000000e+00 
                      592  3.025878603416070973e+02  2.487479066386413251e-01  1.810772659307753656e+03  3.023391124349684560e+02  0.000000000000000000e+00 
                      593  3.011207563795285296e+02  2.500996039422034301e-01  2.486972088444974816e+03  3.008706567755863261e+02  0.000000000000000000e+00 
                      594  2.996213998440844080e+02  2.047239883291922524e-01  3.379325591833301587e+03  2.994166758557552157e+02  0.000000000000000000e+00 
                      595  2.980881953187451927e+02  1.223499137563521799e-01  4.381469869303702581e+03  2.979658454049888405e+02  0.000000000000000000e+00 
                      596  2.965210101922916692e+02  1.755983215258538621e-02  5.427250070866975875e+03  2.965034503601390838e+02  0.000000000000000000e+00 
                      597  2.949189757751190655e+02 -9.468690446101390989e-02  6.502988504154232942e+03  2.950136626795800794e+02  0.000000000000000000e+00 
                      598  2.932824996636352353e+02 -1.999248227755856533e-01  7.601193293837557576e+03  2.934824244864108209e+02  0.000000000000000000e+00 
                      599  2.916154436488016586e+02 -2.846155072801366259e-01  8.671068833104289297e+03  2.919000591560817952e+02  0.000000000000000000e+00 
                      600  2.899243276179892632e+02 -3.384355515939887482e-01  9.627959405055749812e+03  2.902627631695832520e+02  0.000000000000000000e+00 
                      601  2.882165248795424191e+02 -3.561064796298296642e-01  1.040729390626160239e+04  2.885726313591722487e+02  0.000000000000000000e+00 
                      602  2.864989689868018559e+02 -3.374668735359591665e-01  1.097811813305456963e+04  2.868364358603378150e+02  0.000000000000000000e+00 
                      603  2.847769477858792015e+02 -2.867925999042313379e-01  1.132077647938764858e+04  2.850637403857834329e+02  0.000000000000000000e+00 
                      604  2.830522645127364854e+02 -2.136092059592442638e-01  1.140270736315629256e+04  2.832658737186957296e+02  0.000000000000000000e+00 
                      605  2.813213487295732307e+02 -1.329241272257490891e-01  1.116375553432538254e+04  2.814542728567989798e+02  0.000000000000000000e+00 
                      606  2.795769846580021749e+02 -6.006721356573052617e-02  1.053045129445706698e+04  2.796370518715679054e+02  0.000000000000000000e+00 
                      607  2.778138726257461713e+02 -3.686706215432877798e-03  9.447657371091374443e+03  2.778175593319616041e+02  0.000000000000000000e+00 
                      608  2.760319412648441357e+02  3.834732726187439766e-02  7.915838826769426305e+03  2.759935939375822613e+02  0.000000000000000000e+00 
                      609  2.742338636578907085e+02  7.616462417303182519e-02  6.011598800767709690e+03  2.741576990337176767e+02  0.000000000000000000e+00 
                      610  2.724189483522779938e+02  1.201851287174804384e-01  3.860432969796904217e+03  2.722987632235605133e+02  0.000000000000000000e+00 
                      611  2.705793129957316978e+02  1.739888761383667770e-01  1.568571549641622823e+03  2.704053241195933310e+02  0.000000000000000000e+00 
                      612  2.687030427493650677e+02  2.337965666792456432e-01  1.200000000000000000e+02  2.684692461826858221e+02  0.000000000000000000e+00 
                      613  2.667808105270146370e+02  2.941901831152335944e-01  1.200000000000000000e+02  2.664866203438994035e+02  0.000000000000000000e+00 
                      614  2.648092908962719321e+02  3.502616206272364252e-01  1.200000000000000000e+02  2.644590292756446956e+02  0.000000000000000000e+00 
                      615  2.627902721123224978e+02  3.967278833243312874e-01  1.200000000000000000e+02  2.623935442289981665e+02  0.000000000000000000e+00 
                      616  2.607283342406441307e+02  4.269672306662641859e-01  1.200000000000000000e+02  2.603013670099778665e+02  0.000000000000000000e+00 
                      617  2.586287510461057764e+02  4.336491506577999644e-01  1.200000000000000000e+02  2.581951018954479764e+02  0.000000000000000000e+00 
                      618  2.564952160028768162e+02  4.092366088823382597e-01  1.200000000000000000e+02  2.560859793939944780e+02  0.000000000000000000e+00 
                      619  2.543290383222656601e+02  3.587078000875294492e-01  1.200000000000000000e+02  2.539703305221781306e+02  0.000000000000000000e+00 
                      620  2.521321523836639074e+02  2.882689967951819199e-01  1.200000000000000000e+02  2.518438833868687254e+02  0.000000000000000000e+00 
                      621  2.499101880379840566e+02  2.024514232771252864e-01  1.200000000000000000e+02  2.497077366147069313e+02  0.000000000000000000e+00 
                      622  2.476709247611995295e+02  1.112996344265013704e-01  1.200000000000000000e+02  2.475596251267730281e+02  0.000000000000000000e+00 
                      623  2.454206603211609661e+02  2.530327457898806642e-02  1.200000000000000000e+02  2.453953570465819780e+02  0.000000000000000000e+00 
                      624  2.431627570661248683e+02 -4.863010794156252814e-02  1.200000000000000000e+02  2.432113871740664308e+02  0.000000000000000000e+00 
                      625  2.408986299076087221e+02 -1.074822691171846145e-01  1.200000000000000000e+02  2.410061121767259067e+02  0.000000000000000000e+00 
                      626  2.386295270730320510e+02 -1.508860512904846019e-01  2.641715327248048766e+02  2.387804131243225356e+02  0.000000000000000000e+00 
                      627  2.363573721571239901e+02 -1.800741976556423651e-01  3.968861254479788386e+03  2.365374463547796324e+02  0.000000000000000000e+00 
                      628  2.340833082286689262e+02 -1.984082407622054234e-01  6.710393222273237370e+03  2.342817164694311316e+02  0.000000000000000000e+00 
                      629  2.318047349558192423e+02 -2.096967793538055957e-01  8.363792998557775718e+03  2.320144317351730479e+02  0.000000000000000000e+00 
                      630  2.295144614417820321e+02 -2.109250669456059768e-01  8.987455990323320293e+03  2.297253865087276381e+02  0.000000000000000000e+00 
                      631  2.272041778287742204e+02 -2.164187389283256380e-01  8.788492099786326435e+03  2.274205965677025461e+02  0.000000000000000000e+00 
                      632  2.248692087912145325e+02 -2.354741213959812285e-01  8.076711213753434095e+03  2.251046829126105138e+02  0.000000000000000000e+00 
                      633  2.225100908023381407e+02 -2.698668199408018609e-01  7.214512564741427923e+03  2.227799576222789426e+02  0.000000000000000000e+00 
                      634  2.201305394387197509e+02 -3.154232556209422000e-01  6.551022727755065716e+03  2.204459626943406931e+02  0.000000000000000000e+00 
                      635  2.177345437783534123e+02 -3.650617385652310531e-01  6.344938336956822241e+03  2.180996055169186434e+02  0.000000000000000000e+00 
                      636  2.153247198122936084e+02 -4.111271423012112791e-01  6.704361132222016749e+03  2.157358469545948196e+02  0.000000000000000000e+00 
                      637  2.129029870251044372e+02 -4.457099742015202537e-01  7.575406257707566510e+03  2.133486969993059574e+02  0.000000000000000000e+00 
                      638  2.104727779891302930e+02 -4.594087834980769003e-01  8.783235663060120714e+03  2.109321867726283699e+02  0.000000000000000000e+00 
                      639  2.080390986824717459e+02 -4.421006599257850667e-01  1.008758742149954378e+04  2.084811993423975309e+02  0.000000000000000000e+00 
                      640  2.056054674069873158e+02 -3.868257557182346318e-01  1.121202532065029663e+04  2.059922931627055505e+02  0.000000000000000000e+00 
                      641  2.031711454332767062e+02 -2.933757201711841844e-01  1.186333855045495693e+04  2.034645211534478904e+02  0.000000000000000000e+00 
                      642  2.007309293487110438e+02 -1.689634033092772825e-01  1.180088031178047640e+04  2.008998927520203210e+02  0.000000000000000000e+00 
                      643  1.982780543386983823e+02 -2.516660320702612808e-02  1.093626031991647687e+04  1.983032209419054084e+02  0.000000000000000000e+00 
                      644  1.958085871930491635e+02  1.270956509657423794e-01  9.377278609791281269e+03  1.956814915420834211e+02  0.000000000000000000e+00 
                      645  1.933233900267229615e+02  2.803388772917685401e-01  7.408799694032814841e+03  1.930430511494311929e+02  0.000000000000000000e+00 
                      646  1.908265990282408779e+02  4.298030535006205355e-01  5.396759864479774478e+03  1.903967959747402574e+02  0.000000000000000000e+00 
                      647  1.883223565023121751e+02  5.708831848500039996e-01  3.656325164783303080e+03  1.877514733174621711e+02  0.000000000000000000e+00 
                      648  1.858116549284252983e+02  6.964286940967099326e-01  2.358855773568151108e+03  1.851152262343285884e+02  0.000000000000000000e+00 
                      649  1.832927770888182692e+02  7.973286232206930890e-01  1.508950409266568613e+03  1.824954484655975762e+02  0.000000000000000000e+00 
                      650  1.807657565081595976e+02  8.668804657892508203e-01  9.622279950475382293e+02  1.798988760423703468e+02  0.000000000000000000e+00 
                      651  1.782347770430906451e+02  9.030803557271553927e-01  4.642966961821451264e+02  1.773316966873634897e+02  0.000000000000000000e+00 
                      652  1.757058098182096728e+02  9.064485277344260794e-01  7.196242226843327217e+02  1.747993612904752467e+02  0.000000000000000000e+00 
                      653  1.731835547419591990e+02  8.775637764318560130e-01  6.192928432697475500e+02  1.723059909655273430e+02  0.000000000000000000e+00 
                      654  1.706703449939412280e+02  8.151696278363260717e-01  1.427448409498926480e+02  1.698551753661049020e+02  0.000000000000000000e+00 
                      655  1.681666930620038443e+02  7.179732336957727057e-01  1.200000000000000000e+02  1.674487198283080716e+02  0.000000000000000000e+00 
                      656  1.656727064277365855e+02  5.862316233143758382e-01  1.200000000000000000e+02  1.650864748044222097e+02  0.000000000000000000e+00 
                      657  1.631894054063171779e+02  4.224928650909305361e-01  1.200000000000000000e+02  1.627669125412262474e+02  0.000000000000000000e+00 
                      658  1.607194178458141778e+02  2.317471379274991250e-01  1.200000000000000000e+02  1.604876707078866787e+02  0.000000000000000000e+00 
                      659  1.582669691355212649e+02  2.153276392368752568e-02  1.200000000000000000e+02  1.582454363715975774e+02  0.000000000000000000e+00 
                      660  1.558374981244643322e+02 -1.975884348745466923e-01  1.200000000000000000e+02  1.560350865593388789e+02  0.000000000000000000e+00 
                      661  1.534376079368463479e+02 -4.111938665912191482e-01  1.200000000000000000e+02  1.538488018034375671e+02  0.000000000000000000e+00 
                      662  1.510748647560743336e+02 -6.012160797033629933e-01  1.200000000000000000e+02  1.516760808357776966e+02  0.000000000000000000e+00 
                      663  1.487559334448488926e+02 -7.490566034877872426e-01  1.200000000000000000e+02  1.495049900483366798e+02  0.000000000000000000e+00 
                      664  1.464836072990836442e+02 -8.405226207375164904e-01  1.200000000000000000e+02  1.473241299198211607e+02  0.000000000000000000e+00 
                      665  1.442565635461377838e+02 -8.679356952735872710e-01  1.200000000000000000e+02  1.451244992414113710e+02  0.000000000000000000e+00 
                      666  1.420728823685336408e+02 -8.275784721445802461e-01  1.200000000000000000e+02  1.429004608406782211e+02  0.000000000000000000e+00 
                      667  1.399308854834133342e+02 -7.186457194740398791e-01  1.200000000000000000e+02  1.406495312028873741e+02  0.000000000000000000e+00 
                      668  1.378238853330602467e+02 -5.475775059260570288e-01  1.200000000000000000e+02  1.383714628389863037e+02  0.000000000000000000e+00 
                      669  1.357352096508333261e+02 -3.317184795893410865e-01  1.200000000000000000e+02  1.360669281304226672e+02  0.000000000000000000e+00 
                      670  1.336390773675983610e+02 -9.698276751655043881e-02  1.200000000000000000e+02  1.337360601351149114e+02  0.000000000000000000e+00 
                      671  1.315056794259522235e+02  1.284407086022838484e-01  1.200000000000000000e+02  1.313772387173499396e+02  0.000000000000000000e+00 
                      672  1.293049284203258082e+02  3.183464323861073808e-01  1.200000000000000000e+02  1.289865819879397009e+02  0.000000000000000000e+00 
                      673  1.270072707695221368e+02  4.481310954507478073e-01  1.200000000000000000e+02  1.265591396740713890e+02  0.000000000000000000e+00 
                      674  1.245864475678199597e+02  4.953991780687942992e-01  1.200000000000000000e+02  1.240910483897511654e+02  0.000000000000000000e+00 
                      675  1.220244215863789634e+02  4.422966688521228207e-01  1.200000000000000000e+02  1.215821249175268406e+02  0.000000000000000000e+00 
                      676  1.193140644213430335e+02  2.758560809519821078e-01  1.200000000000000000e+02  1.190382083403910514e+02  0.000000000000000000e+00 
                      677  1.164632323801932330e+02 -9.368314499923258154e-03  1.200000000000000000e+02  1.164726006946931562e+02  0.000000000000000000e+00 
                      678  1.135051900645789260e+02 -4.011253464375101885e-01  1.200000000000000000e+02  1.139063154110164362e+02  0.000000000000000000e+00 
                      679  1.105100090168886311e+02 -8.571123638405140355e-01  1.200000000000000000e+02  1.113671213807291451e+02  0.000000000000000000e+00 
                      680  1.075905804031558262e+02 -1.296916667981776072e+00  5.091506581586979223e+02  1.088874970711376022e+02  0.000000000000000000e+00 
                      681  1.049037415938055915e+02 -1.597841008788236650e+00  5.628825282161758878e+03  1.065015826025938281e+02  0.000000000000000000e+00 
                      682  1.026422295784710172e+02 -1.601090616342034423e+00  8.854625264690161202e+03  1.042433201948130517e+02  0.000000000000000000e+00 
                      683  1.010036566429253355e+02 -1.138297624253766571e+00  9.857966384001483675e+03  1.021419542671791021e+02  0.000000000000000000e+00 
                      684  1.001276960734258807e+02 -9.101884656881509272e-02  8.389769643992998681e+03  1.002187149199946958e+02  0.000000000000000000e+00 
                      685  1.000000000000000000e+02  1.514602644122575725e+00  4.256403349959017760e+03  9.848539735587742427e+01  0.000000000000000000e+00 
                      686  1.003607433886501212e+02  3.416442618273421772e+00  1.200000000000000000e+02  9.694430077037669946e+01  0.000000000000000000e+00 
