4.323407325
4.818101835
4.793844307
3.981018279
3.143934723
3.323679031
3.631471274
4.336927915
4.257395035
4.229956192
4.046632905
3.797694992
4.554848004
4.738171291
4.486052064
4.067311453
3.9014854
4.970407299
4.835201404
4.68289594
4.862640248
4.800604602
4.614099999
4.75248721
5.38198995
5.150151607
4.952910066
5.31597766
5.897363009
6.211915547
5.516798181
5.201847978
5.063460768
5.571675868
6.360642032
5.848847952
5.689384529
5.444025596
6.439777247
6.18050006
6.391659854
6.357063052
6.983384477
7.79939182
7.979136128
7.740537489
8.297267645
9.78453249
10.11340095
11.07813477
12.63459322
13.11536948
14.01130737
14.36045671
15.37768224
16.9719188
16.68838409
17.63243937
18.80475401
20.71751976
21.89699236
22.32925356
24.31797321
25.3658189
28.15384399
29.67570563
31.22818744
32.42833859
34.5693637
37.32637097
39.23197876
41.76708929
46.05589981
49.73588614
53.30214046
57.24856193
61.5994081
67.37190449
72.44888585
77.0836644
82.02981417
86.65385578
90.76292199
94.46716585
98.81840968
103.0654654
106.7661303
111.1829888
114.773103
117.9070961
121.2029386
124.5369569
126.4636409
129.2544496
131.1640341
133.682045
135.2969602
136.2239159
137.6181272
139.0151223
139.8661241
141.0901351
142.328462
143.9576931
144.4973237
144.9574214
145.3308282
146.6586296
147.9661502
148.2739424
149.2390739
150.4356461
151.3936196
151.6532945
151.8123602
151.9543264
152.3965292
152.5695132
152.9119023
152.1821881
152.7150584
153.372
152.5106589
151.625458
152.7564155
152.60411
151.9332502
152.5353141
152.2859785
151.8501384
151.1311611
150.3111771
150.4945004
150.3736104
150.4877401
150.1000173
149.5850419
149.2490155
149.2772497
149.1869799
148.0906191
146.9218835
146.1539935
145.4481392
145.0369542
143.1277675
141.571309
140.9764031
139.2123638
137.5246761
136.4243387
134.7851661
133.5019031
131.5167624
129.6489327
127.6669734
124.2947793
120.5873541
117.4466007
113.887902
110.4807135
106.537871
103.0479682
98.43744719
93.9863896
89.71865529
86.1007046
81.78405757
77.46104791
73.35198169
68.82457253
64.56677983
59.87354462
55.53621904
52.10517062
48.39058749
43.90811441
41.02027555
38.96912259
36.08764637
34.30014491
32.91627281
31.04168284
29.05296319
27.30323984
25.45608872
25.16221473
23.87537274
22.54717365
21.13586271
20.07449643
19.24775215
18.36215354
17.93347132
16.55675717
15.64371972
15.0452348
14.83089369
13.35396812
11.28253427
10.08238312
9.975013737
10.25854845
8.964946168
8.380379504
7.366732956
6.474771713
6.367402326
6.454093165
6.267190898
6.464034775
7.021162595
7.118192708
6.893114659
6.301787701
6.028194596
6.232594096
6.567825182
5.976498224
6.467613754
6.273951193
5.008185417
4.499572653
5.098057571
5.634109178
5.679045255
5.717221037
5.433686322
5.565313237
5.39193156
5.354153442
5.218947547
4.88729544
5.374831991
5.302059406
5.080560337
5.572073532
5.682624234
5.717221037
5.450785891
5.322737955
5.506061242
5.949059381
5.53389775
5.343416504
6.163400491
6.03853387
5.82419276
5.260304645
5.118736119
5.111975825
4.582684512
5.201847978
5.634109178
5.993995457