-0.113071286848578700
-0.115945143587839361
-0.115032011123398781
-0.109794111081369467
-0.099769995520806593
-0.084602852666903650
-0.064069271977598818
-0.038107490768234449
-0.006844016056207242
0.029382592390474804
0.070002071541684252
0.114198275526590010
0.160901808055461837
0.208790762169950295
0.256300762864884790
0.301645349776828220
0.342847517157498394
0.377782945458024599
0.404235113853349537
0.419962079128166410
0.422774249345651443
0.410621979256873493
0.381691280030594937
0.334505383078028351
0.268029343857980884
0.181774336572112699
0.075897796921929939
-0.048704858212243241
-0.190321542739875227
-0.346362674109431223
-0.513323114019471838
-0.686771695477576216
-0.861372877030457840
-1.030944580301021318
-1.188555561569141883
-1.326664734422024594
-1.437303698041465960
-1.512302342314789882
-1.543555813701484425
-1.523329361698739337
-1.444595682381233814
-1.301397381132207709
-1.089225150217094207
-0.805400267209587795
-0.449448145449783731
-0.023447993263647771
0.467657744218204829
1.015811483819551775
1.609663983476536941
2.234490986628346221
2.872220105839916826
3.501583579930890977
4.098410312741384232
4.636067551524980956
5.086058675571159426
5.418778856249460318
5.604424865681702173
5.614049135484215469
5.420741419948962303
5.000914259090265546
4.335661064659814379
3.412148302729381300
2.224996190773108395
0.777595866569140259
-0.916694554290275576
-2.833536895335953432
-4.936847346670848680
-7.178343665216090130
-9.497468869000407210
-11.821751052026890250
-14.067652061030891275
-16.141947928517765831
-17.943671058357303139
-19.366628218667777617
-20.302489531048763638
-20.644422098665941689
-20.291218065189013942
-19.151841259091455072
-17.150289812487514496
-14.230645049159882376
-10.362150442682075635
-5.544139599606220159
0.189389831960014021
6.765777478826038305
14.070510733783223145
21.945084675670159413
30.186150292370200532
38.546179726627798345
46.735857407010712450
54.428375651603460028
61.265772201545615872
66.867395049562020404
70.840517156368633778
72.793050911602080078
72.348230686612197360
69.161043237478395440
62.936092257454589571
53.446487770801979877
40.553256516183189717
24.224679643461396239
4.554882974598186252
-18.219062928863166917
-43.702326115945595575
-71.330601668669373794
-100.362328901454134211
-129.875632709307069490
-158.770722269956365835
-185.778381630214312281
-209.475049860082208397
-228.304813024002214661
-240.608417263425621968
-244.659164577543720043
-238.705275101810457272
-221.017998562435877830
-189.944442079591738093
-143.963762840431286349
-81.745065916929661398
-2.205065491169534653
95.436670030770187623
211.607242100993289569
346.337156028128219987
499.226684205005767581
669.424123325187338196
855.617898020638676826
1056.043968628352558881
1268.509299619590365182
1490.431214715795249504
1718.891291711368921824
1950.701089319095899555
2182.475722670540108084
2410.710706919937820203
2631.858214764371496130
2842.401018042123268970
3038.925092178242721275
3218.193937996955355629
3377.228332430105183448
3513.394453927072845545
3624.501602403981905809
3708.908503610725347244
3765.634746049212935759
3794.471525410011508939
3796.083981127881543216
3772.096456164291794266
3725.152241816589139489
3658.940693412953351071
3578.186678283494075004
3488.599729542278055305
3396.782674452541414212
3310.101648197371559945
3236.521165298421237821
3184.409242952572185459
3162.318433619206189178
3178.749052375013434357
3241.900971357226808323
3359.420276129465491977
3538.147075876403050643
3783.871074218632656994
4101.102314672675674956
4492.865852662613178836
4960.530830265127406165
5503.686206945490994258
6120.076760964611821692
6805.613435190699419763
7554.471288431630455307
8359.286063710771486512
9211.456734871788285091
10101.556515992237109458
11019.848957976815654547
11956.899200880276112002
12904.263535913876694394
13855.233549307098655845
14805.604704240557111916
15754.433713508386063040
16704.744891150588955497
17664.143221307673229603
18645.291452186182141304
19666.210351167392218485
20750.365530901905003702
21926.511101719210273586
23228.269826273692160612
24693.441226549886778230
26363.042681035974965198
28280.103065664494351950
30488.242780890817812178
33030.086814854075782932
35945.567684284811548423
39270.181858818505133968
43033.266260206015431322
47256.360794110078131780
51951.719229728725622408
57121.024996966967592016
62754.361598638170107733
68829.480158807651605457
75311.399649357554153539
82152.368644536283682100
89292.210704619079479016
96659.067965853435453027
104170.548277653710101731
111735.269389820838114247
119254.778731396145303734
126625.809367136665969156
133742.812692194245755672
140500.688015378662385046
146797.610618644539499655
152537.845604110916610807
157634.427107039897236973
162011.582981925312196836
165606.794757947325706482
168372.401392831176053733
170276.681895808840636164
171304.383920022111851722
171456.699754939676495269
170750.724146720109274611
169218.456521492713363841
166905.430665413849055767
163869.066071210749214515
160176.836729806876974180
155904.346199206367600709
151133.384424570191185921
145950.024695001164218411
140442.801080308621749282
134700.990151297388365492
128813.007595928487717174
122864.921584986004745588
116939.080710295937024057
111112.854595308410353027
105457.488866351020988077
100037.081694870939827524
94907.695046541135525331
90116.618667480564909056
85701.807581285975174978
81691.513800597153021954
78104.129902933666016906
74948.256337783037452027
72222.996376676950603724
69918.473224091518204659
68016.553809848424862139
66491.754092613162356429
65312.292276529115042649
64441.250106963263533544
63837.799123432094347663
63458.448825495055643842
63258.277095041135908104
63192.109338451904477552
63215.620632855483563617
63286.343381045764544979
63364.570292246360622812
63414.147864375510835089
63403.158359426677634474
63304.488492063021112699
63096.281164622778305784
62762.263453789186314680
62291.940790585736976936
61680.645021256626932882
60929.423797418508911505
60044.761231203825445846
59038.125253048536251299
57925.345395940072194207
56725.835024770458403509
55461.683091849175980315
54156.650822787407378200
52835.116839841379260179
51521.018968173892062623
50236.841770744722452946
49002.695796680207422469
47835.528246544941794127
46748.496259630621352699
45750.524446103008813225
44846.058673300321970601
44035.019281125547422562
43312.949310148047516122
42671.347065333102364093
42098.167178067174972966
41578.469850793291698210
41095.193718439339136239
40630.023383567677228712
40164.318022490791918244
39680.062640203548653517
39160.799023460254829843
38592.489977186312898993
37964.269038491300307214
37269.029612012156576384
36503.813240021991077811
35669.966934876887535211
34773.053903436804830562
33822.519536627667548601
32831.133448503154795617
31814.246377577896055300
30788.915579359934781678
29772.961979955143760890
28784.025598530311981449
27838.682284687056380790
26951.675288949863897869
26135.300999208036955679
25398.971277816181100206
24748.957434594740334433
24188.305166922680655262
23716.897679214169329498
23331.636958278970269021
23026.711310405025869841
22793.920330976201512385
22623.035214588733651908
22502.180873041434097104
22418.234640980801486876
22357.242531545787642244
22304.856718517508852528
22246.796616171966888942
22169.330932760767609579
22059.770528278706478886
21906.953530769598728511
21701.696891287279868266
21437.184111562484758906
21109.258416138043685351
20716.594555266590759857
20260.730345705182116944
19745.949967930610000622
19179.023458573570678709
18568.819064101349795237
17925.815526298196346033
17261.548657242074114038
16588.029951217355119297
15917.174300606606266228
15260.269569280277210055
14627.513776594320006552
14027.637220816030094284
13467.618360295175079955
12952.494844615477632033
12485.265551171922197682
12066.876158332066552248
11696.279517453245716752
11370.562357634924410377
11085.130989473860608996
10833.949995321083406452
10609.828823211077178712
10404.751259714777916088
10210.241578423450846458
10017.758579708319302881
9819.104921730116984691
9606.834688348400959512
9374.638031550086452626
9117.679138583449457656
8832.863760822150652530
8519.015710392557593877
8176.948011336101444613
7809.422979725935874740
7421.005007279471101356
7017.818588733393880830
6607.230769151256936311
6197.481029597482120153
5797.282828041060383839
5415.420113534240044828
5060.359621465288000763
4739.896004671687478549
4460.842304598075315880
4228.773507297721153009
4047.826597342393142753
3920.557199649132144259
3847.851002652690567629
3828.887790518518613680
3861.156775853260114673
3940.523369925851966400
4061.348746281727017049
4216.663833741126836685
4398.398353994392891764
4597.663278347306913929
4805.081974854070722358
5011.161700815036965651
5206.693164077843903215
5383.161769151058251737
5533.150188832507410552
5650.708669243145777727
5731.667771679617544578
5773.868786796789208893
5777.290313846388016827
5744.055638786646341032
5678.314184609886979160
5586.000427326846875076
5474.483876402210626111
5352.132611431824443571
5227.819271082082195790
5110.401532452420724439
5008.208917860505607678
4928.564953300391607627
4877.369439426242934132
4858.760843245743672014
4874.874041774170109420
4925.703955479057185585
5009.080979945990293345
5120.759517235454950423
5254.616279579065121652
5402.950343120829529653
5556.872128137740219245
5706.763553459799368284
5842.786619527224502235
5955.412933814545795030
6035.942976255808389396
6076.982360119858640246
6072.843971953300751920
6019.849932767629979935
5916.515239310539982398
5763.604645393304053869
5564.064565339743239747
5322.841220869499920809
5046.603736077418034256
4743.395632327886232815
4422.239982224453342496
4092.722704148415232339
3764.575867547197958629
3447.279332420650462154
3149.695315880093403393
2879.746993912025118334
2644.149159787242751918
2448.196290033830791799
2295.611091839930850256
2188.454686254537591594
2127.097974864924708527
2110.252392016527210217
2135.057103441074559669
2197.218715948315548303
2291.198651648758186639
2410.442455675714882091
2547.644393928379486169
2695.039707905967134138
2844.715788384809002309
2988.932300392049455695
3120.439008150086920068
3232.778893264727230417
3320.563381265456428082
3379.706297156857090158
3407.603717057608264440
3403.248431375359359663
3367.270691639679171203
3301.901492746223084396
3210.860417131132635404
3099.175929779941725428
2972.950651293768714822
2839.086678719099381851
2704.986435760680706153
2578.243484716368584486
2466.336052588498660043
2376.334258625555321487
2314.630388419550399703
2286.700075588480103761
2296.900910473427302350
2348.313767335216653009
2442.630991427641220071
2580.094482903207790514
2759.485650242699193768
2978.168207936718772544
3232.183856603403910412
3516.399882578015876788
3824.706421582866823883
4150.259367078504510573
4485.762628840602701530
4823.780705631057571736
5157.069379457019749680
5478.908901240321938531
5783.420754843116810662
6065.846820134621339093
6322.769541166559974954
6552.254239438008880825
6753.900028092439242755
6928.793298104177665664
7079.366482846915459959
7209.173591311786367442
7322.601645827912761888
7424.542638146020181011
7520.053213029272228596
7614.028720774026623985
7710.914763884027706808
7814.473557566176168621
7927.615258653187993332
8052.296902832998057420
8189.484714375353178184
8339.170205296866697608
8500.427300432727861335
8671.496948866428283509
8849.887120174142182805
9032.479203994222189067
9215.635889836348724202
9395.309779887409604271
9567.155507446912451996
9726.650376088557095500
9869.229108502579038031
9990.437086765261483379
10086.103657411424137536
10152.533111761102190940
10186.706482378072905703
10186.483067843821118004
10150.787330577180910041
10079.765074120663484791
9974.892922805185662583
9839.027145876429131022
9676.381575500206963625
9492.429339747914127656
9293.728810697635708493
9087.679947463499047444
8882.222514878367292113
8685.491991244725795696
8505.451990082076008548
8349.523525430482550291
8224.231442028732999461
8134.886972735895142250
8085.322966489853570238
8077.695205757011535752
8112.359747328044250025
8187.832643467545494786
8300.834887804157915525
8446.422023790313687641
8618.194512982257947442
8808.581617065976388403
9009.188162963524519000
9211.190176103265912388
9405.762133592121244874
9584.515765313059091568
9739.928251479608661612
9865.736683580953467754
9957.276077274224007851
10011.740244974211236695
10028.348489910815260373
10008.406228607154844212
9955.253960302849009167
9874.105997820332049741
9771.787464296578036738
9656.384616704670406762
9536.829001582747878274
9422.439834713553864276
9322.451070485542004462
9245.549843069034977816
9199.451457564753582119
9190.533152119478472741
9223.544779605219446239
9301.409724007589829853
9425.124100513909070287
9593.756868931339340634
9804.548146567776711890
10053.097933454799203901
10333.632842919570975937
10639.334455383832391817
10962.709788361800747225
11295.982307925096392864
11631.481075148623858695
11962.006137534735898953
12281.150153022150334436
12583.559371375869886833
12865.121285921886737924
13123.071216012815057184
13356.015441517874933197
13563.873910931240970967
13747.750604255841608392
13909.743989182536097360
14052.713352404160104925
14180.018887914297010866
14295.254158303318035905
14401.988903376659436617
14503.538242765216637054
14602.771275346469337819
14701.968156169008580036
14802.730243026897369418
14905.943253977588028647
15011.789065836836016388
15119.798354073009249987
15228.934153129073820310
15337.695733979311626172
15444.232744666671351297
15546.460936184608726762
15642.172594770239811623
15729.136721054419467691
15805.185853067838252173
15868.288129798263980774
15916.604689467676507775
15948.533757864999643061
15962.743761589861605898
15958.198437421116977930
15934.177134368366751005
15890.293266694034173270
15826.513165993805159815
15743.176460497605148703
15641.017721264637657441
15521.187658785052917665
15385.270848024150836864
15235.295993623221875168
15073.734245790963541367
14903.481097035260972916
14727.817928771759397932
14550.350297331609908724
14374.921491904675349360
14205.501682664227701025
14046.054993610510791768
13900.388924010398113751
13771.992501403316055075
13663.871152215077017900
13578.387320851252297871
13517.116228916880572797
13480.725829065004290896
13468.889071347903154674
13480.235239094283315353
13512.345522330315361614
13561.796339849337527994
13624.252277998859426589
13694.608868163655643002
13767.183668766158007202
13835.952094859729186282
13894.822007086731900927
13937.938171386373142013
13960.004402961651067017
13956.607744611519592581
13924.525798140293773031
13861.995866185734485043
13768.923482932719707605
13647.008795672945780098
13499.772521390294059529
13332.468971497015445493
13151.881667325049420469
12966.006717442367516924
12783.639412632375751855
12613.889214945394996903
12465.656227906059939414
12347.107237853851984255
12265.190740531268602354
12225.227700321784141124
12230.608340775672331802
12282.615747728817950701
12380.385606502733935486
12520.999372623708040919
12699.697021404430415714
12910.186501319965827861
13145.021049121907708468
13396.013068713247776031
13654.654286874940225971
13912.515864551500271773
14161.608180753792112228
14394.687017717704293318
14605.499724059867730830
14788.970624135350590223
14941.328784442614050931
15060.182963396360719344
15144.548336564794226433
15194.827986119180422975
15212.750007649983672309
15201.259308425080234883
15164.362485965268206201
15106.925022122777590994
15034.422479005488639814
14952.651167141328187427
14867.408336805134240421
14784.156631224232114619
14707.691608231067220913
14641.833920517683509388
14589.168722999062083545
14550.853729698183087748
14526.513988844202685868
14514.236044725115789333
14510.667098864538274938
14511.216658226323488634
14510.349697744826698909
14501.952380185235597310
14479.744676144406184903
14437.709531575954315485
14370.506098182435380295
14273.835305854066973552
14144.729767938732038601
13981.746403375029331073
13785.048646254454070004
13556.374826343218956026
13298.899194689905925770
13017.001046824609147734
12715.964493201312507153
12401.635942275977868121
12080.067963563635203172
11757.176949686034276965
11438.438313209828265826
11128.637503508198278723
10831.688701221952214837
10550.526425888167068479
10287.069144942977800383
10042.248788161887205206
9816.096134736406384036
9607.869441357417599647
9416.212351192361893482
9239.326887596413143910
9075.147958915427807369
8921.507046295053442009
8776.274426336725809961
8637.471288365255531971
8503.345428732327491161
8372.406894493773506838
8243.423056665866170079
8115.376081412746316346
7987.389441418665228412
7858.633598886459367350
7728.223795658338531211
7595.124490195285034133
7458.075015349384557339
7315.549379061001673108
7165.759901598246869980
7006.709796798878414847
6836.294153805541100155
6652.442536724195633724
6453.290369890084548388
6237.361422168323770165
6003.741008524878452590
5752.219629352940501121
5483.389831723015049647
5198.684751757043159159
4900.354224480714947276
4591.382216615290417394
4275.356088414793703123
3956.302463657239968597
3638.505717931935578235
3326.323779506773462344
3024.013214247581345262
2735.572484616420297243
2464.609398071836949384
2214.236269144380912621
1986.994231351937742147
1784.806433841134094109
1608.958520118346086747
1460.103785268376668682
1338.289713066149033693
1243.002172198542893966
1173.223366510442929211
1127.499651930563231872
1104.015516555484055061
1100.670334932903188019
1115.154918837458353664
1145.025362599952813980
1187.772191521306467621
1240.883340013720726347
1301.899987837486378339
1368.464747342106647920
1438.362104497113932666
1509.551357568873754644
1580.192558696036940091
1648.666137615423622265
1713.586968632812613578
1773.813629595690599672
1828.453495555270819750
1876.864112630562885897
1918.651013803468231345
1953.661775282370399509
1981.975690788604879344
2003.888033234384010939
2019.887645179826904496
2030.626782250770702376
2036.882872996308606162
2039.513058509319307632
2039.403697440899350113
2037.418053236101968650
2034.345845444497854260
2030.858231694378901011
2027.471281494466211370
2024.520326919527178688
2022.146856386401395866
2020.298896966532538499
2018.745113928595856123
2017.102143267083192768
2014.873963321360406553
2011.501404752298412859
2006.419196533021022333
1999.117269832716829114
1989.202460790707391425
1976.456395328017833890
1960.885345400327196330
1942.758303178614596618
1922.630429156434047400
1901.350294360127918480
1880.050738150025154027
1860.124400087332105613
1843.185797242372927940
1831.022116010882882620
1825.534767969160839129
1828.673422686880485344
1842.363880558856180869
1868.430953068996586808
1908.517597455989516675
1964.001957382064119884
2035.914647792819550887
2124.859462679416537867
2230.941494462593709613
2353.707229746071334375
2492.101358729175899498
2644.444728359978398657
2808.437119566767250944
2981.187437375423542107
3159.272555474321507063
3338.824490154707746115
3515.643805654420248175
3685.335229154759872472
3843.459547829299026489
3985.694259807797152462
4107.994447698825752013
4206.745086445173001266
4278.896456141997077793
4322.075375972066467511
4334.666469234378382680
4315.859496644720820768
4265.660855246875144076
4184.869525716048883623
4075.019929633700030536
3938.296174578255431697
3777.423859610096315009
3595.546849584975916514
3396.097091608027312759
3182.665541529629081197
2958.881527005893531168
2728.306443731888975890
2494.345781756227097503
2260.181430660027217527
2028.724288286806313408
1802.585539263774990104
1584.063624175765198743
1375.142931439436779328
1177.499747519142147212
992.511250793490034994
821.264506455008358898
664.564262645767939830
522.940127247559303214
396.654701167060977696
285.714299918913468446
189.883379753500861398
108.703138049970448265
41.514206316160262134
-12.517054240894305295
-54.369422247030847473
-85.135784988166065546
-105.991214890888272748
-118.161161497463822911
-122.890707959480877776
-121.415738900101970899
-114.936734352402027071
-104.595754137003424944
-91.457018610739268638
-76.491333671011886963
-60.564457110402123874
-44.429365230893623107
-28.722256970753377914
-13.962030291158466611
-0.552883670540745609
11.210365298112778376
21.134692441582334510
29.119479645244421562
35.145799503354389515
39.264831115219507751
41.585840054903343344
42.264118624255061718
41.489237334606293928
39.473907662495385296
36.443701868161241464
32.627820236121443997
28.251041436316199906
23.526939478484159451
18.652402314223323287
13.803443602819928770
9.132261274603118650
4.765464792939856586
0.803367665013299703
-2.679777220757905365
-5.634734653600328436
-8.035578785918213285
-9.877463404420320003
-11.174011812295292501
-11.954460438166092828
-12.260680125600892154
-12.144186376837591723
-11.663235345471072435
-10.880086778823335081
-9.858499032387818772
-8.661505280879801205
-7.349504622381614283
-5.978687322024153872
-4.599800294199344108
-3.257247319044896283
-1.988508591594822850
-0.823856097636342599
0.213664981634557272
1.108023153697400787
1.849792942962969144
2.435591106431745700
2.867395080900239979
3.151780705400029525
3.299113959776142302
3.322728359772586515
3.238115953582984208
3.062155769585061638
2.812399251977605097
2.506427855326574416
2.161293695653515368
1.793050097756697436
1.416375136069574880
1.044287916540239891
0.687954444248179198
0.356577498961856365
0.057363012238761155
-0.204445998777403271
-0.425477852764900522
-0.604093419618874750
-0.740210696352444075
-0.835103086896882729
-0.891181208240346301
-0.911767282060678808
-0.900870221270214211
-0.862968439138419252
-0.802806246359822562
-0.725208505848621732
-0.634917028274525674
-0.536451049706473504
-0.433993066309122544
-0.331300333617925102
-0.231641487028546450
-0.137757017319818292
-0.051841746271860577
0.024453006287391329
0.090000194786978960
0.144163587956395861
0.186752988189514219
0.217971022951017307
0.238354293967059372
0.248711489697706706
0.250060828266610691
0.243568916612665581
0.230492801472629710
0.212126662232119345
0.189754266723776904
0.164607989228325868
0.137834884134077906
0.110470026127441889
0.083417073927454663
0.057435793320166018
0.033136088951345191
0.010977943976907817
-0.008723447981761548
-0.025788154330526513
-0.040158422026673225
-0.051882904892481062
-0.061099053148871457
-0.068014487186622660
-0.072888126608757792
-0.076011778495825924
-0.077692808976837072
-0.078238432586855741
-0.077942057285073571
