2593.859429235430000000 
2541.073086465700000000 
2493.343520755620000000 
2446.546020856640000000 
2400.539542822630000000 
2355.261522563520000000 
2310.240809912640000000 
2266.537208091030000000 
2222.688429146200000000 
2179.719854694100000000 
2137.691619859230000000 
2096.316131921830000000 
2055.688656740370000000 
2015.182730764990000000 
1975.885459646700000000 
1936.935862660610000000 
1898.560299745220000000 
1860.472125979390000000 
1823.306777071290000000 
1786.525666011010000000 
1750.529674539370000000 
1714.667420130270000000 
1680.088035991140000000 
1645.731615986120000000 
1611.764727978220000000 
1578.310574499280000000 
1545.535965023870000000 
1513.338202879150000000 
1481.597310367400000000 
1450.062958557550000000 
1419.589511159140000000 
1389.083196173330000000 
1359.120267573760000000 
1329.903088222650000000 
1301.268825147360000000 
1272.689447369750000000 
1244.767695469190000000 
1217.462787546840000000 
1190.099114740330000000 
1163.836332045670000000 
1137.590224368090000000 
1111.850911455260000000 
1086.482376149550000000 
1061.470448484980000000 
1037.201124305410000000 
1012.799339258340000000 
989.407928356553000000 
965.847567061498000000 
943.061197230751000000 
920.600231705162000000 
898.564097532538000000 
877.000106388080000000 
855.599040361224000000 
834.469228983199000000 
814.127850412771000000 
793.735335689772000000 
773.713317922325000000 
754.300844462393000000 
734.432396971004000000 
715.964879993727000000 
697.415412834465000000 
678.840631415508000000 
661.297441604531000000 
644.033722528600000000 
626.636610456907000000 
609.650020995806000000 
593.139559011837000000 
576.744702740685000000 
560.739899046503000000 
545.130021504397000000 
529.537301889135000000 
514.436375691395000000 
499.788772245778000000 
485.373419274541000000 
471.169332508250000000 
457.172967192453000000 
443.580865020388000000 
430.233012756135000000 
417.299944765371000000 
404.508663928198000000 
391.829744201963000000 
378.990269386191000000 
367.274216960717000000 
355.591183028660000000 
343.529207583732000000 
331.980994577850000000 
321.082601496772000000 
310.309111360891000000 
299.700981003253000000 
289.359584924483000000 
279.316752078135000000 
269.569555352566000000 
259.993335928205000000 
250.324307723860000000 
241.029307846047000000 
231.688059267297000000 
223.028387599910000000 
214.238690098458000000 
206.159921247148000000 
197.728310809360000000 
189.802267644053000000 
182.100855828325000000 
174.299680437943000000 
167.196353414611000000 
159.979475084234000000 
153.098811947392000000 
146.299659070076000000 
139.779608474115000000 
133.431865395627000000 
127.123568208419000000 
121.295916214687000000 
115.311642423971000000 
109.690273186450000000 
104.377323398510000000 
99.118289068262000000 
93.841337397817000000 
88.866046677159000000 
83.537896924031000000 
78.924497572110000000 
74.049565438533000000 
69.650248610564000000 
65.506990650282000000 
61.321978773166000000 
57.267086662728000000 
53.296770909162000000 
49.922149087429000000 
46.471497529523000000 
43.125468323038000000 
40.073430595136000000 
36.869854525147000000 
34.034652871174000000 
31.200611140120000000 
28.687636594111000000 
26.415569285394000000 
23.808509204139000000 
21.595200550895000000 
19.356333757051000000 
17.811990310073000000 
15.942766805374000000 
14.207853320275000000 
12.466328368244000000 
11.081742416876000000 
9.495726079174970000 
8.097954494495010000 
7.008495760377000000 
6.069113219549990000 
5.025912964560010000 
3.938126598219010000 
3.195506059929020000 
2.874707715771990000 
1.843448669677970000 
1.517830781290000000 
1.087407645143000000 
0.724565501703978000 
0.323384151757978000 
0.073672426038001500 
0.000000000000000000 
0.309597616015992000 
0.574791004728979000 
1.020232162851020000 
1.496593046347980000 
1.645818098506990000 
2.083985418552000000 
2.853149878476020000 
3.395250444508970000 
4.439469640477000000 
5.262517839201000000 
6.141330862590960000 
6.865795678084000000 
7.956401621868000000 
9.298731235758960000 
10.500058031685000000 
11.898257487916000000 
13.300668008535000000 
14.705984102538000000 
16.130306063028000000 
17.650627391493000000 
19.491809772431000000 
21.356874703793000000 
22.974946490662000000 
24.797052906270000000 
26.639313559130000000 
28.526598222700000000 
30.805594349713000000 
32.666230308136000000 
34.663953092877000000 
36.788881059272000000 
39.005049420249000000 
41.059064928042000000 
43.497714409405000000 
45.737117505010000000 
48.132733884458000000 
50.596459101227000000 
53.257635234848000000 
55.636787371093000000 
58.393822962685000000 
61.144956794799000000 
63.889102488443000000 
66.590391943166000000 
69.343427932445000000 
71.964501058720000000 
74.739575502883000000 
77.563235475849000000 
80.634485912148000000 
83.534816355709000000 
86.480642278216000000 
89.314393869846000000 
92.095946620659000000 
95.346151514094000000 
98.342123042758000000 
101.056783800602000000 
104.341512111465000000 
107.177728880742000000 
110.181993941384000000 
113.301165903589000000 
116.734338114012000000 
119.845649869124000000 
123.312571247492000000 
126.412280006393000000 
129.552636843785000000 
132.854491245871000000 
135.847268580116000000 
139.321539601566000000 
142.876322645263000000 
146.023667297700000000 
149.536768341312000000 
152.971175420309000000 
156.386899904994000000 
159.852656776725000000 
163.498049626421000000 
166.756887249204000000 
170.350215803654000000 
173.824923501539000000 
177.006224675274000000 
180.371652639826000000 
183.972568431221000000 
187.208025498815000000 
190.399018911547000000 
193.666506549787000000 
197.305401970806000000 
200.532132955924000000 
204.311332120081000000 
207.494142542401000000 
210.714702073314000000 
214.398413557601000000 
217.961773890387000000 
221.482295836212000000 
224.706991872305000000 
228.391790639093000000 
232.048881874310000000 
235.616638234297000000 
238.537679217393000000 
241.820180923866000000 
245.219882860118000000 
248.518621824343000000 
251.880929761827000000 
255.027770297882000000 
258.775997916961000000 
261.898556909441000000 
265.073150745784000000 
268.368661724656000000 
272.019229298010000000 
275.084833533110000000 
278.260590714526000000 
281.641493305303000000 
285.061612787543000000 
287.989729507449000000 
291.234044543797000000 
294.550364495822000000 
297.442272341077000000 
300.517938916134000000 
303.367930507168000000 
306.678703677869000000 
309.640747335493000000 
312.296910322109000000 
315.542401380022000000 
318.680788884562000000 
321.815815984963000000 
324.746816835735000000 
327.768887458470000000 
330.568301973917000000 
333.309701285481000000 
336.105544953876000000 
338.781278403010000000 
341.727688841868000000 
344.248378385564000000 
346.847209082830000000 
349.958466465677000000 
352.363912749326000000 
354.767463300088000000 
357.551229096775000000 
360.262363627736000000 
362.491511344744000000 
365.081761486496000000 
367.502000113212000000 
369.960404942485000000 
372.238979018421000000 
374.545906637708000000 
377.089375346128000000 
379.312195056056000000 
381.344282144521000000 
383.541691411566000000 
385.564680023620000000 
387.595358849627000000 
389.676681696630000000 
391.303662327713000000 
393.502079261868000000 
395.714767267563000000 
397.219311423878000000 
399.111079314238000000 
401.015562326155000000 
403.149685432879000000 
404.356169972099000000 
406.043505528960000000 
407.802405011235000000 
409.432324393124000000 
410.967555222122000000 
411.998818838271000000 
413.691088608934000000 
415.000173176113000000 
416.482225695328000000 
417.988903736874000000 
418.876109498269000000 
420.108787137363000000 
421.173306798868000000 
422.304027084014000000 
423.543963979887000000 
424.666513252053000000 
425.105870346904000000 
426.070525235676000000 
426.725055625218000000 
427.373415498612000000 
427.858593306641000000 
428.675893193906000000 
429.546543385082000000 
429.609041380534000000 
430.280634637965000000 
430.899868181496000000 
431.266257423825000000 
431.762053284700000000 
431.525765130813000000 
431.905072119795000000 
431.768865440430000000 
432.021255843678000000 
432.105174715711000000 
431.620110870321000000 
431.696317069091000000 
431.472318565821000000 
431.095553945869000000 
430.974389273566000000 
430.299541422752000000 
429.992533858279000000 
429.261482768677000000 
428.740898061811000000 
428.178145762407000000 
427.364081537502000000 
426.411370992577000000 
425.797977205296000000 
424.871189037771000000 
424.004603533999000000 
423.067364193517000000 
422.076474186508000000 
420.735828324005000000 
419.592981837366000000 
418.021328107819000000 
416.916326667647000000 
415.451332058618000000 
413.791216852950000000 
412.100855530938000000 
410.484241899650000000 
408.801841375215000000 
406.940213771404000000 
405.368653908968000000 
403.443177206154000000 
400.972071416621000000 
399.355270390977000000 
396.992068928668000000 
395.004084165481000000 
392.634272916011000000 
390.238875007231000000 
388.017576846366000000 
385.065482848710000000 
382.773841728737000000 
380.220366333318000000 
377.291639621768000000 
374.413491852797000000 
371.629064541953000000 
368.720575586531000000 
365.418059487486000000 
362.147353174955000000 
359.021184868718000000 
355.760896479811000000 
352.479219474874000000 
348.940986538652000000 
345.511160123472000000 
341.667558275380000000 
338.009979370419000000 
334.294564905964000000 
330.564475754916000000 
326.854176824654000000 
322.606703895206000000 
318.587115748957000000 
314.177568635754000000 
310.021359219824000000 
305.526739278442000000 
301.241335847465000000 
296.799538916242000000 
292.087967721412000000 
287.610766145847000000 
282.810983332028000000 
277.914445734723000000 
273.016518590435000000 
268.273451122155000000 
263.163088203570000000 
257.693824201906000000 
252.500275575990000000 
247.164661490187000000 
241.747565517363000000 
235.848604579789000000 
230.302443336951000000 
224.378196045246000000 
218.527839622798000000 
212.090071073370000000 
206.056115570887000000 
199.660302638356000000 
193.485077112005000000 
186.677796020567000000 
180.073134568978000000 
173.296815391347000000 
165.913679827001000000 
158.106093671063000000 
159.293179305441000000