0
0
0
0
0
0
0
0
0
0
0
0
0
0
0
0
0
0
0
0
0
0
0
0
0
0
0
0
0
0
0
0
0
0
0
0
0
0
0
0
0
0
0
0
0
0
0
0
0
0
0
0
0
0
0
0
0
0
0
0
0
0
0
0
0
0
0
0
0
0
0
0
0
0
0
0
0
0
0
0
0
0
0
0
0
0
0
0
0
0
0
0
0
0
0
0
0
0
0
0
0
0
0
0
0
0
0
0
0
0
0
0
0
0
0
0
0
0
0
0
0
0
0
0
0
0
0
14739.47719
15635.57904
16580.1136
17573.45482
18616.28102
19709.70499
20855.31783
22055.14159
23311.51589
24626.95374
26003.99639
27445.08791
28952.49046
30528.26659
32174.3417
33892.62358
35685.12742
37554.06275
39501.86826
41531.19456
43644.82073
45845.48019
48135.59437
50516.94564
52990.33651
55555.28922
58209.83918
60950.4605
63772.13635
66668.56151
69632.44243
72655.83642
75730.46246
78847.94003
81999.95039
85178.33576
88375.15361
91582.69663
94793.48112
98000.20575
101195.699
104372.8931
107524.8564
110644.8855
113726.6361
116764.2667
119752.5719
122687.0894
125564.17
128381.0106
131135.6547
133826.9499
136454.4556
139018.3187
141519.1414
143957.8598
146335.6391
148653.8313
150913.7984
153116.8291
155264.066
157356.4369
159394.6498
161379.2526
163310.7269
165189.5836
167016.4398
168792.0636
170517.382
172193.4176
173821.1592
175401.3924
176934.5342
178420.5039
179858.6322
181247.6001
182585.4358
183869.6276
185097.3505
186265.7511
187372.2072
188414.509
189390.9149
190300.1249
191141.175
191913.257
192615.5437
193247.0399
193806.5019
194292.4074
194703.0083
195036.6141
195291.5305
195466.0415
195558.7857
195568.8468
195495.8055
195339.4681
195099.7192
194776.2993
194368.3692
193874.3384
193291.7293
192617.1653
191846.5231
190975.236
189998.7726
188913.0975
187714.9959
186402.5108
184975.2045
183434.2536
181782.3911
180023.8767
178163.8458
176208.1179
174163.0631
172035.0898
169830.5416
167555.7823
165217.4024
162822.3559
160378.11
157892.9205
155375.9013
152837.0455
150286.4412
147734.2242
145189.5537
142660.6145
140156.2043
137683.5279
135247.9244
132852.3358
130497.8813
128184.752
125912.1126
123678.5251
121482.3768
119321.7633
117195.2086
115101.8105
113041.1519
111013.1742
109017.9661
107055.5341
105125.6249
103227.7689
101361.1291
99524.43458
97716.3121
95935.14291
94179.3476
92447.66498
90739.3376
89054.20254
87392.68681
85755.72745
84144.60916
82560.70241
81005.14044
79478.53462
77980.81575
76511.21551
75068.35003
73650.37864
72255.23876
70880.93966
69525.85456
68188.99192
66870.04002
65569.37566
64287.98998
63027.28322
61788.92502
60574.00205
59383.1058
58216.17824
57072.48289
55950.71661
54849.39846
53766.69976
52700.81072
51650.29512
50614.32134
49592.76334
48586.14015
47595.4517
46621.97716
45667.04594
44731.78284
43816.90087
42922.53781
42048.16907
41192.78236
40355.06559
39533.44496
38726.35174
37932.43998
37150.77648
36380.97542
35623.43623
34878.78535
34147.89099
33431.60285
32730.55703
32045.10524
31375.32331
30721.03441
30081.82747
29457.09108
28846.07075
28247.94154
27661.93738
27087.38466
26523.8404
25971.30043
25429.99892
24900.35104
24382.79194
23877.6186
23384.88775
22904.39484
22435.72678
21978.3561
21531.74422
21095.43049
20669.09553
20252.59954
19845.99785
19449.54163
19063.67494
18688.97854
18326.05263
17975.31131
17636.77033
17309.93656
16993.8434
16687.19499
16388.57521
16096.69566
15810.63115
15529.97041
15254.84816
14985.87745
14724.01854
14470.41298
14226.20793
13992.39048
13769.64135
13558.21077
13357.81823
13167.61247
12986.26412
12812.20648
12643.95095
12480.39201
12321.02908
12166.03331
12016.13505
11872.39106
11735.93622
11607.7898
11488.71308
11379.0912
11278.8475
11187.42767
11103.87763
11026.99401
10955.49894
10888.21475
10824.21635
10762.98296
10704.49338
10649.21764
10597.99003
10551.80275
10511.57271
10477.92935
10451.08373
10430.81988
10416.59226
10407.68051
10403.35859
10403.04373
10406.3837
10413.26728
10423.79847
10438.27938
10457.19898
10481.19206
10510.93762
10546.99365
10589.60799
10638.58266
10693.26679
10752.68732
10815.75481
10881.46839
10949.07372
11018.15438
11088.65269
11160.83077
11235.19182
11312.36934
11392.98808
11477.45565
11566.05441
11658.88666
11755.88749
11856.85605
11961.49682
12069.22102
12179.55453
12292.17468
12406.89235
12523.72586
12642.88899
12764.69102
12889.41525
13017.23599
13148.18649
13282.17057
13418.96255
13558.25454
13699.70334
13842.95797
13987.66245
14133.4337
14279.84964
14426.52535
14573.28328
14720.25633
14867.86627
15016.68455
15167.2547
15319.9175
15474.80436
15631.85742
15790.89423
15951.75765
16114.33815
16278.57391
16444.4028
16611.81423
16780.85007
16950.75585
17120.82002
17291.32866
17462.6594
17635.19999
17808.96166
17984.13688
18160.71961
18338.14483
18515.97122
18693.74155
18871.06839
19047.73243
19223.70005
19399.13242
19574.1038
19748.58281
19922.9856
20097.89392
20273.92231
20451.63331
20631.43489
20812.64659
20995.01153
21178.20453
21360.99701
21542.51179
21722.39096
21900.60268
22077.05819
22251.83221
22425.51528
22598.7506
22772.01268
22944.75137
23117.61346
23291.1451
23465.66452
23641.18501
23817.41297
23993.81954
24169.76448
24344.63461
24517.96392
24689.51216
24859.28529
25027.40106
25193.80276
25357.55525
25519.28461
25679.5831
25838.97159
25997.86434
26156.56077
26315.27164
26474.184
26632.84636
26790.66766
26947.42885
27102.20311
27254.63391
27404.7187
27552.6196
27698.64567
27843.20991
27986.7631
28129.71346
28272.3461
28414.75601
28556.80747
28698.13143
28838.16515
28976.22732
29111.61572
29243.71494
29372.10097
29496.62825
29617.47927
29734.92281
29849.57553
29962.32637
30074.05405
30185.39077
30295.72909
30405.54011
30515.04299
30624.2175
30732.83951
30840.45286
30945.42128
31046.79387
31144.19514
31237.45307
31326.68105
31412.24523
31494.6917
31574.74577
31653.02795
31729.98514
31805.83231
31880.41391
31953.33102
32024.34077
32093.02494
32158.58567
32220.55082
32278.84507
32333.73238
32385.43301
32434.2178
32479.32809
32520.97856
32559.49707
32595.2841
32628.75357
32660.25899
32690.04752
32718.21936
32744.69339
32769.19814
32791.2862
32810.37929
32825.68416
32836.70281
32843.2808
32844.94792
32841.66037
32833.61404
32821.21804
32805.04155
32785.73009
32763.90931
32740.09816
32714.64289
32687.67131
32659.06835
32628.48322
32595.37957
32559.12498
32519.09889
32474.78311
32425.90881
32372.34429
32314.19559
32251.76888
32185.48697
32115.78193
32043.07273
31967.51299
31889.04555
31807.42733
31722.29748
31633.27571
31540.06316
31442.51763
31340.68945
31234.81675
31125.28233
31012.53699
30897.03695
30779.04038
30658.56343
30535.38358
30408.99182
30278.68228
30143.71116
30003.42259
29857.36135
29705.36911
29547.55346
29384.30657
29216.2489
29044.07387
28868.45719
28689.95255
28508.89981
28325.36271
28139.11958
27949.71222
27756.52129
27558.93271
27356.40023
27148.59565
26935.48188
26717.31659
26494.58635
26267.90516
26037.89635
25804.91984
25569.06429
25330.11081
25087.55015
24840.64481
24588.52436
24330.29859
24065.17265
23792.55313
23512.13469
23223.96463
22928.46432
22626.3973
22318.79075
22006.84572
21691.82278
21374.99603
21057.40734
20739.90814
20423.1457
20107.56664
19793.42034
19480.76049
19169.52638
18859.47399
18550.16184
18241.0974
17932.70175
17625.39602
17319.51521
17015.34439
16713.03039
16412.54863
16113.71748
15816.24599
15519.7916
15224.02418
14928.69915
14633.73265
14339.25697
14045.6379
13753.46247
13463.51576
13176.74444
12894.19146
12616.89694
12345.77689
12081.50597
11824.43791
11574.58916
11331.6865
11095.25679
10864.73637
10639.5866
10419.39742
10203.94847
9993.207674
9787.27842
9586.330455
9390.541703
9200.053758
9014.924453
8835.074776
8660.260266
8490.091855
8324.099577
8161.815122
8002.860759
7847.055772
7694.498779
7545.570098
7400.870709
7261.128867
7127.105884
6999.513584
6878.954016
6765.88659
6660.610653
6563.250862
6473.748114
6391.864836
6317.205184
6249.244299
6187.370682
6130.945898
6079.356947
6032.04207
5988.491246
5948.2418
5910.885021
5876.07797
5843.541564
5813.035191
5784.345746
5757.280184
5731.660561
5707.316437
5684.08071
5661.78575
5640.237983
5619.175293
5598.237103
5576.992159
5555.007646
5531.918955
5507.463961
5481.475239
5453.860118
5424.578853
5393.632263
5361.058645
5326.932395
5291.361273
5254.482459
5216.450597
5177.416274
5137.525646
5096.907764
5055.671156
5013.896737
4971.622078
4928.820415
4885.38202
4841.109804
4795.759339
4749.110507
4701.03093
4651.521633
4600.734907
4548.961454
4496.579155
4443.971567
4391.449398
4339.204462
4287.298019
4235.669081
4184.155157
4132.523416
4080.507049
4027.842034
3974.302689
3919.733875
3864.073863
3807.358134
3749.698756
3691.248087
3632.164388
3572.583438
3512.588624
3452.186273
3391.314892
3329.901426
3267.900372
3205.316907
0
0
0
0
0
0
0
0
0
0
0
0
0
0
0
0
0
0
0
0
0
0
0
0
0
0
0
0
0
0
0
0
0
0
0
0
0
0
0
0
0
0
0
0
0
0
0
0
0
0
0
0
0
0
0
0
0
0
0
0
0
0
0
0
0
0
0
0
0
0
0
0
0
0
0
0
0
0
0
0
0
0
0
0
0
0
0
0
0
0
0
0
0
0
0
0
0
0
0
0
0
0
0
0
0
0
0
0
0
0
0
0
0
0
0
0
0
0
0
0
0
0
0
0
0
0
0