99.202134853219774868
47.854678153596182710
-5.916567844151700228
-61.368100146730967026
-117.706343940874830878
-174.098171825832650939
-229.682374627647277521
-283.581939321891240979
-334.916972465568505868
-382.818092322534539562
-426.440099856085907959
-464.975728229429478233
-497.669262642742978642
-523.829817454002295563
-542.844055751219457306
-554.188137995964098081
-557.438691126702906331
-552.282597632342003635
-538.525415568107746367
-516.098255222777879681
-485.062956041213510616
-445.615428289886949642
-398.087047605056795874
-342.944016713136988983
-280.784636943205441639
-212.334462301183293675
-138.439340442851744228
-60.056377432415160911
21.757103760854761276
105.856507982235598320
191.024680167004589748
275.988217890042051295
359.435186797285496141
440.034013437996691209
516.453304447331902338
587.382318453942389169
651.551797952788547263
707.754853096806982649
754.867578285080526257
791.869075869977677939
817.860559522801850107
832.083212973688205238
833.934488094138941960
822.982539663413263042
798.978512619953107787
761.866421034302220505
711.790386259107435762
649.099034443966957042
574.346890499432447541
488.292646231510843791
391.894224250360366568
286.300605823166506525
172.840439470292153601
53.007497122295376357
-71.556904653963556484
-199.084350240739695437
-327.702419490918146039
-455.460165198015602073
-580.355661848967429250
-700.365271529770325287
-813.474234360750415362
-917.708157037932323874
-1011.164944624677445972
-1092.046698289501364343
-1158.691085767572076293
-1209.601682399770652410
-1243.476779048593016341
-1259.236159279515050002
-1256.045362097913312027
-1233.336968300745866145
-1190.828478076991814305
-1128.536384688990438008
-1046.786093584245463717
-946.217387698707170784
-827.785197473886910302
-692.755497562553500757
-542.696220573590835556
-379.463150637493981776
-205.180835100572807050
-22.218630239168760454
166.837924580634989979
359.220131545088406710
552.013208157944973209
742.196986139320870279
926.689740989359052037
1102.394592299304349581
1266.247855639821864315
1415.268674910425033886
1546.609220433518203208
1657.604703770241030725
1745.822436063870554790
1809.109143397105071926
1845.635750760553492000
1853.938856197670247639
1832.958138779438741039
1782.068978360824985430
1701.109611491159739671
1590.402206118560570758
1450.767307384252490010
1283.531187200334898080
1090.525720616060425527
874.080511198822932784
637.007094615708410856
382.575162973395435984
114.480870791775942052
-163.192594839955745556
-446.021874040217880975
-729.297294737409174559
-1008.083183713246398838
-1277.283960237920837244
-1531.715232667997042881
-1766.179014134078897769
-1975.542078539332578657
-2154.816394246357958764
-2299.240501667620264925
-2404.360643979944143211
-2466.110418683856551070
-2480.887692867916484829
-2445.627517754797736416
-2357.869789111729915021
-2215.820429870716907317
-2018.404920032782683847
-1765.313066564203836606
-1457.033992192677033017
-1094.880426157620604499
-681.001501159613326308
-218.383397810189308075
289.162670643165256479
837.025476354885540786
1419.831965762634354178
2031.498603825912141474
2665.295668314793147147
3313.924095286412921268
3969.604282251551921945
4624.176062572005321272
5269.208876157856138889
5896.120980392501223832
6496.306374225518084131
7061.267950303663383238
7582.755247521607088856
8052.905051986919716001
8464.382990446043550037
8810.524178825900889933
9085.470931567542720586
9284.305506429125671275
9403.175855655979830772
9439.412378743145382032
9391.633724962666747160
9259.839775513784843497
9045.490045292594004422
8751.565882170340046287
8382.615006203268421814
7944.777120849495986477
7445.789541119011119008
6894.972017327963840216
6303.190185104460397270
5682.797339506469143089
5047.554510274152562488
4412.529102804044669028
3793.972661644351319410
3209.178606249737640610
2676.321078369201131864
2214.276322685247578193
1842.428293091936211567
1580.460432269888769952
1448.135808085658936761
1465.068003088792465860
1650.485339518643741030
2022.991178574728337480
2600.323156406091584358
3399.114307889809424523
4434.659080789446306881
5720.687255783195723779
7269.148761112286592834
9090.012303744428209029
11191.080632051278371364
13577.825098705972777680
16253.242008027242263779
19217.733011103264288977
22469.011557040445040911
26002.037122443027328700
29808.978627074277028441
33879.208105367433745414
38199.325345236400607973
42753.213832024019211531
47522.127951252972707152
52484.811014169012196362
57617.643280094722285867
62894.818764625699259341
68288.549247980699874461
73769.293538564117625356
79306.009708053199574351
84866.427700887084938586
90417.339437399525195360
95924.903280121041461825
101354.959520657779648900
106673.353373216697946191
111846.261832925258204341
116840.520674634259194136
121623.947832330362871289
126165.659411437809467316
130436.374646350275725126
134408.706223077839240432
138057.432540872367098927
141359.748685427941381931
144295.493127420078963041
146847.347440805053338408
149001.006651922827586532
150745.318178988294675946
152072.387697497615590692
152977.650665481807664037
153459.908658127300441265
153521.330088507849723101
153167.415324323577806354
152406.926643814891576767
151251.783901607384905219
149716.927191417198628187
147820.148191727232187986
145581.892257388215512037
143025.033669576514512300
140174.626774034230038524
137057.636018869001418352
133702.648144772276282310
130139.569979283740394749
126399.315440270831459202
122513.485460336800315417
118514.044602290508919396
114432.998145640376606025
110302.073385511539527215
106152.408799259705119766
102014.254603837762260810
97916.688050756027223542
93887.346587947598891333
89952.181762231659376994
86135.236446103925118223
82458.447652470465982333
78941.476855255459668115
75601.569367443487863056
72453.443946189989219420
69509.213402441630023532
66778.336595433458569460
64267.601795854097872507
61981.141010700783226639
59920.474483034166041762
58084.584215916758694220
56470.015026423912786413
55071.001317052243393846
53879.617462011367024388
52885.949448209568799939
52078.285188174544600770
51443.320737104550062213
50966.379500585360801779
50631.641414524747233372
50422.379015260550659150
50321.197295724479772616
50310.274262552396976389
50371.599168128588644322
50487.205489210522500798
50639.395857971372606698
50810.956319523727870546
50985.357489326554059517
51146.940411027579102665
51281.085166630866297055
51374.360562518952065147
51414.653502712055342272
51391.276960580762533937
51295.055767731144442223
51118.389749624991964083
50855.294047398085240275
50501.416770111369260121
50054.034417284667142667
49512.025794200679229107
48875.825408569791761693
48147.357583461649483070
47329.952745027876517270
46428.247541934753826354
45448.070624475818476640
44396.316053349160938524
43280.806419809450744651
42110.147839538629341405
40893.579031769528228324
39640.816713037602312397
38361.899521958308469038
37067.032648576408973895
35766.435270443311310373
34470.192799350406858139
33188.115819614766223822
31929.607453308624826605
30703.540722433332121000
29518.147295566937827971
28380.918809941402287222
27298.521752334323537070
26276.726666768983704969
25320.352237007777148392
24433.224570379283250077
23618.151789716739585856
22876.913825116200314369
22210.267089709013816901
21617.963526365641882876
21098.783327671550068771
20650.580461861987714656
20270.339984623053169344
19954.245982423100940650
19697.758878687851392897
19495.700740713982668240
19342.347153445647563785
19231.524176508733944502
19156.708873284005676396
19111.131895066275319550
19087.880618967148620868
19080.001374355630105129
19080.599348210809694137
19082.934833458028151654
19080.514574630284187151
19067.177070304351218510
19037.170809806069883052
18985.224550627757707844
18906.608880718911677832
18797.188454099439695710
18653.464436873564409325
18472.606851468710374320
18252.476657598836027319
17991.637556932026200229
17689.357652696784498403
17345.601233581000997219
16961.011081497021223186
16536.881823505693319021
16075.124957995327349636
15578.226282879697464523
15049.196538102947670268
14491.516145323190357885
13909.074983715743655921
13306.108182038075028686
12687.128933299272830482
12056.859349662961903960
11420.160371878651858424
10781.961730075770901749
10147.192921843863587128
9520.716130007864194340
8907.261947388053158647
8311.368710243657915271
7737.326167284385519451
7189.124128436979844992
6670.406648387546738377
6184.432205746519684908
5734.040240989677840844
5321.624316607651053346
4949.112062621887162095
4617.951971232862888428
4329.107007233948024805
4083.054907253378132737
3879.794952086608645914
3718.860913454565434222
3599.339800453795305657
3519.895962606784451054
3478.800046492644469254
3473.962252014844125370
3502.969292873051472270
3563.124434032699809904
3651.489957063961810491
3764.931392142466847872
3900.162853118907605676
4053.792819092602712772
4222.369721959705202607
4402.426723929407671676
4590.525101386170717888
4783.295691005832850351
4977.477899912682914874
5169.955833031826841761
5357.791146734679387009
5538.252297447492310312
5708.839916124372393824
5867.308103401576772740
6011.681504881488763203
6140.268090396420120669
6251.667624362692549767
6344.775875589286442846
6418.784673345254304877
6473.177971375626839290
6507.724132221681429655
6522.464690066054572526
6517.699890892541588983
6493.971343623406028200
6452.042144767683566897
6392.874861772520489467
6317.607776601442310493
6227.529801047859109531
6124.054478999483762891
6008.693488457576677320
5883.030047824667235545
5748.692617122894262138
5607.329265778486842464
5460.583054853736939549
5310.068753627291698649
5157.351178762221934448
5003.925409539138854598
4851.199095373560339794
4700.477032703530312574
4552.948147953095030971
4409.674982275223555916
4271.585732769372043549
4139.468864449914690340
4013.970267980944299779
3895.592900624383673858
3784.698812464033380820
3681.513427212570604752
3586.131917174043337582
3498.527485557419367979
3418.561346594710812496
3345.994175027043638693
3280.498781638868877053
3221.673760737459815573
3169.057848823790209281
3122.144731153414795699
3080.398034355628169578
3043.266248624555373681
3010.197332024062234268
2980.652761919252952794
2954.120814178509590420
2930.128869262151511066
2908.254565276458379230
2888.135641149457569554
2869.478337882746473042
2852.064251943281306012
2835.755561864706578490
2820.498576611681983195
2806.325581808735933009
2793.354987143169637420
2781.789804730610285333
2771.914513613442068163
2764.090389502940524835
2758.749401061530534207
2756.386794171512065077
2757.552503506341963657
2762.841546103997643513
2772.883564373485569376
2788.331695921908703895
2809.850954690622074850
2838.106312098271246214
2873.750668212181153649
2917.412901455925748451
2969.686181098466931871
3031.116719885348629759
3102.193134826471577981
3183.336572541126315627
3274.891741900791203079
3377.118981249775060860
3490.187470489486713632
3614.169680066559067200
3749.037129702446236479
3894.657509843301795627
4050.793198596605634521
4217.101186655177116336
4393.134402682625477610
4578.344412128687508812
4772.085443725160985196
4973.619680231515303603
5182.123733580263433396
5396.696209617552995041
5616.366254318983010307
5840.102961830725689651
6066.825515057625125337
6295.413921879076042387
6524.720204476188882836
6753.579895726588802063
6980.823695164065611607
7205.289137579027737956
7425.832129894748504739
7641.338216409733831824
7850.733438739603116119
8052.994664691364960163
8247.159269707923158421
8432.334065263674347079
8607.703380491662755958
8772.536216186115780147
8926.192403950528387213
9068.127717444080190035
9197.897897209189977730
9315.161565232749126153
9419.682019997158931801
9511.327917113670991967
9590.072854506684961962
9655.993894352071947651
9709.269066398559516529
9750.173908768458204577
9779.077112709452194395
9796.435346938629663782
9802.787345089516747976
9798.747346270134585211
9784.997983813713290147
9762.282720924287787057
9731.397934079568585730
9693.184745766679043300
9648.520707427223896957
9598.311431432046447298
9543.482267565972506418
9484.970114968620691798
9423.715454855167990900
9360.654682751779546379
9296.712811558250905364
9232.796608637356257532
9169.788221473550947849
9108.539337393762252759
9049.865913552370329853
8994.543504002424015198
8943.303201352835458238
8896.828201387754234020
8855.750990231979812961
8820.651145307791011874
8792.053733553846541326
8770.428283262146578636
8756.188299516441475134
8749.691287651927268598
8751.239244453019637149
8761.079572998474759515
8779.406374170015624259
8806.362065863919269759
8842.039279870739846956
8886.482986188502763980
8939.692795167555232183
9001.625389297618312412
9072.197038576699924306
9151.286156175157884718
9238.735854446242228732
9334.356465150916847051
9437.927991969259892358
9549.202467870749387657
9667.906194619030429749
9793.741846501270629233
9926.390425209068780532
10065.513057572765319492
10210.752632485104186344
10361.735277770958418841
10518.071681901694319095
10679.358269258023938164
10845.178241064044414088
11015.102497106054215692
11188.690455879142973572
11365.490792847733246163
11545.042118047103940626
11726.873615284495826927
11910.505665721271725488
12095.450478640284927678
12281.212751740780731780
12467.290382379553193459
12653.175249821160832653
12838.354086808325519087
13022.309456659731949912
13204.520849695738434093
13384.465910135873855324
13561.621801760182279395
13735.466717634571978124
13905.481536122726538451
14071.151622297318681376
14231.968770773255528184
14387.433282965695980238
14537.056168873259593965
14680.361460745149088325
14816.888623448106955038
14946.195044039242930012
15067.858581002674327465
15181.480151844170904951
15286.686336274335189955
15383.131971056271140696
15470.502711751225433545
15548.517536061077407794
15616.931163230054153246
15675.536364016605148208
15724.166136064874081057
15762.695720077770602074
15791.044433003860831377
15809.177295479561507818
15817.106431995243838173
15814.892223658900547889
15802.644194996611986426
15780.521617940876240027
15748.733818002439875272
15707.540169585978219402
15657.249769483854834107
15598.220779754528848571
15530.859433451945733395
15455.618699008295152453
15372.996601473818373051
15283.534201273711005342
15187.813233644252250087
15086.453414449571937439
14980.109420650160245714
14869.467556290228458238
14755.242117489326119539
14638.171472559262838331
14519.013876013474146021
14398.543037882005592110
14277.543472376175486716
14156.805652543396718102
14037.121000092407484772
13919.276742025907878997
13804.050668059720919700
13692.205825000351978815
13584.485186260766568012
13481.606336481045218534
13384.256212749480255297
13293.085945154327419004
13208.705840300264753751
13131.680551960038428660
13062.524483167966536712
13001.697463769138266798
12949.600746692573011387
12906.573364999792829622
12872.888890059615732753
12848.752629008560688817
12834.299296972918455140
12829.591196359740933985
12834.616931883234428824
12849.290685900248718099
12873.452074108598026214
12906.866596745105198352
12949.226695142464450328
13000.153417909543350106
13059.198695138733455678
13125.848212973094632616
13199.524874646183889126
13279.592827803046020563
13365.362031589173057000
13456.093330725938358228
13551.003997652411271702
13649.273697886177615146
13750.050828124714826117
13852.459171360123946215
13955.604808499772843788
14058.583221757637147675
14160.486521486280253157
14260.410725232533877715
14357.463015688786981627
14450.768902937474194914
14539.479215999424923211
14622.776849236222915351
14699.883190649590687826
14770.064161580608924851
14832.635800736374221742
14886.969329843675950542
14932.495643515838310122
14968.709172071161447093
14995.171072992874542251
15011.511714389576809481
15017.432422107289312407
15012.706470954290125519
14997.179309713070324506
14970.768019108099906589
14933.460011548011607374
14885.310991136384473066
14826.442202014352005790
14757.037002427443439956
14677.336810864971994306
14587.636479072125439416
14488.279154554677006672
14379.650702260229081730
14262.173761312962597003
14136.301517894924472785
14002.511279510505119106
13861.297938860163412755
13713.167417317625222495
13558.630178503164643189
13398.194901644917990780
13232.362402313327038428
13061.619884716224987642
12886.435605090891840518
12707.254019880836494849
12524.491485412459951476
12338.532567780197496177
12149.727012714743977995
11958.387415468483595760
11764.787620339027853333
11569.161868509365376667
11371.704701565055074752
11172.571616517185248085
10971.880456584180137725
10769.713510541167124757
10566.120282309502727003
10361.120881806777106249
10154.709978081178633147
9946.861246578564532683
9737.532234189808150404
9526.669558639719980420
9314.214352931356188492
9100.107861056118053966
8884.297088104978683987
8666.740406331993654021
8447.413018667919459403
8226.312182674993891851
8003.462100965592071589
7778.918388645814957272
7552.772034335760508839
7325.152778683385804470
7096.231842929507365625
6866.223949877934501274
6635.388590437996754190
6404.030500578341161599
6172.499325885521102464
5941.188463770467933500
5710.533086512416048208
5481.007361568726082623
5253.120898702484737441
5027.414466279970838514
4804.455031362010231533
4584.830189757548396301
4369.142062834002899763
4158.000747409908399277
3952.017413329534520017
3751.797150193413017405
3557.931670071067401295
3370.991976753689868929
3191.521114140703048179
3020.027106646471565909
2856.976203040024756774
2702.786531896855649393
2557.822271880673270061
2422.388433444788006454
2296.726340335136228532
2181.009889603327792429
2075.342657836635225976
1979.755909142816335589
1894.207547271064413508
1818.582040303496114575
1752.691331825531960931
1696.276737599829857572
1649.011811756002771290
1610.506151599650593198
1580.310095571498777645
1557.920254879158619588
1542.785806101366688381
1534.315459838014930938
1531.885009445249352211
1534.845354232772479008
1542.530883369473031053
1554.268100280167345772
1569.384362632190004661
1587.216610190786923340
1607.119951923580174480
1628.475984784372485592
1650.700719603022207593
1673.251994419007132819
1695.636262359992997517
1717.414649692698731087
1738.208189843338459468
1757.702150854557658022
1775.649386746665641112
1791.872657393099871115
1806.265876594783094333
1818.794263821230742906
1829.493391341861297406
1838.467134954695211491
1845.884552982657169196
1851.975734400413102776
1857.026672630795246732
1861.373236470166602885
1865.394323538000890039
1869.504294383093565557
1874.144796720324848138
1879.776099041381257848
1886.868060887111141710
1895.890873260781290810
1907.305706900605855481
1921.555408345883734000
1939.055383883404601875
1960.184809539691286773
1985.278301311280301888
2014.618173851564051802
2048.427407940905595751
2086.863437368029735808
2130.012854483768478531
2177.887120817297272879
2230.419354957357427338
2287.462254603880865034
2348.787193512958310748
2414.084517227655851457
2482.965044255985958443
2554.962761978759317572
2629.538689299968609703
2706.085861145043963916
2783.935373616871856939
2862.363413175936784683
2940.599178846820905164
3017.833593379968533554
3093.228687707349763514
3165.927533093661622843
3235.064587246346491156
3299.776314425852888235
3359.211935380898921721
3412.544160780725633231
3458.979761755547770008
3497.769833184759590949
3528.219609455753470684
3549.697698489968843205
3561.644607802717018785
3563.580446107293482783
3555.111695343797691748
3535.936960837223523413
3505.851621375108152279
3464.751316132149440818
3412.634221333211826277
3349.602086101929671713
3275.860013847532172804
3191.714992551877003280
3097.573194186688851914
2993.936079976565451943
2881.395364093483749457
2760.626903401326217136
2632.383594856221407099
2497.487374919174271781
2356.820426680525088159
2211.315710182620932756
2061.946939533462682448
1909.718136731516324289
1755.652896599023051749
1600.783499804459552252
1446.140011628583806669
1292.739502904785467763
1141.575526482745772228
993.607977690790107772
849.753460698068238344
710.876274517698561795
577.780122782839953288
451.200640525241055911
331.798819162675727057
220.155397944233811813
116.766276408009701981
22.038988179331997941
-63.709738111150471696
-140.255319670567047297
-207.465565591917197708
-265.299845811914451588
-313.807214446079171921
-353.123532047363198672
-383.467643556941595762
-405.136679924866086822
-418.500561434868188826
-423.995789552018152335
-422.118621525371850112
-413.417727943312797834
-398.486437902817101531
-377.954679384143105381
-352.480723811319762717
-322.742843640823480200
-289.430990192581589326
-253.238595876531121576
-214.854600551711968137
-174.955796078684500117
-134.199576301595726591
-93.217171849358521740
-52.607440414038549648
-12.931273696178058330
25.293327843876380001
61.595471763142299437
95.554852011088826202
126.804469807119758684
155.032588701642197293
179.983926066900750129
201.460093470913193414
219.319308100340947476
233.475406490262258785
243.896200177606800708
250.601220421577323805
253.658905745071194815
253.183291678358926902
249.330266679183523593
242.293461728148713519
232.299843537981558939
219.605082670097942810
204.488768138395613505
187.249539330499430889
168.200204337647591046
147.662911116426442959
125.964434381205109048
103.431636828648308324
80.387158317421707920
57.145381066816888449
34.008712902730316330
11.264224177181720421
-10.819332670803008867
-31.994098748677881616
-52.035264213507346653
-70.742795089712345202
-87.942729445387257670
-103.488047304973804330
-117.259124658035290167
-129.163787476092807083
-139.136986703898600126
-147.140119690622043436
-153.160027423824573134
-157.207700189901970589
-159.316726885643504374
-159.541525135109736766
-157.955390623995214128
-154.648404660829953627
-149.725238931974388379
-143.302895766203107542
-135.508421004330244841
-126.476624827145613494
-116.347843684905669193
-105.265773853211271671
-93.375404176999367678
-80.821072323246710312
-67.744665412193626253
-54.283982305240463972
-40.571271163160695039
-26.731952216977337144
-12.883532078782211627
0.865287580077293561
14.415307486608762488
27.677337975703146355
40.572522420973477608
53.032485914645974390
64.999320459591984900
76.425419828209896878
87.273178777452955046
97.514572480872928395
107.130632848246932554
116.110838859077077245
124.452438152194957866
132.159716909770168058
139.243234575140974130
145.719039179264711947
151.607878052901440924
156.934417506204539450
161.726483701293744843
166.014335464649605001
169.829978222917048925
173.206526635377684897
176.177621874950119718
178.776907911001273987
181.037569602684328629
182.991933948902300244
184.671134484591050295
186.104837583096298204
187.321028337059516389
188.345852757166738911
189.203512256728487273
189.916205783450408262
190.504114516965955772
190.985423767000071393
191.376376574232892835
191.691353522838852541
