0.000000
0.000000
0.000000
0.000000
0.000000
0.000000
0.000000
0.000000
0.000000
0.000000
0.000000
0.000000
0.000000
0.000000
0.000000
0.000000
0.000000
0.000000
0.000000
0.000000
0.000000
0.000000
0.000000
0.000000
0.000000
0.000000
0.000000
0.000000
0.000000
0.000000
0.000000
0.000000
0.000000
0.000000
0.000000
0.000000
0.000000
0.000000
0.000000
0.000000
0.000000
0.000000
0.000000
0.000000
0.000000
0.000000
0.000000
0.000000
0.000000
0.000000
0.000000
0.000000
0.000000
0.000000
0.000000
0.000000
0.000000
0.000000
0.000000
0.000000
0.000000
0.000000
0.000000
0.000000
0.000000
0.000000
0.000000
0.000000
0.000000
0.000000
0.000000
0.000000
0.000000
0.000000
0.000000
0.000000
0.000000
0.000000
0.000000
0.000000
0.000000
0.000000
0.000000
0.000000
0.000000
0.000000
0.000000
0.000000
0.000000
0.000000
0.000000
0.000000
0.000000
0.000000
0.000000
0.000000
0.000000
0.000000
0.000000
0.000000
0.000000
0.000000
0.000000
0.000000
0.000000
0.000000
0.000000
0.000000
0.000000
0.000000
0.000000
0.000000
0.000000
0.000000
0.000000
0.000000
0.000000
0.000000
0.000000
0.000000
0.000000
0.000000
0.000000
0.000000
0.000000
0.000000
0.000000
245.101012
250.190410
254.931365
259.318250
263.351324
267.039866
270.405732
273.483920
276.318229
278.953136
281.425964
283.763174
285.980649
288.085168
290.075904
291.947095
293.692850
295.313029
296.817192
298.224238
299.558580
300.845883
302.110485
303.374001
304.653326
305.957577
307.285582
308.626310
309.963432
311.294849
312.620357
313.940309
315.250891
316.538563
317.777357
318.941525
320.006433
320.953078
321.773726
322.473285
323.067173
323.577601
324.029441
324.446415
324.866942
325.322498
325.834708
326.415820
327.071491
327.803852
328.612661
329.493759
330.435963
331.444828
332.519023
333.651474
334.830403
336.039048
337.254452
338.445552
339.571308
340.580382
341.412797
342.003821
342.290834
342.221403
341.758312
340.878964
339.570638
337.825802
335.641057
333.020156
329.979346
326.552120
322.790464
318.761689
314.541660
310.205652
305.819406
301.434170
297.088030
292.812740
288.641732
284.617290
280.804762
277.259456
274.023765
271.127346
268.588558
266.415442
264.606686
263.153946
262.045158
261.285338
260.880930
260.836206
261.150113
261.813636
262.808417
264.106650
265.672306
267.463980
269.439954
271.565376
273.818910
276.194734
278.705746
281.370393
284.204390
287.220065
290.428447
293.841291
297.472121
301.338224
305.465510
309.894338
314.681333
319.893816
325.597677
331.843397
338.655830
346.030501
353.935591
362.320212
371.113375
380.228101
389.568465
399.038612
408.548641
418.027812
427.414159
436.671972
445.774418
454.714607
463.483377
472.054248
480.374899
488.362532
495.905250
502.871713
509.129043
514.575487
519.166061
522.908799
525.862807
528.124600
529.807434
530.977698
531.762750
532.286420
532.652645
532.944144
533.224746
533.546491
533.960832
534.530887
535.341137
536.511063
538.183174
540.505526
543.611396
547.598505
552.513854
558.346921
565.032226
572.460673
580.496235
588.993654
597.813660
606.753742
615.718175
624.649467
633.517765
642.311624
651.027561
659.660140
668.193876
676.600569
684.844954
692.896508
700.740151
708.379258
715.831153
723.119989
730.270540
737.303694
744.233335
751.066679
757.802989
764.429421
770.920842
777.241265
783.348059
789.198552
794.756839
799.998824
804.915570
809.519060
813.835381
817.897962
821.739608
825.386881
828.858511
832.166829
835.320177
838.326593
841.200470
843.970641
846.685171
849.408998
852.213903
855.163829
858.300602
861.634820
865.144606
868.781813
872.483243
876.184394
879.833948
883.406778
886.911941
890.392016
893.913041
897.548570
901.363120
905.398374
909.664513
914.139400
918.776294
923.516992
928.306064
933.102492
937.872143
942.378024
946.764572
951.164394
955.685966
960.405977
965.370324
970.349064
975.283380
980.128354
984.825863
989.311203
993.524215
997.422878
1000.996443
1004.273333
1007.320225
1010.233105
1013.112726
1016.046250
1019.094075
1022.284232
1025.615193
1029.065206
1032.603507
1036.198803
1039.823696
1043.456743
1047.083672
1050.698203
1054.302651
1057.907746
1061.530069
1065.186163
1068.885208
1072.624442
1076.390041
1080.162557
1083.924135
1087.664349
1091.381679
1095.080225
1098.764377
1102.434698
1106.087126
1109.715203
1113.312450
1116.872335
1120.386513
1123.844413
1127.236414
1130.446137
1133.528784
1136.556726
1139.606411
1142.749301
1146.042106
1149.426766
1152.878547
1156.383315
1159.908346
1163.407629
1166.829307
1170.123920
1173.252517
1176.193296
1178.778027
1181.046515
1183.073217
1184.947004
1186.755576
1188.571455
1190.443233
1192.394402
1194.429270
1196.311357
1198.033228
1199.602551
1201.043952
1202.397966
1203.715590
1205.049003
1206.440535
1207.912365
1209.459607
1211.049839
1212.630711
1214.146247
1215.547158
1216.801647
1217.900609
1218.857804
1219.708509
1220.499747
1221.281810
1222.100625
1222.991760
1223.975031
1225.049252
1226.189408
1227.349304
1228.470156
1229.492703
1230.369631
1231.075499
1231.578499
1231.723875
1231.635002
1231.429197
1231.209097
1231.059039
1231.044065
1231.210059
1231.584517
1232.177343
1232.820031
1233.486116
1234.154937
1234.799973
1235.394171
1235.915757
1236.352125
1236.701164
1236.970708
1237.177031
1237.342532
1237.492071
1237.650268
1237.776119
1237.882156
1237.996602
1238.124909
1238.251316
1238.345624
1238.373656
1238.307900
1238.134385
1237.853701
1237.477071
1237.020605
1236.500553
1235.931028
1235.331093
1234.715103
1234.089588
1233.415385
1232.691744
1231.916085
1231.084596
1230.194283
1229.245033
1228.239600
1227.181604
1226.073592
1224.883897
1223.419073
1221.721923
1219.864585
1217.925301
1215.971125
1214.048250
1212.179125
1210.365121
1208.504196
1206.456958
1204.241409
1201.886246
1199.428145
1196.904341
1194.347987
1191.786398
1189.237621
1186.709127
1184.198082
1181.693261
1179.177683
1176.631122
1174.032952
1171.366168
1168.538008
1165.546771
1162.439725
1159.266224
1156.069801
1152.882196
1149.719853
1146.582853
1143.456299
1140.314232
1137.123016
1133.844155
1130.470569
1126.973939
1123.340478
1119.568331
1115.665086
1111.656005
1107.567154
1103.422712
1099.242966
1095.043230
1090.839331
1086.655821
1082.515407
1078.438405
1074.442409
1070.541261
1066.743227
1063.049062
1059.429023
1055.847292
1052.294564
1048.757042
1045.217778
1041.658034
1038.058909
1034.403486
1030.678810
1026.876387
1022.952563
1018.906529
1014.737429
1010.444148
1006.027268
1001.491110
996.844767
992.102121
987.281803
982.407669
977.508755
972.617126
967.763297
962.970455
958.249328
953.595129
948.986806
944.388468
939.753477
935.031666
930.178480
925.163249
919.973918
914.617126
909.114338
903.495865
897.797612
892.055830
886.296235
880.529441
874.748470
868.929689
863.037881
857.036717
850.900410
844.616573
838.190220
831.643764
825.012709
818.337002
811.652240
804.946792
798.207120
791.436705
784.628368
777.768824
770.846837
763.857323
756.803077
749.694101
742.544673
735.358623
728.103604
720.798683
713.458505
706.090400
698.692915
691.256248
683.764429
676.198471
668.539458
660.771171
652.882702
644.871050
636.742583
628.512556
620.203110
611.840700
603.453521
595.069297
586.713839
578.410578
570.180867
562.044315
554.018199
546.115581
538.347839
530.720693
523.233671
515.881929
508.657982
501.551327
494.545729
487.616405
480.730070
473.848901
466.936770
459.965146
452.916163
445.781949
438.561721
431.257608
423.870034
416.393862
408.816790
401.123128
393.300631
385.348719
377.285897
369.154326
361.020608
352.972754
345.113704
337.551662
330.394208
323.734029
317.638414
312.144747
307.260316
302.965426
299.218982
296.009243
293.330370
291.187567
289.598929
288.593017
288.202796
288.457930
289.378583
290.973101
293.239950
296.172363
299.739894
303.957138
308.845586
314.433067
320.750875
327.809604
335.646968
344.298131
353.789737
364.137605
375.347793
387.417674
400.334048
414.068335
428.571839
443.774424
459.587573
475.910723
492.638539
509.665985
526.889926
544.208546
561.520927
578.727427
595.729931
612.432898
628.746425
644.590194
659.895838
674.606909
688.678419
702.077817
714.787606
726.808054
738.157287
748.867126
758.975067
768.515029
777.510959
785.976703
793.902986
801.273278
808.110755
814.447799
820.323734
825.780688
830.859535
835.597594
840.028024
844.179743
848.077222
851.740430
855.185544
858.426924
861.477067
864.283312
866.892375
869.351467
871.700446
873.964982
876.151869
878.247388
880.219496
882.023632
883.610726
884.935020
885.959577
886.659454
887.023821
887.056780
886.774297
886.196279
885.336729
884.195665
882.756214
880.988180
878.855771
876.325597
873.373018
869.986433
866.148176
861.869975
857.165108
852.026767
846.451150
840.426847
833.934347
826.946353
819.427635
811.335053
802.618901
793.226053
783.104334
772.207263
760.498507
747.955295
734.569742
720.347589
705.305026
689.465131
672.855154
655.505425
637.450640
618.733546
599.409396
579.549139
559.240828
538.589500
517.707464
496.631478
475.543655
454.627476
434.061183
414.014047
394.588388
0.000000
0.000000
0.000000
0.000000
0.000000
0.000000
0.000000
0.000000
0.000000
0.000000
0.000000
0.000000
0.000000
0.000000
0.000000
0.000000
0.000000
0.000000
0.000000
0.000000
0.000000
0.000000
0.000000
0.000000
0.000000
0.000000
0.000000
0.000000
0.000000
0.000000
0.000000
0.000000
0.000000
0.000000
0.000000
0.000000
0.000000
0.000000
0.000000
0.000000
0.000000
0.000000
0.000000
0.000000
0.000000
0.000000
0.000000
0.000000
0.000000
0.000000
0.000000
0.000000
0.000000
0.000000
0.000000
0.000000
0.000000
0.000000
0.000000
0.000000
0.000000
0.000000
0.000000
0.000000
0.000000
0.000000
0.000000
0.000000
0.000000
0.000000
0.000000
0.000000
0.000000
0.000000
0.000000
0.000000
0.000000
0.000000
0.000000
0.000000
0.000000
0.000000
0.000000
0.000000
0.000000
0.000000
0.000000
0.000000
0.000000
0.000000
0.000000
0.000000
0.000000
0.000000
0.000000
0.000000
0.000000
0.000000
0.000000
0.000000
0.000000
0.000000
0.000000
0.000000
0.000000
0.000000
0.000000
0.000000
0.000000
0.000000
0.000000
0.000000
0.000000
0.000000
0.000000
0.000000
0.000000
0.000000
0.000000
0.000000
0.000000
0.000000
0.000000
0.000000
0.000000
0.000000
0.000000
