0.000000
0.000000
0.000000
0.000000
0.000000
0.000000
0.000000
0.000000
0.000000
0.000000
0.000000
0.000000
0.000000
0.000000
0.000000
0.000000
0.000000
0.000000
0.000000
0.000000
0.000000
0.000000
0.000000
0.000000
0.000000
0.000000
0.000000
0.000000
0.000000
0.000000
0.000000
0.000000
0.000000
0.000000
0.000000
0.000000
0.000000
0.000000
0.000000
0.000000
0.000000
0.000000
0.000000
0.000000
0.000000
0.000000
0.000000
0.000000
0.000000
0.000000
0.000000
0.000000
0.000000
0.000000
0.000000
0.000000
0.000000
0.000000
0.000000
0.000000
0.000000
0.000000
0.000000
0.000000
0.000000
0.000000
0.000000
0.000000
0.000000
0.000000
0.000000
0.000000
0.000000
0.000000
0.000000
0.000000
0.000000
0.000000
0.000000
0.000000
0.000000
0.000000
0.000000
0.000000
0.000000
0.000000
0.000000
0.000000
0.000000
0.000000
0.000000
0.000000
0.000000
0.000000
0.000000
0.000000
0.000000
0.000000
0.000000
0.000000
0.000000
0.000000
0.000000
0.000000
0.000000
0.000000
0.000000
0.000000
0.000000
0.000000
0.000000
0.000000
0.000000
0.000000
0.000000
0.000000
0.000000
0.000000
0.000000
0.000000
0.000000
0.000000
0.000000
0.000000
0.000000
0.000000
0.000000
1664.247198
1697.996333
1731.685122
1765.308391
1798.867023
1832.366080
1865.810703
1899.202631
1932.538936
1965.812238
1999.010712
2032.117215
2065.109099
2097.960436
2130.645505
2163.162255
2195.569444
2227.812371
2259.837931
2291.597922
2323.053263
2354.175857
2384.946741
2415.350231
2445.367044
2474.970597
2504.127270
2532.798386
2560.941981
2588.514826
2615.474980
2641.782794
2667.399186
2692.282807
2716.388888
2739.671552
2762.089031
2783.608865
2804.209933
2823.880911
2842.617951
2860.423973
2877.308961
2893.289256
2908.385357
2922.619914
2936.017719
2948.607653
2960.425441
2971.515507
2981.929750
2991.724819
3000.962523
3009.713185
3018.058076
3026.090647
3033.917489
3041.656789
3049.432264
3057.364772
3065.567439
3074.147181
3083.207970
3092.849615
3103.161703
3114.216128
3126.061130
3138.718847
3152.186582
3166.440047
3181.438285
3197.132136
3213.475459
3230.433629
3247.985632
3266.124263
3284.861472
3304.238311
3324.332156
3345.256003
3367.150607
3390.175395
3414.505195
3440.334536
3467.886154
3497.420965
3529.248054
3563.730992
3601.285571
3642.368488
3687.461646
3737.055008
3791.625612
3851.610789
3917.378198
3989.196110
4067.207685
4151.416856
4241.692836
4337.792143
4439.390458
4546.117141
4657.588886
4773.440908
4893.354040
5017.075928
5144.434575
5275.344511
5409.807737
5547.910838
5689.819866
5835.776259
5986.096304
6141.174169
6301.486619
6467.597384
6640.159529
6819.912121
7007.667027
7204.286430
7410.654465
7627.643385
7856.072682
8096.662344
8349.985548
8616.427149
8896.152875
9189.092343
9494.394199
9812.213367
10141.768810
10482.116470
10832.189580
11190.847260
11556.921130
11929.250190
12306.701990
12688.185540
13072.664220
13459.171250
13846.823400
14234.828950
14622.492030
15009.218490
15394.525610
15778.052400
16159.565000
16538.954600
16916.228530
17291.495150
17664.942620
18036.813690
18407.377410
18776.898260
19145.605650
19513.668320
19881.176430
20248.131210
20614.444330
20979.950340
21344.432560
21707.656660
22069.402910
22429.490920
22787.797660
23144.270430
23498.931150
23851.867340
24203.212100
24553.120190
24901.745280
25249.220610
25595.646820
25941.091330
26285.599530
26629.211120
26971.973410
27313.948990
27655.218460
27995.877730
28336.029750
28675.771360
29015.175480
29354.270040
29693.018290
30031.307810
30368.952210
30705.702200
31041.261930
31375.311090
31707.533950
32037.651590
32365.450210
32690.799030
33013.656170
33334.066880
33652.157090
33968.120400
34282.198160
34594.657480
34905.770960
35215.796650
35524.959130
35833.438320
36141.370340
36448.854630
36755.958190
37062.713410
37369.113520
37675.109840
37980.612270
38285.493260
38589.593730
38892.728440
39194.690530
39495.256970
39794.194250
40091.263220
40386.226150
40678.860300
40968.978400
41256.452490
41541.234590
41823.366150
42102.972690
42380.246950
42655.426780
42928.771560
43200.538590
43470.962750
43740.241210
44008.522450
44275.899540
44542.412370
44808.063140
45072.842120
45336.754620
45599.841640
45862.190000
46123.928120
46385.206320
46646.168290
46906.925340
47167.540530
47428.022710
47688.326840
47948.358630
48207.983960
48467.043010
48725.366370
48982.790300
49239.172350
49494.406350
49748.429170
50001.215630
50252.765250
50503.085100
50752.170820
50999.991870
51246.486280
51491.564550
51735.117280
51977.023900
52217.164870
52455.439580
52691.787630
52926.207100
53158.763910
53389.590350
53618.876200
53846.745460
54073.010690
54297.928160
54521.747430
54744.697850
54966.985530
55188.796920
55410.305110
55631.678000
55853.082970
56074.680180
56296.603560
56518.933980
56741.672010
56964.718920
57187.875570
57410.862070
57633.347290
57854.974650
58075.379030
58294.198080
58511.083620
58725.718650
58937.840010
59147.257700
59353.860770
59557.608740
59758.516100
59956.636400
60152.050200
60344.860050
60535.192890
60723.206110
60909.091360
61093.076630
61275.430680
61456.465680
61636.527660
61815.973780
61995.142920
62174.325070
62353.737040
62533.512610
62713.706850
62894.304980
63075.226120
63256.322800
63437.385900
63618.160120
63798.364670
63977.711020
64155.914110
64332.698390
64507.802770
64680.986270
64852.031260
65020.745600
65186.973570
65350.621530
65511.685270
65670.257150
65826.507630
65980.658880
66132.969640
66283.735360
66433.295420
66582.035240
66730.374680
66878.742930
67027.544690
67177.123150
67327.728430
67479.501700
67632.477950
67786.598550
67941.721060
68097.621210
68253.992700
68410.452440
68566.557390
68721.836760
68875.831860
69028.124540
69178.344480
69326.164330
69471.296510
69613.497920
69752.580740
69888.425760
70020.996080
70150.349410
70276.646240
70400.149810
70521.216840
70640.281680
70757.834950
70874.398220
70990.499650
71106.655310
71223.354330
71341.042530
71460.101880
71580.829430
71703.418620
71827.941340
71954.333660
72082.395300
72211.807590
72342.164660
72473.008160
72603.858060
72734.232790
72863.655080
72991.647290
73116.722940
73238.391920
73356.213090
73469.816480
73578.922520
73683.357630
73783.065440
73878.113250
73968.693400
74055.119530
74137.817830
74217.313560
74294.213360
74369.183870
74442.927700
74516.157510
74589.569300
74663.816030
74739.482660
74817.063570
74896.943560
74979.383010
75064.508030
75152.305960
75242.626290
75335.187120
75429.586680
75525.319480
75621.796340
75718.367610
75814.348570
75909.046020
76001.785270
76091.936170
76178.937460
76262.318380
76341.716750
76416.892820
76487.738370
76554.280700
76616.681300
76675.229330
76730.330130
76782.489140
76832.291970
76880.381380
76927.432110
76974.124570
77021.118440
77069.027270
77118.394940
77169.675000
77223.213650
77279.236830
77337.842100
77398.995430
77462.533180
77528.168950
77595.505260
77664.049370
77733.232800
77802.433610
77871.000850
77938.280010
78003.638620
78066.491030
78126.321250
78182.703200
78235.317300
78283.962770
78328.565200
78369.178930
78405.984320
78439.279850
78469.469520
78497.046060
78522.570560
78546.649410
78569.909330
78592.971700
78616.427060
78640.810830
78666.581250
78694.100330
78723.618530
78755.263800
78789.035300
78824.802210
78862.307590
78901.177430
78940.934310
78981.015480
79020.794590
79059.606060
79096.771480
79131.626660
79163.548500
79191.980540
79216.456210
79236.618770
79252.237280
79263.217700
79269.608830
79271.602740
79269.529670
79263.847640
79255.127030
79244.030710
79231.290420
79217.680050
79203.987080
79190.982830
79179.393060
79169.869760
79162.965510
79159.111270
79158.598540
79161.566690
79167.995890
79177.706170
79190.362450
79205.485770
79222.470050
79240.603970
79259.097100
79277.109250
79293.781970
79308.270930
79319.778120
79327.582500
79331.068150
79329.748650
79323.286890
79311.509470
79294.415050
79272.176330
79245.135500
79213.793300
79178.791860
79140.892150
79100.946660
79059.868310
79018.596940
78978.064260
78939.158800
78902.692080
78869.367500
78839.753020
78814.258890
78793.121120
78776.391490
78763.934350
78755.430440
78750.387510
78748.157540
78747.959760
78748.908940
78750.047740
78750.382000
78748.917510
78744.697010
78736.835830
78724.554990
78707.210390
78684.317020
78655.567220
78620.842170
78580.216260
78533.953950
78482.499350
78426.458950
78366.578060
78303.711940
78238.792720
78172.793390
78106.690180
78041.424880
77977.868480
77916.787590
77858.814910
77804.424870
77753.915530
77707.397360
77664.789460
77625.823290
77590.053880
77556.878010
77525.558590
77495.254490
77465.054420
77434.013840
77401.193060
77365.695300
77326.703100
77283.511510
77235.556920
77182.440230
77123.943510
77060.039480
76990.893320
76916.856880
76838.455230
76756.366110
76671.393230
76584.434260
76496.445080
76408.401490
76321.260110
76235.919700
76153.184770
76073.732700
75998.085800
75926.589520
75859.397760
75796.465840
75737.551560
75682.224180
75629.881130
75579.771710
75531.026890
75482.694190
75433.776090
75383.270660
75330.212480
75273.712440
75212.994550
75147.428530
75076.556600
75000.113630
74918.039580
74830.483870
74737.801260
74640.539500
74539.419060
74435.305730
74329.177110
74222.084290
74115.110290
74009.326750
73905.750770
73805.303540
73708.772390
73616.777860
73529.747060
73447.894390
73371.210600
73299.460510
73232.189650
73168.739720
73108.272160
73049.799020
72992.219870
72934.363410
72875.031910
72813.047050
72747.295090
72676.771070
72600.618120
72518.161310
72428.934630
72332.700030
72229.457770
72119.447570
72003.140480
71881.221870
71754.566030
71624.203340
71491.281480
71357.021810
71222.673000
71089.463410
70958.554220
70830.995070
70707.684040
70589.333360
70476.442430
70369.278920
70267.868980
70171.996740
70081.213240
69994.854310
69912.066930
69831.842750
69753.057670
69674.515900
69594.996630
69513.301700
69428.302160
69338.982170
69244.478280
69144.112690
69037.419180
68924.160700
68804.337920
68678.188470
68546.176920
68408.975850
68267.438910
68122.566790
67975.467630
67827.313310
67679.293460
67532.568930
67388.226640
67247.237550
67110.419380
66978.405610
66851.621940
66730.271030
66614.326260
66503.534560
66397.428320
66295.345660
66196.458450
66099.806760
66004.338390
65908.951900
65812.541350
65714.040960
65612.467940
65506.961710
65396.817950
65281.516150
65160.739610
65034.386980
64902.575010
64765.632390
64624.084960
64478.632870
64330.120700
64179.501760
64027.797980
63876.057090
63725.308860
63576.522040
63430.563980
63288.164370
63149.884690
63016.094570
62886.956050
62762.416340
62642.209460
62525.866580
62412.734730
62302.003110
62192.735900
62083.910320
61974.458280
61863.310080
61749.438240
61631.899790
61509.875310
61382.702980
61249.906460
61111.215320
60966.577200
60816.161230
60660.352530
60499.737970
60335.083800
60167.305930
59997.434210
59826.571900
59655.852170
59486.393200
59319.253770
59155.391110
58995.622660
58840.593270
58690.749240
58546.320210
58407.309560
58273.493840
58144.431180
58019.478470
57897.816410
57778.481770
57660.405270
57542.453770
57423.475120
57302.343720
57178.005160
57049.518090
56916.091690
56777.117210
56632.192370
56481.137650
56324.003820
56161.070430
55992.835250
55819.995190
55643.419420
55464.115670
55283.191170
55101.809770
54921.146790
54742.343610
54566.463560
54394.451090
54227.095540
54065.001230
53908.564740
53757.960500
53613.135050
53473.810260
53339.495330
53209.507040
53082.997430
52958.987830
52836.407770
52714.137300
52591.051020
52466.061910
52338.163510
52206.468420
52070.241980
51928.929440
51782.175970
51629.838370
51471.988420
51308.907450
51141.072750
50969.136100
50793.895580
50616.261710
50437.219350
50257.786930
50078.974760
49901.743930
49726.967620
49555.396390
49387.628630
49224.087620
49065.005860
48910.417390
48760.158370
48613.875680
48471.043400
48330.986220
48192.908850
48055.930190
47919.120870
47781.542490
47642.287040
47500.514800
47355.489240
47206.607430
47053.424730
46895.672800
46733.270190
46566.325140
46395.130380
46220.150370
46042.001350
45861.425170
45679.257960
45496.394960
45313.753060
45132.232500
44952.679490
44775.851100
44602.384090
44432.768790
44267.329140
44106.209740
43949.370400
43796.588330
43647.467970
43501.457970
43357.874650
43215.930890
43074.769340
42933.498520
42791.230370
42647.117630
42500.389590
42350.384700
42196.578640
42038.606790
41876.280100
41709.593710
41538.727990
41364.041990
41186.059420
41005.448050
40822.992940
40639.565100
40456.086380
40273.492380
40092.694740
39914.544270
39739.796640
39569.081670
39402.914080
39241.595740
39085.226920
38933.716520
38786.793420
38644.019020
38504.805740
38368.501650
38234.280010
38101.230550
37968.394850
37834.807280
37699.537040
37561.726410
37420.623710
37275.611380
37126.229310
36972.191900
36813.397680
36649.931220
36482.057820
36310.212420
36134.983320
35957.090060
35777.354250
35596.664730
35415.940200
35236.091730
35057.986350
34882.413280
34710.054790
34541.462420
34377.038320
34217.021260
34061.476870
33910.293370
33763.184990
33619.704780
33479.265680
33341.167380
33204.626100
33068.806060
32932.852270
32795.924830
32657.233570
32516.071100
32371.842000
32224.086370
32072.496480
31916.926210
31757.393320
31594.076540
31427.309260
31257.569430
31085.463310
30911.702130
30737.072900
30562.405090
30388.534190
30216.264340
30046.332720
29879.378090
29715.914840
29556.313340
29400.787090
29249.386490
29101.999600
28958.360840
28818.067690
28680.602720
28545.357750
28411.658340
28278.788020
28146.013700
28012.613730
27877.908140
27741.287970
27602.241290
27460.374710
27315.430130
27167.296860
27016.020260
26861.906060
26705.332590
26546.785690
26386.868210
26226.275360
26065.761480
25906.109140
25748.084040
25592.384140
25439.622230
25290.302710
25144.803230
25003.359450
24866.052500
24732.802900
24603.374420
24477.386560
24354.331870
24233.595530
24114.478050
23996.221660
23878.040820
23759.156900
23638.859930
23516.605310
23391.806330
23263.993540
23132.844510
22998.200640
22860.070880
22718.629320
22574.205000
22427.265180
22278.395710
22128.275900
21977.643150
21827.264450
21677.899010
21530.268830
21385.028040
21242.739380
21103.854060
20968.693050
20837.423910
20710.055130
20586.454760
20466.368720
20349.438520
20235.218750
20123.193190
20012.788910
19903.396660
19794.536050
19685.493790
19575.564920
19464.090740
19350.507910
19234.439490
19115.601730
18993.861220
18869.234040
18741.878440
18612.094070
18480.294420
18346.982920
18212.720580
18078.096090
17943.706010
17810.140830
17677.970600
17547.727610
17419.893150
17294.897710
17173.063480
17054.620290
16939.724080
16828.459140
16720.836180
16616.783140
16516.131380
16418.604170
16323.816290
16231.289010
16140.476410
16050.793240
15961.637160
15872.405030
15782.593440
15691.660680
15599.057210
15504.318650
15407.098530
15307.198540
15204.590180
15099.423950
14992.021400
14882.852000
14772.514030
14661.712030
14551.222170
14441.851940
14334.358700
14229.412210
14127.575210
14029.279070
13934.811440
13844.316420
13757.805680
13675.178030
13596.242190
13520.733250
13448.315890
13378.579570
13311.038460
13245.139790
13180.274610
13115.789000
13051.001560
12985.232600
12917.841450
12848.262920
12776.037980
12701.005150
12623.108610
12542.248430
12458.538340
12372.310540
12284.105250
12194.638030
12104.745280
12015.318590
11927.244540
11841.357290
11758.409370
11679.042730
11603.753510
11532.864210
11466.519320
11404.681460
11347.143800
11293.515750
11243.288630
11195.867890
11150.604820
11106.827120
11063.866310
11021.081930
10977.882160
10933.871990
10888.719360
10841.953980
10793.173410
10742.055780
10688.390510
10632.122110
10573.374170
10512.454340
10449.844050
10386.189770
10322.284560
10259.029360
10197.373460
10138.251800
10082.532230
10030.983080
9984.202457
9942.567685
9906.224261
9875.138865
9849.136889
9827.934398
9811.160383
9798.364972
9788.834057
9781.931305
9777.045010
9773.556289
9770.824325
9768.194833
9765.014911
9760.336742
9753.527483
9744.061857
9731.693954
9716.397967
9697.930074
9676.225262
9651.399592
9623.761826
9593.820576
9562.271181
9529.960718
9497.835890
9466.918215
9438.287312
9413.030939
9392.194212
9376.717474
9367.376770
9364.744525
9369.147204
9380.625132
9398.938006
9423.535377
9453.617475
9488.220366
9526.301058
9566.809217
9608.731552
9651.116533
9693.086193
9733.830589
9772.588580
9808.636110
9841.638607
9871.099671
9896.374207
9917.030167
9932.966077
9944.481071
9952.069571
9956.549317
9959.013695
9960.768776
9963.262740
9967.990233
9976.370692
9989.633435
10008.759810
10034.491670
10067.331770
10107.569490
10155.259310
10210.209350
10271.992160
10339.947100
10413.222530
10490.831310
10571.694100
10654.682280
10738.654520
10822.836150
10906.080000
10987.271900
11065.380560
11139.539430
11209.189640
11274.047850
11334.085360
11389.507380
11440.730410
11488.410180
11533.467740
11577.081550
11620.657820
11665.278760
11712.421870
11763.740190
11820.857130
11885.279800
11958.294280
12040.852360
12133.488520
12236.349700
12349.133570
12471.121200
12601.235780
12738.138760
12880.363160
13026.587420
13175.149460
13324.457790
13473.081520
13619.811540
13763.666420
13903.854060
14039.718920
14170.697800
14296.171040
14415.213720
14527.554300
14633.120600
14732.154130
14825.257980
14913.421580
14998.016030
15080.755170
15163.625220
15248.778400
15338.398560
15434.613400
15539.322210
15654.077360
15779.963070
15917.566890
16066.996380
16227.916330
16399.810860
16581.769490
16772.658110
16971.226660
17176.133350
17385.960010
17599.210070
17814.298740
18029.559210
18243.248730
18452.846230
18656.822280
18853.931620
19043.295170
19224.454340
19397.162020
19561.910500
19719.726410
19872.099460
20020.885840
20168.124650
20315.916520
20466.263600
20620.970620
20781.603010
20949.471670
21125.631920
21310.889340
21505.811120
21710.716490
21925.602320
22150.361740
22384.730040
22628.214380
22879.911410
23138.830150
23403.721360
23673.087320
23945.202220
24218.169040
24490.032740
24758.929060
25023.226950
25281.641800
25533.316540
25777.437820
26013.922320
26243.465370
26467.258670
26686.896690
26904.256390
27121.368820
27340.287110
27562.966690
27791.177420
28026.403060
28269.775930
28522.074220
28783.731980
29055.028340
29336.090010
29626.817760
29926.880370
30235.726930
30552.600370
30876.538010
31206.375100
31540.769430
31878.239880
32217.208790
32556.053570
32893.175920
33227.093520
33556.555430
33880.670290
34199.018790
34511.715330
34819.397600
35123.145480
35424.352180
35723.757040
36022.198700
36321.459040
36623.266940
36929.213580
37240.701360
37558.923160
37884.843510
38219.169050
38562.327620
38914.486120
39275.561630
39645.247860
40023.068450
40408.414020
40800.504010
41198.382080
41600.884790
42006.805880
42414.785630
42823.395850
43231.273780
43637.259690
44040.493760
44440.456810
44836.978170
45229.568280
45617.943720
46003.022400
46386.100910
46768.749620
47152.692010
47539.662510
47931.304220
48329.072550
48734.180750
49147.561950
49569.857860
50001.404970
50442.218040
50891.973130
51350.003980
51815.265800
52286.518070
52762.493770
53241.988810
53723.751790
54206.490410
54688.923340
55169.854580
55648.262730
56123.392000
56594.830430
57062.562830
57526.994430
57988.950330
58449.654580
58910.682680
59373.878020
59841.226570
60314.690670
60795.258280
61282.955900
61778.905910
62283.832460
62798.076590
63321.624040
63854.154880
64395.106060
64943.731270
65499.203750
66060.624500
66626.982030
67197.183560
67770.012750
68344.138230
68918.192960
69490.841400
70060.905250
70627.528090
71190.187100
71748.951150
72304.457490
72857.841010
73410.665430
73964.821530
74522.399460
75085.528240
75656.185660
76236.006430
76826.129280
77427.114770
78037.229330
78654.992920
79279.785450
79910.804540
80546.872500
81186.374210
81828.397980
82472.255260
83117.477600
83763.791570
84411.062860
85059.234480
85708.287830
86358.255090
87009.247490
87661.456360
88315.288790
88971.318590
89630.337780
90293.332230
90961.372140
91635.607140
92317.180630
93007.123930
93706.270750
94415.129530
95133.802040
95860.203910
96593.408480
97332.253190
98075.372560
98821.309780
99568.379630
100315.085500
101060.248200
101803.011700
102542.947700
103280.061500
104014.780800
104747.949700
105480.780400
106214.773900
106951.645100
107693.235500
108441.408800
109197.854300
109964.026700
110740.959800
111529.263900
112329.078100
113140.160200
113961.938100
114793.580200
115634.015000
116481.798100
117334.138800
118189.428700
119046.084800
119902.623600
120757.747700
121610.434100
122460.010200
123306.217200
124149.268300
124989.901000
125828.912800
126667.725400
127508.525700
128353.840200
129206.316300
130068.468000
130942.591200
131830.445400
132733.124200
133650.929700
134583.392600
135529.249100
136486.611800
137453.110100
138426.120700
139402.983300
140381.183700
141358.525400
142332.240500
143300.496500
144262.280000
145217.106000
146165.024100
147106.621400
148043.023000
148975.893000
149907.434900
150840.379700
151777.946300
152723.754600
153681.677300
154655.627200
155649.286300
156665.778300
157707.359400
158775.104700
159868.635100
160985.916200
162123.158200
163274.834500
164433.819900
165591.707200
166739.016200
167865.602700
168961.083400
170015.203300
171018.153300
171960.828500
172835.029100
173633.611800
174350.600800
174981.264700
175523.721100
175976.312200
176338.407400
176610.446400
176793.899900
176891.246900
176905.901500
176842.054000
176704.439100
176498.072000
176227.985700
175898.979900
175515.377800
175080.795400
174597.964700
174068.650100
173493.658700
172872.910200
172205.548100
171490.100400
170724.693700
169907.300600
169035.993500
168109.174200
167125.753600
166085.271600
164987.961600
163834.746500
162627.150500
161367.152600
160057.040200
158699.312800
157296.635500
155851.808800
154367.730800
152847.362400
151293.710300
149709.818000
148098.730000
146463.414100
144806.660200
143130.967900
141438.423300
139730.566800
138008.288300
136271.794500
134520.660800
132753.938800
130970.292200
129168.147300
127345.838800
125501.730800
123634.311600
121742.258800
119824.461500
117880.001600
115908.120300
113908.200400
111879.750700
109822.373400
107735.727600
105619.526900
103473.577700
101297.831100
99092.421630
96857.686860
94594.197150
92302.815970
89984.780770
87641.778220
85276.007180
82890.232210
80487.811070
78072.688400
75649.382950
73222.993070
70799.199460
68384.217940
65984.678550
63607.451270
61259.452820
58947.459110
56677.944130
54456.957990
52290.032120
50182.086300
48137.324460
46159.120890
44249.911520
42411.118580
40643.129570
38945.334040
37316.219760
35753.522100
34254.401640
32815.622420
31433.722430
30105.184800
28826.607490
27594.850390
26407.140230
25261.122180
24154.849640
23086.720690
22055.401610
21059.789080
20099.030000
19172.573060
18280.211400
17422.100130
16598.739200
15810.903180
15059.514180
14345.485510
13669.573030
13032.251000
12433.608040
11873.258240
11350.278440
10863.189930
10409.985350
9988.190529
9594.973456
9227.310923
8882.174503
8556.683411
8248.208791
0.000000
0.000000
0.000000
0.000000
0.000000
0.000000
0.000000
0.000000
0.000000
0.000000
0.000000
0.000000
0.000000
0.000000
0.000000
0.000000
0.000000
0.000000
0.000000
0.000000
0.000000
0.000000
0.000000
0.000000
0.000000
0.000000
0.000000
0.000000
0.000000
0.000000
0.000000
0.000000
0.000000
0.000000
0.000000
0.000000
0.000000
0.000000
0.000000
0.000000
0.000000
0.000000
0.000000
0.000000
0.000000
0.000000
0.000000
0.000000
0.000000
0.000000
0.000000
0.000000
0.000000
0.000000
0.000000
0.000000
0.000000
0.000000
0.000000
0.000000
0.000000
0.000000
0.000000
0.000000
0.000000
0.000000
0.000000
0.000000
0.000000
0.000000
0.000000
0.000000
0.000000
0.000000
0.000000
0.000000
0.000000
0.000000
0.000000
0.000000
0.000000
0.000000
0.000000
0.000000
0.000000
0.000000
0.000000
0.000000
0.000000
0.000000
0.000000
0.000000
0.000000
0.000000
0.000000
0.000000
0.000000
0.000000
0.000000
0.000000
0.000000
0.000000
0.000000
0.000000
0.000000
0.000000
0.000000
0.000000
0.000000
0.000000
0.000000
0.000000
0.000000
0.000000
0.000000
0.000000
0.000000
0.000000
0.000000
0.000000
0.000000
0.000000
0.000000
0.000000
0.000000
0.000000
0.000000
