0.000000
8.834284
17.640189
26.417736
35.166948
43.887846
52.580452
61.244789
69.880878
78.488741
87.068402
95.619880
104.143200
112.638382
121.105450
129.544424
137.955329
146.338185
154.693015
163.019842
171.318688
179.589575
187.832525
196.047561
204.234706
212.393982
220.525411
228.629017
236.704821
244.752846
252.773115
260.765651
268.730476
276.667613
284.577084
292.458913
300.313122
308.139735
315.938773
323.710260
331.454218
339.170672
346.859643
354.521154
362.155230
369.761892
377.341164
384.893068
392.417629
399.914869
407.384812
414.827480
422.242898
429.631087
436.992072
444.325876
451.632522
458.912034
466.164435
473.389749
480.587999
487.759208
494.903401
502.020600
509.110830
516.174114
523.210475
530.219938
537.202526
544.158263
551.087173
557.989279
564.864605
571.713176
578.535015
585.330146
592.098594
598.840381
605.555533
612.244073
618.906025
625.541413
632.150262
638.732597
645.288440
651.817816
658.320750
664.797266
671.247388
677.671140
684.068548
690.439635
696.784426
703.102946
709.395219
715.661269
721.901121
728.114800
734.302330
740.463737
746.599044
752.708277
758.791461
764.848619
770.879778
776.884962
782.864195
788.817504
794.744912
800.646445
806.522128
812.371985
818.196043
823.994326
829.766860
835.513668
841.234778
846.930214
852.600001
858.244165
863.862731
869.455725
875.023172
880.565097
886.081526
891.572484
897.037997
902.478092
907.892792
913.282124
918.646114
923.984788
929.298170
934.586288
939.849166
945.086831
950.299309
955.486625
960.648806
965.785877
970.897865
975.984795
981.046695
986.083589
991.095504
996.082467
1001.044503
1005.981639
1010.893901
1015.781316
1020.643909
1025.481708
1030.294739
1035.083028
1039.846602
1044.585488
1049.299711
1053.989299
1058.654278
1063.294675
1067.910517
1072.501831
1077.068643
1081.610980
1086.128869
1090.622337
1095.091411
1099.536118
1103.956485
1108.352539
1112.724307
1117.071816
1121.395094
1125.694168
1129.969064
1134.219810
1138.446434
1142.648963
1146.827424
1150.981845
1155.112253
1159.218676
1163.301140
1167.359675
1171.394307
1175.405064
1179.391973
1183.355063
1187.294361
1191.209896
1195.101694
1198.969784
1202.814193
1206.634950
1210.432082
1214.205618
1217.955586
1221.682014
1225.384929
1229.064360
1232.720336
1236.352884
1239.962034
1243.547812
1247.110248
1250.649369
1254.165205
1257.657784
1261.127135
1264.573285
1267.996264
1271.396100
1274.772823
1278.126459
1281.457039
1284.764592
1288.049145
1291.310728
1294.549370
1297.765100
1300.957946
1304.127939
1307.275106
1310.399477
1313.501081
1316.579948
1319.636106
1322.669586
1325.680415
1328.668624
1331.634242
1334.577298
1337.497822
1340.395844
1343.271392
1346.124497
1348.955188
1351.763495
1354.549448
1357.313076
1360.054409
1362.773477
1365.470310
1368.144938
1370.797391
1373.427699
1376.035891
1378.621999
1381.186052
1383.728080
1386.248113
1388.746182
1391.222318
1393.676550
1396.108909
1398.519425
1400.908129
1403.275051
1405.620222
1407.943673
1410.245434
1412.525535
1414.784009
1417.020884
1419.236193
1421.429966
1423.602234
1425.753027
1427.882378
1429.990316
1432.076874
1434.142082
1436.185971
1438.208573
1440.209918
1442.190039
1444.148966
1446.086731
1448.003365
1449.898900
1451.773368
1453.626799
1455.459226
1457.270680
1459.061193
1460.830796
1462.579522
1464.307402
1466.014469
1467.700753
1469.366288
1471.011105
1472.635236
1474.238713
1475.821569
1477.383835
1478.925545
1480.446729
1481.947421
1483.427653
1484.887458
1486.326868
1487.745914
1489.144632
1490.523051
1491.881206
1493.219129
1494.536853
1495.834410
1497.111834
1498.369158
1499.606413
1500.823634
1502.020854
1503.198105
1504.355421
1505.492835
1506.610379
1507.708089
1508.785996
1509.844134
1510.882537
1511.901237
1512.900270
1513.879667
1514.839464
1515.779693
1516.700388
1517.601584
1518.483313
1519.345610
1520.188509
1521.012043
1521.816247
1522.601155
1523.366801
1524.113218
1524.840443
1525.548507
1526.237447
1526.907296
1527.558089
1528.189860
1528.802643
1529.396474
1529.971387
1530.527417
1531.064598
1531.582965
1532.082554
1532.563398
1533.025533
1533.468994
1533.893816
1534.300034
1534.687683
1535.056798
1535.407415
1535.739569
1536.053295
1536.348629
1536.625605
1536.884261
1537.124631
1537.346751
1537.550656
1537.736382
1537.903966
1538.053442
1538.184848
1538.298218
1538.393588
1538.470996
1538.530476
1538.572065
1538.595800
1538.601716
1538.589850
1538.560238
1538.512917
1538.447923
1538.365292
1538.265062
1538.147269
1538.011950
1537.859140
1537.688878
1537.501201
1537.296144
1537.073745
1536.834041
1536.577070
1536.302867
1536.011471
1535.702919
1535.377248
1535.034496
1534.674699
1534.297896
1533.904124
1533.493421
1533.065823
1532.621370
1532.160098
1531.682046
1531.187251
1530.675752
1530.147586
1529.602792
1529.041408
1528.463471
1527.869020
1527.258094
1526.630730
1525.986968
1525.326845
1524.650400
1523.957672
1523.248700
1522.523522
1521.782176
1521.024703
1520.251140
1519.461527
1518.655902
1517.834305
1516.996775
1516.143352
1515.274073
1514.388979
1513.488109
1512.571503
1511.639199
1510.691238
1509.727660
1508.748503
1507.753807
1506.743614
1505.717961
1504.676890
1503.620440
1502.548651
1501.461564
1500.359218
1499.241654
1498.108913
1496.961034
1495.798058
1494.620025
1493.426976
1492.218953
1490.995994
1489.758142
1488.505437
1487.237920
1485.955631
1484.658612
1483.346905
1482.020549
1480.679586
1479.324058
1477.954006
1476.569472
1475.170496
1473.757120
1472.329386
1470.887336
1469.431012
1467.960454
1466.475705
1464.976808
1463.463803
1461.936733
1460.395640
1458.840567
1457.271555
1455.688648
1454.091886
1452.481314
1450.856973
1449.218906
1447.567155
1445.901764
1444.222775
1442.530231
1440.824176
1439.104651
1437.371701
1435.625368
1433.865695
1432.092727
1430.306506
1428.507075
1426.694479
1424.868760
1423.029963
1421.178131
1419.313308
1417.435537
1415.544864
1413.641331
1411.724983
1409.795864
1407.854018
1405.899490
1403.932323
1401.952563
1399.960254
1397.955440
1395.938166
1393.908477
1391.866417
1389.812032
1387.745366
1385.666465
1383.575373
1381.472136
1379.356799
1377.229407
1375.090005
1372.938640
1370.775356
1368.600200
1366.413216
1364.214451
1362.003951
1359.781761
1357.547928
1355.302497
1353.045515
1350.777027
1348.497081
1346.205723
1343.902998
1341.588954
1339.263638
1336.927095
1334.579372
1332.220517
1329.850577
1327.469598
1325.077627
1322.674712
1320.260899
1317.836237
1315.400772
1312.954552
1310.497625
1308.030038
1305.551838
1303.063075
1300.563795
1298.054046
1295.533877
1293.003335
1290.462469
1287.911327
1285.349958
1282.778409
1280.196730
1277.604969
1275.003174
1272.391395
1269.769680
1267.138078
1264.496638
1261.845410
1259.184442
1256.513783
1253.833484
1251.143593
1248.444161
1245.735235
1243.016867
1240.289106
1237.552002
1234.805605
1232.049964
1229.285131
1226.511154
1223.728085
1220.935974
1218.134871
1215.324826
1212.505891
1209.678116
1206.841552
1203.996250
1201.142260
1198.279634
1195.408423
1192.528679
1189.640451
1186.743793
1183.838755
1180.925389
1178.003747
1175.073880
1172.135840
1169.189680
1166.235451
1163.273205
1160.302995
1157.324873
1154.338891
1151.345102
1148.343559
1145.334314
1142.317419
1139.292928
1136.260894
1133.221370
1130.174408
1127.120063
1124.058387
1120.989433
1117.913257
1114.829910
1111.739446
1108.641920
1105.537386
1102.425897
1099.307507
1096.182270
1093.050242
1089.911476
1086.766026
1083.613948
1080.455295
1077.290123
1074.118487
1070.940441
1067.756040
1064.565340
1061.368396
1058.165263
1054.955997
1051.740652
1048.519286
1045.291953
1042.058709
1038.819611
1035.574714
1032.324074
1029.067748
1025.805792
1022.538262
1019.265216
1015.986709
1012.702798
1009.413540
1006.118993
1002.819213
999.514257
996.204182
992.889046
989.568907
986.243822
982.913848
979.579044
976.239467
972.895175
969.546227
966.192679
962.834592
959.472023
956.105031
952.733673
949.358010
945.978100
942.594002
939.205774
935.813476
932.417168
929.016908
925.612756
922.204772
918.793016
915.377546
911.958423
908.535708
905.109460
901.679739
898.246606
894.810121
891.370346
887.927339
884.481164
881.031879
877.579547
874.124228
870.665984
867.204875
863.740965
860.274313
856.804983
853.333035
849.858531
846.381535
842.902107
839.420310
835.936207
832.449859
828.961331
825.470684
821.977981
818.483285
814.986660
811.488168
807.987873
804.485839
800.982128
797.476806
793.969934
790.461579
786.951802
783.440670
779.928245
776.414593
772.899777
769.383864
765.866917
762.349001
758.830181
755.310523
751.790092
748.268953
744.747172
741.224814
737.701945
734.178631
730.654939
727.130934
723.606682
720.082250
716.557705
713.033113
709.508542
705.984057
702.459726
698.935616
695.411794
691.888329
688.365287
684.842736
681.320744
677.799379
674.278710
670.758803
667.239728
663.721553
660.204347
656.688179
653.173117
649.659230
646.146588
642.635260
639.125315
635.616823
632.109853
628.604476
625.100762
621.598779
618.098600
614.600293
611.103930
607.609582
604.117318
600.627211
597.139330
593.653748
590.170536
586.689764
583.211506
579.735831
576.262814
572.792525
569.325037
565.860421
562.398752
558.940100
555.484540
552.032144
548.582984
545.137135
541.694669
538.255660
534.820182
531.388309
527.960114
524.535672
521.115056
517.698342
514.285603
510.876915
507.472352
504.071989
500.675901
497.284165
493.896854
490.514045
487.135814
483.762236
480.393387
477.029344
473.670184
470.315981
466.966814
463.622759
460.283892
456.950292
453.622036
450.299200
446.981862
443.670101
440.363995
437.063620
433.769056
430.480381
427.197673
423.921012
420.650476
417.386143
414.128095
410.876409
407.631165
404.392444
401.160324
397.934886
394.716210
391.504377
388.299467
385.101560
381.910738
378.727081
375.550672
372.381590
369.219918
366.065738
362.919131
359.780179
356.648964
353.525570
350.410078
347.302571
344.203132
341.111845
338.028792
334.954057
331.887723
328.829874
325.780595
322.739969
319.708081
316.685015
313.670856
310.665688
307.669597
304.682668
301.704986
298.736637
295.777706
292.828280
289.888444
286.958286
284.037890
281.127345
278.226737
275.336152
272.455679
269.585404
266.725415
263.875800
261.036646
258.208043
255.390078
252.582840
249.786417
247.000899
244.226375
241.462933
238.710664
235.969656
233.240001
230.521787
227.815106
225.120047
222.436702
219.765161
217.105515
214.457856
211.822275
209.198863
206.587713
203.988916
201.402564
198.828751
196.267569
193.719110
191.183468
188.660736
186.151007
183.654376
181.170935
178.700780
176.244003
173.800701
171.370967
168.954896
166.552584
164.164126
161.789618
159.429154
157.082832
154.750746
152.432995
150.129674
147.840880
145.566710
143.307262
141.062633
138.832920
136.618221
134.418636
132.234261
130.065196
127.911539
125.773389
123.650846
121.544009
119.452978
117.377852
115.318732
113.275718
111.248911
109.238411
107.244320
105.266738
103.305768
101.361510
99.434068
97.523543
95.630037
93.753654
91.894495
90.052665
88.228267
86.421403
84.632179
82.860698
81.107064
79.371382
77.653756
75.954293
74.273096
72.610272
70.965926
69.340165
67.733094
66.144820
64.575450
63.025091
61.493849
59.981833
58.489150
57.015908
55.562216
54.128182
52.713914
51.319522
49.945114
48.590801
47.256692
45.942897
44.649527
43.376691
42.124501
40.893068
39.682503
38.492918
37.324424
36.177133
35.051159
33.946613
32.863608
31.802259
30.762677
29.744977
28.749272
27.775678
26.824308
25.895278
24.988701
24.104695
23.243374
22.404853
21.589251
20.796681
20.027263
19.281112
18.558345
17.859081
17.183438
16.531532
15.903484
15.299410
14.719432
14.163666
13.632235
13.125256
12.642850
12.185139
11.752241
11.344280
10.961375
10.603648
10.271222
9.964218
9.682759
9.426969
9.196969
8.992883
8.814836
8.662950
8.537351
8.438163
8.365512
8.319521
8.300317
8.308026
8.342773
8.404686
8.493891
8.610516
8.754687
8.926532
9.126180
9.353759
9.609397
9.893224
10.205368
10.545961
10.915131
11.313009
11.739725
12.195412
12.680199
13.194218
13.737602
14.310483
14.912993
15.545265
16.207434
16.899631
17.621992
18.374651
19.157741
19.971400
20.815760
21.690960
22.597133
23.534417
24.502949
25.502866
26.534304
27.597403
28.692299
29.819132
30.978040
32.169162
33.392639
34.648610
35.937215
37.258595
38.612891
40.000245
41.420797
42.874691
44.362069
45.883073
47.437847
49.026534
50.649279
52.306225
53.997518
55.723303
57.483724
59.278929
61.109062
62.974272
64.874704
66.810506
68.781827
70.788813
72.831615
74.910380
77.025258
79.176399
81.363954
83.588072
85.848904
88.146602
90.481318
92.853204
95.262412
97.709096
100.193408
102.715503
105.275535
107.873658
110.510028
113.184799
115.898129
118.650172
121.441086
124.271028
127.140156
130.048627
132.996600
135.984234
139.011688
142.079122
145.186695
148.334570
151.522905
154.751864
158.021608
161.332298
164.684099
168.077173
171.511684
174.987797
178.505675
182.065483
185.667388
189.311555
192.998151
196.727342
200.499296
204.314181
208.172164
212.073416
216.018104
220.006398
224.038469
228.114487
232.234624
236.399051
240.607939
244.861463
249.159793
253.503105
257.891572
262.325369
266.804670
271.329651
275.900488
280.517357
285.180436
289.889902
294.645932
299.448706
304.298403
309.195201
314.139281
319.130824
324.170010
329.257021
334.392038
339.575246
344.806826
350.086963
355.415841
360.793643
366.220557
371.696766
377.222459
382.797821
388.423039
394.098303
399.823800
405.599719
411.426251
417.303584
423.231910
429.211421
435.242307
441.324761
447.458977
453.645147
459.883466
466.174128
472.517329
478.913264
485.362130
491.864124
498.419443
505.028286
511.690850
518.407336
525.177943
532.002872
538.882323
545.816499
552.805602
559.849835
566.949401
574.104504
581.315349
588.582141
595.905087
603.284392
610.720265
618.212912
625.762543
633.369366
641.033592
648.755429
656.535091
664.372787
672.268731
680.223135
688.236214
696.308180
704.439249
712.629637
720.879560
729.189234
737.558878
745.988709
754.478946
763.029809
771.641518
780.314295
789.048359
797.843935
806.701245
815.620512
824.601961
833.645817
842.752306
851.921654
861.154089
870.449838
879.809130
889.232194
898.719261
908.270560
917.886325
927.566786
937.312177
947.122732
956.998685
966.940271
976.947726
987.021287
997.161192
1007.367678
1017.640984
1027.981351
1038.389019
1048.864228
1059.407222
1070.018242
1080.697533
1091.445339
1102.261905
1113.147477
1124.102302
1135.126627
1146.220701
1157.384774
1168.619093
1179.923912
1191.299481
1202.746053
1214.263881
1225.853219
1237.514322
1249.247446
1261.052848
1272.930784
1284.881514
1296.905296
1309.002390
1321.173058
1333.417561
1345.736161
1358.129123
1370.596709
1383.139187
1395.756821
1408.449880
1421.218629
1434.063340
1446.984280
1459.981722
1473.055935
1486.207194
1499.435770
1512.741939
1526.125975
1539.588156
1553.128756
1566.748056
1580.446333
1594.223868
1608.080941
1622.017834
1636.034831
1650.132214
1664.310269
1678.569280
1692.909536
1707.331323
1721.834930
1736.420647
1751.088765
1765.839574
1780.673369
1795.590441
1810.591087
1825.675602
1840.844282
1856.097425
1871.435331
1886.858299
1902.366629
1917.960625
1933.640589
1949.406825
1965.259638
1981.199335
1997.226222
2013.340609
2029.542805
2045.833120
2062.211866
2078.679357
2095.235905
2111.881826
2128.617436
2145.443053
2162.358995
2179.365582
2196.463133
2213.651972
2230.932422
2248.304805
2265.769449
2283.326679
2300.976823
2318.720211
2336.557172
2354.488038
2372.513141
2390.632815
2408.847395
2427.157217
2445.562619
2464.063939
2482.661518
2501.355696
2520.146817
2539.035223
2558.021259
2577.105273
2596.287611
2615.568623
2634.948658
2654.428068
2674.007206
2693.686426
2713.466083
2733.346534
2753.328137
2773.411251
2793.596237
2813.883458
2834.273277
2854.766059
2875.362170
2896.061977
2916.865850
2937.774160
2958.787277
2979.905576
3001.129431
3022.459218
3043.895315
3065.438101
3087.087957
3108.845264
3130.710406
3152.683767
3174.765735
3196.956697
3219.257043
3241.667163
3264.187450
3286.818298
3309.560103
3332.413261
3355.378172
3378.455235
3401.644852
3424.947427
3448.363365
3471.893072
3495.536956
3519.295427
3543.168897
3567.157779
3591.262486
3615.483437
3639.821048
