0.000003
0.000003
0.000003
0.000003
0.000003
0.000003
0.000002
0.000002
0.000002
0.000003
0.000003
0.000003
0.000004
0.000004
0.000004
0.000004
0.000004
0.000004
0.000004
0.000004
0.000004
0.000004
0.000004
0.000004
0.000004
0.000004
0.000003
0.000002
0.000001
0.000001
0.000001
0.000003
0.000007
0.000014
0.000026
0.000044
0.000069
0.000101
0.000141
0.000186
0.000236
0.000285
0.000331
0.000370
0.000402
0.000426
0.000444
0.000456
0.000464
0.000469
0.000471
0.000472
0.000473
0.000473
0.000472
0.000472
0.000472
0.000472
0.000472
0.000471
0.000472
0.000472
0.000472
0.000472
0.000472
0.000472
0.000473
0.000473
0.000474
0.000474
0.000475
0.000475
0.000476
0.000476
0.000477
0.000477
0.000477
0.000477
0.000476
0.000476
0.000476
0.000476
0.000476
0.000476
0.000476
0.000476
0.000477
0.000478
0.000478
0.000479
0.000480
0.000480
0.000480
0.000479
0.000479
0.000479
0.000479
0.000479
0.000479
0.000479
0.000479
0.000479
0.000479
0.000478
0.000477
0.000476
0.000476
0.000475
0.000474
0.000474
0.000474
0.000474
0.000474
0.000473
0.000471
0.000469
0.000464
0.000458
0.000448
0.000433
0.000413
0.000387
0.000354
0.000314
0.000268
0.000218
0.000168
0.000120
0.000079
0.000047
0.000025
0.000011
0.000003
0.000000
0.000000
0.000001
0.000003
0.000005
0.000007
0.000008
0.000009
0.000009
0.000009
0.000009
0.000009
0.000009
0.000009
0.000009
0.000009
0.000009
0.000009
0.000009
0.000009
0.000009
0.000009
0.000010
0.000010
0.000010
0.000011
0.000011
0.000011
0.000011
0.000011
0.000011
0.000011
0.000011
0.000010
0.000008
0.000006
0.000004
0.000002
