     Count               Iteration-1               Iteration-2          Iteration-100000          Iteration-200000          Iteration-300000          Iteration-400000          Iteration-500000          Iteration-500001 
         0  0.000000000000000000e+00 -2.696963228245977007e+01  6.447587317663419526e+00  5.612780975746773038e+00  5.059168263202991511e+00  4.551280185858104232e+00  4.366178463634696527e+00  4.366177771949423914e+00 
         1  0.000000000000000000e+00 -3.005583851473102186e+01  3.462780158778059558e+00  2.899861764316483459e+00  2.544389757266344532e+00  2.194313389836679562e+00  2.076011436149656220e+00  2.076011175788153196e+00 
         2  0.000000000000000000e+00 -3.266447822555483071e+01  8.926314923469362839e-01  5.687253316691567306e-01  3.828140844361769268e-01  1.702046986174536869e-01  1.067762521529402875e-01  1.067763097535134875e-01 
         3  0.000000000000000000e+00 -3.454257973274479809e+01 -1.009019678122513142e+00 -1.128467477766207594e+00 -1.173806913946918939e+00 -1.269837461681618151e+00 -1.290053519997854892e+00 -1.290053251497283782e+00 
         4  0.000000000000000000e+00 -3.564457749381153917e+01 -2.193982211236743751e+00 -2.144288371950096916e+00 -2.077686423716386344e+00 -2.077978370829441701e+00 -2.065983913877516898e+00 -2.065983531419988140e+00 
         5  0.000000000000000000e+00 -3.605865555484069773e+01 -2.746053737630973046e+00 -2.562321637066361291e+00 -2.411258441483369097e+00 -2.335989793185945018e+00 -2.301737556815623975e+00 -2.301737143550326437e+00 
         6  0.000000000000000000e+00 -3.593622446639028567e+01 -2.810610371524944640e+00 -2.526773917771606648e+00 -2.316835276485562645e+00 -2.184950409062366816e+00 -2.137014024707241333e+00 -2.137013647065032274e+00 
         7  0.000000000000000000e+00 -3.544412000633883508e+01 -2.547038284724294499e+00 -2.195012392670378176e+00 -1.949282585313540039e+00 -1.778039321199685219e+00 -1.723402502514545631e+00 -1.723402208597235585e+00 
         8  0.000000000000000000e+00 -3.473212009686722013e+01 -2.096576252227350778e+00 -1.705580856468714046e+00 -1.444239429799836216e+00 -1.248924013711985026e+00 -1.192924836336260341e+00 -1.192924655936622003e+00 
         9  0.000000000000000000e+00 -3.391718707051199999e+01 -1.566961051138150651e+00 -1.163014549136732967e+00 -9.031452453093606891e-01 -6.969542995032043109e-01 -6.433787529851997533e-01 -6.433786990996850363e-01 
        10  0.000000000000000000e+00 -3.308299723566165085e+01 -1.032508471504343106e+00 -6.379305145671878563e-01 -3.934969118090521079e-01 -1.875455543661246338e-01 -1.388295750959969155e-01 -1.388296465052007989e-01 
        11  0.000000000000000000e+00 -3.228533217869585314e+01 -5.393111321461674379e-01 -1.729141415867161413e-01  4.515684589819102257e-02  2.417499149410105019e-01  2.842619018267669162e-01  2.842617173951111909e-01 
        12  0.000000000000000000e+00 -3.155927548959994056e+01 -1.130687592496997240e-01  2.098698824224811688e-01  3.935332327034757327e-01  5.735171210576481826e-01  6.092996345191750152e-01  6.092993570687212923e-01 
        13  0.000000000000000000e+00 -3.092766435248472590e+01  2.321892997533723246e-01  4.995687718248973397e-01  6.437607491134258453e-01  8.015983798832166940e-01  8.306862449146592553e-01  8.306858989794818626e-01 
        14  0.000000000000000000e+00 -3.040604741305560310e+01  4.889088220411395014e-01  6.918729788869768527e-01  7.940940704320382793e-01  9.258026729737593996e-01  9.485686543914653157e-01  9.485682662621002237e-01 
        15  0.000000000000000000e+00 -3.000246010298269539e+01  6.560466531043402938e-01  7.892445122524804901e-01  8.489130022776407714e-01  9.519261935959093535e-01  9.689180626915003813e-01  9.689176582833169959e-01 
        16  0.000000000000000000e+00 -2.971554457252955217e+01  7.408193084013419139e-01  8.022626439912983187e-01  8.199753212506948330e-01  8.935430779276885005e-01  9.053945621051298076e-01  9.053941656422921369e-01 
        17  0.000000000000000000e+00 -2.953445107981701767e+01  7.587126739065297443e-01  7.495789135482482379e-01  7.274014421766423766e-01  7.720060028366333427e-01  7.794491816384834237e-01  7.794488150505003432e-01 
        18  0.000000000000000000e+00 -2.944266368259445699e+01  7.295846787446862436e-01  6.539378342831696500e-01  5.955605100743923686e-01  6.118837184840231203e-01  6.163214145005895261e-01  6.163211035964195617e-01 
        19  0.000000000000000000e+00 -2.942452811519751776e+01  6.710735940566792124e-01  5.355044643795281445e-01  4.460638978280258016e-01  4.359287938179932098e-01  4.379282216507363046e-01  4.379279806071281200e-01 
        20  0.000000000000000000e+00 -2.946874073973003760e+01  5.950635458436863701e-01  4.082756463176338002e-01  2.940976334402876091e-01  2.604024575509811257e-01  2.606899146273917722e-01  2.606897557689080713e-01 
        21  0.000000000000000000e+00 -2.956650263835535952e+01  5.095157655562161381e-01  2.818778348871546768e-01  1.501171256172710855e-01  9.673749350463367591e-02  9.621359140783170005e-02  9.621352531758020632e-02 
        22  0.000000000000000000e+00 -2.970915605515551761e+01  4.208554830615867104e-01  1.639189244062890793e-01  2.211626795542542823e-02 -4.628913945612112002e-02 -4.655642999114206759e-02 -4.655639450106718868e-02 
        23  0.000000000000000000e+00 -2.988772413872698053e+01  3.344952081868086680e-01  6.046693799703461991e-02 -8.392368014233397844e-02 -1.622249231579644402e-01 -1.610663346048113453e-01 -1.610661909696773364e-01 
        24  0.000000000000000000e+00 -3.009275061420635211e+01  2.550938567590037565e-01 -2.373001710498101602e-02 -1.637878874864782119e-01 -2.467696186413377291e-01 -2.430557728946496354e-01 -2.430555178711983899e-01 
        25  0.000000000000000000e+00 -3.031419897175260303e+01  1.867960895103806251e-01 -8.535466362991428468e-02 -2.150811578430875670e-01 -2.978325239437253913e-01 -2.906663570720411371e-01 -2.906659922273320262e-01 
        26  0.000000000000000000e+00 -3.054180475875477896e+01  1.330779490829172573e-01 -1.221824977128562750e-01 -2.368253077422650676e-01 -3.150764218662516214e-01 -3.039836437797021063e-01 -3.039831768860494776e-01 
        27  0.000000000000000000e+00 -3.076650021290424775e+01  9.559056600755866384e-02 -1.339349240693081811e-01 -2.302730888234236772e-01 -3.006479717389538564e-01 -2.857138818146722770e-01 -2.857133276884269435e-01 
        28  0.000000000000000000e+00 -3.098208335457752582e+01  7.264142607550638786e-02 -1.238262484141614550e-01 -2.002949894326775393e-01 -2.604802606570046919e-01 -2.424105428806342388e-01 -2.424099234729055752e-01 
        29  0.000000000000000000e+00 -3.118492358004118614e+01  6.017742002700288140e-02 -9.785475511330332665e-02 -1.545355575663052150e-01 -2.033721828190664382e-01 -1.834830156419684499e-01 -1.834823594610952568e-01 
        30  0.000000000000000000e+00 -3.137305992143137701e+01  5.288708399643837765e-02 -6.345568658548472740e-02 -1.019371039326415485e-01 -1.394182886849648639e-01 -1.197962941901096201e-01 -1.197956387561589509e-01 
        31  0.000000000000000000e+00 -3.154660498547968928e+01  4.409523930144132464e-02 -2.942029165046733397e-02 -5.254593658355588559e-02 -7.984562006458872929e-02 -6.286783527320949361e-02 -6.286721886090163025e-02 
        32  0.000000000000000000e+00 -3.170685571021408578e+01  2.695222904731053859e-02 -4.518063010664263857e-03 -1.598060557466851606e-02 -3.506344587549392600e-02 -2.319980050265257887e-02 -2.319926176096487325e-02 
        33  0.000000000000000000e+00 -3.185284753149949211e+01 -1.885219120367764845e-03  6.352854754140935256e-03  2.418816576437166077e-03 -1.083842576849747275e-02 -6.380955106578767300e-03 -6.380529697480596951e-03 
        34  0.000000000000000000e+00 -3.197888332794332200e+01 -3.963750371531205019e-02  4.872926605912653031e-03  4.326163953010109253e-03 -5.597648239017871674e-03 -1.036923388824106951e-02 -1.036895131528581260e-02 
        35  0.000000000000000000e+00 -3.207526908867316706e+01 -7.809267643233397393e-02 -1.393947936549011501e-03 -2.285489798850903753e-03 -1.118562610236040200e-02 -2.632354422917160264e-02 -2.632342541596699448e-02 
        36  0.000000000000000000e+00 -3.213151579581199258e+01 -1.068554643677543936e-01 -2.320053158882728894e-03 -6.520747902413859265e-03 -1.629026778755360283e-02 -4.211829022005986189e-02 -4.211834594343599747e-02 
        37  0.000000000000000000e+00 -3.214076552089682082e+01 -1.178923431962175528e-01  1.014729379653545038e-02  7.086205500854703132e-04 -1.123436454122384021e-02 -4.721149838951532729e-02 -4.721172851873234322e-02 
        38  0.000000000000000000e+00 -3.210330390855779115e+01 -1.092190400543131545e-01  3.819745728605994373e-02  2.276499990057345713e-02  8.020422097843038500e-03 -3.672718903317218064e-02 -3.672758261177477834e-02 
        39  0.000000000000000000e+00 -3.202724258000944246e+01 -8.580427265633261413e-02  7.714077422747322998e-02  5.611736512446441338e-02  3.860584759263474552e-02 -1.281218429426189687e-02 -1.281272057531168684e-02 
        40  0.000000000000000000e+00 -3.192612108542198257e+01 -5.741917811701569008e-02  1.174490881121528219e-01  9.225143715821104706e-02  7.256439900743316684e-02  1.710110421777244483e-02  1.710045387085301627e-02 
        41  0.000000000000000000e+00 -3.181433702036292743e+01 -3.430821397569161491e-02  1.490115631133903662e-01  1.218414720785858663e-01  1.009620794291095081e-01  4.435853299833070196e-02  4.435780264748245827e-02 
        42  0.000000000000000000e+00 -3.170258492864172695e+01 -2.283494468224489538e-02  1.654717299193180224e-01  1.390438822986652667e-01  1.181668176586754271e-01  6.335264588301470212e-02  6.335187232616590336e-02 
        43  0.000000000000000000e+00 -3.159639287120194240e+01 -2.418943816724095086e-02  1.655508107646710414e-01  1.428093756703674444e-01  1.231692100238888088e-01  7.286907571528900007e-02  7.286829590861998440e-02 
        44  0.000000000000000000e+00 -3.149826936976796787e+01 -3.680726256925481721e-02  1.508163198441252462e-01  1.346752884996931243e-01  1.173896994566803187e-01  7.394152664778630424e-02  7.394077547360211611e-02 
        45  0.000000000000000000e+00 -3.140976958067881242e+01 -5.812195031808187196e-02  1.235778133066105511e-01  1.167186542564877527e-01  1.026693206026720873e-01  6.789937029202519625e-02  6.789867880320343829e-02 
        46  0.000000000000000000e+00 -3.133194841051874846e+01 -8.530030904739760444e-02  8.644382272916573129e-02  9.118193183689982106e-02  8.097461335648858949e-02  5.613971371747084049e-02  5.613910800991561700e-02 
        47  0.000000000000000000e+00 -3.126628395019599793e+01 -1.162234354129623171e-01  4.142910820951328787e-02  5.962782068786509626e-02  5.364560536122553458e-02  3.945477310844580643e-02  3.945427398230094695e-02 
        48  0.000000000000000000e+00 -3.121531358584547888e+01 -1.501999799427267135e-01 -1.068122879712518625e-02  2.232405811844273558e-02  2.083472302842892532e-02  1.754439069202362589e-02  1.754401408106787130e-02 
        49  0.000000000000000000e+00 -3.118119421389599211e+01 -1.866189195462766293e-01 -6.924361855237748387e-02 -2.035086661464902136e-02 -1.709378130146887997e-02 -9.546668926873280725e-03 -9.546911094957977184e-03 
        50  0.000000000000000000e+00 -3.116331766996370334e+01 -2.226625040275393985e-01 -1.309714530344763261e-01 -6.559518050380575005e-02 -5.730046262021915027e-02 -3.918204950184644986e-02 -3.918214857640123228e-02 
        51  0.000000000000000000e+00 -3.115734061102966734e+01 -2.524302748231548321e-01 -1.890675919464683830e-01 -1.073418203163782891e-01 -9.368927907121360477e-02 -6.541621615474468854e-02 -6.541616662013893801e-02 
        52  0.000000000000000000e+00 -3.115646453052954712e+01 -2.682972843609832125e-01 -2.349364109060161354e-01 -1.377988572471622319e-01 -1.184140691653965405e-01 -8.057593565331444552e-02 -8.057573565179154684e-02 
        53  0.000000000000000000e+00 -3.115338622088302145e+01 -2.629835441796330997e-01 -2.603557912361793569e-01 -1.499356790789079241e-01 -1.240566793798052458e-01 -7.745335935260300175e-02 -7.745301152601768990e-02 
        54  0.000000000000000000e+00 -3.114289295668595514e+01 -2.320504839889281357e-01 -2.600628438520971031e-01 -1.389758578917508203e-01 -1.069154905245568443e-01 -5.270783677076451568e-02 -5.270734971816182224e-02 
        55  0.000000000000000000e+00 -3.112498907906058321e+01 -1.770388158865898731e-01 -2.349432287006720799e-01 -1.062562055927855909e-01 -6.861821230938858207e-02 -8.404173644862567016e-03 -8.403561789009472704e-03 
        56  0.000000000000000000e+00 -3.110513330322567072e+01 -1.056513398531251369e-01 -1.922241576945680208e-01 -5.941045762801877572e-02 -1.716352432856638188e-02  4.705709444840522337e-02  4.705781073437265150e-02 
        57  0.000000000000000000e+00 -3.109133160767976278e+01 -2.869475195825543778e-02 -1.423917121919657802e-01 -9.300689062001765706e-03  3.621588508190143330e-02  1.020312158377691958e-01  1.020320101655443068e-01 
        58  0.000000000000000000e+00 -3.109175455897604934e+01  4.250759913861656969e-02 -9.655321550474127434e-02  3.263608074735202536e-02  7.975731030137467314e-02  1.444034037111805446e-01  1.444042442890349776e-01 
        59  0.000000000000000000e+00 -3.111348775232579555e+01  9.757730933984021249e-02 -6.491390133010099817e-02  5.596956088891147374e-02  1.027673386647620646e-01  1.632518367086959188e-01  1.632526875969233515e-01 
        60  0.000000000000000000e+00 -3.115941000455393350e+01  1.303937122107754476e-01 -5.340579349558538524e-02  5.470488993239541742e-02  9.906393235371524497e-02  1.523217198993052079e-01  1.523225426295766738e-01 
        61  0.000000000000000000e+00 -3.122396350378551233e+01  1.434917782778484252e-01 -5.923982419153617229e-02  3.175300465500185965e-02  7.148919475844195404e-02  1.145533761522301575e-01  1.145541315884202049e-01 
        62  0.000000000000000000e+00 -3.129371859430477798e+01  1.476389778871407543e-01 -7.128414983378661418e-02 -1.448862753477442311e-03  3.158554342724073649e-02  6.178296032715024921e-02  6.178361087302164378e-02 
        63  0.000000000000000000e+00 -3.135330715946759028e+01  1.559987629299257605e-01 -7.586477938980351610e-02 -3.073750829571508802e-02 -6.186184297348518157e-03  8.985890291910436645e-03  8.986402467598963995e-03 
        64  0.000000000000000000e+00 -3.139119540663114094e+01  1.783955304091477956e-01 -6.249367540908679075e-02 -4.494369432995881652e-02 -3.020249264523044985e-02 -3.149031548753100651e-02 -3.148996849085961003e-02 
        65  0.000000000000000000e+00 -3.140330833244433961e+01  2.176742710116741364e-01 -2.754926485022224369e-02 -3.956580137514720263e-02 -3.541422348735068226e-02 -5.372691843763277575e-02 -5.372675479827648815e-02 
        66  0.000000000000000000e+00 -3.139462244374112743e+01  2.680578517547473894e-01  2.400407295840523147e-02 -1.850011223950787098e-02 -2.513861552552043577e-02 -6.011457332203917758e-02 -6.011460151739811408e-02 
        67  0.000000000000000000e+00 -3.137733092197595397e+01  3.169208719607468083e-01  8.030357737675331009e-02  7.603532220741726633e-03 -9.454951977431846899e-03 -5.982799789251203038e-02 -5.982821643510760623e-02 
        68  0.000000000000000000e+00 -3.136536242250031137e+01  3.502115923395194841e-01  1.279213525208433566e-01  2.659962821826411528e-02  3.700628235492331441e-05 -6.364518620193848619e-02 -6.364558401969588886e-02 
        69  0.000000000000000000e+00 -3.136817133766362531e+01  3.586002429278778436e-01  1.579081832509245942e-01  3.080015577393169224e-02 -3.850959950796095654e-03 -7.806258642631291877e-02 -7.806314378649403807e-02 
        70  0.000000000000000000e+00 -3.138849964779751645e+01  3.396507484249013942e-01  1.678450883697450990e-01  1.894283487149550638e-02 -2.197318773369261180e-02 -1.034096797279744351e-01 -1.034103696047168341e-01 
        71  0.000000000000000000e+00 -3.142366268192881762e+01  2.964758532218638720e-01  1.603971897741303110e-01 -5.321538718476404028e-03 -5.040826978859058727e-02 -1.354328525164874009e-01 -1.354336422809865326e-01 
        72  0.000000000000000000e+00 -3.146595911436020288e+01  2.372880025786798797e-01  1.428279671747532120e-01 -3.398069790159752301e-02 -8.102140268522362021e-02 -1.658696824042635853e-01 -1.658705357145890957e-01 
        73  0.000000000000000000e+00 -3.150345688296795288e+01  1.745937840003080055e-01  1.262364234256665441e-01 -5.550056970253081090e-02 -1.022878812212866251e-01 -1.832695174648506509e-01 -1.832703962518280605e-01 
        74  0.000000000000000000e+00 -3.152430443504874802e+01  1.208833712886416833e-01  1.213520628558626413e-01 -5.908918526142770133e-02 -1.035469807731033143e-01 -1.772262852432504587e-01 -1.772271516310865991e-01 
        75  0.000000000000000000e+00 -3.152133188013704057e+01  8.405523253486535395e-02  1.341108345436623495e-01 -3.912057032209759200e-02 -7.942829911894477846e-02 -1.427707479275568403e-01 -1.427715659314117147e-01 
        76  0.000000000000000000e+00 -3.149349325983484960e+01  6.601152882353744644e-02  1.644326034586356400e-01  3.700314816569516552e-03 -3.100804280757074594e-02 -8.149536738176266226e-02 -8.149610435657450580e-02 
        77  0.000000000000000000e+00 -3.144491680013879886e+01  6.362880962831241050e-02  2.073723654178820652e-01  6.356197012519260170e-02  3.544917594740581990e-02 -2.702228647422089125e-04 -2.708507001898396993e-04 
        78  0.000000000000000000e+00 -3.138204355531030387e+01  7.160685752222661904e-02  2.561016395479782659e-01  1.325919410472238269e-01  1.115790954780777611e-01  9.187581405450373495e-02  9.187531804656146051e-02 
        79  0.000000000000000000e+00 -3.131133920027889417e+01  8.471666688103596243e-02  3.042143625722246725e-01  2.032449650662329077e-01  1.893322385395777019e-01  1.862051709645129449e-01  1.862048235139468488e-01 
        80  0.000000000000000000e+00 -3.123925533031234636e+01  9.778978840591889821e-02  3.457112879617625367e-01  2.684200611212759213e-01  2.610972955961301523e-01  2.744250090367472694e-01  2.744248206494717124e-01 
        81  0.000000000000000000e+00 -3.117133180657413050e+01  1.065754359325410405e-01  3.758155050222740101e-01  3.224268894288684351e-01  3.206811143948016252e-01  3.496829973528292612e-01  3.496829721458425411e-01 
        82  0.000000000000000000e+00 -3.111155093309974973e+01  1.083636709101938322e-01  3.915366138398326257e-01  3.616386451137714175e-01  3.640137783954173756e-01  4.072818136734213113e-01  4.072819492548092057e-01 
        83  0.000000000000000000e+00 -3.106500339508045272e+01  9.930757347956387093e-02  3.889350854107078703e-01  3.817442853599573027e-01  3.864873993658761719e-01  4.420403870347513475e-01  4.420406745884974953e-01 
        84  0.000000000000000000e+00 -3.104016425025247372e+01  7.212485074398955476e-02  3.607822332315322456e-01  3.753335605305210265e-01  3.806101083599173762e-01  4.459894828767687613e-01  4.459899076745159618e-01 
        85  0.000000000000000000e+00 -3.104676178743943638e+01  1.818534588755937875e-02  2.986194062875142663e-01  3.338729496513224149e-01  3.379829267037735008e-01  4.103842566478306253e-01  4.103847989547944053e-01 
        86  0.000000000000000000e+00 -3.109116952325888406e+01 -6.792726148040628686e-02  1.972909037230010654e-01  2.521640102869469047e-01  2.536988299244171685e-01  3.301042084225969120e-01  3.301048444640173329e-01 
        87  0.000000000000000000e+00 -3.117286927001669028e+01 -1.848996119379080483e-01  5.842753081054752329e-02  1.317620189911394846e-01  1.296905262281029536e-01  2.069768114656653779e-01  2.069775142447838334e-01 
        88  0.000000000000000000e+00 -3.128324353633138344e+01 -3.234728287941948111e-01 -1.083542107652988307e-01 -1.786468920857942067e-02 -2.416311967516548975e-02  5.087019372797385586e-02  5.087093383554019965e-02 
        89  0.000000000000000000e+00 -3.140669984814718418e+01 -4.675425495441345447e-01 -2.865214655295176271e-01 -1.804090609795707678e-01 -1.911450653517476894e-01 -1.214078238562024126e-01 -1.214070772610966742e-01 
        90  0.000000000000000000e+00 -3.152393120854878816e+01 -5.973831996171270475e-01 -4.557600165704229767e-01 -3.358484305549609417e-01 -3.508351624328724938e-01 -2.892347876899634684e-01 -2.892340657388103864e-01 
        91  0.000000000000000000e+00 -3.161689669194174712e+01 -6.945846394408476954e-01 -5.967983341489571103e-01 -4.652605608029034556e-01 -4.839206112940246385e-01 -4.329758767387943408e-01 -4.329752095877665852e-01 
        92  0.000000000000000000e+00 -3.167337468411767532e+01 -7.465739992837825412e-01 -6.958525829236350546e-01 -5.552533401764208065e-01 -5.766255999390637044e-01 -5.383994252421757665e-01 -5.383988405777699882e-01 
        93  0.000000000000000000e+00 -3.168852010424359378e+01 -7.481750652615914987e-01 -7.461843057212718122e-01 -5.994681792876690452e-01 -6.222385302787074579e-01 -5.981958646519274225e-01 -5.981953859874238333e-01 
        94  0.000000000000000000e+00 -3.166471845912116123e+01 -7.015058063751098416e-01 -7.480803205473307571e-01 -5.984620760409598006e-01 -6.210347200045589489e-01 -6.119237223834375072e-01 -6.119233674697852621e-01 
        95  0.000000000000000000e+00 -3.161079518564309865e+01 -6.152689069527355059e-01 -7.082977041320646094e-01 -5.590530912231770344e-01 -5.796528256167334803e-01 -5.854484634966752310e-01 -5.854482432834515748e-01 
        96  0.000000000000000000e+00 -3.153847311178606105e+01 -5.013119633159135446e-01 -6.368184480895138222e-01 -4.910277308769650517e-01 -5.078036177810645313e-01 -5.277286924812187863e-01 -5.277286108352541305e-01 
        97  0.000000000000000000e+00 -3.145825001113291819e+01 -3.706021378395689680e-01 -5.430091632159133042e-01 -4.033309222602383670e-01 -4.144326625635699202e-01 -4.470376899110419799e-01 -4.470377439452022372e-01 
        98  0.000000000000000000e+00 -3.137893075551511401e+01 -2.328264691639674311e-01 -4.353514260463384744e-01 -3.038951872960637957e-01 -3.075119660941822985e-01 -3.507852324339069128e-01 -3.507854132031411609e-01 
        99  0.000000000000000000e+00 -3.130830681244515290e+01 -9.710238851226904444e-02 -3.222133627124890154e-01 -2.005528263922542465e-01 -1.949395317475932643e-01 -2.464315973631414636e-01 -2.464318907830715943e-01 
       100  0.000000000000000000e+00 -3.125138611758836760e+01  2.979969379356361969e-02 -2.100812491175929608e-01 -9.940903208627105414e-02 -8.294572138555622587e-02 -1.399044564525411261e-01 -1.399048443628885252e-01 
       101  0.000000000000000000e+00 -3.120857978128532295e+01  1.453163448320538009e-01 -1.016737043776174687e-01 -3.044780705351968209e-03  2.564835042102231455e-02 -3.386617945488978876e-02 -3.386664076822398783e-02 
       102  0.000000000000000000e+00 -3.117734589861055383e+01  2.495299004693265488e-01  2.558301137355556421e-03  8.798043461513316288e-02  1.298839691792750273e-01  7.073162828874046681e-02  7.073111637902229631e-02 
       103  0.000000000000000000e+00 -3.115558442669407668e+01  3.418889444567980718e-01  1.012529872050436097e-01  1.720167581805753798e-01  2.275353536722946046e-01  1.715137616542392607e-01  1.715132223960722513e-01 
       104  0.000000000000000000e+00 -3.114264182076988163e+01  4.203545367711853942e-01  1.914127412646848825e-01  2.456966688205852734e-01  3.145072143541938203e-01  2.640858899322324760e-01  2.640853457430694107e-01 
       105  0.000000000000000000e+00 -3.113847938159182149e+01  4.824172668165829236e-01  2.695514948069330785e-01  3.051935841808699479e-01  3.861685898659175109e-01  3.433980203187729785e-01  3.433974916869146909e-01 
       106  0.000000000000000000e+00 -3.114338076855869986e+01  5.255913394807407713e-01  3.322999379445263912e-01  3.469433689946299637e-01  4.381724618506268598e-01  4.046197791053032233e-01  4.046192839187483514e-01 
       107  0.000000000000000000e+00 -3.115738644587895578e+01  5.481586601650860757e-01  3.772278214019024745e-01  3.685592932282588663e-01  4.674508040143336984e-01  4.442031653109097533e-01  4.442027187765233975e-01 
       108  0.000000000000000000e+00 -3.117911059512243810e+01  5.504632040171486551e-01  4.041667566320938931e-01  3.701890514283263656e-01  4.736230477855087884e-01  4.613399259139896458e-01  4.613395409397185176e-01 
       109  0.000000000000000000e+00 -3.120548868076707549e+01  5.351838379103242005e-01  4.154534263043387909e-01  3.547315741467400585e-01  4.592474422059922290e-01  4.582259683933784800e-01  4.582256560722157701e-01 
       110  0.000000000000000000e+00 -3.123347115889754377e+01  5.055770085528479285e-01  4.141009296777724558e-01  3.259577853388577751e-01  4.279500878597559677e-01  4.381779344074629989e-01  4.381777043199122090e-01 
       111  0.000000000000000000e+00 -3.126237154867487789e+01  4.630087296567921840e-01  4.012464659512033904e-01  2.859106365992829524e-01  3.817894024037400413e-01  4.029674679806589666e-01  4.029673281173700161e-01 
       112  0.000000000000000000e+00 -3.129363687330248922e+01  4.070431698582410718e-01  3.761671232890080319e-01  2.348602510558635004e-01  3.211534157785536081e-01  3.526720368852807042e-01  3.526719930333115371e-01 
       113  0.000000000000000000e+00 -3.132816187121250096e+01  3.380000394841999878e-01  3.387962634291739050e-01  1.737259927382979185e-01  2.471476850777207801e-01  2.880220922506850911e-01  2.880221469266643908e-01 
       114  0.000000000000000000e+00 -3.136573103591683775e+01  2.574179355095793653e-01  2.901903267827208310e-01  1.044390536996502306e-01  1.619609780030089041e-01  2.107654442337718592e-01  2.107655955933012137e-01 
       115  0.000000000000000000e+00 -3.140669736200973716e+01  1.663203645691453403e-01  2.308343683198188501e-01  2.818739138825776536e-02  6.712203838600316885e-02  1.219697253510503288e-01  1.219699665637392627e-01 
       116  0.000000000000000000e+00 -3.145108209192562754e+01  6.609678123868434341e-02  1.615701707690675448e-01 -5.364705600629804394e-02 -3.556554696922376024e-02  2.302112758428620509e-02  2.302144685333473717e-02 
       117  0.000000000000000000e+00 -3.149599981590392872e+01 -3.891491949698888675e-02  8.620508990657071990e-02 -1.368221828905120674e-01 -1.413683249400037312e-01 -8.166788766061472415e-02 -8.166750652884502415e-02 
       118  0.000000000000000000e+00 -3.153519241683002861e+01 -1.409424954140092723e-01  1.199316240351322449e-02 -2.136859120837755199e-01 -2.420770001951098038e-01 -1.840751902604722545e-01 -1.840747668653079927e-01 
       119  0.000000000000000000e+00 -3.156048730844662487e+01 -2.302198047760271038e-01 -5.182991395295744042e-02 -2.745876303755494519e-01 -3.273994513079969693e-01 -2.739350690480932826e-01 -2.739346250682785922e-01 
       120  0.000000000000000000e+00 -3.156520474782240626e+01 -2.983859325061075651e-01 -9.746661104716736190e-02 -3.112817320024419132e-01 -3.883244786445061436e-01 -3.420849182473375549e-01 -3.420844759018564218e-01 
       121  0.000000000000000000e+00 -3.154815545757415407e+01 -3.424872433138546057e-01 -1.225613153579558912e-01 -3.209761508585415868e-01 -4.211371136578918595e-01 -3.844738509416458783e-01 -3.844734313718163321e-01 
       122  0.000000000000000000e+00 -3.151346532743511375e+01 -3.648221565911455855e-01 -1.300300776484561993e-01 -3.062678642278910957e-01 -4.273634720007919441e-01 -4.021112251465694953e-01 -4.021108468290890414e-01 
       123  0.000000000000000000e+00 -3.146670247040734125e+01 -3.691062095120685171e-01 -1.241982881088858903e-01 -2.714043480898453709e-01 -4.100966215772245960e-01 -3.974080021787926853e-01 -3.974076794392544798e-01 
       124  0.000000000000000000e+00 -3.141278324220110107e+01 -3.584441638381292705e-01 -1.087342931267585300e-01 -2.203109573634662866e-01 -3.721329370144701443e-01 -3.723535128996502408e-01 -3.723532547150512073e-01 
       125  0.000000000000000000e+00 -3.135587123851658475e+01 -3.353403902156628646e-01 -8.661712853376002386e-02 -1.566161123443237102e-01 -3.161310769532406084e-01 -3.287564447243198629e-01 -3.287562542034550006e-01 
       126  0.000000000000000000e+00 -3.129949669802635981e+01 -3.019672656322995863e-01 -6.036216971449448465e-02 -8.391468592941464522e-02 -2.449987778880142741e-01 -2.687403668084300534e-01 -2.687402416025008733e-01 
       127  0.000000000000000000e+00 -3.124752027803165788e+01 -2.612774866188942724e-01 -3.309032176147752580e-02 -6.847199501635259367e-03 -1.630553208181879654e-01 -1.960012712724505946e-01 -1.960012047901216192e-01 
       128  0.000000000000000000e+00 -3.120371670212017534e+01 -2.167025684172472211e-01 -8.192338658972175836e-03  6.927993806900190066e-02 -7.569507353824178608e-02 -1.155337168074197507e-01 -1.155336999339340309e-01 
       129  0.000000000000000000e+00 -3.116974644449609855e+01 -1.701831600898060515e-01  1.265494680441747732e-02  1.405880210700445332e-01  1.270185187826200490e-02 -3.157132745553781206e-02 -3.157135047248971205e-02 
       130  0.000000000000000000e+00 -3.114519427013919994e+01 -1.221870490030312340e-01  2.946216630527942471e-02  2.047682387347720123e-01  9.895940508070566466e-02  5.261854043027369698e-02  5.261848614802033808e-02 
       131  0.000000000000000000e+00 -3.112963196242066033e+01 -7.367018980207262757e-02  4.193788324533898049e-02  2.592979480250221513e-01  1.794208032459891911e-01  1.331181246424080200e-01  1.331180456290894654e-01 
       132  0.000000000000000000e+00 -3.112383378461572647e+01 -2.714471052516387317e-02  4.838322825159480089e-02  3.005385180922530708e-01  2.491693084724033724e-01  2.046746293642627279e-01  2.046745299640519988e-01 
       133  0.000000000000000000e+00 -3.112937790955669470e+01  1.386780873144743964e-02  4.620866754649455288e-02  3.244010359047990733e-01  3.028033217792938103e-01  2.615518915251016097e-01  2.615517744444559867e-01 
       134  0.000000000000000000e+00 -3.114856165565430501e+01  4.505042420163363204e-02  3.212892457014504544e-02  3.265988036931730676e-01  3.347712129475155507e-01  2.978986925440096911e-01  2.978985595961489707e-01 
       135  0.000000000000000000e+00 -3.118418280429443712e+01  6.162057777254403845e-02  2.475551288966926222e-03  3.029373271641588872e-01  3.397285074292994977e-01  3.081065300075067626e-01  3.081063827212346951e-01 
       136  0.000000000000000000e+00 -3.123648284287028787e+01  6.147850168966328965e-02 -4.366938273830101025e-02  2.523958469186311504e-01  3.156681846554647564e-01  2.899331075473980945e-01  2.899329475849583559e-01 
       137  0.000000000000000000e+00 -3.130016624394949076e+01  4.825768403338770440e-02 -1.014247398896088725e-01  1.801293440318829653e-01  2.669357359302466648e-01  2.475150504662053663e-01  2.475148799276496447e-01 
       138  0.000000000000000000e+00 -3.136584975119572505e+01  2.992167459714778488e-02 -1.615097097897262302e-01  9.602232977184144147e-02  2.027719254642761371e-01  1.899032700065390600e-01  1.899030915978414669e-01 
       139  0.000000000000000000e+00 -3.142355297783103651e+01  1.529138849656419552e-02 -2.137323204540848565e-01  1.114182710611544280e-02  1.337533773654513425e-01  1.274858153175273401e-01  1.274856322689288390e-01 
       140  0.000000000000000000e+00 -3.146499431577913697e+01  1.174043810394209686e-02 -2.493375358691025667e-01 -6.466547609932149498e-02  6.936528218008675140e-02  6.954899080329823846e-02  6.954880660148887728e-02 
       141  0.000000000000000000e+00 -3.148471906439274903e+01  2.404455232138502652e-02 -2.622140088381001988e-01 -1.240088449360712275e-01  1.672776915961549093e-02  2.300539144096092059e-02  2.300520955344609320e-02 
       142  0.000000000000000000e+00 -3.148037432340180430e+01  5.408214972996461256e-02 -2.492591320676922351e-01 -1.623198575535695909e-01 -1.978209070514935775e-02 -7.984241689626969674e-03 -7.984418082827460239e-03 
       143  0.000000000000000000e+00 -3.145340509253446726e+01  1.001109398605706247e-01 -2.111911901003509229e-01 -1.786525759622747955e-01 -3.930368371419490359e-02 -2.278753502645258777e-02 -2.278770336329216661e-02 
       144  0.000000000000000000e+00 -3.141057526737810690e+01  1.552136031262136839e-01 -1.542138476976333550e-01 -1.773491124329495960e-01 -4.612502548863517404e-02 -2.592741516065188989e-02 -2.592757384863375592e-02 
       145  0.000000000000000000e+00 -3.136330763334694893e+01  2.079285121363056987e-01 -8.948647591327585360e-02 -1.675549958744397827e-01 -4.916819755587198415e-02 -2.655480887955263825e-02 -2.655495760788539883e-02 
       146  0.000000000000000000e+00 -3.132323216341558236e+01  2.466953173571369007e-01 -2.873481721178450243e-02 -1.589223535973758317e-01 -5.765809216998718512e-02 -3.409263452800814775e-02 -3.409277440800906334e-02 
       147  0.000000000000000000e+00 -3.129776343010988171e+01  2.643000200745007078e-01  2.019105818465050106e-02 -1.572802607722962875e-01 -7.677082352140018884e-02 -5.383956320036986654e-02 -5.383969653331632799e-02 
       148  0.000000000000000000e+00 -3.128930465493087354e+01  2.587062558535819790e-01  5.418172769691409485e-02 -1.638754967241311533e-01 -1.068910129925484398e-01 -8.618043256311125333e-02 -8.618056219029313070e-02 
       149  0.000000000000000000e+00 -3.129593333854126058e+01  2.323984227513449241e-01  7.427649944236236479e-02 -1.760517461483459556e-01 -1.443429383947147926e-01 -1.272951938013022755e-01 -1.272953222423609532e-01 
       150  0.000000000000000000e+00 -3.131149668571634948e+01  1.922931443322966061e-01  8.567974497637464992e-02 -1.873048538036812261e-01 -1.815065847543166910e-01 -1.692849953511483818e-01 -1.692851239974686450e-01 
       151  0.000000000000000000e+00 -3.132725893300377606e+01  1.480654159389018787e-01  9.621878788223625634e-02 -1.888933547216424813e-01 -2.084852898073563665e-01 -2.018747815645269839e-01 -2.018749101513321875e-01 
       152  0.000000000000000000e+00 -3.133617464293558896e+01  1.078182897372244042e-01  1.121340974386839662e-01 -1.741175459083308397e-01 -2.174487037557923941e-01 -2.168071947906469177e-01 -2.168073213130412569e-01 
       153  0.000000000000000000e+00 -3.133632749415522767e+01  7.457136370561556760e-02  1.346427270032677370e-01 -1.418070468193093348e-01 -2.062018299712633507e-01 -2.114685604765895732e-01 -2.114686815749848847e-01 
       154  0.000000000000000000e+00 -3.133022323173426571e+01  4.689183686699038844e-02  1.605843888615652304e-01 -9.566993892397590571e-02 -1.776254213598917886e-01 -1.883786906289799390e-01 -1.883788022716998967e-01 
       155  0.000000000000000000e+00 -3.132159993294371247e+01  2.201437164401909286e-02  1.855128927743123768e-01 -4.112275539969800775e-02 -1.365743746923726576e-01 -1.521232578386388923e-01 -1.521233561108203958e-01 
       156  0.000000000000000000e+00 -3.131310480454729372e+01 -1.886131547422564836e-03  2.059469790767138875e-01  1.707482290845518946e-02 -8.751827719945026729e-02 -1.070084999109042201e-01 -1.070085817625852087e-01 
       157  0.000000000000000000e+00 -3.130640081977961131e+01 -2.581710987837482207e-02  2.192817139641078938e-01  7.482583919139074169e-02 -3.446857029149441587e-02 -5.696882826089222362e-02 -5.696889194493337527e-02 
       158  0.000000000000000000e+00 -3.130321575535674583e+01 -5.099999858691717236e-02  2.228497819719166273e-01  1.278207164569664656e-01  1.824146331890119654e-02 -6.292609954698491492e-03 -6.292654887829485233e-03 
       159  0.000000000000000000e+00 -3.130403417858951798e+01 -7.753241189243453846e-02  2.153702541210975596e-01  1.730364024376740417e-01  6.750826063998260906e-02  4.197994034848306910e-02  4.197991418476476611e-02 
       160  0.000000000000000000e+00 -3.130560007839065406e+01 -1.018630425655828731e-01  1.995619759893827450e-01  2.113879230526265474e-01  1.140940419361697877e-01  8.869786513886879220e-02  8.869785779006633675e-02 
       161  0.000000000000000000e+00 -3.130192785294693181e+01 -1.177845721123560452e-01  1.811964120808795542e-01  2.467974127445415888e-01  1.616543162586481230e-01  1.375895174812740152e-01  1.375895292454458740e-01 
       162  0.000000000000000000e+00 -3.128888850516895559e+01 -1.209718430318957871e-01  1.645765153343461407e-01  2.816959486863481743e-01  2.122298221094638393e-01  1.907239021704469906e-01  1.907239335671420122e-01 
       163  0.000000000000000000e+00 -3.126746708205729419e+01 -1.122356968276392308e-01  1.492613095567776327e-01  3.137812273453164380e-01  2.629954408837420488e-01  2.452437622845877740e-01  2.452438139341381884e-01 
       164  0.000000000000000000e+00 -3.124314499037643600e+01 -9.688041503162025947e-02  1.307054195255261675e-01  3.367401683571529247e-01  3.069866337592657146e-01  2.941073618672191969e-01  2.941074345238519072e-01 
       165  0.000000000000000000e+00 -3.122330164428734633e+01 -8.207791293750688055e-02  1.028960159411838049e-01  3.429752690921077374e-01  3.358414591663176907e-01  3.288416364290753791e-01  3.288417310789668591e-01 
       166  0.000000000000000000e+00 -3.121441079348522862e+01 -7.405422694608887468e-02  6.116974129074037592e-02  3.264807516610801486e-01  3.427050074454882633e-01  3.424451995392701065e-01  3.424453174188215598e-01 
       167  0.000000000000000000e+00 -3.121974562110332840e+01 -7.582421670525718582e-02  4.447099282089084227e-03  2.851085676963123205e-01  3.245141263216453353e-01  3.316629764999277086e-01  3.316631189577776695e-01 
       168  0.000000000000000000e+00 -3.123893889665532697e+01 -8.681368784402820893e-02 -6.446366080751886329e-02  2.209076634179893972e-01  2.823424254416977419e-01  2.973134720818109145e-01  2.973136402147247281e-01 
       169  0.000000000000000000e+00 -3.126961632792497880e+01 -1.045594589949132569e-01 -1.406765836259467051e-01  1.383751257867800177e-01  2.196675680704061051e-01  2.425396648038429248e-01  2.425398588625569118e-01 
       170  0.000000000000000000e+00 -3.130944731725981001e+01 -1.268092301405943090e-01 -2.194665247168927635e-01  4.229725289997077198e-02  1.402580646150113353e-01  1.706949385088307736e-01  1.706951571837862502e-01 
       171  0.000000000000000000e+00 -3.135651515916106291e+01 -1.519116477144848432e-01 -2.968182209208123368e-01 -6.273118677924571784e-02  4.777031305314949350e-02  8.496227208016193799e-02  8.496251186736003547e-02 
       172  0.000000000000000000e+00 -3.140749305055084051e+01 -1.769833124544391012e-01 -3.677460231158988790e-01 -1.706040406190538761e-01 -5.244600447451830405e-02 -9.792951046563302953e-03 -9.792696128783973109e-03 
       173  0.000000000000000000e+00 -3.145626724449320477e+01 -1.965088244621426838e-01 -4.250019307563377424e-01 -2.724539954000704256e-01 -1.519916134500078897e-01 -1.055973459865811037e-01 -1.055970840971838243e-01 
       174  0.000000000000000000e+00 -3.149551946995887874e+01 -2.039021901122737290e-01 -4.606867271298256128e-01 -3.583674737825504053e-01 -2.410595526538941158e-01 -1.929364089478440292e-01 -1.929361495120360814e-01 
       175  0.000000000000000000e+00 -3.152126821240511845e+01 -1.960303785100450114e-01 -4.707868161673900431e-01 -4.220744457084322221e-01 -3.131169033015339664e-01 -2.653878618702094627e-01 -2.653876143481852523e-01 
       176  0.000000000000000000e+00 -3.153699244531497925e+01 -1.773093569415209458e-01 -4.592696566998881735e-01 -4.652189633916918865e-01 -3.692339992006452576e-01 -3.239528120660111199e-01 -3.239525848448465695e-01 
       177  0.000000000000000000e+00 -3.155121008372179858e+01 -1.572378230928279663e-01 -4.356078480623750693e-01 -4.950291044047219202e-01 -4.158495244083155740e-01 -3.748592285865584017e-01 -3.748590282225450210e-01 
       178  0.000000000000000000e+00 -3.156950897427765312e+01 -1.423820482169446677e-01 -4.067477273412976047e-01 -5.163698277889352539e-01 -4.569085158127563773e-01 -4.217462708532480065e-01 -4.217461016621655290e-01 
       179  0.000000000000000000e+00 -3.158985167479545453e+01 -1.316514586107473406e-01 -3.723614358024747162e-01 -5.270404311572178813e-01 -4.892148590729163971e-01 -4.610594159040033446e-01 -4.610592798910033707e-01 
       180  0.000000000000000000e+00 -3.160434150146411980e+01 -1.180459739321122470e-01 -3.265525527955617235e-01 -5.195278007500689910e-01 -5.042317527693853663e-01 -4.838864025651616885e-01 -4.838862996707860020e-01 
       181  0.000000000000000000e+00 -3.160426132506097474e+01 -9.367099625686137188e-02 -2.628114956242484368e-01 -4.860276332453565828e-01 -4.931647854202481085e-01 -4.810657796767827676e-01 -4.810657082302327581e-01 
       182  0.000000000000000000e+00 -3.158522099161274355e+01 -5.485708303453407098e-02 -1.790750609548581451e-01 -4.235750620100589003e-01 -4.521635302562856396e-01 -4.484093444513064242e-01 -4.484093017448174123e-01 
       183  0.000000000000000000e+00 -3.154889709553629018e+01 -3.876543173646496143e-03 -7.938674530737444002e-02 -3.357512056625182595e-01 -3.840839791801613501e-01 -3.884870071116779400e-01 -3.884869900712715207e-01 
       184  0.000000000000000000e+00 -3.150011709529849213e+01  5.398721335905065644e-02  2.909979649751903708e-02 -2.296786061134525880e-01 -2.955021065549203740e-01 -3.076563394336062629e-01 -3.076563453049629970e-01 
       185  0.000000000000000000e+00 -3.144309057902000859e+01  1.142109532925132953e-01  1.399722459834720212e-01 -1.120999760565268843e-01 -1.927746262066420968e-01 -2.121194341546015494e-01 -2.121194610115821888e-01 
       186  0.000000000000000000e+00 -3.138070043042375801e+01  1.737297945683167200e-01  2.483393946315572975e-01  1.150329943510541852e-02 -8.112238151664996622e-02 -1.069867467764424873e-01 -1.069867937299591176e-01 
       187  0.000000000000000000e+00 -3.131579020006847713e+01  2.296356639027976598e-01  3.495942599378167870e-01  1.357575920428644167e-01  3.425691631827021411e-02  2.629319219749959302e-03  2.629252085171174258e-03 
       188  0.000000000000000000e+00 -3.125146085601988943e+01  2.788794494432522697e-01  4.391542094209626157e-01  2.551806464899755156e-01  1.480142558544912390e-01  1.114572528170469923e-01  1.114571647314051006e-01 
       189  0.000000000000000000e+00 -3.119064985349291419e+01  3.187131407295282770e-01  5.129185790097494646e-01  3.646644801680736236e-01  2.551628915210244486e-01  2.146030090045769612e-01  2.146028990466106734e-01 
       190  0.000000000000000000e+00 -3.113619236291992820e+01  3.466650563767643689e-01  5.672512376704617054e-01  4.594841834950216253e-01  3.510872134820601786e-01  3.075801416147214695e-01  3.075800094510441340e-01 
       191  0.000000000000000000e+00 -3.109067170380666312e+01  3.607215414103848161e-01  5.991819764356023370e-01  5.355112957038841159e-01  4.317260358886869653e-01  3.864940040543842770e-01  3.864938506925454931e-01 
       192  0.000000000000000000e+00 -3.105605963599020924e+01  3.596919261908055887e-01  6.068183255330836801e-01  5.896020386501845678e-01  4.939305842206636044e-01  4.483742974898063949e-01  4.483741258056284096e-01 
       193  0.000000000000000000e+00 -3.103366302013523637e+01  3.432307295561258798e-01  5.894338585929972396e-01  6.196414868759347883e-01  5.354917815897124456e-01  4.911661766140582586e-01  4.911659915303516755e-01 
       194  0.000000000000000000e+00 -3.102459888122649545e+01  3.113099925716937832e-01  5.469993471485281589e-01  6.240563726261711963e-01  5.546232222823164193e-01  5.131807185616708011e-01  5.131805268657103625e-01 
       195  0.000000000000000000e+00 -3.103080036933135943e+01  2.631660647390958729e-01  4.791555484779337348e-01  6.008300804332975531e-01  5.489230180648405621e-01  5.120226273403432060e-01  5.120224371109429740e-01 
       196  0.000000000000000000e+00 -3.105418535848718875e+01  1.981021210357312157e-01  3.859932287999754408e-01  5.483836373266512965e-01  5.162116496252338038e-01  4.853910732109056880e-01  4.853908928313330762e-01 
       197  0.000000000000000000e+00 -3.109385232676015676e+01  1.182715092369903687e-01  2.707652849281885210e-01  4.684154502464252801e-01  4.573692134629823158e-01  4.338946113392694315e-01  4.338944482220767895e-01 
       198  0.000000000000000000e+00 -3.114501956754236289e+01  2.971228169792539120e-02  1.408286882107177007e-01  3.669524615507953058e-01  3.774354040897378582e-01  3.621567891261747718e-01  3.621566484155778198e-01 
       199  0.000000000000000000e+00 -3.120062358516042877e+01 -5.928064734024474092e-02  5.948505133119397215e-03  2.527198457278245769e-01  2.840823360655235774e-01  2.773286888427719532e-01  2.773285724668426155e-01 
       200  0.000000000000000000e+00 -3.125490301500968826e+01 -1.417694659757557929e-01 -1.253399187116315261e-01  1.335391749415748563e-01  1.841484746960873053e-01  1.857006608211122511e-01  1.857005672805485119e-01 
       201  0.000000000000000000e+00 -3.130638132029508824e+01 -2.152019933291740017e-01 -2.487723230134406549e-01  1.330965469975353699e-02  8.073618428761619725e-02  8.989154773837526591e-02  8.989147274564857071e-02 
       202  0.000000000000000000e+00 -3.135611072297547253e+01 -2.797291651978071059e-01 -3.627199715427877891e-01 -1.063565328088316164e-01 -2.510739109368387290e-02 -9.412785057293149293e-03 -9.412847465000595548e-03 
       203  0.000000000000000000e+00 -3.140384923654482918e+01 -3.344656990226440030e-01 -4.645288943495415879e-01 -2.225041939283869397e-01 -1.307880950556636890e-01 -1.098546391945092182e-01 -1.098546956168888755e-01 
       204  0.000000000000000000e+00 -3.144720849018034414e+01 -3.766964189993586842e-01 -5.497954597596503845e-01 -3.301569172813856312e-01 -2.315305071670081816e-01 -2.067968893001648212e-01 -2.067969462593168828e-01 
       205  0.000000000000000000e+00 -3.148262574060419183e+01 -4.028595428176231508e-01 -6.133884234557172022e-01 -4.233770827439116147e-01 -3.214500672029316775e-01 -2.944107248083582817e-01 -2.944107882329376480e-01 
       206  0.000000000000000000e+00 -3.150588887086678369e+01 -4.090396015847659328e-01 -6.499647518329538798e-01 -4.957980489818964998e-01 -3.940785641795514493e-01 -3.661922486552384726e-01 -3.661923233164543490e-01 
       207  0.000000000000000000e+00 -3.151342348142986793e+01 -3.922036668553232630e-01 -6.552323826430779263e-01 -5.418890484344274228e-01 -4.436382375840821624e-01 -4.162230556245845037e-01 -4.162231444529425062e-01 
       208  0.000000000000000000e+00 -3.150446099591550819e+01 -3.523312341502560230e-01 -6.281202318556324826e-01 -5.591396622097022373e-01 -4.672591565270636238e-01 -4.413951264372144578e-01 -4.413952298776848693e-01 
       209  0.000000000000000000e+00 -3.148179205351317478e+01 -2.931566783270795895e-01 -5.715773369873318188e-01 -5.489132200412996099e-01 -4.658713345846763332e-01 -4.423385203247676145e-01 -4.423386359959522451e-01 
       210  0.000000000000000000e+00 -3.145033848127513920e+01 -2.207437243139338534e-01 -4.912156403740368660e-01 -5.151834623437139271e-01 -4.429729936599642315e-01 -4.222395179493787509e-01 -4.222396407685096165e-01 
       211  0.000000000000000000e+00 -3.141478827012076636e+01 -1.411130709144572393e-01 -3.930106281582084193e-01 -4.623325735153684946e-01 -4.024615608213935047e-01 -3.847167889263687357e-01 -3.847169116696704805e-01 
       212  0.000000000000000000e+00 -3.137882728328077064e+01 -5.944491527935724662e-02 -2.825736332582664545e-01 -3.944819653072499932e-01 -3.480057785488952504e-01 -3.332236676068873749e-01 -3.332237817583632022e-01 
       213  0.000000000000000000e+00 -3.134661419237727387e+01  1.849971569447461661e-02 -1.666171707454395801e-01 -3.169692110951132236e-01 -2.845520603293039130e-01 -2.725678630829406757e-01 -2.725679598020178673e-01 
       214  0.000000000000000000e+00 -3.132315259438087196e+01  8.608406791813649761e-02 -5.323024042132828981e-02 -2.366284336827106927e-01 -2.185900835314100732e-01 -2.091727846591311391e-01 -2.091728556969201236e-01 
       215  0.000000000000000000e+00 -3.131172026508374984e+01  1.384572012162834653e-01  5.088850290604796101e-02 -1.590740856383376922e-01 -1.553773243862792697e-01 -1.482745744593216841e-01 -1.482746127933864955e-01 
       216  0.000000000000000000e+00 -3.131101553247236779e+01  1.754898111420857276e-01  1.435298699630038755e-01 -8.569901742049523818e-02 -9.588582279349111559e-02 -9.081941111344349338e-02 -9.081941105768009947e-02 
       217  0.000000000000000000e+00 -3.131516977562790771e+01  2.018159931733976009e-01  2.271737526615424940e-01 -1.355915891883796576e-02 -3.670575363668149294e-02 -3.332527734409040931e-02 -3.332523418777100233e-02 
       218  0.000000000000000000e+00 -3.131680620244799229e+01  2.238018115287445653e-01  3.060663943156214373e-01  6.169026117271414478e-02  2.693082304358540569e-02  2.908731726392943528e-02  2.908740761802164343e-02 
       219  0.000000000000000000e+00 -3.131032424830266336e+01  2.462778713296529531e-01  3.830146418883941806e-01  1.426463899420014059e-01  9.791837696877792041e-02  9.940694090249735382e-02  9.940708180522506154e-02 
       220  0.000000000000000000e+00 -3.129355195769090869e+01  2.709081694633255211e-01  4.577941192280263749e-01  2.286462805105315965e-01  1.757480562695832305e-01  1.771446995764449639e-01  1.771448930034011937e-01 
       221  0.000000000000000000e+00 -3.126930433893971895e+01  2.946657488846540218e-01  5.256658990446112512e-01  3.143436471544873712e-01  2.551264233617871469e-01  2.569461409091786663e-01  2.569463868377397375e-01 
       222  0.000000000000000000e+00 -3.124559668424319625e+01  3.096639685670652398e-01  5.772637900886934403e-01  3.896352489152263843e-01  3.259601632129260906e-01  3.286180398417286597e-01  3.286183360922336760e-01 
       223  0.000000000000000000e+00 -3.123166100470444917e+01  3.071703721067251536e-01  6.026668751420061199e-01  4.437572352316578872e-01  3.774849926123238220e-01  3.813027779282833762e-01  3.813031204438743771e-01 
       224  0.000000000000000000e+00 -3.123369551570181102e+01  2.818430915908720635e-01  5.956617864474083035e-01  4.695449950826287022e-01  4.025061012689548079e-01  4.077240776312009984e-01  4.077244607604484372e-01 
       225  0.000000000000000000e+00 -3.125348689346128594e+01  2.330476703266981531e-01  5.550341335987809543e-01  4.647004616919048203e-01  3.986068494991172884e-01  4.053545641438631719e-01  4.053549804806380052e-01 
       226  0.000000000000000000e+00 -3.128736740797967286e+01  1.658134193915543619e-01  4.854800641725773858e-01  4.326944001788888272e-01  3.689951632199495180e-01  3.772081111083025462e-01  3.772085507912947833e-01 
       227  0.000000000000000000e+00 -3.132682048360049976e+01  9.013534028468939141e-02  3.968971246935097952e-01  3.820920411557153784e-01  3.218098727818983207e-01  3.311191473533199314e-01  3.311195971292022477e-01 
       228  0.000000000000000000e+00 -3.136297652698414140e+01  1.639187424058263787e-02  2.998392084962802073e-01  3.220737153508821393e-01  2.656782518543536753e-01  2.753107880642460259e-01  2.753112304775413577e-01 
       229  0.000000000000000000e+00 -3.139112605457802374e+01 -4.923913153152170707e-02  2.009866630092460582e-01  2.579661778013928597e-01  2.053389942655599043e-01  2.140575440909060490e-01  2.140579570865384085e-01 
       230  0.000000000000000000e+00 -3.141128407727330796e+01 -1.053975398676811892e-01  1.025677238313846829e-01  1.907102544752206086e-01  1.412153411039298589e-01  1.473257483015117941e-01  1.473261055102739192e-01 
       231  0.000000000000000000e+00 -3.142566700933349466e+01 -1.530596263515349165e-01  4.851792543831834337e-03  1.194072931805294502e-01  7.203322059865513438e-02  7.374265678834035498e-02  7.374293923965069553e-02 
       232  0.000000000000000000e+00 -3.143583428942758928e+01 -1.927163365322712707e-01 -9.104830471653713175e-02  4.569811003761969914e-02  1.308045120197220967e-03 -2.671436551963779493e-03 -2.671248964588812669e-03 
       233  0.000000000000000000e+00 -3.144051726742424080e+01 -2.222307518871389220e-01 -1.810939693534123762e-01 -2.587545279328651304e-02 -6.729652964048682406e-02 -7.810141099832890177e-02 -7.810133595455681643e-02 
       234  0.000000000000000000e+00 -3.143506578780107930e+01 -2.356426041433223872e-01 -2.560960036691994901e-01 -8.815103138050517373e-02 -1.265464350614138311e-01 -1.450217909688262807e-01 -1.450218421490490073e-01 
       235  0.000000000000000000e+00 -3.141393322049134440e+01 -2.262909241234183355e-01 -3.076890433709422723e-01 -1.329974056470177857e-01 -1.681966736888966807e-01 -1.947984290718522971e-01 -1.947986149992289029e-01 
       236  0.000000000000000000e+00 -3.137471673421720197e+01 -1.916512551389359942e-01 -3.311460272743715905e-01 -1.554711346680051065e-01 -1.871282283871664731e-01 -2.218608321553574569e-01 -2.218611554461062951e-01 
       237  0.000000000000000000e+00 -3.132041184360087982e+01 -1.348871570684764265e-01 -3.275523898257688415e-01 -1.562179483950103531e-01 -1.837350025447790358e-01 -2.261160696946831195e-01 -2.261165266273792440e-01 
       238  0.000000000000000000e+00 -3.125803571987154328e+01 -6.345750619863110842e-02 -3.024637198813593386e-01 -1.402472351046526455e-01 -1.627153509899699202e-01 -2.117604882153045764e-01 -2.117610685447743890e-01 
       239  0.000000000000000000e+00 -3.119567452129967933e+01  1.386242149868621709e-02 -2.629876709521568046e-01 -1.140945411794405118e-01 -1.303037138714557841e-01 -1.845284218343294924e-01 -1.845291087979035183e-01 
       240  0.000000000000000000e+00 -3.114140730834913029e+01  8.809198659804451381e-02 -2.167459676053340445e-01 -8.480247404355623075e-02 -9.334960308274276031e-02 -1.508013908126599745e-01 -1.508021614347399009e-01 
       241  0.000000000000000000e+00 -3.110313358334911982e+01  1.502549066550500356e-01 -1.717266399608661231e-01 -5.975937799831854136e-02 -5.922114789746046881e-02 -1.175647650699715996e-01 -1.175655910052455511e-01 
       242  0.000000000000000000e+00 -3.108692321517742130e+01  1.930625279611035694e-01 -1.346288154900321388e-01 -4.503607991188118831e-02 -3.414307428630536378e-02 -9.080020645541253543e-02 -9.080105541278271630e-02 
       243  0.000000000000000000e+00 -3.109486613265437427e+01  2.130960322884334346e-01 -1.086767126207064393e-01 -4.320619040970541391e-02 -2.097943766801790844e-02 -7.329565613997601758e-02 -7.329649367727597564e-02 
       244  0.000000000000000000e+00 -3.112476529055140873e+01  2.111563221965297998e-01 -9.325547857730498436e-02 -5.299134674930883193e-02 -1.883807661442915560e-02 -6.424610194909519123e-02 -6.424689331834088080e-02 
       245  0.000000000000000000e+00 -3.117217285526879778e+01  1.902915322402236598e-01 -8.587604778455215637e-02 -7.123225123302745487e-02 -2.501095378283935133e-02 -6.117235340929028098e-02 -6.117306525834464992e-02 
       246  0.000000000000000000e+00 -3.123109071479706245e+01  1.551770188406749185e-01 -8.279847490507563634e-02 -9.351912605393408739e-02 -3.557752506691258532e-02 -6.049543047032557297e-02 -6.049603226722410909e-02 
       247  0.000000000000000000e+00 -3.129219024156748219e+01  1.139754544920492663e-01 -7.717974595630039403e-02 -1.123485048066754644e-01 -4.352980498180158975e-02 -5.563009772572513612e-02 -5.563056287348899787e-02 
       248  0.000000000000000000e+00 -3.134471245913852044e+01  7.649681698188715018e-02 -6.090603114262194140e-02 -1.189581478040508955e-01 -4.057691780786853997e-02 -3.875967610292718746e-02 -3.875998277732151109e-02 
       249  0.000000000000000000e+00 -3.138216324563342141e+01  4.853504643841688448e-02 -3.020359644932568699e-02 -1.089344494779993511e-01 -2.273633160649524143e-02 -6.404522244906729611e-03 -6.404654023867806245e-03 
       250  0.000000000000000000e+00 -3.140430509999708875e+01  2.988644820749186692e-02  1.248818360215864232e-02 -8.409858458145436089e-02  7.788603958147177764e-03  3.871158469604552010e-02  3.871163829518309285e-02 
       251  0.000000000000000000e+00 -3.141399990985871682e+01  1.751133982338615169e-02  6.181589038385482127e-02 -4.925870173696011989e-02  4.587729725568578942e-02  9.092933272762593333e-02  9.092957567781922990e-02 
       252  0.000000000000000000e+00 -3.141323739210520216e+01  9.513963586414320162e-03  1.136117893466916939e-01 -8.180877277766285260e-03  8.754496878736972576e-02  1.457055778699327675e-01  1.457060070453053413e-01 
       253  0.000000000000000000e+00 -3.140247049188178607e+01  5.815725505328828149e-03  1.656445857431094737e-01  3.712172497586152531e-02  1.306489186388262169e-01  2.003311462484020922e-01  2.003317509528983464e-01 
       254  0.000000000000000000e+00 -3.138410554939855501e+01  4.667760979089052853e-03  2.141748031945667208e-01  8.296281510325798081e-02  1.714334182182142285e-01  2.504993607563505975e-01  2.505001226606964337e-01 
       255  0.000000000000000000e+00 -3.136494870077154928e+01  1.983982393767291796e-04  2.515307207722798921e-01  1.216127093769614476e-01  2.021497234650269093e-01  2.879574077565507650e-01  2.879583012374382633e-01 
       256  0.000000000000000000e+00 -3.135309581427958392e+01 -1.449974367534423436e-02  2.692298028802042609e-01  1.444626596178295586e-01  2.142519502229447426e-01  3.037428713459462415e-01  3.037438643442555986e-01 
       257  0.000000000000000000e+00 -3.135472661991013865e+01 -4.421560569733173907e-02  2.611903161758277747e-01  1.452428811425079402e-01  2.016599295749870180e-01  2.914901310282971281e-01  2.914911864126565888e-01 
       258  0.000000000000000000e+00 -3.137462148498048009e+01 -9.221889674535077575e-02  2.232187464730941429e-01  1.194843444204138905e-01  1.602427986803718341e-01  2.469445039018296484e-01  2.469455811868783712e-01 
       259  0.000000000000000000e+00 -3.141418386979410116e+01 -1.583828943045091364e-01  1.549870206453078936e-01  6.645825451118980709e-02  8.975161110072349402e-02  1.699030460995345493e-01  1.699041033006096768e-01 
       260  0.000000000000000000e+00 -3.146817518781710987e+01 -2.360183517502036921e-01  6.327762287253335671e-02 -7.598396319508537999e-03 -2.982337966045633948e-03  6.740497494990904670e-02  6.740597042710305686e-02 
       261  0.000000000000000000e+00 -3.152673279030079811e+01 -3.139748489206795057e-01 -4.009207589410834771e-02 -9.153054984028585750e-02 -1.061395734723191708e-01 -4.837222960077269818e-02 -4.837133534181248251e-02 
       262  0.000000000000000000e+00 -3.157892768367435110e+01 -3.802606790796971836e-01 -1.419302576738346033e-01 -1.728491551033357609e-01 -2.065443496336456519e-01 -1.637600471324276441e-01 -1.637592896970545553e-01 
       263  0.000000000000000000e+00 -3.161422503776464055e+01 -4.235452263160368602e-01 -2.292727347766003732e-01 -2.392404024366214799e-01 -2.912014826033555437e-01 -2.651595804408088952e-01 -2.651589899542159401e-01 
       264  0.000000000000000000e+00 -3.162498399189564680e+01 -4.355264083726524404e-01 -2.920451269561681329e-01 -2.811592923163743762e-01 -3.498913576024733629e-01 -3.416608040183746198e-01 -3.416604037195156707e-01 
       265  0.000000000000000000e+00 -3.161001879995285435e+01 -4.135557173352708560e-01 -3.267788964228657278e-01 -2.955321724824671037e-01 -3.788660768947238466e-01 -3.887544636061193160e-01 -3.887542685857852121e-01 
       266  0.000000000000000000e+00 -3.157459104405404560e+01 -3.630446732258860720e-01 -3.367229870359551569e-01 -2.859192218832049548e-01 -3.810196502167855215e-01 -4.085191027982091327e-01 -4.085191189291208502e-01 
       267  0.000000000000000000e+00 -3.152618439394609595e+01 -2.920259180428956824e-01 -3.276917660530216381e-01 -2.584529622673699123e-01 -3.618603606909118753e-01 -4.056273774972396495e-01 -4.056276007631822722e-01 
       268  0.000000000000000000e+00 -3.147127706063668029e+01 -2.079142904763102706e-01 -3.032764188155852025e-01 -2.187258074876581304e-01 -3.264623479542478890e-01 -3.843519714907870366e-01 -3.843523879481836047e-01 
       269  0.000000000000000000e+00 -3.141560339971420035e+01 -1.177289960322696061e-01 -2.670159065197594828e-01 -1.720871817813076632e-01 -2.798478057218289905e-01 -3.490134224354051184e-01 -3.490140089273836566e-01 
       270  0.000000000000000000e+00 -3.136516888546873361e+01 -2.904432034620185732e-02 -2.246824917207277394e-01 -1.246126092487429560e-01 -2.280285847176628522e-01 -3.050869871781287657e-01 -3.050877127784588083e-01 
       271  0.000000000000000000e+00 -3.132470507092966727e+01  5.163605215909683466e-02 -1.813371225588298330e-01 -7.891586628204549925e-02 -1.763859659479294351e-01 -2.576322411639466736e-01 -2.576330691944122009e-01 
       272  0.000000000000000000e+00 -3.129472053412712285e+01  1.219170556756807855e-01 -1.383485570132734210e-01 -3.526596862866426818e-02 -1.264014770339372262e-01 -2.082223627296571067e-01 -2.082232530525516268e-01 
       273  0.000000000000000000e+00 -3.127166390783236238e+01  1.834406744187617733e-01 -9.349554543405247387e-02  8.570923463935287145e-03 -7.245696987740757322e-02 -1.544408530800183144e-01 -1.544417963692694684e-01 
       274  0.000000000000000000e+00 -3.125091392929846279e+01  2.389829791877673415e-01 -4.388192119768064003e-02  5.553435801925843407e-02 -1.211536730693296704e-02 -9.039545831410578103e-02 -9.039640879086618952e-02 
       275  0.000000000000000000e+00 -3.122892626623183787e+01  2.903835302737434176e-01  1.199370894244111696e-02  1.071460069264276171e-01  5.556556345140961639e-02 -1.548285985506936413e-02 -1.548377330050243472e-02 
       276  0.000000000000000000e+00 -3.120359602923042530e+01  3.382471355595271234e-01  7.395380038758503360e-02  1.632049884124171513e-01  1.297294065642518035e-01  6.896776275118554622e-02  6.896692720727060077e-02 
       277  0.000000000000000000e+00 -3.117377974671887841e+01  3.824770061030449142e-01  1.407063057961295272e-01  2.223701251663214862e-01  2.082998629656458434e-01  1.602915211217350588e-01  1.602907993359394823e-01 
       278  0.000000000000000000e+00 -3.113984410255795865e+01  4.217730253393483508e-01  2.093979278838560276e-01  2.817442171283346397e-01  2.875825840022798729e-01  2.541073460330380840e-01  2.541067673188308618e-01 
       279  0.000000000000000000e+00 -3.110585482647479694e+01  4.514799240857882978e-01  2.735421762461101025e-01  3.348225138093994246e-01  3.602508992659068099e-01  3.423246457490449757e-01  3.423242315387824419e-01 
       280  0.000000000000000000e+00 -3.108004323668365032e+01  4.631475303018532941e-01  3.244172399768103787e-01  3.728951512576941241e-01  4.167872300043882206e-01  4.146094678036433834e-01  4.146092305592219418e-01 
       281  0.000000000000000000e+00 -3.107117551381702469e+01  4.481791365843719177e-01  3.530571082382039094e-01  3.870561592167405252e-01  4.475219846759728171e-01  4.604514652711486633e-01  4.604514077057046961e-01 
       282  0.000000000000000000e+00 -3.108340988166560237e+01  4.029808946357888999e-01  3.542842039390734499e-01  3.724826090943906820e-01  4.469344505371282139e-01  4.734975295481262947e-01  4.734976442439347011e-01 
       283  0.000000000000000000e+00 -3.111367436916100360e+01  3.324325587149132843e-01  3.304407294207294399e-01  3.320211940390436212e-01  4.172602690043731855e-01  4.551991685152643186e-01  4.551994380477708546e-01 
       284  0.000000000000000000e+00 -3.115399133035646173e+01  2.460217918398939219e-01  2.891363377597144790e-01  2.739298448427689436e-01  3.662581799442250485e-01  4.126252224126574220e-01  4.126256200596571944e-01 
       285  0.000000000000000000e+00 -3.119651059733428156e+01  1.532503126428537144e-01  2.382414633452754060e-01  2.068220255002870545e-01  3.021808839322375206e-01  3.546696693538251566e-01  3.546701790122597231e-01 
       286  0.000000000000000000e+00 -3.123607614698403268e+01  6.114057703621256223e-02  1.833339512382963221e-01  1.370400636316162490e-01  2.319654044629260170e-01  2.877798909622697465e-01  2.877804825877774419e-01 
       287  0.000000000000000000e+00 -3.127021116311084370e+01 -2.581604633701317653e-02  1.277062892700087104e-01  6.831806162119846704e-02  1.596558838729151830e-01  2.158258424198038483e-01  2.158264830826510661e-01 
       288  0.000000000000000000e+00 -3.129919220563829185e+01 -1.058089918000177931e-01  7.225485586900504131e-02  1.929327259517776838e-03  8.684645211997121805e-02  1.405226346728341014e-01  1.405232903381374854e-01 
       289  0.000000000000000000e+00 -3.132522446198743182e+01 -1.789659108428622858e-01  1.623885872993469093e-02 -6.254005061714451585e-02  1.355654092674285494e-02  6.216724018781860650e-02  6.216787755079167255e-02 
       290  0.000000000000000000e+00 -3.135032107622748754e+01 -2.453194887791596557e-01 -4.068588399650252541e-02 -1.251584828430623020e-01 -5.976245434248994570e-02 -1.837236326389302121e-02 -1.837177502022768749e-02 
       291  0.000000000000000000e+00 -3.137567898033023539e+01 -3.042765965531089023e-01 -9.794085566750254657e-02 -1.851382213121723908e-01 -1.317429261797542495e-01 -9.920038927793939365e-02 -9.919987690182097140e-02 
       292  0.000000000000000000e+00 -3.140363253983252889e+01 -3.566678575657533656e-01 -1.560820175287744860e-01 -2.429217910242869038e-01 -2.022147335544559610e-01 -1.795419534341817780e-01 -1.795415383244289842e-01 
       293  0.000000000000000000e+00 -3.143809450959747664e+01 -4.052777750044924687e-01 -2.173446816323121311e-01 -3.007576860103426952e-01 -2.728163134372607601e-01 -2.603948159392075468e-01 -2.603945132422040842e-01 
       294  0.000000000000000000e+00 -3.148000598098269620e+01 -4.503657033970966950e-01 -2.811879940293238178e-01 -3.582654447903905748e-01 -3.426042761608414366e-01 -3.401824352953326525e-01 -3.401822534264056230e-01 
       295  0.000000000000000000e+00 -3.152329259575083142e+01 -4.856658322256635074e-01 -3.403283428273198297e-01 -4.084732932415136020e-01 -4.041333604790224854e-01 -4.108755924637534918e-01 -4.108755330557869456e-01 
       296  0.000000000000000000e+00 -3.155727464707069885e+01 -5.008082695825351038e-01 -3.832111653571246279e-01 -4.402737447946947213e-01 -4.459390954997388690e-01 -4.605100133169344190e-01 -4.605100715547223444e-01 
       297  0.000000000000000000e+00 -3.157252784310730931e+01 -4.871566969833338590e-01 -3.999218540873243910e-01 -4.442942433045118378e-01 -4.584211978934717990e-01 -4.790954806985610048e-01 -4.790956459681865454e-01 
       298  0.000000000000000000e+00 -3.156492110663441508e+01 -4.417486761166173892e-01 -3.862572906248260551e-01 -4.169080069701749380e-01 -4.378591498842752117e-01 -4.626478193163165997e-01 -4.626480761097582217e-01 
       299  0.000000000000000000e+00 -3.153596271955348129e+01 -3.667673155105148908e-01 -3.440798363679959948e-01 -3.605259174851198622e-01 -3.866935027172075934e-01 -4.134773056497351718e-01 -4.134776346365924837e-01 
       300  0.000000000000000000e+00 -3.149099923160849812e+01 -2.693914660303562414e-01 -2.794932482803460516e-01 -2.817342227043582170e-01 -3.116308130204288318e-01 -3.382913091240880021e-01 -3.382916883371080985e-01 
       301  0.000000000000000000e+00 -3.143717690930213848e+01 -1.588286079971794607e-01 -2.007497937429434387e-01 -1.891995860745510072e-01 -2.215073806612508633e-01 -2.460483070099144243e-01 -2.460487130690580670e-01 
       302  0.000000000000000000e+00 -3.138151187485891569e+01 -4.429996087355903001e-02 -1.162365700671443847e-01 -9.168282346513478842e-02 -1.252725940970549345e-01 -1.459274551988301027e-01 -1.459278645629638049e-01 
       303  0.000000000000000000e+00 -3.133012079420518603e+01  6.581537587953789625e-02 -3.360102217584426398e-02  2.796764931417783373e-03 -3.113908488205652247e-02 -4.646279307121403690e-02 -4.646318325785614434e-02 
       304  0.000000000000000000e+00 -3.128880840063231972e+01  1.634789975237254112e-01  4.126631685278425721e-02  8.645519873607554473e-02  5.291321771176171751e-02  4.397068878733989550e-02  4.397033805503269832e-02 
       305  0.000000000000000000e+00 -3.126265058284593579e+01  2.414927809505797995e-01  1.026135456626207088e-01  1.522579037933837753e-01  1.196438720162404934e-01  1.176837187484807146e-01  1.176834245200097939e-01 
       306  0.000000000000000000e+00 -3.125348957703045016e+01  2.960797719499623781e-01  1.469235728579860734e-01  1.965334001749852177e-01  1.651553348859806647e-01  1.702977919967452181e-01  1.702975672665161255e-01 
       307  0.000000000000000000e+00 -3.125776026644905414e+01  3.291248400222457349e-01  1.761494863715142856e-01  2.216591761120980664e-01  1.911745857004234495e-01  2.030508673457234181e-01  2.030507204611922134e-01 
       308  0.000000000000000000e+00 -3.126753123253149624e+01  3.475322125652837713e-01  1.970710826474260102e-01  2.371028657327087785e-01  2.042743173618646324e-01  2.218912079616757183e-01  2.218911423199187993e-01 
       309  0.000000000000000000e+00 -3.127470241564196840e+01  3.585630033759343860e-01  2.166365527539255709e-01  2.499535438848852209e-01  2.147776853951199882e-01  2.369024764392406723e-01  2.369024939446262579e-01 
       310  0.000000000000000000e+00 -3.127544053021574655e+01  3.655039735797345202e-01  2.376410727921438593e-01  2.632370604145535253e-01  2.256553933229952236e-01  2.510045726335192739e-01  2.510046713039173483e-01 
       311  0.000000000000000000e+00 -3.127151287777792277e+01  3.664292122937240492e-01  2.575049602381795921e-01  2.746798431256820550e-01  2.346462846318217998e-01  2.616392780871592549e-01  2.616394511239832354e-01 
       312  0.000000000000000000e+00 -3.126706747928062669e+01  3.574209840668345350e-01  2.715176577444253780e-01  2.799367201645281966e-01  2.374853798366984847e-01  2.643435771658459998e-01  2.643438135329461147e-01 
       313  0.000000000000000000e+00 -3.126333933918681396e+01  3.378527736246041968e-01  2.781492615915794886e-01  2.776247179260735720e-01  2.321855240529657749e-01  2.566325176734380875e-01  2.566327997693633733e-01 
       314  0.000000000000000000e+00 -3.125742206681240987e+01  3.115949172118916977e-01  2.796615113007874243e-01  2.697816509837593912e-01  2.216293381285368014e-01  2.416823150215350324e-01  2.416826243709238042e-01 
       315  0.000000000000000000e+00 -3.124686949548140547e+01  2.818121475660291253e-01  2.782516959194936135e-01  2.599368790801008799e-01  2.096659265417883944e-01  2.235440625158844341e-01  2.235443796778326941e-01 
       316  0.000000000000000000e+00 -3.123306960412878652e+01  2.484556199889311756e-01  2.734049008352030796e-01  2.480696612161636949e-01  1.966245617812774071e-01  2.028678657389946238e-01  2.028681715307811828e-01 
       317  0.000000000000000000e+00 -3.121898832813155877e+01  2.106134591492718755e-01  2.632776552458153674e-01  2.327658658545033177e-01  1.814175262115895748e-01  1.789717619633393042e-01  1.789720384982729229e-01 
       318  0.000000000000000000e+00 -3.120612438203158945e+01  1.689797035562605743e-01  2.476453388447907855e-01  2.140987415170911845e-01  1.643809207466802036e-01  1.526469187026577856e-01  1.526471502113508905e-01 
       319  0.000000000000000000e+00 -3.119477295353033242e+01  1.254701301760405840e-01  2.275102223364910969e-01  1.932091174072638751e-01  1.468425210553050420e-01  1.256999998799983587e-01  1.257001733462175252e-01 
       320  0.000000000000000000e+00 -3.118616965373473704e+01  8.094727559489456326e-02  2.028571700094516927e-01  1.700771589556779873e-01  1.288963384463386319e-01  9.871035949754514149e-02  9.871046517093873263e-02 
       321  0.000000000000000000e+00 -3.118436208544414967e+01  3.324986726397582970e-02  1.707426321213461051e-01  1.416422457507451327e-01  1.075206489132369825e-01  6.912982652158916608e-02  6.912985830024354073e-02 
       322  0.000000000000000000e+00 -3.119580095069443360e+01 -2.244598861523172673e-02  1.257119291390154103e-01  1.022375831968247439e-01  7.699960538570849167e-02  3.168065185252544325e-02  3.168060747441359126e-02 
       323  0.000000000000000000e+00 -3.122582295817790055e+01 -9.012091866907212534e-02  6.333550313649993768e-02  4.712663594102650677e-02  3.244446598000649828e-02 -1.814900809620212385e-02 -1.814912707595794927e-02 
       324  0.000000000000000000e+00 -3.127446718019541549e+01 -1.687319573345575918e-01 -1.560372816425115161e-02 -2.331004202414987958e-02 -2.602387237357106642e-02 -7.994345179736228602e-02 -7.994364023204525438e-02 
       325  0.000000000000000000e+00 -3.133455871115620539e+01 -2.503081146163594894e-01 -1.032051697354745556e-01 -1.016536433567125641e-01 -9.134105115231250238e-02 -1.464369743313227445e-01 -1.464372238601754361e-01 
       326  0.000000000000000000e+00 -3.139349023474346723e+01 -3.217475311910220626e-01 -1.862392338859990559e-01 -1.752007785083833369e-01 -1.512314592333723340e-01 -2.052501776814779078e-01 -2.052504772057091031e-01 
       327  0.000000000000000000e+00 -3.143821450740381351e+01 -3.698138385885840762e-01 -2.511314223512499666e-01 -2.309108728151159085e-01 -1.931401078350063472e-01 -2.438258464079581245e-01 -2.438261826717962322e-01 
       328  0.000000000000000000e+00 -3.146004980855411759e+01 -3.859285235298557382e-01 -2.887587926330752452e-01 -2.601833537121365225e-01 -2.090012005734251943e-01 -2.542034164877122748e-01 -2.542037747914491774e-01 
       329  0.000000000000000000e+00 -3.145613927783449526e+01 -3.676130924727658567e-01 -2.959222481022152351e-01 -2.603211327908638850e-01 -1.966846505871444606e-01 -2.344659334411289819e-01 -2.344662984492060787e-01 
       330  0.000000000000000000e+00 -3.142963517098530701e+01 -3.186649524589029170e-01 -2.755602618522061675e-01 -2.347213009402366879e-01 -1.601520002590177683e-01 -1.888835724633963764e-01 -1.888839290184023412e-01 
       331  0.000000000000000000e+00 -3.139008928122711950e+01 -2.495404574041231172e-01 -2.371546139089559802e-01 -1.932382311044875678e-01 -1.097792741161356389e-01 -1.282147580691344046e-01 -1.282150919203104422e-01 
       332  0.000000000000000000e+00 -3.134995839273074125e+01 -1.738327760268703059e-01 -1.932201423173864896e-01 -1.486351012491695656e-01 -5.877932166140453774e-02 -6.610598442466653069e-02 -6.610628283976893727e-02 
       333  0.000000000000000000e+00 -3.131861806075573895e+01 -1.022310204222094399e-01 -1.532879360039487437e-01 -1.105520637439667553e-01 -1.715028532828455354e-02 -1.301813185966693709e-02 -1.301838410608979757e-02 
       334  0.000000000000000000e+00 -3.130031903812903238e+01 -4.041226771312267374e-02 -1.218413654619325825e-01 -8.344303980413769750e-02  1.040494685196335922e-02  2.587778229633386218e-02  2.587758462209421850e-02 
       335  0.000000000000000000e+00 -3.129535142526970048e+01  9.849365931245301908e-03 -9.947776551666720479e-02 -6.774289571887948114e-02  2.332652065786078310e-02  4.957241674685519683e-02  4.957227955776488670e-02 
       336  0.000000000000000000e+00 -3.130132898391866547e+01  4.944015077558105986e-02 -8.420266489770256157e-02 -6.116956493269753992e-02  2.390907905748917983e-02  5.995348712838222127e-02  5.995341386017116747e-02 
       337  0.000000000000000000e+00 -3.131471233995523562e+01  8.041569122997316299e-02 -7.296710151717888948e-02 -6.026943276037854957e-02  1.576733412844077975e-02  6.029359478566220787e-02  6.029358656746808265e-02 
       338  0.000000000000000000e+00 -3.133183869906349628e+01  1.050003690414769153e-01 -6.270559075960591144e-02 -6.146655646523413452e-02  2.785606777479188167e-03  5.421450373535208200e-02  5.421455967393740139e-02 
       339  0.000000000000000000e+00 -3.134889496921516638e+01  1.256488413332590426e-01 -5.030711755387073936e-02 -6.105787060585043946e-02 -1.089369871579037863e-02  4.568053628884172213e-02  4.568065378680330468e-02 
       340  0.000000000000000000e+00 -3.136239992647404051e+01  1.446043623957393720e-01 -3.308992013728584425e-02 -5.572281017396107927e-02 -2.139982548487751046e-02  3.846966247147065587e-02  3.846983755829569418e-02 
       341  0.000000000000000000e+00 -3.137146330547034268e+01  1.616783006389823640e-01 -1.104771282041383529e-02 -4.479987983336286561e-02 -2.742891501259236975e-02  3.387843454652283981e-02  3.387866221737567685e-02 
       342  0.000000000000000000e+00 -3.138008561630567783e+01  1.719861457322622300e-01  1.087865544343458168e-02 -3.258405354119986441e-02 -3.257107872775577562e-02  2.838834098088227620e-02  2.838861551026639063e-02 
       343  0.000000000000000000e+00 -3.139532176748787151e+01  1.678230057439122902e-01  2.467811799806440831e-02 -2.649049916965395823e-02 -4.352512303137245908e-02  1.543105725465920841e-02  1.543137238809322298e-02 
       344  0.000000000000000000e+00 -3.142056381447059721e+01  1.454180567407092894e-01  2.601580803218439542e-02 -3.037023059016519255e-02 -6.347407375551483710e-02 -8.015551358994343900e-03 -8.015202394858533808e-03 
       345  0.000000000000000000e+00 -3.145101844064174657e+01  1.094732585422661941e-01  1.875749294072193152e-02 -4.004356517418727890e-02 -8.766163992811470962e-02 -3.702648555906762340e-02 -3.702611018536572374e-02 
       346  0.000000000000000000e+00 -3.147702755959085152e+01  6.982812749106415140e-02  1.164204501696985972e-02 -4.664853742031027650e-02 -1.067541177288831022e-01 -6.209844783097651089e-02 -6.209805424612113711e-02 
       347  0.000000000000000000e+00 -3.149029181978471570e+01  3.520697323676813539e-02  1.208038705624403519e-02 -4.282107256074141333e-02 -1.130159605734206707e-01 -7.532010655734211468e-02 -7.531970375418950425e-02 
       348  0.000000000000000000e+00 -3.148696116849225746e+01  1.011207697774807457e-02  2.313447974120208528e-02 -2.568052157960210025e-02 -1.032944270424422939e-01 -7.335122145616423950e-02 -7.335081910514418269e-02 
       349  0.000000000000000000e+00 -3.146823824763021094e+01 -5.773544633370875090e-03  4.300624416180198750e-02  2.679546284639400255e-03 -7.951963535242612124e-02 -5.792375924397674680e-02 -5.792336748334037111e-02 
       350  0.000000000000000000e+00 -3.143980156030033868e+01 -1.700017450195900892e-02  6.568727821672837308e-02  3.584701475267593196e-02 -4.805351241691369069e-02 -3.519352984017132258e-02 -3.519315900439323741e-02 
       351  0.000000000000000000e+00 -3.140925166610384167e+01 -2.986117696354995132e-02  8.354900049641855730e-02  6.569763823790708557e-02 -1.707286137070695986e-02 -1.312190781777644588e-02 -1.312156808398867724e-02 
       352  0.000000000000000000e+00 -3.138292983906342215e+01 -4.922571509109729959e-02  9.053763505403367162e-02  8.562446551445646037e-02  6.675326522781688254e-03  1.769868305927957408e-03  1.770167326299088018e-03 
       353  0.000000000000000000e+00 -3.136451446823389233e+01 -7.711756178105133586e-02  8.358106803166265308e-02  9.197858301365613443e-02  1.932216370857986476e-02  5.842927117214458121e-03  5.843176779990244540e-03 
       354  0.000000000000000000e+00 -3.135398892321939002e+01 -1.117856974362894107e-01  6.360734359270736604e-02  8.510865473397188907e-02  2.092076859219105245e-02 -6.263865889195585623e-04 -6.261936321152461460e-04 
       355  0.000000000000000000e+00 -3.134698634369829051e+01 -1.471132899566782726e-01  3.614790265191913932e-02  6.999622969385654869e-02  1.609271859194905119e-02 -1.280968880303134938e-02 -1.280955835795793973e-02 
       356  0.000000000000000000e+00 -3.133810573721996207e+01 -1.760108153007422516e-01  7.648458572816707601e-03  5.290912150985604967e-02  1.069680973864706175e-02 -2.466554476586679812e-02 -2.466548092309039930e-02 
       357  0.000000000000000000e+00 -3.132524289088053138e+01 -1.948257185670172476e-01 -1.819693563629698474e-02  3.684463240290369868e-02  7.465853124585919431e-03 -3.331418107154604513e-02 -3.331418615289294394e-02 
       358  0.000000000000000000e+00 -3.130917406307798956e+01 -2.029940227789666096e-01 -4.046189194627913821e-02  2.196842014836875023e-02  6.092170215652004117e-03 -3.870471735979208461e-02 -3.870479202146270836e-02 
       359  0.000000000000000000e+00 -3.129133611570159701e+01 -2.008794116223953097e-01 -5.886663139278880408e-02  8.244328217415386462e-03  5.603620110150586697e-03 -4.206268844154692488e-02 -4.206282900827318372e-02 
       360  0.000000000000000000e+00 -3.127346976482067475e+01 -1.894761372185485016e-01 -7.354555687038555334e-02 -4.675318447766585450e-03  5.143626454241712054e-03 -4.439851896529489750e-02 -4.439872491502683260e-02 
       361  0.000000000000000000e+00 -3.125665295652947862e+01 -1.694965465923132797e-01 -8.418375505266340042e-02 -1.654568762705821428e-02  4.513460101748023590e-03 -4.593125458052327303e-02 -4.593152397421818023e-02 
       362  0.000000000000000000e+00 -3.124035334381039775e+01 -1.404484992134484855e-01 -8.911327313239780779e-02 -2.560553993691883079e-02  5.146363300582379452e-03 -4.523408887268942635e-02 -4.523441814183115639e-02 
       363  0.000000000000000000e+00 -3.122507752013689242e+01 -1.032683281027857447e-01 -8.795400361748306750e-02 -3.122083070002190652e-02  7.486039364380303596e-03 -4.183347851392227312e-02 -4.183386199815686268e-02 
       364  0.000000000000000000e+00 -3.121522705956999744e+01 -6.313112450891367189e-02 -8.444288315217818308e-02 -3.672295120486523956e-02  8.141871273551259947e-03 -3.905670082758661010e-02 -3.905713029610069498e-02 
       365  0.000000000000000000e+00 -3.121598475940959361e+01 -2.627909043769705022e-02 -8.330675443460222596e-02 -4.629962713534041541e-02  2.971468195937632117e-03 -4.097231794060007815e-02 -4.097278237520640687e-02 
       366  0.000000000000000000e+00 -3.122751600543961104e+01  5.833127223240808235e-03 -8.448445095007173222e-02 -5.925611926511464844e-02 -7.210299457142355095e-03 -4.670784675852246437e-02 -4.670833250384021085e-02 
       367  0.000000000000000000e+00 -3.124483697824859973e+01  3.671213318648369750e-02 -8.304852384844707558e-02 -6.999228282609237795e-02 -1.663086913902134256e-02 -5.046736376527860557e-02 -5.046785497859218594e-02 
       368  0.000000000000000000e+00 -3.126258502321206834e+01  7.008088314182714385e-02 -7.403759436783730052e-02 -7.289336267058388330e-02 -1.947301911604881752e-02 -4.645670963191150804e-02 -4.645718892311379022e-02 
       369  0.000000000000000000e+00 -3.127824782306095130e+01  1.066706725961239499e-01 -5.573196894397369761e-02 -6.566130233477451839e-02 -1.324204352260949236e-02 -3.226821725263562257e-02 -3.226866650413739990e-02 
       370  0.000000000000000000e+00 -3.129176429503422696e+01  1.446508010374145670e-01 -2.928228521886921953e-02 -4.899190074252146587e-02  1.517161040737846633e-03 -8.619623929462250089e-03 -8.620025319942214992e-03 
       371  0.000000000000000000e+00 -3.130281938529913077e+01  1.823744807626326292e-01  3.985068067436259298e-03 -2.390553915211057756e-02  2.387706671117939550e-02  2.329553428785402502e-02  2.329519714066918823e-02 
       372  0.000000000000000000e+00 -3.130876477888091358e+01  2.205054185986909943e-01  4.467697867949027568e-02  1.037044105453333032e-02  5.466720789434020844e-02  6.396643128766754671e-02  6.396617225937006879e-02 
       373  0.000000000000000000e+00 -3.130545542620563992e+01  2.612460738019990458e-01  9.459887122147847549e-02  5.569141199100613449e-02  9.578965496268665447e-02  1.149131701016585794e-01  1.149129997457976060e-01 
       374  0.000000000000000000e+00 -3.129122356353059331e+01  3.044600173147955502e-01  1.529463469167922085e-01  1.112044635837037276e-01  1.464347226735753793e-01  1.749299658752079267e-01  1.749298909068102148e-01 
       375  0.000000000000000000e+00 -3.127149354388177471e+01  3.431749813634041857e-01  2.118720676209022713e-01  1.689308074300015505e-01  1.986655589934116506e-01  2.356897540545332959e-01  2.356897770931709601e-01 
       376  0.000000000000000000e+00 -3.125777149445991654e+01  3.647038384203824535e-01  2.576604210780715221e-01  2.149735885489008069e-01  2.386474845845896198e-01  2.829988735036295111e-01  2.829989930537522014e-01 
       377  0.000000000000000000e+00 -3.125977973796534570e+01  3.585981564675648769e-01  2.787446939031497095e-01  2.375870761038640921e-01  2.547541340228463014e-01  3.049396278560152496e-01  3.049398385859376504e-01 
       378  0.000000000000000000e+00 -3.127903291137067754e+01  3.231438061900462344e-01  2.722794024346057995e-01  2.337973025976225472e-01  2.442122063862370851e-01  2.985486972204398626e-01  2.985489905690883461e-01 
       379  0.000000000000000000e+00 -3.131069869885448043e+01  2.635611157080575140e-01  2.424078888125222875e-01  2.076831964484426862e-01  2.113712995288778984e-01  2.680985870741778854e-01  2.680989520566754436e-01 
       380  0.000000000000000000e+00 -3.135032288254933519e+01  1.853149158966971299e-01  1.936050784056533303e-01  1.636846143987895630e-01  1.609695951531193714e-01  2.183492832956517304e-01  2.183497072898035185e-01 
       381  0.000000000000000000e+00 -3.139656163158292657e+01  9.136095773169472523e-02  1.279180243665223315e-01  1.037849326417017437e-01  9.526548727319550380e-02  1.516503812271139395e-01  1.516508505891351888e-01 
       382  0.000000000000000000e+00 -3.144843897307032421e+01 -1.520764275812780397e-02  4.759323000757831323e-02  3.009483052960604255e-02  1.657910364315284824e-02  7.044846953408523405e-02  7.044896997831529006e-02 
       383  0.000000000000000000e+00 -3.150324340575241422e+01 -1.292111936509172665e-01 -4.297710784726405109e-02 -5.322357195166205202e-02 -7.081381869875258417e-02 -2.084970172916200681e-02 -2.084918499463128683e-02 
       384  0.000000000000000000e+00 -3.155696902323609265e+01 -2.439997940051625847e-01 -1.378558589265139744e-01 -1.405698983830916404e-01 -1.613116946057289169e-01 -1.165273144530374339e-01 -1.165267967516001590e-01 
       385  0.000000000000000000e+00 -3.160571255414652114e+01 -3.530208764620965667e-01 -2.311081451242671392e-01 -2.264433550136573103e-01 -2.495201270478446531e-01 -2.110966819611803658e-01 -2.110961791810268551e-01 
       386  0.000000000000000000e+00 -3.164758559777067148e+01 -4.518853064352015281e-01 -3.188438893996590195e-01 -3.074348483775111163e-01 -3.322196670823132081e-01 -3.012622855677591360e-01 -3.012618141048051257e-01 
       387  0.000000000000000000e+00 -3.168190826280840611e+01 -5.376834278514479593e-01 -3.985063348605990541e-01 -3.814483966483521726e-01 -4.075550631769147003e-01 -3.850987751053480679e-01 -3.850983516998667255e-01 
       388  0.000000000000000000e+00 -3.170479317900901606e+01 -6.046491313749129404e-01 -4.645166128809705697e-01 -4.433048230807798973e-01 -4.706020679811899754e-01 -4.575979553981142089e-01 -4.575975968112970804e-01 
       389  0.000000000000000000e+00 -3.170801849498741376e+01 -6.430799466143071186e-01 -5.071843502007595816e-01 -4.836365222304266354e-01 -5.122177224583310817e-01 -5.094899234260310550e-01 -5.094896458344919665e-01 
       390  0.000000000000000000e+00 -3.168403058909461834e+01 -6.443683983912933400e-01 -5.177210123539452979e-01 -4.938731345816904650e-01 -5.239783166765619171e-01 -5.321507383353036857e-01 -5.321505563772461755e-01 
       391  0.000000000000000000e+00 -3.163033243176164433e+01 -6.053964742213793215e-01 -4.925990157984188045e-01 -4.705442393465091300e-01 -5.024447875185842349e-01 -5.218489920288220674e-01 -5.218489176181719813e-01 
       392  0.000000000000000000e+00 -3.154853868323334609e+01 -5.275592195370109039e-01 -4.325445339167117709e-01 -4.142172138020896455e-01 -4.480853505993991348e-01 -4.786677479603440588e-01 -4.786677890929240675e-01 
       393  0.000000000000000000e+00 -3.144155784981410307e+01 -4.138787926677878204e-01 -3.396573893262484489e-01 -3.266090156548671075e-01 -3.623938046831653992e-01 -4.036358192763600528e-01 -4.036359790171673012e-01 
       394  0.000000000000000000e+00 -3.131246822742321001e+01 -2.678023534809881312e-01 -2.162607739694522024e-01 -2.094852778690210471e-01 -2.468175619715111679e-01 -2.976793854767265657e-01 -2.976796612172165624e-01 
       395  0.000000000000000000e+00 -3.116426827413920364e+01 -9.289647587399940676e-02 -6.468079540593407728e-02 -6.452396811391736264e-02 -1.026779756500673102e-01 -1.615832262795038332e-01 -1.615836093521920702e-01 
       396  0.000000000000000000e+00 -3.100151581106410958e+01  1.055310450713022874e-01  1.110264298301899544e-01  1.048637384302537612e-01  6.693759944016619556e-02  2.059834456986209261e-03  2.059358672681810276e-03 
       397  0.000000000000000000e+00 -3.083422301005361987e+01  3.165138314705018274e-01  3.010464110719794917e-01  2.894210701572319522e-01  2.530076601775590461e-01  1.846251112958725571e-01  1.846245627068583417e-01 
       398  0.000000000000000000e+00 -3.067898959054116403e+01  5.222429968044934867e-01  4.885301080608996926e-01  4.727113625027641319e-01  4.392148373796089800e-01  3.700562867530834410e-01  3.700556894284545706e-01 
       399  0.000000000000000000e+00 -3.055517655911648944e+01  7.018420618419440871e-01  6.533143663618830033e-01  6.348136153424093209e-01  6.056326070794284533e-01  5.385315691477217115e-01  5.385309499037020942e-01 
       400  0.000000000000000000e+00 -3.047907673873089607e+01  8.371784781292035404e-01  7.777129749464393171e-01  7.581214096242092637e-01  7.345279097297634507e-01  6.722590013017679667e-01  6.722583881563650721e-01 
       401  0.000000000000000000e+00 -3.045947130665354052e+01  9.173423457781382240e-01  8.509951921078027226e-01  8.318548248159913783e-01  8.148913557055266210e-01  7.600130748012361437e-01  7.600124954082048134e-01 
       402  0.000000000000000000e+00 -3.049714730620360115e+01  9.392164966996006115e-01  8.699706604304537905e-01  8.526815106090452900e-01  8.430880687851640687e-01  7.978068928279071770e-01  7.978063730091662364e-01 
       403  0.000000000000000000e+00 -3.058747633583914194e+01  9.050218092119166613e-01  8.365642867130418381e-01  8.223099999395344639e-01  8.204840538801363437e-01  7.865520719105916214e-01  7.865516344181742170e-01 
       404  0.000000000000000000e+00 -3.072458427497952016e+01  8.182840498919858874e-01  7.538269796958729785e-01  7.435110772129291945e-01  7.494937508199654985e-01  7.281413210306482142e-01  7.281409846325459512e-01 
       405  0.000000000000000000e+00 -3.090658109893735173e+01  6.787331467197077473e-01  6.208917381158585158e-01  6.150919852173615254e-01  6.285688568399905307e-01  6.204625714204894393e-01  6.204623502620734143e-01 
       406  0.000000000000000000e+00 -3.113607916615080740e+01  4.818956129154230439e-01  4.326267068941547222e-01  4.315701079972313892e-01  4.518838710134787107e-01  4.571031446180313651e-01  4.571030477409294690e-01 
       407  0.000000000000000000e+00 -3.141219815344902599e+01  2.271731892339516889e-01  1.877673109980833033e-01  1.913286316648736829e-01  2.174975924129967098e-01  2.353643740563029496e-01  2.353644034768080928e-01 
       408  0.000000000000000000e+00 -3.172087582535101546e+01 -7.241644794271451246e-02 -1.012968651801315900e-01 -9.371365094699513065e-02 -6.310872174077530872e-02 -3.365287228905344818e-02 -3.365271838987382580e-02 
       409  0.000000000000000000e+00 -3.203034955254224769e+01 -3.857139141426841888e-01 -4.041755601811019005e-01 -3.932920557451780041e-01 -3.596230599333694045e-01 -3.201307211202788494e-01 -3.201304498284684996e-01 
       410  0.000000000000000000e+00 -3.229132395037754577e+01 -6.638093721867903696e-01 -6.721190374797743061e-01 -6.587140075652087035e-01 -6.234265904542439785e-01 -5.758692515011034629e-01 -5.758688748433655746e-01 
       411  0.000000000000000000e+00 -3.244288466121059855e+01 -8.453676546654378399e-01 -8.440975522393614483e-01 -8.290037453749050655e-01 -7.935316775037790649e-01 -7.402120624503822910e-01 -7.402115969060787393e-01 
       412  0.000000000000000000e+00 -3.242956372427266842e+01 -8.740665562340268480e-01 -8.640042416412825332e-01 -8.480513915714027462e-01 -8.137405853210566420e-01 -7.571930370485233652e-01 -7.571925028618124998e-01 
       413  0.000000000000000000e+00 -3.223229800219860408e+01 -7.296342096024659440e-01 -7.117216411298272760e-01 -6.956835877560934023e-01 -6.637163804635406450e-01 -6.065941975267605812e-01 -6.065936178241031485e-01 
       414  0.000000000000000000e+00 -3.189951947057619464e+01 -4.590456744498965236e-01 -4.343273454500717889e-01 -4.188681163968226429e-01 -3.901786515316985060e-01 -3.351289550683418383e-01 -3.351283548247465660e-01 
