                    Count                    Target                     Error                Dwell Time           Expected Figure             Sputter Yield              Error in RMS           Target Elements             Unit Elements            Total Elements 
                      255  2.411033932850311885e+03  4.366177771949423914e+00  1.991417513455214794e+04  2.406667755078362461e+03  3.918404360786000175e-06  4.334541036698912331e-01  4.150000000000000000e+02  2.550000000000000000e+02  9.250000000000000000e+02 
                      256  2.365677599539123094e+03  2.076011175788153196e+00  1.968495305325614754e+04  2.363601588363334940e+03  3.044174852582999912e-06 
                      257  2.321096926501150847e+03  1.067763097535134875e-01  1.942668133241726173e+04  2.320990150191397333e+03  2.088357922029000105e-06 
                      258  2.277601587780778573e+03 -1.290053251497283782e+00  1.914273815112694137e+04  2.278891641032275857e+03  1.120489146738999952e-06 
                      259  2.235289574581248417e+03 -2.065983531419988140e+00  1.884297115854352887e+04  2.237355558112668405e+03  3.551552584570000193e-07 
                      260  2.194120430830583700e+03 -2.301737143550326437e+00  1.853797351716593039e+04  2.196422167974134027e+03  0.000000000000000000e+00 
                      261  2.153985434212240307e+03 -2.137013647065032274e+00  1.823291333104512159e+04  2.156122447859305339e+03  1.036443864939999997e-07 
                      262  2.114755142117228843e+03 -1.723402208597235585e+00  1.792507301046580324e+04  2.116478544325826078e+03  5.426631313589999780e-07 
                      263  2.076311711518349512e+03 -1.192924655936622003e+00  1.760595485235816886e+04  2.077504636174286134e+03  1.132719768176000000e-06 
                      264  2.038564588420057817e+03 -6.433786990996850363e-01  1.726543449566563504e+04  2.039207967119157502e+03  1.745905744449999979e-06 
                      265  2.001451005093146705e+03 -1.388296465052007989e-01  1.689479175822983598e+04  2.001589834739651906e+03  2.345039050481999845e-06 
                      266  1.964930708196227897e+03  2.842617173951111909e-01  1.648770986357639049e+04  1.964646446478832786e+03  2.935713939625000164e-06 
                      267  1.928978969137947843e+03  6.092993570687212923e-01  1.604131104857600621e+04  1.928369669780879121e+03  3.498550653989000206e-06 
                      268  1.893578419987672078e+03  8.306858989794818626e-01  1.555885114475694536e+04  1.892747734088692596e+03  3.985363392039999618e-06 
                      269  1.858714454259262538e+03  9.485682662621002237e-01  1.505187792353664918e+04  1.857765885993000438e+03  4.390451087941000091e-06 
                      270  1.824375870450563070e+03  9.689176582833169959e-01  1.453850262424814355e+04  1.823406952792279753e+03  4.789287130890999613e-06 
                      271  1.790557218959206011e+03  9.053941656422921369e-01  1.403841908411125951e+04  1.789651824793563719e+03  5.269971025981000286e-06 
                      272  1.757259402422880839e+03  7.794488150505003432e-01  1.356889029831717016e+04  1.756479953607830339e+03  5.837622336022999851e-06 
                      273  1.724486373089157951e+03  6.163211035964195617e-01  1.314434916485660324e+04  1.723870051985561531e+03  6.421873382033000070e-06 
                      274  1.692239135771156043e+03  4.379279806071281200e-01  1.277731388749735015e+04  1.691801207790548915e+03  6.968542944700000092e-06 
                      275  1.660512784347310571e+03  2.606897557689080713e-01  1.247715919289146223e+04  1.660252094591541663e+03  7.485337759181999853e-06 
                      276  1.629298855389774644e+03  9.621352531758020632e-02  1.224783415968993540e+04  1.629202641864457064e+03  8.022119957639999566e-06 
                      277  1.598588170524964426e+03 -4.655639450106718868e-02  1.208681125306679860e+04  1.598634726919465493e+03  8.642188729062999888e-06 
                      278  1.568371736852882123e+03 -1.610661909696773364e-01  1.198441162148966941e+04  1.568532803043851800e+03  9.384360662028000492e-06 
                      279  1.538641300789434581e+03 -2.430555178711983899e-01  1.192321880014231101e+04  1.538884356307305779e+03  1.023196457652700004e-05 
                      280  1.509389789620339570e+03 -2.906659922273320262e-01  1.187921773558428686e+04  1.509680455612566902e+03  1.113581577511100061e-05 
                      281  1.480611243051196425e+03 -3.039831768860494776e-01  1.182522318450620151e+04  1.480915226228082474e+03  1.205087829707800034e-05 
                      282  1.452299613392652873e+03 -2.857133276884269435e-01  1.173569792597663763e+04  1.452585326720341300e+03  1.291493313745800007e-05 
                      283  1.424447262098781948e+03 -2.424099234729055752e-01  1.159205436483171434e+04  1.424689672022254854e+03  1.361985295930099990e-05 
                      284  1.397045362273551518e+03 -1.834823594610952568e-01  1.138774594755609905e+04  1.397228844633012613e+03  1.406859061849899974e-05 
                      285  1.370084854266208595e+03 -1.197956387561589509e-01  1.113067532000136634e+04  1.370204649904964754e+03  1.427777483117200082e-05 
                      286  1.343556046003940082e+03 -6.286721886090163025e-02  1.083985805837846237e+04  1.343618913222800984e+03  1.439310109006599978e-05 
                      287  1.317449462669973855e+03 -2.319926176096487325e-02  1.053770447210274870e+04  1.317472661931734820e+03  1.458131643703899979e-05 
                      288  1.291759215655249363e+03 -6.380529697480596951e-03  1.024279998007408540e+04  1.291765596184946844e+03  1.490923037924999976e-05 
                      289  1.266485366395476831e+03 -1.036895131528581260e-02  9.966162617635420247e+03  1.266495735346792117e+03  1.533393394712899831e-05 
                      290  1.241633060282661745e+03 -2.632342541596699448e-02  9.711061887370133263e+03  1.241659383708077712e+03  1.581011279873200046e-05 
                      291  1.217209178174510271e+03 -4.211834594343599747e-02  9.475365885885337775e+03  1.217251296520453707e+03  1.638253640010000004e-05 
                      292  1.193217754155326475e+03 -4.721172851873234322e-02  9.254225582494065748e+03  1.193264965883845207e+03  1.715463399868199951e-05 
                      293  1.169656303481937812e+03 -3.672758261177477834e-02  9.040553788126069776e+03  1.169693031064549587e+03  1.820264144447900052e-05 
                      294  1.146514982590992076e+03 -1.281272057531168684e-02  8.823776327500334446e+03  1.146527795311567388e+03  1.956434815917099893e-05 
                      295  1.123778836159038065e+03  1.710045387085301627e-02  8.590240678356416538e+03  1.123761735705167212e+03  2.128898808894199953e-05 
                      296  1.101432226387448281e+03  4.435780264748245827e-02  8.326686809911021555e+03  1.101387868584800799e+03  2.344599270497399923e-05 
                      297  1.079463266826063773e+03  6.335187232616590336e-02  8.024753017610037205e+03  1.079399914953737607e+03  2.608336304762799902e-05 
                      298  1.057865173979213296e+03  7.286829590861998440e-02  7.684511695107905325e+03  1.057792305683304676e+03  2.921592562222799847e-05 
                      299  1.036634025332654346e+03  7.394077547360211611e-02  7.316374802487225679e+03  1.036560084557180744e+03  3.288167672655199894e-05 
                      300  1.015766615598790622e+03  6.789867880320343829e-02  6.940804661804314492e+03  1.015698716919987419e+03  3.718813694973700237e-05 
                      301  9.952599434997551953e+02  5.613910800991561700e-02  6.585184663721028301e+03  9.952038043917452796e+02  4.224835123584500055e-05 
                      302  9.751102452145507868e+02  3.945427398230094695e-02  6.278435340054620610e+03  9.750707909405684859e+02  4.806672832701800287e-05 
                      303  9.553123311980762082e+02  1.754401408106787130e-02  6.046140174506439507e+03  9.552947871839951404e+02  5.451830070345600016e-05 
                      304  9.358610136657715657e+02 -9.546911094957977184e-03  5.907785837232833728e+03  9.358705605768665237e+02  6.140454224170700391e-05 
                      305  9.167534921049804097e+02 -3.918214857640123228e-02  5.873727845013377191e+03  9.167926742535568110e+02  6.849814660074699782e-05 
                      306  8.979903358810483951e+02 -6.541616662013893801e-02  5.941021595814578177e+03  8.980557520476685340e+02  7.560302048968200073e-05 
                      307  8.795742264891903233e+02 -8.057573565179154684e-02  6.091918120399472173e+03  8.796548022248421148e+02  8.263002613430099500e-05 
                      308  8.615080373639138998e+02 -7.745301152601768990e-02  6.296823103494029056e+03  8.615854903754399174e+02  8.961043352794999348e-05 
                      309  8.437922752639304917e+02 -5.270734971816182224e-02  6.519803240301866936e+03  8.438449826136486536e+02  9.664089828090800035e-05 
                      310  8.264219949593835963e+02 -8.403561789009472704e-03  6.725731745911532016e+03  8.264303985211726058e+02  1.038431217670970040e-04 
                      311  8.093866064536272233e+02  4.705781073437265150e-02  6.887820120969180607e+03  8.093395486428928507e+02  1.113879838614830023e-04 
                      312  7.926728286110849240e+02  1.020320101655443068e-01  6.991973578743835787e+03  7.925707966009193797e+02  1.194925759311920064e-04 
                      313  7.762671192310219794e+02  1.444042442890349776e-01  7.035654930221474388e+03  7.761227149867329445e+02  1.283197886785560050e-04 
                      314  7.601569719425233416e+02  1.632526875969233515e-01  7.022872963987256298e+03  7.599937192549264182e+02  1.379049384082719869e-04 
                      315  7.443340844627426804e+02  1.523225426295766738e-01  6.959892860419587123e+03  7.441817619201131038e+02  1.482183877045639925e-04 
                      316  7.287986332911730187e+02  1.145541315884202049e-01  6.854584210779839850e+03  7.286840791595845985e+02  1.592665922250089989e-04 
                      317  7.135587514894608603e+02  6.178361087302164378e-02  6.717130045505546150e+03  7.134969678785878386e+02  1.710902180380100002e-04 
                      318  6.986246349385174881e+02  8.986402467598963995e-03  6.558629497665475355e+03  6.986156485360498891e+02  1.836907276234419923e-04 
                      319  6.840028056144585662e+02 -3.148996849085961003e-02  6.387674497685376991e+03  6.840342955829494258e+02  1.970113981269479959e-04 
                      320  6.696925189376722756e+02 -5.372675479827648815e-02  6.207350660961831636e+03  6.697462456924705521e+02  2.110221260197949953e-04 
                      321  6.556841979342964351e+02 -6.011460151739811408e-02  6.014656015540307635e+03  6.557443125358138332e+02  2.258497894376409890e-04 
                      322  6.419612893386149608e+02 -5.982821643510760623e-02  5.802652566146876779e+03  6.420211175550500684e+02  2.418257449582760117e-04 
                      323  6.285057597983434334e+02 -6.364558401969588886e-02  5.563559164247049921e+03  6.285694053823631293e+02  2.593975671062700083e-04 
                      324  6.153043137845518231e+02 -7.806314378649403807e-02  5.290776979805025803e+03  6.153823769283383172e+02  2.790108975379870207e-04 
                      325  6.023506326419383186e+02 -1.034103696047168341e-01  4.980843940728644156e+03  6.024540430115430354e+02  3.010630424544930061e-04 
                      326  5.896440822055601529e+02 -1.354336422809865326e-01  4.637435204628493921e+03  5.897795158478411395e+02  3.258687261870839812e-04 
                      327  5.771892886350613026e+02 -1.658705357145890957e-01  4.275059689746220101e+03  5.773551591707758917e+02  3.535750153341339890e-04 
                      328  5.649953310400868531e+02 -1.832703962518280605e-01  3.916677362900965818e+03  5.651786014363386812e+02  3.841343924205729843e-04 
                      329  5.530714020457992319e+02 -1.772271516310865991e-01  3.584652620820922039e+03  5.532486291974303185e+02  4.173863816766089970e-04 
                      330  5.414221725913566843e+02 -1.427715659314117147e-01  3.292735396225356908e+03  5.415649441572880960e+02  4.531031951943430042e-04 
                      331  5.300463109176421312e+02 -8.149610435657450580e-02  3.046074322352789295e+03  5.301278070219987057e+02  4.909211211752789695e-04 
                      332  5.189373903147049987e+02 -2.708507001898396993e-04  2.847129326539716203e+03  5.189376611654051885e+02  5.302638507159330300e-04 
                      333  5.080867068660313066e+02  9.187531804656146051e-02  2.700488146101515667e+03  5.079948315479847452e+02  5.703927837110280095e-04 
                      334  4.974855242267482254e+02  1.862048235139468488e-01  2.612907438520760934e+03  4.972993194032342785e+02  6.105724426813879469e-04 
                      335  4.871250709282764433e+02  2.744248206494717124e-01  2.589086457040690675e+03  4.868506461076269716e+02  6.502094833487249851e-04 
                      336  4.769974005006058633e+02  3.496829721458425411e-01  2.626297344919466468e+03  4.766477175284600207e+02  6.889076059516840078e-04 
                      337  4.670960053361845326e+02  4.072819492548092057e-01  2.711705166095658115e+03  4.666887233869297233e+02  7.264831894729050204e-04 
                      338  4.574131258688447588e+02  4.420406745884974953e-01  2.823455409715066708e+03  4.569710851942562613e+02  7.629301818770269908e-04 
                      339  4.479374579990460461e+02  4.459899076745159618e-01  2.934450912940433682e+03  4.474914680913715301e+02  7.983073893274490219e-04 
                      340  4.386562768246012638e+02  4.103847989547944053e-01  3.018347614119791160e+03  4.382458920256464694e+02  8.326198227953599939e-04 
                      341  4.295600468794876861e+02  3.301048444640173329e-01  3.056631285769679835e+03  4.292299420350236687e+02  8.657728859284529984e-04 
                      342  4.206459709964735794e+02  2.069775142447838334e-01  3.043413597486330673e+03  4.204389934822287955e+02  8.975826549570309516e-04 
                      343  4.119192191427674743e+02  5.087093383554019965e-02  2.984849647039873162e+03  4.118683482089319341e+02  9.278187628319180345e-04 
                      344  4.033918338242375512e+02 -1.214070772610966742e-01  2.893682691094494203e+03  4.035132409014986479e+02  9.562688655218799967e-04 
                      345  3.950795066283205870e+02 -2.892340657388103864e-01  2.783117073834750954e+03  3.953687406940593974e+02  9.827697459996839920e-04 
                      346  3.869966403465034546e+02 -4.329752095877665852e-01  2.663789612631429463e+03  3.874296155560912212e+02  1.007206028214905963e-03 
                      347  3.791518423177524824e+02 -5.383988405777699882e-01  2.543772203768351574e+03  3.796902411583302523e+02  1.029527626566083005e-03 
                      348  3.715464155975378162e+02 -5.981953859874238333e-01  2.430196281970008386e+03  3.721446109835252400e+02  1.049755392883893910e-03 
                      349  3.641745529194732853e+02 -6.119233674697852621e-01  2.331286721553833104e+03  3.647864762869430706e+02  1.067946636553450098e-03 
                      350  3.570241727832568586e+02 -5.854482432834515748e-01  2.255431402446352422e+03  3.576096210265403101e+02  1.084176818060498962e-03 
                      351  3.500805026985570407e+02 -5.277286108352541305e-01  2.205552086622311435e+03  3.506082313093922949e+02  1.098575973517437092e-03 
                      352  3.433302356416990619e+02 -4.470377439452022372e-01  2.173792196565166705e+03  3.437772733856442642e+02  1.111374772582231088e-03 
                      353  3.367620235209226394e+02 -3.507854132031411609e-01  2.142498180502152536e+03  3.371128089341257805e+02  1.122880930565439955e-03 
                      354  3.303658135604948143e+02 -2.464318907830715943e-01  2.090925888575349290e+03  3.306122454512778859e+02  1.133397946016329906e-03 
                      355  3.241346236570733481e+02 -1.399048443628885252e-01  2.002653036948569252e+03  3.242745285014362366e+02  1.143171303687937979e-03 
                      356  3.180663498201827224e+02 -3.386664076822398783e-02  1.869967232999577845e+03  3.181002164609509464e+02  1.152368346147779029e-03 
                      357  3.121621055042424473e+02  7.073111637902229631e-02  1.694736044459707728e+03  3.120913743878634250e+02  1.161063279536977055e-03 
                      358  3.064227994649103834e+02  1.715132223960722513e-01  1.500000000000000000e+03  3.062512862425143112e+02  1.169265054674830046e-03 
                      359  3.008480945329187648e+02  2.640853457430694107e-01  1.500000000000000000e+03  3.005840091871756954e+02  1.177009198596016930e-03 
                      360  2.954371948755788821e+02  3.433974916869146909e-01  1.500000000000000000e+03  2.950937973838919675e+02  1.184430757851539107e-03 
                      361  2.901890881750707081e+02  4.046192839187483514e-01  1.500000000000000000e+03  2.897844688911519597e+02  1.191721169906410091e-03 
                      362  2.851030571068407085e+02  4.442027187765233975e-01  1.500000000000000000e+03  2.846588543880641851e+02  1.199002239784403064e-03 
                      363  2.801798068878381400e+02  4.613395409397185176e-01  1.500000000000000000e+03  2.797184673468984215e+02  1.206255450368952896e-03 
                      364  2.754216630522666946e+02  4.582256560722157701e-01  1.500000000000000000e+03  2.749634373961944789e+02  1.213361903447563979e-03 
                      365  2.708308262323875510e+02  4.381777043199122090e-01  1.500000000000000000e+03  2.703926485280676388e+02  1.220152805257797030e-03 
                      366  2.664069778110052198e+02  4.029673281173700161e-01  1.500000000000000000e+03  2.660040104828878498e+02  1.226410937290024934e-03 
                      367  2.621474702514256592e+02  3.526719930333115371e-01  1.500000000000000000e+03  2.617947982583923476e+02  1.231904031824510070e-03 
                      368  2.580499821753614356e+02  2.880221469266643908e-01  1.500000000000000000e+03  2.577619600284347712e+02  1.236478813453448971e-03 
                      369  2.541130551997003977e+02  2.107655955933012137e-01  1.500000000000000000e+03  2.539022896041070965e+02  1.240120684675132933e-03 
                      370  2.503344043003660033e+02  1.219699665637392627e-01  1.500000000000000000e+03  2.502124343338022641e+02  1.242919465420063048e-03 
                      371  2.467118176118092947e+02  2.302144685333473717e-02  1.500000000000000000e+03  2.466887961649559600e+02  1.244991534649903973e-03 
                      372  2.432457410796575346e+02 -8.166750652884502415e-02  1.500000000000000000e+03  2.433274085861863796e+02  1.246435187428411931e-03 
                      373  2.399397638345011785e+02 -1.840747668653079927e-01  1.500000000000000000e+03  2.401238386013664865e+02  1.247339886273338009e-03 
                      374  2.367991878175467946e+02 -2.739346250682785922e-01  1.500000000000000000e+03  2.370731224426150732e+02  1.247805180929491059e-03 
                      375  2.338276555335668832e+02 -3.420844759018564218e-01  1.500000000000000000e+03  2.341697400094687396e+02  1.247914906973579064e-03 
                      376  2.310231930786726764e+02 -3.844734313718163321e-01  1.500000000000000000e+03  2.314076665100444927e+02  1.247711483600768027e-03 
                      377  2.283784298619317212e+02 -4.021108468290890414e-01  1.500000000000000000e+03  2.287805407087608103e+02  1.247250008121824055e-03 
                      378  2.258845178130925149e+02 -3.974076794392544798e-01  1.500000000000000000e+03  2.262819254925317694e+02  1.246632388418377011e-03 
                      379  2.235332715009063804e+02 -3.723532547150512073e-01  1.500000173421444515e+03  2.239056247556214316e+02  1.245915373929212897e-03 
                      380  2.213173132316285887e+02 -3.287562542034550006e-01  1.500000000000000000e+03  2.216460694858320437e+02  1.245044663799939983e-03 
                      381  2.192299939309884849e+02 -2.687402416025008733e-01  1.500000000000000000e+03  2.194987341725909857e+02  1.243918789430019942e-03 
                      382  2.172644642922436162e+02 -1.960012047901216192e-01  1.500000000000000000e+03  2.174604654970337378e+02  1.242449916538945938e-03 
                      383  2.154141194430426083e+02 -1.155336999339340309e-01  1.500000000000000000e+03  2.155296531429765423e+02  1.240586330395638051e-03 
                      384  2.136746480742546623e+02 -3.157135047248971205e-02  1.500000000000000000e+03  2.137062194247271520e+02  1.238368031978256088e-03 
                      385  2.120440067158046418e+02  5.261848614802033808e-02  1.500000000000000000e+03  2.119913882296566214e+02  1.235959592298717033e-03 
                      386  2.105203617443677047e+02  1.331180456290894654e-01  1.500000000000000000e+03  2.103872436987386152e+02  1.233583611218692965e-03 
                      387  2.091008708971363603e+02  2.046745299640519988e-01  1.500000000000000000e+03  2.088961963671723083e+02  1.231393699722870905e-03 
                      388  2.077820717509100348e+02  2.615517744444559867e-01  1.500000000000000000e+03  2.075205199764655788e+02  1.229392712191906085e-03 
                      389  2.065599503370327170e+02  2.978985595961489707e-01  1.500000000000000000e+03  2.062620517774365680e+02  1.227455752248772947e-03 
                      390  2.054301388749268256e+02  3.081063827212346951e-01  1.500000000000000000e+03  2.051220324922055909e+02  1.225411050077213895e-03 
                      391  2.043909481996527973e+02  2.899329475849583559e-01  1.500000000000000000e+03  2.041010152520678389e+02  1.223095135348336920e-03 
                      392  2.034463222704356724e+02  2.475148799276496447e-01  1.500000000000000000e+03  2.031988073905080228e+02  1.220344542636247944e-03 
                      393  2.026043622732385074e+02  1.899030915978414669e-01  1.500000000000000000e+03  2.024144591816406660e+02  1.216963771542849083e-03 
                      394  2.018738104039385348e+02  1.274856322689288390e-01  1.500000000000000000e+03  2.017463247716696060e+02  1.212750489950779019e-03 
                      395  2.012617305646504917e+02  6.954880660148887728e-02  1.500000000000000000e+03  2.011921817580490028e+02  1.207584099067283067e-03 
                      396  2.007723600732870750e+02  2.300520955344609320e-02  1.500000000000000000e+03  2.007493548637336289e+02  1.201472265874717945e-03 
                      397  2.004068185962952668e+02 -7.984418082827460239e-03  1.500000000000000000e+03  2.004148030143780943e+02  1.194487657237439972e-03 
                      398  2.001624003308265287e+02 -2.278770336329216661e-02  1.500000000000000000e+03  2.001851880341898209e+02  1.186675084114898089e-03 
                      399  2.000310459331109598e+02 -2.592757384863375592e-02  1.500000000000000000e+03  2.000569735069595936e+02  1.178043304365759955e-03 
                      400  2.000000000000000000e+02 -2.655495760788539883e-02  1.525080958422513959e+03  2.000265549576078854e+02  1.168637786063006067e-03 
                      401  2.000562644523502911e+02 -3.409277440800906334e-02  1.714000552099188099e+03  2.000903572267583002e+02  1.158570604801244068e-03 
                      402  2.001910264516331495e+02 -5.383969653331632799e-02  1.855097979714211988e+03  2.002448661481664658e+02  1.147950074229525967e-03 
                      403  2.004004625880369872e+02 -8.618056219029313070e-02  1.942697169813911160e+03  2.004866431502272803e+02  1.136819555984591983e-03 
                      404  2.006850635396865528e+02 -1.272953222423609532e-01  1.972782717967071221e+03  2.008123588619289137e+02  1.125151958948562934e-03 
                      405  2.010495500570937395e+02 -1.692851239974686450e-01  1.943172558952877353e+03  2.012188351810912081e+02  1.112821904521058914e-03 
                      406  2.015012372174183213e+02 -2.018749101513321875e-01  1.853583699246305287e+03  2.017031121275696535e+02  1.099569607059374017e-03 
                      407  2.020457719725734762e+02 -2.168073213130412569e-01  1.792888718861019015e+03  2.022625792938865175e+02  1.085021796490044091e-03 
                      408  2.026837036369967677e+02 -2.114686815749848847e-01  1.756571836506074987e+03  2.028951723185717526e+02  1.068757773734906047e-03 
                      409  2.034111979558562098e+02 -1.883788022716998967e-01  1.696595475812488530e+03  2.035995767581279097e+02  1.050385473703448029e-03 
                      410  2.042232310723845785e+02 -1.521233561108203958e-01  1.618387638447738937e+03  2.043753544284953989e+02  1.029624544574093102e-03 
                      411  2.051159138435994294e+02 -1.070085817625852087e-01  1.530524381519074495e+03  2.052229224253620146e+02  1.006397606096323108e-03 
                      412  2.060863830734900546e+02 -5.696889194493337527e-02  1.500000000000000000e+03  2.061433519654349880e+02  9.808595505762429580e-04 
                      413  2.071317471894273297e+02 -6.292654887829485233e-03  1.500000000000000000e+03  2.071380398443151591e+02  9.533010653391020073e-04 
                      414  2.082503860996953051e+02  4.197991418476476611e-02  1.500000000000000000e+03  2.082084061855105404e+02  9.240127753666720067e-04 
                      415  2.094444380085811588e+02  8.869785779006633675e-02  1.500000000000000000e+03  2.093557401507910924e+02  8.932254493672720039e-04 
                      416  2.107187760937976293e+02  1.375895292454458740e-01  1.500000000000000000e+03  2.105811865645521834e+02  8.611224194668900146e-04 
                      417  2.120764089249905169e+02  1.907239335671420122e-01  1.500000000000000000e+03  2.118856849914233749e+02  8.278778400079029459e-04 
                      418  2.135152093892071434e+02  2.452438139341381884e-01  1.500000000000000000e+03  2.132699655752730052e+02  7.936996407238220124e-04 
                      419  2.150285193134488964e+02  2.941074345238519072e-01  1.500000000000000000e+03  2.147344118789250444e+02  7.588357866739799942e-04 
                      420  2.166077361350839965e+02  3.288417310789668591e-01  1.500000000000000000e+03  2.162788944040050296e+02  7.235075798284070457e-04 
                      421  2.182451070116953531e+02  3.424453174188215598e-01  1.500000000000000000e+03  2.179026616942765315e+02  6.878339638835400402e-04 
                      422  2.199360169208920581e+02  3.316631189577776695e-01  1.500000000000000000e+03  2.196043538019342805e+02  6.518444570779260202e-04 
                      423  2.216794249685551677e+02  2.973136402147247281e-01  1.500000000000000000e+03  2.213821113283404429e+02  6.155613079816769830e-04 
                      424  2.234762311031043680e+02  2.425398588625569118e-01  1.500000000000000000e+03  2.232336912442418111e+02  5.790661785777459492e-04 
                      425  2.253272291914685752e+02  1.706951571837862502e-01  1.500000000000000000e+03  2.251565340342847890e+02  5.425353932114740374e-04 
                      426  2.272327443896245995e+02  8.496251186736003547e-02  1.500000000000000000e+03  2.271477818777572395e+02  5.062617740576389868e-04 
                      427  2.291944682144920193e+02 -9.792696128783973109e-03  1.500000000000000000e+03  2.292042609106208033e+02  4.706496287096070125e-04 
                      428  2.312168495799296295e+02 -1.055970840971838243e-01  1.500000000000000000e+03  2.313224466640268133e+02  4.361635498022879980e-04 
                      429  2.333055291000796956e+02 -1.929361495120360814e-01  1.500000000000000000e+03  2.334984652495917317e+02  4.032533529235029861e-04 
                      430  2.354628163479432601e+02 -2.653876143481852523e-01  1.500000000000000000e+03  2.357282039622914454e+02  3.723263336295540228e-04 
                      431  2.376835856506357345e+02 -3.239525848448465695e-01  1.500000000000000000e+03  2.380075382354805811e+02  3.437589170493429822e-04 
                      432  2.399577172505242402e+02 -3.748590282225450210e-01  1.500000000000000000e+03  2.403325762787467852e+02  3.178335630644409972e-04 
                      433  2.422780850892946205e+02 -4.217461016621655290e-01  1.500000000000000000e+03  2.426998311909567860e+02  2.946241831506319795e-04 
                      434  2.446452690529991401e+02 -4.610592798910033707e-01  1.500000000000000000e+03  2.451063283328901434e+02  2.739798885195469870e-04 
                      435  2.470658033561973923e+02 -4.838862996707860020e-01  1.500000000000000000e+03  2.475496896558681783e+02  2.555956480803350112e-04 
                      436  2.495471488507025697e+02 -4.810657082302327581e-01  1.675406529954658936e+03  2.500282145589328024e+02  2.390826900673240012e-04 
                      437  2.520925527991810213e+02 -4.484093017448174123e-01  1.836395967011853600e+03  2.525409621009258387e+02  2.240634292586960114e-04 
                      438  2.546993119804583330e+02 -3.884869900712715207e-01  1.964211248408305437e+03  2.550877989705296045e+02  2.102741844807839880e-04 
                      439  2.573616869314463429e+02 -3.076563453049629970e-01  2.059764635891981470e+03  2.576693432767513059e+02  1.975815069432630070e-04 
                      440  2.600746645212771000e+02 -2.121194610115821888e-01  2.125178977577691512e+03  2.602867839822886822e+02  1.859008715693579914e-04 
                      441  2.628346563175720121e+02 -1.069867937299591176e-01  2.163808221012260674e+03  2.629416431113019712e+02  1.751029789034559941e-04 
                      442  2.656381968440892933e+02  2.629252085171174258e-03  2.180213038295982187e+03  2.656355675920041222e+02  1.650108802264910006e-04 
                      443  2.684816291332823539e+02  1.114571647314051006e-01  2.179737153274679258e+03  2.683701719685509488e+02  1.554860994529339881e-04 
                      444  2.713615053571359113e+02  2.146028990466106734e-01  2.167520417467377229e+03  2.711469024580893006e+02  1.464774324988969939e-04 
                      445  2.742745035325315257e+02  3.075800094510441340e-01  2.147524376648537782e+03  2.739669235230804816e+02  1.379731770994470071e-04 
                      446  2.772175541650514106e+02  3.864938506925454931e-01  2.122163613412605628e+03  2.768310603143588651e+02  1.299269001924040060e-04 
                      447  2.801881771296726242e+02  4.483741258056284096e-01  2.092539777033120572e+03  2.797398030038669958e+02  1.222256210590970025e-04 
                      448  2.831845132265327720e+02  4.911659915303516755e-01  2.059090002123876729e+03  2.826933472350024203e+02  1.147120377181919956e-04 
                      449  2.862048292909781253e+02  5.131805268657103625e-01  2.022481459896670685e+03  2.856916487641124149e+02  1.072370931078590048e-04 
                      450  2.892464952043299036e+02  5.120224371109429740e-01  1.984446033265349797e+03  2.887344727672189606e+02  9.968839804560300066e-05 
                      451  2.923068017991175793e+02  4.853908928313330762e-01  1.948190963476826482e+03  2.918214109062862462e+02  9.197160560303999663e-05 
                      452  2.953857556146274419e+02  4.338944482220767895e-01  1.918213384884735206e+03  2.949518611664053651e+02  8.402248075561400526e-05 
                      453  2.984871348881227959e+02  3.621566484155778198e-01  1.899758397423744555e+03  2.981249782397072181e+02  7.590401534677200014e-05 
                      454  3.016168911780714552e+02  2.773285724668426155e-01  1.898146645354514476e+03  3.013395626056046126e+02  6.787073967872599687e-05 
                      455  3.047795703257239097e+02  1.857005672805485119e-01  1.917840812311046648e+03  3.045938697584433612e+02  6.025356630624000064e-05 
                      456  3.079753393359497977e+02  8.989147274564857071e-02  1.961385298801386625e+03  3.078854478632041491e+02  5.324615545590400024e-05 
                      457  3.112017563392678312e+02 -9.412847465000595548e-03  2.028797631720145091e+03  3.112111691867328318e+02  4.683519114107700043e-05 
                      458  3.144576111824952704e+02 -1.098546956168888755e-01  2.117631613696556997e+03  3.145674658781121593e+02  4.094497039921299748e-05 
                      459  3.177437981901175590e+02 -2.067969462593168828e-01  2.223486367422047351e+03  3.179505951363768759e+02  3.560500905154700323e-05 
                      460  3.210623667809613835e+02 -2.944107882329376480e-01  2.340791786002606841e+03  3.213567775691943211e+02  3.097859837263799938e-05 
                      461  3.244160201127350547e+02 -3.661923233164543490e-01  2.463615839967190823e+03  3.247822124360515090e+02  2.727908346859000166e-05 
                      462  3.278068515613578029e+02 -4.162231444529425062e-01  2.586305223217769253e+03  3.282230747058107454e+02  2.464934223589599870e-05 
                      463  3.312341990196961206e+02 -4.413952298776848693e-01  2.703995986611113040e+03  3.316755942495738054e+02  2.307551577358400033e-05 
                      464  3.346939117007106574e+02 -4.423386359959522451e-01  2.812850473754946506e+03  3.351362503367066097e+02  2.238617318126000108e-05 
                      465  3.381797952111039649e+02 -4.222396407685096165e-01  2.910037793206566676e+03  3.386020348518724745e+02  2.229826640308600161e-05 
                      466  3.416859896825690157e+02 -3.847169116696704805e-01  2.993862904127746333e+03  3.420707065942386862e+02  2.246897671308999985e-05 
                      467  3.452077466330267725e+02 -3.332237817583632022e-01  3.064129123782543047e+03  3.455409704147851357e+02  2.258026803795500130e-05 
                      468  3.487399576850583571e+02 -2.725679598020178673e-01  3.122340267990433858e+03  3.490125256448603750e+02  2.244225339383699991e-05 
                      469  3.522767810495422509e+02 -2.091728556969201236e-01  3.171432236035802816e+03  3.524859539052391710e+02  2.203077291490800052e-05 
                      470  3.558142059250200191e+02 -1.482746127933864955e-01  3.215069704607223684e+03  3.559624805378134056e+02  2.141759756388800169e-05 
                      471  3.593528951729522873e+02 -9.081941105768009947e-02  3.256768756298481549e+03  3.594437145840099674e+02  2.065591804027499951e-05 
                      472  3.628981578255976501e+02 -3.332523418777100233e-02  3.299157981713592108e+03  3.629314830597854211e+02  1.973075027890499911e-05 
                      473  3.664568720248479394e+02  2.908740761802164343e-02  3.343553495474589454e+03  3.664277846172299178e+02  1.860344316954000028e-05 
                      474  3.700341799529019227e+02  9.940708180522506154e-02  3.389896059359643004e+03  3.699347728710966976e+02  1.727455033834900025e-05 
                      475  3.736318134036914103e+02  1.771448930034011937e-01  3.437016825598760988e+03  3.734546685106880091e+02  1.583241139882699921e-05 
                      476  3.772465130764359174e+02  2.569463868377397375e-01  3.483063038077124020e+03  3.769895666895981776e+02  1.448677584086800079e-05 
                      477  3.808697936826173418e+02  3.286183360922336760e-01  3.526007123049676011e+03  3.805411753465251081e+02  1.349773265332000072e-05 
                      478  3.844919077647035124e+02  3.813031204438743771e-01  3.564222593672951916e+03  3.841106046442596380e+02  1.299869531722500033e-05 
                      479  3.881060792572068294e+02  4.077244607604484372e-01  3.596869484156517501e+03  3.876983547964463810e+02  1.290483248946199983e-05 
                      480  3.917098679094999056e+02  4.053549804806380052e-01  3.623955874666545242e+03  3.913045129290192676e+02  1.300199212706199954e-05 
                      481  3.953062031396602833e+02  3.772085507912947833e-01  3.646310998777663826e+03  3.949289945888689886e+02  1.309104892296099944e-05 
                      482  3.989027742418596176e+02  3.311195971292022477e-01  3.665540159176405723e+03  3.985716546447304154e+02  1.306095147807600038e-05 
                      483  4.025075353536232683e+02  2.753112304775413577e-01  3.683714189947754676e+03  4.022322241231457269e+02  1.288564291829200017e-05 
                      484  4.061241981517109707e+02  2.140579570865384085e-01  3.702745155997925394e+03  4.059101401946244323e+02  1.259702631465200044e-05 
                      485  4.097516780679499107e+02  1.473261055102739192e-01  3.723866824630345036e+03  4.096043519624396367e+02  1.226640393266499991e-05 
                      486  4.133866322605565529e+02  7.374293923965069553e-02  3.747599314022865656e+03  4.133128893213169022e+02  1.198927135690300022e-05 
                      487  4.170263364271986575e+02 -2.671248964588812669e-03  3.774020353905951197e+03  4.170290076761632463e+02  1.185694218916000069e-05 
                      488  4.206708769817515190e+02 -7.810133595455681643e-02  3.803046937701883053e+03  4.207489783177060758e+02  1.191774826956699954e-05 
                      489  4.243237270828883538e+02 -1.450218421490490073e-01  3.834681091900393767e+03  4.244687489250374028e+02  1.216477227471000079e-05 
                      490  4.279892845783189159e+02 -1.947986149992289029e-01  3.869111210684099660e+03  4.281840831933181448e+02  1.255714258966500031e-05 
                      491  4.316688538398187234e+02 -2.218611554461062951e-01  3.906497451161444133e+03  4.318907149952648297e+02  1.302901508976299976e-05 
                      492  4.353584112484685420e+02 -2.261165266273792440e-01  3.946570255643439395e+03  4.355845277750959212e+02  1.349610179443299963e-05 
                      493  4.390499987164931213e+02 -2.117610685447743890e-01  3.988459057385508913e+03  4.392617597850378957e+02  1.389735313341600017e-05 
                      494  4.427346890144078770e+02 -1.845291087979035183e-01  4.030966706391816388e+03  4.429192181232057806e+02  1.423156945619399976e-05 
                      495  4.464036695661935710e+02 -1.508021614347399009e-01  4.072951840696566251e+03  4.465544717276283109e+02  1.453671615126599960e-05 
                      496  4.500484171490861627e+02 -1.175655910052455511e-01  4.113449454521983171e+03  4.501659827400914082e+02  1.483037545884099958e-05 
                      497  4.536623444934140252e+02 -9.080105541278271630e-02  4.151733192255810536e+03  4.537531455488268080e+02  1.507880761501899952e-05 
                      498  4.572429414519813236e+02 -7.329649367727597564e-02  4.187587319248616041e+03  4.573162379456585995e+02  1.522605293595100016e-05 
                      499  4.607920675867710543e+02 -6.424689331834088080e-02  4.221523323370476646e+03  4.608563144800893951e+02  1.521902217071399970e-05 
                      500  4.643138968618703757e+02 -6.117306525834464992e-02  4.254653811947337999e+03  4.643750699271287203e+02  1.498957712282699918e-05 
                      501  4.678141942287993515e+02 -6.049603226722410909e-02  4.288276263160321832e+03  4.678746902610665757e+02  1.447662616334800069e-05 
                      502  4.713020702791467329e+02 -5.563056287348899787e-02  4.323280624394342340e+03  4.713577008420202219e+02  1.371535012138799934e-05 
                      503  4.747880540751256149e+02 -3.875998277732151109e-02  4.359655910951421902e+03  4.748268140579029364e+02  1.288439441433799929e-05 
                      504  4.782783708838770167e+02 -6.404654023867806245e-03  4.396439788925897119e+03  4.782847755379008845e+02  1.225322275418800067e-05 
                      505  4.817729246773436103e+02  3.871163829518309285e-02  4.431977406481371872e+03  4.817342130390484272e+02  1.209075576968500009e-05 
                      506  4.852684323080826516e+02  9.092957567781922990e-02  4.464125152388668539e+03  4.851775027324048324e+02  1.259127454603100039e-05 
                      507  4.887623759331788733e+02  1.457060070453053413e-01  4.490379236432748257e+03  4.886166699261335680e+02  1.381003038374799925e-05 
                      508  4.922536534754091235e+02  2.003317509528983464e-01  4.508015879424106970e+03  4.920533217244562252e+02  1.562670786633700072e-05 
                      509  4.957390801634727495e+02  2.505001226606964337e-01  4.514349686176976320e+03  4.954885800408120531e+02  1.778259222200400113e-05 
                      510  4.992109402670167242e+02  2.879583012374382633e-01  4.507283911843332135e+03  4.989229819657792859e+02  0.000000000000000000e+00 
                      511  5.026601020041403558e+02  3.037438643442555986e-01  4.485923256006999509e+03  5.023563581397961002e+02  0.000000000000000000e+00 
                      512  5.060792349188182015e+02  2.914911864126565888e-01  4.450897697328736285e+03  5.057877437324055450e+02  0.000000000000000000e+00 
                      513  5.094623109026535985e+02  2.469455811868783712e-01  4.404431463264323611e+03  5.092153653214667202e+02  0.000000000000000000e+00 
                      514  5.128066051362116013e+02  1.699041033006096768e-01  4.350257318034340642e+03  5.126367010329109917e+02  0.000000000000000000e+00 
                      515  5.161159892433184950e+02  6.740597042710305686e-02  4.293359065776106036e+03  5.160485832728913920e+02  0.000000000000000000e+00 
                      516  5.193989447069589005e+02 -4.837133534181248251e-02  4.239546295825938614e+03  5.194473160423007130e+02  0.000000000000000000e+00 
                      517  5.226650385128007201e+02 -1.637592896970545553e-01  4.194953031359007582e+03  5.228287978024977747e+02  0.000000000000000000e+00 
                      518  5.259234964085613910e+02 -2.651589899542159401e-01  4.165461157583166823e+03  5.261886553985156070e+02  0.000000000000000000e+00 
                      519  5.291807356645540494e+02 -3.416604037195156707e-01  4.155889510473253722e+03  5.295223960682735651e+02  0.000000000000000000e+00 
                      520  5.324368337114408405e+02 -3.887542685857852121e-01  4.169118256341309461e+03  5.328255879800266257e+02  0.000000000000000000e+00 
                      521  5.356855614450055327e+02 -4.085191189291208502e-01  4.205646155542595807e+03  5.360940805639346536e+02  0.000000000000000000e+00 
                      522  5.389186284183840598e+02 -4.056276007631822722e-01  4.263742146386596687e+03  5.393242560191472421e+02  0.000000000000000000e+00 
                      523  5.421289237143150785e+02 -3.843523879481836047e-01  4.339990021494414577e+03  5.425132761022632621e+02  0.000000000000000000e+00 
                      524  5.453102602828087129e+02 -3.490140089273836566e-01  4.429950490611396162e+03  5.456592742917360965e+02  0.000000000000000000e+00 
                      525  5.484563581036692312e+02 -3.050877127784588083e-01  4.528696083011594055e+03  5.487614458164476900e+02  0.000000000000000000e+00 
                      526  5.515623795034887280e+02 -2.576330691944122009e-01  4.631273140211493228e+03  5.518200125726831402e+02  0.000000000000000000e+00 
                      527  5.546278609409664568e+02 -2.082232530525516268e-01  4.733300485482272961e+03  5.548360841940190085e+02  0.000000000000000000e+00 
                      528  5.576565258346402061e+02 -1.544417963692694684e-01  4.831574751602556717e+03  5.578109676310094756e+02  0.000000000000000000e+00 
                      529  5.606532644945280026e+02 -9.039640879086618952e-02  4.924285556202982661e+03  5.607436609033188688e+02  0.000000000000000000e+00 
                      530  5.636219526808413320e+02 -1.548377330050243472e-02  5.010732464203846575e+03  5.636374364541418345e+02  0.000000000000000000e+00 
                      531  5.665650513812505551e+02  6.896692720727060077e-02  5.090827830842878939e+03  5.664960844540432845e+02  0.000000000000000000e+00 
                      532  5.694840456883318893e+02  1.602907993359394823e-01  5.164518712028969276e+03  5.693237548889959498e+02  0.000000000000000000e+00 
                      533  5.723788572165566393e+02  2.541067673188308618e-01  5.231076834243194753e+03  5.721247504492378084e+02  0.000000000000000000e+00 
                      534  5.752456184131792725e+02  3.423242315387824419e-01  5.288557383287289667e+03  5.749032941816404900e+02  0.000000000000000000e+00 
                      535  5.780761729337052657e+02  4.146092305592219418e-01  5.333933798834272238e+03  5.776615637031460437e+02  0.000000000000000000e+00 
                      536  5.808616785193070200e+02  4.604514077057046961e-01  5.363913732619287657e+03  5.804012271116013153e+02  0.000000000000000000e+00 
                      537  5.835977284870682524e+02  4.734976442439347011e-01  5.375925304641574257e+03  5.831242308428243177e+02  0.000000000000000000e+00 
                      538  5.862869601484858322e+02  4.551994380477708546e-01  5.368874507102013922e+03  5.858317607104380613e+02  0.000000000000000000e+00 
                      539  5.889367246183073803e+02  4.126256200596571944e-01  5.343559291745453265e+03  5.885240989982477231e+02  0.000000000000000000e+00 
                      540  5.915540563916320025e+02  3.546701790122597231e-01  5.302684598504768474e+03  5.911993862126197428e+02  0.000000000000000000e+00 
                      541  5.941431176606513418e+02  2.877804825877774419e-01  5.250286879190545733e+03  5.938553371780635644e+02  0.000000000000000000e+00 
                      542  5.967052319497156532e+02  2.158264830826510661e-01  5.190410937049286076e+03  5.964894054666330021e+02  0.000000000000000000e+00 
                      543  5.992388354532151880e+02  1.405232903381374854e-01  5.129811106218354325e+03  5.990983121628770505e+02  0.000000000000000000e+00 
                      544  6.017403328812571317e+02  6.216787755079167255e-02  5.061127911246839176e+03  6.016781650037063400e+02  0.000000000000000000e+00 
                      545  6.042062533428720599e+02 -1.837177502022768749e-02  4.990032616289801808e+03  6.042246251178922876e+02  0.000000000000000000e+00 
                      546  6.066339121880923813e+02 -9.919987690182097140e-02  4.923441756549036654e+03  6.067331120649942022e+02  0.000000000000000000e+00 
                      547  6.090194957457388227e+02 -1.795415383244289842e-01  4.869300834432024203e+03  6.091990372840632517e+02  0.000000000000000000e+00 
                      548  6.113576577008979029e+02 -2.603945132422040842e-01  4.835634111857175412e+03  6.116180522141401070e+02  0.000000000000000000e+00 
                      549  6.136461037487312069e+02 -3.401822534264056230e-01  4.829261065405375120e+03  6.139862860021576125e+02  0.000000000000000000e+00 
                      550  6.158896657275346342e+02 -4.108755330557869456e-01  4.854744521270382393e+03  6.163005412605904212e+02  0.000000000000000000e+00 
                      551  6.180979163232068458e+02 -4.605100715547223444e-01  4.913938050791086425e+03  6.185584263947615682e+02  0.000000000000000000e+00 
                      552  6.202793265758908774e+02 -4.790956459681865454e-01  5.006145700290954665e+03  6.207584222218590639e+02  0.000000000000000000e+00 
                      553  6.224372391600081755e+02 -4.626480761097582217e-01  5.128630495595924003e+03  6.228998872361179338e+02  0.000000000000000000e+00 
                      554  6.245695258369894418e+02 -4.134776346365924837e-01  5.277127045173478109e+03  6.249830034716260343e+02  0.000000000000000000e+00 
                      555  6.266703847399569440e+02 -3.382916883371080985e-01  5.446122474392633194e+03  6.270086764282940521e+02  0.000000000000000000e+00 
                      556  6.287323681491595835e+02 -2.460487130690580670e-01  5.629001648237509471e+03  6.289784168622286415e+02  0.000000000000000000e+00 
                      557  6.307482953690762315e+02 -1.459278645629638049e-01  5.818320267052792587e+03  6.308942232336391953e+02  0.000000000000000000e+00 
                      558  6.327119998868337234e+02 -4.646318325785614434e-02  6.006348204106511730e+03  6.327584630700915795e+02  0.000000000000000000e+00 
                      559  6.346177157818412979e+02  4.397033805503269832e-02  6.185801485275498635e+03  6.345737454437862652e+02  0.000000000000000000e+00 
                      560  6.364604660627503563e+02  1.176834245200097939e-01  6.350340315157091936e+03  6.363427826382303465e+02  0.000000000000000000e+00 
                      561  6.382385378703756942e+02  1.702975672665161255e-01  6.494555801806883210e+03  6.380682403031091781e+02  0.000000000000000000e+00 
                      562  6.399556270180090678e+02  2.030507204611922134e-01  6.613742356930599271e+03  6.397525762975478756e+02  0.000000000000000000e+00 
                      563  6.416197696231200780e+02  2.218911423199187993e-01  6.703794948942301744e+03  6.413978784808001592e+02  0.000000000000000000e+00 
                      564  6.432391202256198994e+02  2.369024939446262579e-01  6.761356749333965126e+03  6.430022177316752732e+02  0.000000000000000000e+00 
                      565  6.448174962974715072e+02  2.510046713039173483e-01  6.784248024896638526e+03  6.445664916261675899e+02  0.000000000000000000e+00 
                      566  6.463530292995802711e+02  2.616394511239832354e-01  6.771914704463433736e+03  6.460913898484562878e+02  0.000000000000000000e+00 
                      567  6.478413748799232508e+02  2.643438135329461147e-01  6.725537661841978661e+03  6.475770310663903047e+02  0.000000000000000000e+00 
                      568  6.492810026143662299e+02  2.566327997693633733e-01  6.647834426764420641e+03  6.490243698145968665e+02  0.000000000000000000e+00 
                      569  6.506744259743209113e+02  2.416826243709238042e-01  6.542861260505364953e+03  6.504327433499499875e+02  0.000000000000000000e+00 
                      570  6.520236075005534531e+02  2.235443796778326941e-01  6.415945524867029235e+03  6.518000631208756204e+02  0.000000000000000000e+00 
                      571  6.533265962377831784e+02  2.028681715307811828e-01  6.273673443595130266e+03  6.531237280662523972e+02  0.000000000000000000e+00 
                      572  6.545797989849588703e+02  1.789720384982729229e-01  6.123891219351994550e+03  6.544008269464605974e+02  0.000000000000000000e+00 
                      573  6.557810432167202634e+02  1.526471502113508905e-01  5.975591866114868026e+03  6.556283960665089126e+02  0.000000000000000000e+00 
                      574  6.569293326909853477e+02  1.257001733462175252e-01  5.838383412018581112e+03  6.568036325176391301e+02  0.000000000000000000e+00 
                      575  6.580227231930658718e+02  9.871046517093873263e-02  5.721489958438146459e+03  6.579240127278949331e+02  0.000000000000000000e+00 
                      576  6.590564699132651185e+02  6.912985830024354073e-02  5.632680179643117299e+03  6.589873400549648750e+02  0.000000000000000000e+00 
                      577  6.600234534803942097e+02  3.168060747441359126e-02  5.577629182744941318e+03  6.599917728729197961e+02  0.000000000000000000e+00 
                      578  6.609177114718401072e+02 -1.814912707595794927e-02  5.559909724285864286e+03  6.609358605989160651e+02  0.000000000000000000e+00 
                      579  6.617386330141787312e+02 -7.994364023204525438e-02  5.581158233558549910e+03  6.618185766544107764e+02  0.000000000000000000e+00 
                      580  6.624928821024157060e+02 -1.464372238601754361e-01  5.640870474985975306e+03  6.626393193262758814e+02  0.000000000000000000e+00 
                      581  6.631926187472336096e+02 -2.052504772057091031e-01  5.735987895139602188e+03  6.633978692244393187e+02  0.000000000000000000e+00 
                      582  6.638505049040466020e+02 -2.438261826717962322e-01  5.860790200832800110e+03  6.640943310867183982e+02  0.000000000000000000e+00 
                      583  6.644748933340347321e+02 -2.542037747914491774e-01  6.007419722576526510e+03  6.647290971088261813e+02  0.000000000000000000e+00 
                      584  6.650683588984090875e+02 -2.344662984492060787e-01  6.166897412843516577e+03  6.653028251968582936e+02  0.000000000000000000e+00 
                      585  6.656275018686125122e+02 -1.888839290184023412e-01  6.330070478168117916e+03  6.658163857976309146e+02  0.000000000000000000e+00 
                      586  6.661425427741662588e+02 -1.282150919203104422e-01  6.488244068257480649e+03  6.662707578660865693e+02  0.000000000000000000e+00 
                      587  6.666008007994628315e+02 -6.610628283976893727e-02  6.633679614967473753e+03  6.666669070823026004e+02  0.000000000000000000e+00 
                      588  6.669926633727639000e+02 -1.301838410608979757e-02  6.759890428022389642e+03  6.670056817568699898e+02  0.000000000000000000e+00 
                      589  6.673136135746419768e+02  2.587758462209421850e-02  6.861475712637549805e+03  6.672877359900198826e+02  0.000000000000000000e+00 
                      590  6.675630511940478300e+02  4.957227955776488670e-02  6.933708598827943206e+03  6.675134789144900651e+02  0.000000000000000000e+00 
                      591  6.677429958103138006e+02  5.995341386017116747e-02  6.972391584178795711e+03  6.676830423964536294e+02  0.000000000000000000e+00 
                      592  6.678565538667539840e+02  6.029358656746808265e-02  6.974099532357869975e+03  6.677962602801865160e+02  0.000000000000000000e+00 
                      593  6.679068826447255560e+02  5.421455967393740139e-02  6.936593807783111515e+03  6.678526680850516186e+02  0.000000000000000000e+00 
                      594  6.678972145954089683e+02  4.568065378680330468e-02  6.859274033042604060e+03  6.678515339416221650e+02  0.000000000000000000e+00 
                      595  6.678303765515105397e+02  3.846983755829569418e-02  6.743697920445477394e+03  6.677919067139522440e+02  0.000000000000000000e+00 
                      596  6.677065359021873974e+02  3.387866221737567685e-02  6.594144389730461626e+03  6.676726572399700217e+02  0.000000000000000000e+00 
                      597  6.675209097088961698e+02  2.838861551026639063e-02  6.417935648500454590e+03  6.674925210933859034e+02  0.000000000000000000e+00 
                      598  6.672656132941921214e+02  1.543137238809322298e-02  6.225191574429269167e+03  6.672501819218040282e+02  0.000000000000000000e+00 
                      599  6.669363924536485229e+02 -8.015202394858533808e-03  6.027967017073863644e+03  6.669444076560433814e+02  0.000000000000000000e+00 
                      600  6.665371630411830211e+02 -3.702611018536572374e-02  5.838936232042398842e+03  6.665741891513683868e+02  0.000000000000000000e+00 
                      601  6.660767088185498324e+02 -6.209805424612113711e-02  5.669925881270843092e+03  6.661388068727959535e+02  0.000000000000000000e+00 
                      602  6.655624770238787278e+02 -7.531970375418950425e-02  5.530669553687572261e+03  6.656377967276329173e+02  0.000000000000000000e+00 
                      603  6.649975067287505226e+02 -7.335081910514418269e-02  5.428020784712635759e+03  6.650708575478556668e+02  0.000000000000000000e+00 
                      604  6.643798434597501910e+02 -5.792336748334037111e-02  5.365694172652781162e+03  6.644377668272335313e+02  0.000000000000000000e+00 
                      605  6.637031324431634403e+02 -3.519315900439323741e-02  5.344314305966773645e+03  6.637383256021678335e+02  0.000000000000000000e+00 
                      606  6.629591865844349741e+02 -1.312156808398867724e-02  5.361451861008908054e+03  6.629723081525189627e+02  0.000000000000000000e+00 
                      607  6.621411792085409616e+02  1.770167326299088018e-03  5.411849115167580749e+03  6.621394090412146625e+02  0.000000000000000000e+00 
                      608  6.612450558441901194e+02  5.843176779990244540e-03  5.488157924255550824e+03  6.612392126674101291e+02  0.000000000000000000e+00 
                      609  6.602705710041670955e+02 -6.261936321152461460e-04  5.581912427354008287e+03  6.602711971977992107e+02  0.000000000000000000e+00 
                      610  6.592219442928148965e+02 -1.280955835795793973e-02  5.684386936869565943e+03  6.592347538511728544e+02  0.000000000000000000e+00 
                      611  6.581045413624531193e+02 -2.466548092309039930e-02  5.787410410880404925e+03  6.581292068433762097e+02  0.000000000000000000e+00 
                      612  6.569205362313168735e+02 -3.331418615289294394e-02  5.884234543362995282e+03  6.569538504174697664e+02  0.000000000000000000e+00 
                      613  6.556693171222709680e+02 -3.870479202146270836e-02  5.970283983223005634e+03  6.557080219142924307e+02  0.000000000000000000e+00 
                      614  6.543496923855136629e+02 -4.206282900827318372e-02  6.043471506619834145e+03  6.543917552145219361e+02  0.000000000000000000e+00 
                      615  6.529602301395941595e+02 -4.439872491502683260e-02  6.103778700067569844e+03  6.530046288645091863e+02  0.000000000000000000e+00 
                      616  6.515002050141450809e+02 -4.593152397421818023e-02  6.152602240657759467e+03  6.515461365381192991e+02  0.000000000000000000e+00 
                      617  6.499705234757140033e+02 -4.523441814183115639e-02  6.191742525765303071e+03  6.500157578938558345e+02  0.000000000000000000e+00 
                      618  6.483710505939684481e+02 -4.183386199815686268e-02  6.222355792734897477e+03  6.484128844559666049e+02  0.000000000000000000e+00 
                      619  6.466977287589212438e+02 -3.905713029610069498e-02  6.244086177972261794e+03  6.467367858892173444e+02  0.000000000000000000e+00 
                      620  6.449456655526115583e+02 -4.097278237520640687e-02  6.254680433062139855e+03  6.449866383349867647e+02  0.000000000000000000e+00 
                      621  6.431149064872959116e+02 -4.670833250384021085e-02  6.250283863742883113e+03  6.431616148197997518e+02  0.000000000000000000e+00 
                      622  6.412105415516688254e+02 -5.046785497859218594e-02  6.226389925287066944e+03  6.412610094066474176e+02  0.000000000000000000e+00 
                      623  6.392379109250584861e+02 -4.645718892311379022e-02  6.179254400429884299e+03  6.392843681139815999e+02  0.000000000000000000e+00 
                      624  6.371993539207570620e+02 -3.226866650413739990e-02  6.107353131781002048e+03  6.372316225872611994e+02  0.000000000000000000e+00 
                      625  6.350945889467229790e+02 -8.620025319942214992e-03  6.012332546896329404e+03  6.351032089720429212e+02  0.000000000000000000e+00 
                      626  6.329234030201300811e+02  2.329519714066918823e-02  5.899075608530562931e+03  6.329001078229894119e+02  0.000000000000000000e+00 
                      627  6.306877195115251880e+02  6.396617225937006879e-02  5.774923258505472404e+03  6.306237533392658179e+02  0.000000000000000000e+00 
                      628  6.283907548764849480e+02  1.149129997457976060e-01  5.648510637584318829e+03  6.282758418767391504e+02  0.000000000000000000e+00 
                      629  6.260330432973184998e+02  1.749298909068102148e-01  5.528512145601826887e+03  6.258581134064116895e+02  0.000000000000000000e+00 
                      630  6.236078264315345905e+02  2.356897770931709601e-01  5.422354936707560228e+03  6.233721366544414195e+02  0.000000000000000000e+00 
                      631  6.211020746484564370e+02  2.829989930537522014e-01  5.335419655842826614e+03  6.208190756554026848e+02  0.000000000000000000e+00 
                      632  6.185043700685192789e+02  3.049398385859376504e-01  5.271143232830849229e+03  6.181994302299333413e+02  0.000000000000000000e+00 
                      633  6.158113545515768692e+02  2.985489905690883461e-01  5.231523461962869078e+03  6.155128055610077809e+02  0.000000000000000000e+00 
                      634  6.130258996038586474e+02  2.680989520566754436e-01  5.217353496148150953e+03  6.127578006518019720e+02  0.000000000000000000e+00 
                      635  6.101504181781165244e+02  2.183497072898035185e-01  5.228047352415650494e+03  6.099320684708267208e+02  0.000000000000000000e+00 
                      636  6.071841749105683448e+02  1.516508505891351888e-01  5.261370604953614929e+03  6.070325240599792096e+02  0.000000000000000000e+00 
                      637  6.041260761047958567e+02  7.044896997831529006e-02  5.313576285567355626e+03  6.040556271348175414e+02  0.000000000000000000e+00 
                      638  6.009768245582272357e+02 -2.084918499463128683e-02  5.380035996323437757e+03  6.009976737432218670e+02  0.000000000000000000e+00 
                      639  5.977385327445126677e+02 -1.165267967516001590e-01  5.455888497149145223e+03  5.978550595412642679e+02  0.000000000000000000e+00 
                      640  5.944133816772243790e+02 -2.110961791810268551e-01  5.536472465903870216e+03  5.946244778564054059e+02  0.000000000000000000e+00 
                      641  5.910017647958731004e+02 -3.012618141048051257e-01  5.617695997620859089e+03  5.913030266099779055e+02  0.000000000000000000e+00 
                      642  5.875031492105667894e+02 -3.850983516998667255e-01  5.695990445852103221e+03  5.878882475622666561e+02  0.000000000000000000e+00 
                      643  5.839205438449712346e+02 -4.575975968112970804e-01  5.767826720874528291e+03  5.843781414417825317e+02  0.000000000000000000e+00 
                      644  5.802616743805633632e+02 -5.094896458344919665e-01  5.829444120711154028e+03  5.807711640263978552e+02  0.000000000000000000e+00 
                      645  5.765340228411926091e+02 -5.321505563772461755e-01  5.877033955946271817e+03  5.770661733975698553e+02  0.000000000000000000e+00 
                      646  5.727404745378685220e+02 -5.218489176181719813e-01  5.907227446699496795e+03  5.732623234554866940e+02  0.000000000000000000e+00 
                      647  5.688802900825105553e+02 -4.786677890929240675e-01  5.917890592582757563e+03  5.693589578716034794e+02  0.000000000000000000e+00 
                      648  5.649519411170701915e+02 -4.036359790171673012e-01  5.909018742716431916e+03  5.653555770960873588e+02  0.000000000000000000e+00 
                      649  5.609542422158045838e+02 -2.976796612172165624e-01  5.883057361687077901e+03  5.612519218770218004e+02  0.000000000000000000e+00 
                      650  5.568865977611478684e+02 -1.615836093521920702e-01  5.844215254894172176e+03  5.570481813705000604e+02  0.000000000000000000e+00 
                      651  5.527473491263791630e+02  2.059358672681810276e-03  5.797240089232016544e+03  5.527452897677064811e+02  0.000000000000000000e+00 
                      652  5.485298552570400261e+02  1.846245627068583417e-01  5.746420770369883940e+03  5.483452306943331678e+02  0.000000000000000000e+00 
                      653  5.442213246180731403e+02  3.700556894284545706e-01  5.695053700447512711e+03  5.438512689286446857e+02  0.000000000000000000e+00 
                      654  5.398065969081580988e+02  5.385309499037020942e-01  5.645128761624026993e+03  5.392680659582543967e+02  0.000000000000000000e+00 
                      655  5.352739193707212735e+02  6.722583881563650721e-01  5.597116282299746672e+03  5.346016609825649084e+02  0.000000000000000000e+00 
                      656  5.306193298792409223e+02  7.600124954082048134e-01  5.550058895263412523e+03  5.298593173838327175e+02  0.000000000000000000e+00 
                      657  5.258470735119360597e+02  7.978063730091662364e-01  5.502046259189021839e+03  5.250492671389268935e+02  0.000000000000000000e+00 
                      658  5.209669543237547487e+02  7.865516344181742170e-01  5.450705587483091222e+03  5.201804026893365744e+02  0.000000000000000000e+00 
                      659  5.159900945330256263e+02  7.281409846325459512e-01  5.393511812878512501e+03  5.152619535483930804e+02  0.000000000000000000e+00 
                      660  5.109236342356591081e+02  6.204623502620734143e-01  5.328025236925348509e+03  5.103031718853970347e+02  0.000000000000000000e+00 
                      661  5.057701454323653252e+02  4.571030477409294690e-01  5.252263496278674211e+03  5.053130423846243957e+02  0.000000000000000000e+00 
                      662  5.005355642792418394e+02  2.353644034768080928e-01  5.165351212207971912e+03  5.003001998757650313e+02  0.000000000000000000e+00 
                      663  4.952388242917160710e+02 -3.365271838987382580e-02  5.068058479957114287e+03  4.952724770101059448e+02  0.000000000000000000e+00 
                      664  4.899163272544677739e+02 -3.201304498284684996e-01  4.963009318359500867e+03  4.902364577042962424e+02  0.000000000000000000e+00 
                      665  4.846217378145640851e+02 -5.758688748433655746e-01  4.854354273367429414e+03  4.851976066894074506e+02  0.000000000000000000e+00 
                      666  4.794200427075827520e+02 -7.402115969060787393e-01  4.746822140115340517e+03  4.801602543044888307e+02  0.000000000000000000e+00 
                      667  4.743704697311918608e+02 -7.571925028618124998e-01  4.644612579129156074e+03  4.751276622340536733e+02  0.000000000000000000e+00 
                      668  4.694955251191977936e+02 -6.065936178241031485e-01  4.550774643450091389e+03  4.701021187370218968e+02  0.000000000000000000e+00 
                      669  4.647499101927135712e+02 -3.351283548247465660e-01  4.467232184178151329e+03  4.650850385475383177e+02  0.000000000000000000e+00 
