2211.033933
2165.677600
2121.096927
2077.601588
2035.289575
1994.120431
1953.985434
1914.755142
1876.311712
1838.564588
1801.451005
1764.930708
1728.978969
1693.578420
1658.714454
1624.375870
1590.557219
1557.259402
1524.486373
1492.239136
1460.512784
1429.298855
1398.588171
1368.371737
1338.641301
1309.389790
1280.611243
1252.299613
1224.447262
1197.045362
1170.084854
1143.556046
1117.449463
1091.759216
1066.485366
1041.633060
1017.209178
993.217754
969.656303
946.514983
923.778836
901.432226
879.463267
857.865174
836.634025
815.766616
795.259943
775.110245
755.312331
735.861014
716.753492
697.990336
679.574226
661.508037
643.792275
626.421995
609.386606
592.672829
576.267119
560.156972
544.334084
528.798633
513.558751
498.624635
484.002806
469.692519
455.684198
441.961289
428.505760
415.304314
402.350633
389.644082
377.189289
364.995331
353.071402
341.422173
330.046311
318.937390
308.086707
297.485524
287.125071
276.997401
267.096005
257.413126
247.937458
238.656277
229.560047
220.645971
211.919219
203.391834
195.079507
186.996640
179.151842
171.546416
164.174553
157.024173
150.080503
143.330236
136.762024
130.365814
124.134624
118.066350
112.162106
106.422799
100.848095
95.437195
90.189088
85.103057
80.179807
75.421663
70.830826
66.406978
62.147470
58.049982
54.113055
50.334404
46.711818
43.245741
39.939764
36.799188
33.827656
31.023193
28.378430
25.884518
23.533272
21.317313
19.229994
17.264464
15.414119
13.674648
12.044007
10.520362
9.100871
7.782072
6.559950
5.430139
4.390948
3.446322
2.604362
1.873810
1.261731
0.772360
0.406819
0.162400
0.031046
0.000000
0.056264
0.191026
0.400463
0.685064
1.049550
1.501237
2.045772
2.683704
3.411198
4.223231
5.115914
6.086383
7.131747
8.250386
9.444438
10.718776
12.076409
13.515209
15.028519
16.607736
18.245107
19.936017
21.679425
23.476231
25.327229
27.232744
29.194468
31.216850
33.305529
35.462816
37.683586
39.957717
42.278085
44.645269
47.065803
49.547149
52.092553
54.699312
57.361687
60.074665
62.834656
65.638197
68.481629
71.361505
74.274504
77.217554
80.188177
83.184513
86.204829
89.246495
92.306802
95.385756
98.487135
101.616891
104.779570
107.975339
111.201756
114.457611
117.743798
121.062367
124.416020
127.806852
131.234199
134.693912
138.179795
141.685990
145.207747
148.739958
152.276781
155.814206
159.352895
162.898158
166.456872
170.034180
173.631813
177.246513
180.869794
184.491908
188.106079
191.709868
195.306203
198.902774
202.507535
206.124198
209.751678
213.386632
217.026336
220.670877
224.323727
227.989285
231.668854
235.358411
239.049999
242.734689
246.403670
250.048417
253.662344
257.242941
260.792068
264.313897
267.814194
271.302070
274.788054
278.278371
281.772925
285.268432
288.762376
292.253653
295.739080
299.210940
302.660102
306.079235
309.462311
312.806605
316.115989
319.398945
322.665039
325.923496
329.180736
332.436834
335.685561
338.918628
342.128924
345.310260
348.456358
351.562380
354.627861
357.656526
360.653264
363.621953
366.565051
369.484046
372.378857
375.245618
378.076173
380.861679
383.597728
386.286960
388.936725
391.554056
394.143118
396.705232
399.238835
401.740333
404.206253
406.633912
409.019496
411.357658
413.646104
415.889666
418.097916
420.279327
422.437239
424.569526
426.670385
428.732368
430.748295
432.712000
434.617716
436.460466
438.238538
439.955627
441.619770
443.239120
444.817496
446.353029
447.841375
449.281003
450.674426
452.023608
453.326596
454.579799
455.781043
456.929333
458.022723
459.056470
460.023453
460.917711
461.738633
462.492882
463.192619
463.850505
464.474893
465.068359
465.627502
466.142543
466.600801
466.992663
467.313614
467.563051
467.742996
467.856554
467.906883
467.897215
467.830377
467.706536
467.520910
467.265613
466.936392
466.537163
466.076709
465.562477
464.997507
464.379843
463.703132
462.959187
462.141179
461.245056
460.270571
459.221944
458.104541
456.920536
455.669317
454.349692
452.960230
451.500205
449.970523
448.371051
446.697729
444.945666
443.114906
441.210542
439.237911
437.199354
435.094589
432.923403
430.687720
428.390755
426.033043
423.607826
421.102075
418.504370
415.811355
413.025900
410.150418
407.184175
404.126076
400.976825
397.738533
394.413382
391.001765
387.503149
383.920544
380.261674
376.534023
372.740475
368.880290
364.951941
360.954242
356.886598
352.747349
348.529855
344.221325
339.806597
335.273919
330.619330
325.847074
320.966954
315.990095
310.923634
305.770145
300.535564
295.238824
289.916327
284.621738
279.420043
274.370470
269.495525
264.749910
