0
2.92458E-08
5.84915E-08
8.77373E-08
1.16983E-07
1.46229E-07
1.75475E-07
2.0472E-07
2.33966E-07
2.63212E-07
2.92458E-07
3.21703E-07
3.50949E-07
3.80195E-07
4.09441E-07
4.38686E-07
4.76558E-07
5.1443E-07
5.52302E-07
5.90174E-07
6.28045E-07
6.65917E-07
7.03789E-07
7.41661E-07
7.79533E-07
8.17404E-07
8.55276E-07
8.93148E-07
9.3102E-07
9.68892E-07
1.00676E-06
1.07619E-06
1.14562E-06
1.21505E-06
1.28447E-06
1.3539E-06
1.42333E-06
1.49276E-06
1.56218E-06
1.63161E-06
1.70104E-06
1.77046E-06
1.83989E-06
1.90932E-06
1.97875E-06
2.04817E-06
2.12593E-06
2.20368E-06
2.28144E-06
2.35919E-06
2.43695E-06
2.5147E-06
2.59246E-06
2.67021E-06
2.74797E-06
2.82572E-06
2.90348E-06
2.98123E-06
3.05899E-06
3.13674E-06
3.21449E-06
3.30802E-06
3.40154E-06
3.49506E-06
3.58858E-06
3.6821E-06
3.77562E-06
3.86914E-06
3.96266E-06
4.05618E-06
4.1497E-06
4.24322E-06
4.33674E-06
4.43026E-06
4.52378E-06
4.6173E-06
4.73955E-06
4.8618E-06
4.98405E-06
5.1063E-06
5.22855E-06
5.3508E-06
5.47305E-06
5.5953E-06
5.71755E-06
5.8398E-06
5.96205E-06
6.0843E-06
6.20654E-06
6.32879E-06
6.45104E-06
6.78502E-06
7.11899E-06
7.45297E-06
7.78694E-06
8.12092E-06
8.45489E-06
8.78887E-06
9.12284E-06
9.45682E-06
9.79079E-06
1.01248E-05
1.04587E-05
1.07927E-05
1.11267E-05
1.14607E-05
1.17946E-05
1.21286E-05
1.24626E-05
1.27966E-05
1.31305E-05
1.34645E-05
1.37985E-05
1.41325E-05
1.44664E-05
1.48004E-05
1.51344E-05
1.54684E-05
1.58023E-05
1.61363E-05
1.64703E-05
1.68043E-05
1.71382E-05
1.74722E-05
1.78062E-05
1.81402E-05
1.84741E-05
1.88081E-05
1.91421E-05
1.94761E-05
1.981E-05
2.0144E-05
2.0478E-05
2.0812E-05
2.11459E-05
2.14799E-05
2.18139E-05
2.21479E-05
2.24818E-05
2.28158E-05
2.31498E-05
2.34838E-05
2.38177E-05
2.41517E-05
2.44857E-05
2.48197E-05
2.51536E-05
2.54876E-05
2.58216E-05
2.61556E-05
2.64895E-05
2.68235E-05
2.71575E-05
2.74915E-05
2.78254E-05
2.81594E-05
2.84934E-05
2.88274E-05
2.91613E-05
2.94953E-05
2.98293E-05
3.01633E-05
3.04972E-05
3.08312E-05
3.11652E-05
3.14992E-05
3.18331E-05
3.21671E-05
3.25011E-05
3.2835E-05
3.3169E-05
3.3503E-05
3.3837E-05
3.41709E-05
3.45049E-05
3.48389E-05
3.51729E-05
3.55068E-05
3.58408E-05
3.61748E-05
3.65088E-05
3.68427E-05
3.71767E-05
3.75107E-05
3.78447E-05
3.81786E-05
3.85126E-05
3.88466E-05
3.91806E-05
3.95145E-05
3.98485E-05
4.01825E-05
4.05165E-05
4.08504E-05
4.11844E-05
4.15184E-05
4.18524E-05
4.21863E-05
4.25203E-05
4.28543E-05
4.31883E-05
4.35222E-05
4.38562E-05
4.41902E-05
4.45242E-05
4.48581E-05
4.54523E-05
4.60465E-05
4.66407E-05
4.72348E-05
4.7829E-05
4.84232E-05
4.90174E-05
4.96115E-05
5.02057E-05
5.07999E-05
5.1394E-05
5.19882E-05
5.25824E-05
5.31766E-05
5.37707E-05
5.44944E-05
5.5218E-05
5.59416E-05
5.66652E-05
5.73889E-05
5.81125E-05
5.88361E-05
5.95597E-05
6.02834E-05
6.1007E-05
6.17306E-05
6.24542E-05
6.31779E-05
6.39015E-05
6.46251E-05
6.54997E-05
6.63742E-05
6.72488E-05
6.81234E-05
6.89979E-05
6.98725E-05
7.07471E-05
7.16216E-05
7.24962E-05
7.33707E-05
7.42453E-05
7.51199E-05
7.59944E-05
7.6869E-05
7.77436E-05
7.86017E-05
7.94598E-05
8.03179E-05
8.1176E-05
8.20341E-05
8.28922E-05
8.37503E-05
8.46084E-05
8.54665E-05
8.63246E-05
8.71827E-05
8.80408E-05
8.88989E-05
8.9757E-05
9.06151E-05
9.16781E-05
9.27411E-05
9.3804E-05
9.4867E-05
9.593E-05
9.69929E-05
9.80559E-05
9.91188E-05
0.000100182
0.000101245
0.000102308
0.000103371
0.000104434
0.000105497
0.00010656
0.000107683
0.000108806
0.00010993
0.000111053
0.000112177
0.0001133
0.000114423
0.000115547
0.00011667
0.000117794
0.000118917
0.00012004
0.000121164
0.000122287
0.000123411
0.000124453
0.000125495
0.000126538
0.00012758
0.000128622
0.000129665
0.000130707
0.000131749
0.000132792
0.000133834
0.000134876
0.000135919
0.000136961
0.000138003
0.000139046
0.000140088
0.00014113
0.000142173
0.000143215
0.000144257
0.0001453
0.000146342
0.000147384
0.000148427
0.000149469
0.000150511
0.000151554
0.000152596
0.000153638
0.000154681
0.000155723
0.000156765
0.000157808
0.00015885
0.000159892
0.000160935
0.000161977
0.000163019
0.000164062
0.000165104
0.000166146
0.000167189
0.000168231
0.000169273
0.000170316
0.000171358
0.0001724
0.000173443
0.000174485
0.000175527
0.00017657
0.000177612
0.000178654
0.000179697
0.000180739
0.000181781
0.000182824
0.000183866
0.000184908
0.000185951
0.000186993
0.000188035
0.000189078
0.00019012
0.000191162
0.000192205
0.000193247
0.000194289
0.000195332
0.000196374
0.000197416
0.000198459
0.000199501
0.000200543
0.000201586
0.000202628
0.00020367
0.000204713
0.000205755
0.000206797
0.00020784
0.000208882
0.000209924
0.000210967
0.000212009
0.000213051
0.000214094
0.000215136
0.000216178
0.000217221
0.000218263
0.000219305
0.000220348
0.00022139
0.000222432
0.000223475
0.000224517
0.00022556
0.000226602
0.000227644
0.000228687
0.000229729
0.000230771
0.000231814
0.000232856
0.000233898
0.000234941
0.000235983
0.000237025
0.000238068
0.00023911
0.000240152
0.000241195
0.000242237
0.000243279
0.000243871
0.000244462
0.000245054
0.000245646
0.000246237
0.000246829
0.000247421
0.000248012
0.000248604
0.000249195
0.000249787
0.000250379
0.00025097
0.000251562
0.000252153
0.000252652
0.000253151
0.000253649
0.000254148
0.000254646
0.000255145
0.000255643
0.000256142
0.000256641
0.000257139
0.000257638
0.000258136
0.000258635
0.000259133
0.000259632
0.000260053
0.000260474
0.000260894
0.000261315
0.000261736
0.000262157
0.000262577
0.000262998
0.000263419
0.00026384
0.000264261
0.000264681
0.000265102
0.000265523
0.000265944
0.000266311
0.000266679
0.000267046
0.000267414
0.000267781
0.000268148
0.000268516
0.000268883
0.000269251
0.000269618
0.000269986
0.000270353
0.000270721
0.000271088
0.000271456
0.000271728
0.000272001
0.000272274
0.000272546
0.000272819
0.000273092
0.000273364
0.000273637
0.00027391
0.000274182
0.000274455
0.000274728
0.000275
0.000275273
0.000275546
0.000275814
0.000276082
0.00027635
0.000276619
0.000276887
0.000277155
0.000277423
0.000277691
0.00027796
0.000278228
0.000278496
0.000278764
0.000279033
0.000279301
0.000279569
0.000279699
0.000279829
0.000279959
0.000280089
0.00028022
0.00028035
0.00028048
0.00028061
0.00028074
0.00028087
0.000281
0.00028113
0.000281261
0.000281391
0.000281521
0.000281651
0.000281781
0.000281911
0.000282041
0.000282171
0.000282301
0.000282432
0.000282562
0.000282692
0.000282822
0.000282952
0.000283082
0.000283212
0.000283342
0.000283473
0.000283603
0.000283733
0.000283863
0.000283993
0.000284123
0.000284253
0.000284383
0.000284514
0.000284644
0.000284774
0.000284904
0.000285034
0.000285164
0.000285294
0.000285424
0.000285555
0.000285685
0.000285815
0.000285945
0.000286075
0.000286205
0.000286335
0.000286465
0.000286595
0.000286726
0.000286856
0.000286986
0.000287116
0.000287246
0.000287376
0.000287506
0.000287636
0.000287767
0.000287897
0.000288027
0.000288157
0.000288287
0.000288417
0.000288547
0.000288677
0.000288808
0.000288938
0.000289068
0.000289198
0.000289328
0.000289458
0.000289588
0.000289718
0.000289849
0.000289979
0.000290109
0.000290239
0.000290369
0.000290499
0.000290629
0.000290759
0.000290889
0.00029102
0.00029115
0.00029128
0.00029141
0.00029154
0.00029167
0.0002918
0.00029193
0.000292061
0.000292191
0.000292321
0.000292451
0.000292581
0.000292711
0.000292841
0.000292971
0.000293102
0.000293232
0.000293362
0.000293492
0.000293622
0.000293752
0.000293882
0.000294012
0.000294142
0.000294273
0.000294403
0.000294533
0.000294663
0.000294793
0.000294923
0.000295053
0.000295183
0.000295314
0.000295444
0.000295574
0.000295704
0.000295834
0.000295964
0.000296094
0.000296224
0.000296355
0.000296485
0.000296552
0.000296619
0.000296686
0.000296754
0.000296821
0.000296888
0.000296955
0.000297022
0.00029709
0.000297157
0.000297224
0.000297291
0.000297358
0.000297426
0.000297493
0.000297528
0.000297563
0.000297598
0.000297634
0.000297669
0.000297704
0.000297739
0.000297775
0.00029781
0.000297845
0.00029788
0.000297916
0.000297951
0.000297986
0.000298021
0.000298062
0.000298103
0.000298143
0.000298184
0.000298225
0.000298266
0.000298306
0.000298347
0.000298388
0.000298428
0.000298469
0.00029851
0.00029855
0.000298591
0.000298632
0.000298662
0.000298693
0.000298724
0.000298754
0.000298785
0.000298815
0.000298846
0.000298877
0.000298907
0.000298938
0.000298968
0.000298999
0.00029903
0.00029906
0.000299091
0.00029913
0.000299169
0.000299208
0.000299246
0.000299285
0.000299324
0.000299363
0.000299402
0.000299441
0.00029948
0.000299519
0.000299558
0.000299597
0.000299636
0.000299675
0.000299713
0.000299751
0.000299789
0.000299827
0.000299866
0.000299904
0.000299942
0.00029998
0.000300018
0.000300056
0.000300094
0.000300133
0.000300171
0.000300209
0.000300247
0.00030026
0.000300273
0.000300286
0.000300299
0.000300311
0.000300324
0.000300337
0.00030035
0.000300363
0.000300376
0.000300389
0.000300402
0.000300414
0.000300427
0.00030044
0.000300453
0.000300466
0.000300479
0.000300492
0.000300505
0.000300518
0.00030053
0.000300543
0.000300556
0.000300569
0.000300582
0.000300595
0.000300608
0.000300621
0.000300634
0.000300646
0.000300659
0.000300672
0.000300685
0.000300698
0.000300711
0.000300724
0.000300737
0.00030075
0.000300762
0.000300775
0.000300788
0.000300801
0.000300814
0.000300827
0.00030084
0.000300853
0.000300866
0.000300878
0.000300891
0.000300904
0.000300917
0.00030093
0.000300943
0.000300956
0.000300969
0.000300981
0.000300994
0.000301007
0.00030102
0.000301033
0.000301046
0.000301059
0.000301072
0.000301085
0.000301097
0.00030111
0.000301123
0.000301136
0.000301149
0.000301162
0.000301175
0.000301188
0.000301201
0.000301213
0.000301226
0.000301239
0.000301252
0.000301265
0.000301278
0.000301291
0.000301304
0.000301317
0.000301329
0.000301342
0.000301355
0.000301368
0.000301381
0.000301394
0.000301407
0.00030142
0.000301433
0.000301445
0.000301458
0.000301471
0.000301484
0.000301497
0.00030151
0.000301523
0.000301536
0.000301549
0.000301561
0.000301574
0.000301587
0.0003016
0.000301613
0.000301626
0.000301639
0.000301652
0.000301664
0.000301677
0.00030169
0.000301703
0.000301716
0.000301729
0.000301733
0.000301738
0.000301742
0.000301746
0.000301751
0.000301755
0.000301759
0.000301764
0.000301768
0.000301772
0.000301777
0.000301781
0.000301785
0.00030179
0.000301794
0.000301811
0.000301828
0.000301844
0.000301861
0.000301878
0.000301895
0.000301912
0.000301929
0.000301945
0.000301962
0.000301979
0.000301996
0.000302013
0.000302029
0.000302046
0.000302032
0.000302017
0.000302002
0.000301988
0.000301973
0.000301958
0.000301944
0.000301929
0.000301914
0.000301899
0.000301885
0.00030187
0.000301855
0.000301841
0.000301826
0.000301835
0.000301845
0.000301854
0.000301864
0.000301873
0.000301882
0.000301892
0.000301901
0.00030191
0.00030192
0.000301929
0.000301938
0.000301948
0.000301957
0.000301967
0.000301954
0.000301941
0.000301929
0.000301916
0.000301904
0.000301891
0.000301878
0.000301866
0.000301853
0.000301841
0.000301828
0.000301815
0.000301803
0.00030179
0.000301778
0.000301784
0.00030179
0.000301797
0.000301803
0.000301809
0.000301816
0.000301822
0.000301828
0.000301835
0.000301841
0.000301847
0.000301854
0.00030186
0.000301866
0.000301873
0.000301875
0.000301878
0.00030188
0.000301883
0.000301886
0.000301888
0.000301891
0.000301893
0.000301896
0.000301899
0.000301901
0.000301904
0.000301906
0.000301909
0.000301912
0.000301914
0.000301917
0.000301919
0.000301922
0.000301925
0.000301927
0.00030193
0.000301933
0.000301935
0.000301938
0.00030194
0.000301943
0.000301946
0.000301948
0.000301951
0.000301953
0.000301956
0.000301959
0.000301961
0.000301964
0.000301966
0.000301969
0.000301972
0.000301974
0.000301977
0.000301979
0.000301982
0.000301985
0.000301987
0.00030199
0.000301992
0.000301995
0.000301998
0.000302
0.000302003
0.000302005
0.000302008
0.000302011
0.000302013
0.000302016
0.000302019
0.000302021
0.000302024
0.000302026
0.000302029
0.000302032
0.000302034
0.000302037
0.000302039
0.000302042
0.000302045
0.000302047
0.00030205
0.000302052
0.000302055
0.000302058
0.00030206
0.000302063
0.000302065
0.000302068
0.000302071
0.000302073
0.000302076
0.000302078
0.000302081
0.000302084
0.000302086
0.000302089
0.000302092
0.000302094
0.000302097
0.000302099
0.000302102
0.000302105
0.000302107
0.00030211
0.000302112
0.000302115
0.000302118
0.00030212
0.000302123
0.000302125
0.000302128
0.000302131
0.000302133
0.000302136
0.000302138
0.000302141
0.000302144
0.000302146
0.000302149
0.000302151
0.000302154
0.000302157
0.000302159
0.000302162
0.000302165
0.000302167
0.00030217
0.000302172
0.00030218
0.000302187
0.000302195
0.000302202
0.000302209
0.000302217
0.000302224
0.000302232
0.000302239
0.000302246
0.000302254
0.000302261
0.000302269
0.000302276
0.000302283
0.000302263
0.000302243
0.000302223
0.000302203
0.000302183
0.000302163
0.000302143
0.000302123
0.000302103
0.000302083
0.000302063
0.000302043
0.000302023
0.000302003
0.000301983
0.000301991
0.000301999
0.000302007
0.000302015
0.000302023
0.000302031
0.000302039
0.000302047
0.000302054
0.000302062
0.00030207
0.000302078
0.000302086
0.000302094
0.000302102
0.000302097
0.000302092
0.000302087
0.000302081
0.000302076
0.000302071
0.000302066
0.000302061
0.000302056
0.000302051
0.000302046
0.00030204
0.000302035
0.00030203
0.000302025
0.000302016
0.000302008
0.000301999
0.000301991
0.000301982
0.000301973
0.000301965
0.000301956
0.000301947
0.000301939
0.00030193
0.000301921
0.000301913
0.000301904
0.000301896
0.000301899
0.000301902
0.000301905
0.000301908
0.000301911
0.000301914
0.000301917
0.000301921
0.000301924
0.000301927
0.00030193
0.000301933
0.000301936
0.000301939
0.000301943
0.000301936
0.00030193
0.000301924
0.000301917
0.000301911
0.000301905
0.000301898
0.000301892
0.000301886
0.000301879
0.000301873
0.000301867
0.00030186
0.000301854
0.000301848
0.000301826
0.000301804
0.000301782
0.00030176
0.000301739
0.000301717
0.000301695
0.000301673
0.000301651
0.000301629
0.000301607
0.000301585
0.000301564
0.000301542
0.00030152
0.000301498
0.000301476
0.000301454
0.000301432
0.000301411
0.000301389
0.000301367
0.000301345
0.000301323
0.000301301
0.000301279
0.000301258
0.000301236
0.000301214
0.000301192
0.00030117
0.000301148
0.000301126
0.000301104
0.000301083
0.000301061
0.000301039
0.000301017
0.000300995
0.000300973
0.000300951
0.00030093
0.000300908
0.000300886
0.000300864
0.000300842
0.00030082
0.000300798
0.000300777
0.000300755
0.000300733
0.000300711
0.000300689
0.000300667
0.000300645
0.000300624
0.000300602
0.00030058
0.000300558
0.000300536
0.000300514
0.000300492
0.00030047
0.000300449
0.000300427
0.000300405
0.000300383
0.000300361
0.000300339
0.000300317
0.000300296
0.000300274
0.000300252
0.00030023
0.000300208
0.000300186
0.000300164
0.000300143
0.000300121
0.000300099
0.000300077
0.000300055
0.000300033
0.000300011
0.000299989
0.000299968
0.000299946
0.000299924
0.000299902
0.00029988
0.000299858
0.000299836
0.000299815
0.000299793
0.000299771
0.000299749
0.000299727
0.000299705
0.000299683
0.000299662
0.00029964
0.000299618
0.000299596
0.000299574
0.000299552
0.00029953
0.000299509
0.000299487
0.000299465
0.000299443
0.000299421
0.000299399
0.000299377
0.000299355
0.000299334
0.000299292
0.00029925
0.000299209
0.000299167
0.000299125
0.000299084
0.000299042
0.000299
0.000298959
0.000298917
0.000298875
0.000298834
0.000298792
0.00029875
0.000298709
0.000298639
0.00029857
0.000298501
0.000298431
0.000298362
0.000298293
0.000298223
0.000298154
0.000298085
0.000298015
0.000297946
0.000297877
0.000297808
0.000297738
0.000297669
0.000297618
0.000297568
0.000297517
0.000297466
0.000297416
0.000297365
0.000297314
0.000297264
0.000297213
0.000297163
0.000297112
0.000297061
0.000297011
0.00029696
0.000296909
0.000296848
0.000296786
0.000296724
0.000296663
0.000296601
0.000296539
0.000296477
0.000296416
0.000296354
0.000296292
0.00029623
0.000296169
0.000296107
0.000296045
0.000295983
0.000295925
0.000295867
0.000295809
0.000295751
0.000295693
0.000295635
0.000295577
0.000295519
0.000295461
0.000295403
0.000295345
0.000295287
0.000295229
0.000295171
0.000295113
0.000295027
0.000294941
0.000294855
0.00029477
0.000294684
0.000294598
0.000294512
0.000294426
0.000294341
0.000294255
0.000294169
0.000294083
0.000293998
0.000293912
0.000293826
0.000293661
0.000293496
0.00029333
0.000293165
0.000293
0.000292834
0.000292669
0.000292504
0.000292339
0.000292173
0.000292008
0.000291843
0.000291678
0.000291512
0.000291347
0.000291182
0.000291017
0.000290851
0.000290686
0.000290521
0.000290356
0.00029019
0.000290025
0.00028986
0.000289694
0.000289529
0.000289364
0.000289199
0.000289033
0.000288868
0.000288703
0.000288538
0.000288372
0.000288207
0.000288042
0.000287877
0.000287711
0.000287546
0.000287381
0.000287216
0.00028705
0.000286885
0.00028672
0.000286554
0.000286389
0.000286224
0.000286059
0.000285893
0.000285728
0.000285563
0.000285398
0.000285232
0.000285067
0.000284902
0.000284737
0.000284571
0.000284406
0.000284241
0.000284076
0.00028391
0.000283745
0.00028358
0.000283414
0.000283249
0.000283084
0.000282919
0.000282753
0.000282588
0.000282423
0.000282258
0.000282092
0.000281927
0.000281762
0.000281597
0.000281431
0.000281266
0.000281101
0.000280936
0.00028077
0.000280605
0.00028044
0.000280274
0.000280109
0.000279944
0.000279779
0.000279613
0.000279448
0.000279283
0.000279118
0.000278952
0.000278787
0.000278622
0.000278457
0.000278291
0.000278126
0.000277961
0.000277796
0.00027763
0.000277465
0.0002773
0.000277134
0.000276969
0.000276804
0.000276639
0.000276473
0.000276308
0.000276143
0.000275978
0.000275812
0.000275647
0.000275482
0.000275317
0.000275151
0.000274986
0.000274821
0.000274512
0.000274202
0.000273893
0.000273584
0.000273274
0.000272965
0.000272656
0.000272346
0.000272037
0.000271728
0.000271418
0.000271109
0.0002708
0.000270491
0.000270181
0.000269836
0.000269492
0.000269147
0.000268802
0.000268457
0.000268112
0.000267767
0.000267423
0.000267078
0.000266733
0.000266388
0.000266043
0.000265698
0.000265354
0.000265009
0.000264546
0.000264083
0.00026362
0.000263157
0.000262694
0.000262231
0.000261768
0.000261304
0.000260841
0.000260378
0.000259915
0.000259452
0.000258989
0.000258526
0.000258063
0.00025753
0.000256998
0.000256465
0.000255932
0.000255399
0.000254867
0.000254334
0.000253801
0.000253268
0.000252735
0.000252203
0.00025167
0.000251137
0.000250604
0.000250072
0.000249467
0.000248862
0.000248257
0.000247652
0.000247047
0.000246442
0.000245838
0.000245233
0.000244628
0.000244023
0.000243418
0.000242813
0.000242208
0.000241604
0.000240999
0.000240218
0.000239437
0.000238657
0.000237876
0.000237095
0.000236315
0.000235534
0.000234753
0.000233972
0.000233192
0.000232411
0.00023163
0.00023085
0.000230069
0.000229288
0.000228404
0.00022752
0.000226636
0.000225752
0.000224868
0.000223983
0.000223099
0.000222215
0.000221331
0.000220447
0.000219563
0.000218679
0.000217794
0.00021691
0.000216026
0.000214837
0.000213648
0.000212459
0.00021127
0.000210081
0.000208893
0.000207704
0.000206515
0.000205326
0.000204137
0.000202948
0.000201759
0.00020057
0.000199381
0.000198192
0.000197003
0.000195814
0.000194625
0.000193436
0.000192247
0.000191058
0.000189869
0.00018868
0.000187491
0.000186302
0.000185113
0.000183924
0.000182736
0.000181547
0.000180358
0.000179169
0.00017798
0.000176791
0.000175602
0.000174413
0.000173224
0.000172035
0.000170846
0.000169657
0.000168468
0.000167279
0.00016609
0.000164901
0.000163712
0.000162523
0.000161334
0.000160145
0.000158956
0.000157767
0.000156579
0.00015539
0.000154201
0.000153012
0.000151823
0.000150634
0.000149445
0.000148256
0.000147067
0.000145878
0.000144689
0.0001435
0.000142311
0.000141122
0.000139933
0.000138744
0.000137555
0.000136366
0.000135177
0.000133988
0.000132799
0.000131611
0.000130422
0.000129233
0.000128044
0.000126855
0.000125666
0.000124477
0.000123288
0.000122099
0.00012091
0.000119721
0.000118532
0.000117343
0.000116154
0.000114965
0.000113776
0.000112587
0.000111398
0.000110209
0.00010902
0.000107831
0.000106642
0.000105454
0.000104265
0.000103076
0.000101887
0.000100698
9.95087E-05
9.83198E-05
9.71308E-05
9.59419E-05
9.47529E-05
9.3564E-05
9.2375E-05
9.11861E-05
8.99971E-05
8.88082E-05
8.76192E-05
8.64303E-05
8.52413E-05
8.40523E-05
8.28634E-05
8.16744E-05
8.04855E-05
7.92965E-05
7.83831E-05
7.74697E-05
7.65562E-05
7.56428E-05
7.47293E-05
7.38159E-05
7.29025E-05
7.1989E-05
7.10756E-05
7.01621E-05
6.92487E-05
6.83353E-05
6.74218E-05
6.65084E-05
6.5595E-05
6.47724E-05
6.39498E-05
6.31273E-05
6.23047E-05
6.14822E-05
6.06596E-05
5.98371E-05
5.90145E-05
5.8192E-05
5.73694E-05
5.65468E-05
5.57243E-05
5.49017E-05
5.40792E-05
5.32566E-05
5.26288E-05
5.20009E-05
5.1373E-05
5.07451E-05
5.01173E-05
4.94894E-05
4.88615E-05
4.82337E-05
4.76058E-05
4.69779E-05
4.63501E-05
4.57222E-05
4.50943E-05
4.44664E-05
4.38386E-05
4.32415E-05
4.26445E-05
4.20475E-05
4.14505E-05
4.08534E-05
4.02564E-05
3.96594E-05
3.90624E-05
3.84654E-05
3.78683E-05
3.72713E-05
3.66743E-05
3.60773E-05
3.54802E-05
3.48832E-05
3.44078E-05
3.39324E-05
3.3457E-05
3.29815E-05
3.25061E-05
3.20307E-05
3.15553E-05
3.10799E-05
3.06045E-05
3.0129E-05
2.96536E-05
2.91782E-05
2.87028E-05
2.82274E-05
2.7752E-05
2.73742E-05
2.69964E-05
2.66186E-05
2.62408E-05
2.5863E-05
2.54852E-05
2.51074E-05
2.47297E-05
2.43519E-05
2.39741E-05
2.35963E-05
2.32185E-05
2.28407E-05
2.24629E-05
2.20851E-05
2.19171E-05
2.1749E-05
2.15809E-05
2.14129E-05
2.12448E-05
2.10767E-05
2.09086E-05
2.07406E-05
2.05725E-05
2.04044E-05
2.02364E-05
2.00683E-05
1.99002E-05
1.97322E-05
1.95641E-05
1.9396E-05
1.9228E-05
1.90599E-05
1.88918E-05
1.87238E-05
1.85557E-05
1.83876E-05
1.82195E-05
1.80515E-05
1.78834E-05
1.77153E-05
1.75473E-05
1.73792E-05
1.72111E-05
1.70431E-05
1.6875E-05
1.67069E-05
1.65389E-05
1.63708E-05
1.62027E-05
1.60347E-05
1.58666E-05
1.56985E-05
1.55304E-05
1.53624E-05
1.51943E-05
1.50262E-05
1.48582E-05
1.46901E-05
1.4522E-05
1.4354E-05
1.41859E-05
1.40178E-05
1.38498E-05
1.36817E-05
1.35136E-05
1.33456E-05
1.31775E-05
1.30094E-05
1.28413E-05
1.26733E-05
1.25052E-05
1.23371E-05
1.21691E-05
1.2001E-05
1.18329E-05
1.16649E-05
1.14968E-05
1.13287E-05
1.11607E-05
1.09926E-05
1.08245E-05
1.06564E-05
1.04884E-05
1.03203E-05
1.01522E-05
9.98417E-06
9.8161E-06
9.64804E-06
9.47997E-06
9.3119E-06
9.14383E-06
8.97576E-06
8.80769E-06
8.63962E-06
8.47155E-06
8.30348E-06
8.13542E-06
7.96735E-06
7.79928E-06
7.63121E-06
7.46314E-06
7.29507E-06
7.127E-06
6.95893E-06
6.79086E-06
6.6228E-06
6.45473E-06
6.28666E-06
6.11859E-06
5.95052E-06
5.78245E-06
5.61438E-06
5.44631E-06
5.27824E-06
5.11018E-06
4.94211E-06
4.77404E-06
4.60597E-06
4.4379E-06
4.26983E-06
4.10176E-06
3.93369E-06
3.76562E-06
3.59756E-06
3.42949E-06
3.26142E-06
3.09335E-06
2.92528E-06
2.75721E-06
2.67262E-06
2.58803E-06
2.50344E-06
2.41884E-06
2.33425E-06
2.24966E-06
2.16507E-06
2.08048E-06
1.99589E-06
1.91129E-06
1.8267E-06
1.74211E-06
1.65752E-06
1.57293E-06
1.48834E-06
1.43138E-06
1.37443E-06
1.31748E-06
1.26053E-06
1.20358E-06
1.14663E-06
1.08968E-06
1.03273E-06
9.75784E-07
9.18833E-07
8.61883E-07
8.04933E-07
7.47983E-07
6.91033E-07
6.34082E-07
5.9885E-07
5.63618E-07
5.28386E-07
4.93154E-07
4.57922E-07
4.2269E-07
3.87458E-07
3.52225E-07
3.16993E-07
2.81761E-07
2.46529E-07
2.11297E-07
1.76065E-07
1.40833E-07
1.056E-07
