2.55136E-06
2.7566E-06
2.96184E-06
3.16708E-06
3.37232E-06
3.57756E-06
3.61262E-06
3.64769E-06
3.68275E-06
3.71782E-06
3.75288E-06
3.78794E-06
3.82301E-06
3.85807E-06
3.89313E-06
3.9282E-06
3.96326E-06
3.99833E-06
4.03339E-06
4.06845E-06
4.10352E-06
4.13858E-06
4.17365E-06
4.20871E-06
4.24377E-06
4.27884E-06
4.3139E-06
4.34896E-06
4.38403E-06
4.41909E-06
4.45416E-06
4.48922E-06
4.52428E-06
4.55935E-06
4.59441E-06
4.62947E-06
4.66454E-06
4.6996E-06
4.73467E-06
4.76973E-06
4.80479E-06
4.83986E-06
4.87492E-06
4.90998E-06
4.94505E-06
4.98011E-06
5.01518E-06
5.05024E-06
5.0853E-06
5.12037E-06
5.15543E-06
5.1905E-06
5.22556E-06
5.26062E-06
5.29569E-06
5.33075E-06
5.36581E-06
5.40088E-06
5.43594E-06
5.47101E-06
5.50607E-06
5.54113E-06
5.5762E-06
5.61126E-06
5.64632E-06
5.68139E-06
5.71645E-06
5.75152E-06
5.78658E-06
5.82164E-06
5.85671E-06
5.89177E-06
5.92683E-06
5.9619E-06
5.99696E-06
6.03203E-06
6.06709E-06
6.10215E-06
6.13722E-06
6.17228E-06
6.20735E-06
6.24241E-06
6.27747E-06
6.31254E-06
6.3476E-06
6.38266E-06
6.41773E-06
6.45279E-06
6.48786E-06
6.52292E-06
6.55798E-06
6.59305E-06
6.62811E-06
6.66317E-06
6.69824E-06
6.7333E-06
6.76837E-06
6.80343E-06
6.83849E-06
6.87356E-06
6.90862E-06
6.94368E-06
6.97875E-06
7.01381E-06
7.04888E-06
7.08394E-06
7.119E-06
7.15407E-06
7.18913E-06
7.2242E-06
7.25926E-06
7.29432E-06
7.32939E-06
7.36445E-06
7.39951E-06
7.43458E-06
7.46964E-06
7.50471E-06
7.53977E-06
7.57483E-06
7.6099E-06
7.80092E-06
7.99193E-06
8.18295E-06
8.37397E-06
8.56499E-06
8.75601E-06
8.94703E-06
9.13805E-06
9.32907E-06
9.52008E-06
9.7111E-06
9.90212E-06
1.00931E-05
1.02842E-05
1.04752E-05
1.04621E-05
1.04491E-05
1.0436E-05
1.0423E-05
1.04099E-05
1.03968E-05
1.03838E-05
1.03707E-05
1.03577E-05
1.03446E-05
1.03316E-05
1.03185E-05
1.03055E-05
1.02924E-05
1.02793E-05
1.06483E-05
1.10172E-05
1.13862E-05
1.17551E-05
1.21241E-05
1.2493E-05
1.2862E-05
1.32309E-05
1.35998E-05
1.39688E-05
1.43377E-05
1.47067E-05
1.50756E-05
1.54446E-05
1.58135E-05
1.60233E-05
1.6233E-05
1.64428E-05
1.66526E-05
1.68623E-05
1.70721E-05
1.72818E-05
1.74916E-05
1.77014E-05
1.79111E-05
1.81209E-05
1.83306E-05
1.85404E-05
1.87501E-05
1.89599E-05
1.90363E-05
1.91128E-05
1.91892E-05
1.92656E-05
1.9342E-05
1.94185E-05
1.94949E-05
1.95713E-05
1.96477E-05
1.97242E-05
1.98006E-05
1.9877E-05
1.99534E-05
2.00299E-05
2.01063E-05
2.02291E-05
2.03519E-05
2.04747E-05
2.05975E-05
2.07203E-05
2.08431E-05
2.09659E-05
2.10887E-05
2.12115E-05
2.13343E-05
2.14571E-05
2.15799E-05
2.17027E-05
2.18255E-05
2.19482E-05
2.23021E-05
2.2656E-05
2.30099E-05
2.33637E-05
2.37176E-05
2.40715E-05
2.44254E-05
2.47792E-05
2.51331E-05
2.5487E-05
2.58409E-05
2.61948E-05
2.65486E-05
2.69025E-05
2.72564E-05
2.76103E-05
2.79641E-05
2.8318E-05
2.86719E-05
2.90258E-05
2.93796E-05
2.97335E-05
3.00874E-05
3.04413E-05
3.07951E-05
3.1149E-05
3.15029E-05
3.18568E-05
3.22106E-05
3.25645E-05
3.29184E-05
3.32723E-05
3.36261E-05
3.398E-05
3.43339E-05
3.46878E-05
3.50416E-05
3.53955E-05
3.57494E-05
3.61033E-05
3.64571E-05
3.6811E-05
3.71649E-05
3.75188E-05
3.78726E-05
3.82265E-05
3.85804E-05
3.89343E-05
3.92881E-05
3.9642E-05
3.99959E-05
4.03498E-05
4.07036E-05
4.10575E-05
4.14114E-05
4.17653E-05
4.21191E-05
4.2473E-05
4.28269E-05
4.31808E-05
4.35346E-05
4.38885E-05
4.42424E-05
4.45963E-05
4.49501E-05
4.5304E-05
4.56579E-05
4.60118E-05
4.63656E-05
4.67195E-05
4.70734E-05
4.74273E-05
4.77812E-05
4.8135E-05
4.84889E-05
4.88428E-05
4.91967E-05
4.95505E-05
4.99044E-05
5.02583E-05
5.06122E-05
5.0966E-05
5.13199E-05
5.16738E-05
5.20277E-05
5.23815E-05
5.27354E-05
5.30893E-05
5.34432E-05
5.3797E-05
5.41509E-05
5.45048E-05
5.48587E-05
5.52125E-05
5.55664E-05
5.59203E-05
5.62742E-05
5.6628E-05
5.69819E-05
5.73358E-05
5.76897E-05
5.80435E-05
5.83974E-05
5.87513E-05
5.91052E-05
5.9459E-05
5.98129E-05
6.01668E-05
6.05207E-05
6.08745E-05
6.12284E-05
6.15823E-05
6.19362E-05
6.229E-05
6.26439E-05
6.30915E-05
6.3539E-05
6.39865E-05
6.44341E-05
6.48816E-05
6.53291E-05
6.57767E-05
6.62242E-05
6.66718E-05
6.71193E-05
6.75668E-05
6.80144E-05
6.84619E-05
6.89094E-05
6.9357E-05
6.99927E-05
7.06283E-05
7.1264E-05
7.18997E-05
7.25354E-05
7.31711E-05
7.38068E-05
7.44425E-05
7.50781E-05
7.57138E-05
7.63495E-05
7.69852E-05
7.76209E-05
7.82566E-05
7.88923E-05
7.94693E-05
8.00463E-05
8.06233E-05
8.12003E-05
8.17773E-05
8.23544E-05
8.29314E-05
8.35084E-05
8.40854E-05
8.46624E-05
8.52395E-05
8.58165E-05
8.63935E-05
8.69705E-05
8.75475E-05
8.81966E-05
8.88457E-05
8.94948E-05
9.01439E-05
9.0793E-05
9.14421E-05
9.20912E-05
9.27403E-05
9.33894E-05
9.40385E-05
9.46876E-05
9.53366E-05
9.59857E-05
9.66348E-05
9.72839E-05
9.80329E-05
9.8782E-05
9.9531E-05
0.00010028
0.000101029
0.000101778
0.000102527
0.000103276
0.000104025
0.000104774
0.000105523
0.000106272
0.000107021
0.00010777
0.000108519
0.000109339
0.000110158
0.000110977
0.000111796
0.000112616
0.000113435
0.000114254
0.000115074
0.000115893
0.000116712
0.000117532
0.000118351
0.00011917
0.00011999
0.000120809
0.000121544
0.000122279
0.000123014
0.000123748
0.000124483
0.000125218
0.000125953
0.000126688
0.000127423
0.000128158
0.000128893
0.000129627
0.000130362
0.000131097
0.000131832
0.000132567
0.000133303
0.000134038
0.000134774
0.000135509
0.000136244
0.00013698
0.000137715
0.000138451
0.000139186
0.000139921
0.000140657
0.000141392
0.000142128
0.000142863
0.000143598
0.000144334
0.000145069
0.000145805
0.00014654
0.000147275
0.000148011
0.000148746
0.000149482
0.000150217
0.000150952
0.000151688
0.000152423
0.000153159
0.000153894
0.000154629
0.000155365
0.0001561
0.000156836
0.000157571
0.000158306
0.000159042
0.000159777
0.000160513
0.000161248
0.000161983
0.000162719
0.000163454
0.00016419
0.000164925
0.00016566
0.000166396
0.000167131
0.000167867
0.000168602
0.000169337
0.000170073
0.000170808
0.000171544
0.000172279
0.000173015
0.00017375
0.000174485
0.000175221
0.000175956
0.000176692
0.000177427
0.000178162
0.000178898
0.000179633
0.000180369
0.000181104
0.000181839
0.000182575
0.00018331
0.000184046
0.000184781
0.000185516
0.000186252
0.000186987
0.000187723
0.000188458
0.000189193
0.000189929
0.000190664
0.0001914
0.000192135
0.00019287
0.000193606
0.000194341
0.000195077
0.000195812
0.000196547
0.000197283
0.000198018
0.000198754
0.000199489
0.000200224
0.00020096
0.000201695
0.000202431
0.000203166
0.000203901
0.000204637
0.000205372
0.000206108
0.000206843
0.000207578
0.000208314
0.000209049
0.000209785
0.00021052
0.000211255
0.000211991
0.000212726
0.000213462
0.000214197
0.000214932
0.000215668
0.000216403
0.000216944
0.000217485
0.000218026
0.000218567
0.000219108
0.000219648
0.000220189
0.00022073
0.000221271
0.000221812
0.000222353
0.000222894
0.000223435
0.000223975
0.000224516
0.000225056
0.000225596
0.000226135
0.000226675
0.000227215
0.000227754
0.000228294
0.000228834
0.000229373
0.000229913
0.000230453
0.000230992
0.000231532
0.000232072
0.000232612
0.000232893
0.000233174
0.000233455
0.000233737
0.000234018
0.000234299
0.00023458
0.000234861
0.000235143
0.000235424
0.000235705
0.000235986
0.000236268
0.000236549
0.00023683
0.000237343
0.000237857
0.00023837
0.000238883
0.000239397
0.00023991
0.000240423
0.000240937
0.00024145
0.000241963
0.000242477
0.00024299
0.000243503
0.000244017
0.00024453
0.000244904
0.000245278
0.000245652
0.000246026
0.0002464
0.000246774
0.000247148
0.000247522
0.000247896
0.00024827
0.000248644
0.000249018
0.000249392
0.000249766
0.00025014
0.000250316
0.000250492
0.000250668
0.000250845
0.000251021
0.000251197
0.000251374
0.00025155
0.000251726
0.000251902
0.000252079
0.000252255
0.000252431
0.000252608
0.000252784
0.000252998
0.000253213
0.000253427
0.000253642
0.000253856
0.000254071
0.000254285
0.0002545
0.000254714
0.000254929
0.000255143
0.000255357
0.000255572
0.000255786
0.000256001
0.000256215
0.00025643
0.000256644
0.000256859
0.000257073
0.000257288
0.000257502
0.000257717
0.000257931
0.000258146
0.00025836
0.000258575
0.000258789
0.000259004
0.000259218
0.000259432
0.000259647
0.000259861
0.000260076
0.00026029
0.000260505
0.000260719
0.000260934
0.000261148
0.000261363
0.000261577
0.000261792
0.000262006
0.000262221
0.000262435
0.00026265
0.000262864
0.000263079
0.000263293
0.000263508
0.000263722
0.000263936
0.000264151
0.000264365
0.00026458
0.000264794
0.000265009
0.000265223
0.000265438
0.000265652
0.000265867
0.000266081
0.000266296
0.00026651
0.000266725
0.000266939
0.000267154
0.000267368
0.000267583
0.000267797
0.000268011
0.000268226
0.00026844
0.000268655
0.000268869
0.000269084
0.000269298
0.000269513
0.000269727
0.000269942
0.000270156
0.000270371
0.000270585
0.0002708
0.000271014
0.000271229
0.000271443
0.000271658
0.000271872
0.000272086
0.000272301
0.000272515
0.00027273
0.000272944
0.000273159
0.000273373
0.000273588
0.000273802
0.000274017
0.000274231
0.000274446
0.00027466
0.000274875
0.000275089
0.000275304
0.000275518
0.000275733
0.000275947
0.000276162
0.000276376
0.00027659
0.000276805
0.000277019
0.000277234
0.000277448
0.000277707
0.000277966
0.000278225
0.000278483
0.000278742
0.000279001
0.000279259
0.000279518
0.000279777
0.000280036
0.000280294
0.000280553
0.000280812
0.00028107
0.000281329
0.000281578
0.000281826
0.000282074
0.000282323
0.000282571
0.00028282
0.000283068
0.000283317
0.000283565
0.000283813
0.000284062
0.00028431
0.000284559
0.000284807
0.000285056
0.000285147
0.000285239
0.000285331
0.000285423
0.000285515
0.000285607
0.000285699
0.000285791
0.000285883
0.000285975
0.000286067
0.000286158
0.00028625
0.000286342
0.000286434
0.000286498
0.000286561
0.000286625
0.000286689
0.000286752
0.000286816
0.000286879
0.000286943
0.000287007
0.00028707
0.000287134
0.000287198
0.000287261
0.000287325
0.000287388
0.000287401
0.000287414
0.000287426
0.000287439
0.000287451
0.000287464
0.000287476
0.000287489
0.000287502
0.000287514
0.000287527
0.000287539
0.000287552
0.000287564
0.000287577
0.000287672
0.000287767
0.000287862
0.000287957
0.000288052
0.000288148
0.000288243
0.000288338
0.000288433
0.000288528
0.000288623
0.000288718
0.000288813
0.000288908
0.000289003
0.0002891
0.000289197
0.000289294
0.00028939
0.000289487
0.000289584
0.000289681
0.000289778
0.000289874
0.000289971
0.000290068
0.000290165
0.000290261
0.000290358
0.000290455
0.000290552
0.000290649
0.000290745
0.000290842
0.000290939
0.000291036
0.000291132
0.000291229
0.000291326
0.000291423
0.00029152
0.000291616
0.000291713
0.00029181
0.000291907
0.000292003
0.0002921
0.000292197
0.000292294
0.000292391
0.000292487
0.000292584
0.000292681
0.000292778
0.000292874
0.000292971
0.000293068
0.000293165
0.000293262
0.000293358
0.000293455
0.000293552
0.000293649
0.000293745
0.000293842
0.000293939
0.000294036
0.000294133
0.000294229
0.000294326
0.000294423
0.00029452
0.000294616
0.000294713
0.00029481
0.000294907
0.000295004
0.0002951
0.000295197
0.000295294
0.000295391
0.000295487
0.000295584
0.000295681
0.000295778
0.000295874
0.000295971
0.000296068
0.000296165
0.000296262
0.000296358
0.000296455
0.000296552
0.000296649
0.000296745
0.000296842
0.000296939
0.000297036
0.000297133
0.000297229
0.000297326
0.000297423
0.00029752
0.000297616
0.000297713
0.00029781
0.000297907
0.000298004
0.0002981
0.000298197
0.000298294
0.000298391
0.000298487
0.000298584
0.000298681
0.000298778
0.000298875
0.000298971
0.000299068
0.000299165
0.000299262
0.000299358
0.000299455
0.000299552
0.000299649
0.000299746
0.000299842
0.000299939
0.000300036
0.000300133
0.000300229
0.000300326
0.000300423
0.00030052
0.000300617
0.000300713
0.00030081
0.000300907
0.000301004
0.0003011
0.000301197
0.000301294
0.000301391
0.000301488
0.000301584
0.000301539
0.000301493
0.000301448
0.000301403
0.000301357
0.000301312
0.000301266
0.000301221
0.000301175
0.00030113
0.000301085
0.000301039
0.000300994
0.000300948
0.000300903
0.000300958
0.000301013
0.000301068
0.000301124
0.000301179
0.000301234
0.000301289
0.000301344
0.000301399
0.000301455
0.00030151
0.000301565
0.00030162
0.000301675
0.00030173
0.000301817
0.000301903
0.000301989
0.000302075
0.000302161
0.000302247
0.000302333
0.000302419
0.000302506
0.000302592
0.000302678
0.000302764
0.00030285
0.000302936
0.000303022
0.000303058
0.000303094
0.00030313
0.000303166
0.000303202
0.000303237
0.000303273
0.000303309
0.000303345
0.000303381
0.000303417
0.000303452
0.000303488
0.000303524
0.00030356
0.000303457
0.000303355
0.000303252
0.000303149
0.000303046
0.000302944
0.000302841
0.000302738
0.000302636
0.000302533
0.00030243
0.000302328
0.000302225
0.000302122
0.00030202
0.000302151
0.000302282
0.000302413
0.000302544
0.000302675
0.000302807
0.000302938
0.000303069
0.0003032
0.000303331
0.000303462
0.000303594
0.000303725
0.000303856
0.000303987
0.000303993
0.000303999
0.000304005
0.000304011
0.000304017
0.000304024
0.00030403
0.000304036
0.000304042
0.000304048
0.000304054
0.00030406
0.000304066
0.000304072
0.000304078
0.000304084
0.00030409
0.000304096
0.000304102
0.000304108
0.000304115
0.000304121
0.000304127
0.000304133
0.000304139
0.000304145
0.000304151
0.000304157
0.000304163
0.000304169
0.000304175
0.000304181
0.000304187
0.000304193
0.0003042
0.000304206
0.000304212
0.000304218
0.000304224
0.00030423
0.000304236
0.000304242
0.000304248
0.000304254
0.00030426
0.000304266
0.000304272
0.000304278
0.000304284
0.000304291
0.000304297
0.000304303
0.000304309
0.000304315
0.000304321
0.000304327
0.000304333
0.000304339
0.000304345
0.000304351
0.000304357
0.000304363
0.000304369
0.000304376
0.000304382
0.000304388
0.000304394
0.0003044
0.000304406
0.000304412
0.000304418
0.000304424
0.00030443
0.000304436
0.000304442
0.000304448
0.000304454
0.00030446
0.000304467
0.000304473
0.000304479
0.000304485
0.000304491
0.000304497
0.000304503
0.000304509
0.000304515
0.000304521
0.000304527
0.000304533
0.000304539
0.000304545
0.000304551
0.000304558
0.000304564
0.00030457
0.000304576
0.000304582
0.000304588
0.000304594
0.0003046
0.000304606
0.000304612
0.000304618
0.000304624
0.00030463
0.000304636
0.000304643
0.000304649
0.000304655
0.000304661
0.000304667
0.000304673
0.000304679
0.000304685
0.000304546
0.000304407
0.000304269
0.00030413
0.000303991
0.000303852
0.000303714
0.000303575
0.000303436
0.000303297
0.000303159
0.00030302
0.000302881
0.000302742
0.000302604
0.000302608
0.000302613
0.000302618
0.000302623
0.000302628
0.000302633
0.000302638
0.000302643
0.000302647
0.000302652
0.000302657
0.000302662
0.000302667
0.000302672
0.000302677
0.00030258
0.000302483
0.000302386
0.000302289
0.000302192
0.000302095
0.000301998
0.000301901
0.000301805
0.000301708
0.000301611
0.000301514
0.000301417
0.00030132
0.000301223
0.00030115
0.000301077
0.000301004
0.000300931
0.000300858
0.000300785
0.000300712
0.000300639
0.000300566
0.000300493
0.00030042
0.000300347
0.000300274
0.000300201
0.000300128
0.000299961
0.000299794
0.000299627
0.00029946
0.000299293
0.000299126
0.000298959
0.000298792
0.000298625
0.000298458
0.000298291
0.000298124
0.000297957
0.00029779
0.000297623
0.000297498
0.000297373
0.000297249
0.000297124
0.000296999
0.000296875
0.00029675
0.000296626
0.000296501
0.000296376
0.000296252
0.000296127
0.000296003
0.000295878
0.000295753
0.000295709
0.000295665
0.000295621
0.000295576
0.000295532
0.000295488
0.000295443
0.000295399
0.000295355
0.000295311
0.000295266
0.000295222
0.000295178
0.000295134
0.000295089
0.000295045
0.000295001
0.000294956
0.000294912
0.000294868
0.000294824
0.000294779
0.000294735
0.000294691
0.000294647
0.000294602
0.000294558
0.000294514
0.00029447
0.000294425
0.000294381
0.000294337
0.000294292
0.000294248
0.000294204
0.00029416
0.000294115
0.000294071
0.000294027
0.000293983
0.000293938
0.000293894
0.00029385
0.000293805
0.000293761
0.000293717
0.000293673
0.000293628
0.000293584
0.00029354
0.000293496
0.000293451
0.000293407
0.000293363
0.000293319
0.000293274
0.00029323
0.000293186
0.000293141
0.000293097
0.000293053
0.000293009
0.000292964
0.00029292
0.000292876
0.000292832
0.000292787
0.000292743
0.000292699
0.000292654
0.00029261
0.000292566
0.000292522
0.000292477
0.000292433
0.000292389
0.000292345
0.0002923
0.000292256
0.000292212
0.000292168
0.000292123
0.000292079
0.000292035
0.00029199
0.000291946
0.000291902
0.000291858
0.000291813
0.000291769
0.000291725
0.000291681
0.000291636
0.000291592
0.000291548
0.000291503
0.000291459
0.000291415
0.000291371
0.000291326
0.000291282
0.000291238
0.000291194
0.000291149
0.000291105
0.000291061
0.000291017
0.000290972
0.000290928
0.000290884
0.000290839
0.000290795
0.000290751
0.000290707
0.000290662
0.000290509
0.000290356
0.000290203
0.00029005
0.000289897
0.000289744
0.000289591
0.000289439
0.000289286
0.000289133
0.00028898
0.000288827
0.000288674
0.000288521
0.000288368
0.000288284
0.000288201
0.000288118
0.000288034
0.000287951
0.000287868
0.000287784
0.000287701
0.000287617
0.000287534
0.000287451
0.000287367
0.000287284
0.000287201
0.000287117
0.000286905
0.000286692
0.000286479
0.000286266
0.000286053
0.00028584
0.000285628
0.000285415
0.000285202
0.000284989
0.000284776
0.000284563
0.000284351
0.000284138
0.000283925
0.000283553
0.000283181
0.000282809
0.000282437
0.000282065
0.000281693
0.000281321
0.000280949
0.000280577
0.000280205
0.000279833
0.000279461
0.000279089
0.000278717
0.000278345
0.000278119
0.000277893
0.000277668
0.000277442
0.000277216
0.000276991
0.000276765
0.000276539
0.000276314
0.000276088
0.000275862
0.000275637
0.000275411
0.000275186
0.00027496
0.000274899
0.000274838
0.000274777
0.000274716
0.000274655
0.000274594
0.000274534
0.000274473
0.000274412
0.000274351
0.00027429
0.000274229
0.000274168
0.000274107
0.000274046
0.000273803
0.000273559
0.000273315
0.000273071
0.000272828
0.000272584
0.00027234
0.000272096
0.000271853
0.000271609
0.000271365
0.000271122
0.000270878
0.000270634
0.00027039
0.000270066
0.000269742
0.000269418
0.000269094
0.00026877
0.000268446
0.000268122
0.000267798
0.000267473
0.000267149
0.000266825
0.000266501
0.000266177
0.000265853
0.000265529
0.000265205
0.000264881
0.000264557
0.000264232
0.000263908
0.000263584
0.00026326
0.000262936
0.000262612
0.000262288
0.000261964
0.00026164
0.000261315
0.000260991
0.000260667
0.000260343
0.000260019
0.000259695
0.000259371
0.000259047
0.000258723
0.000258399
0.000258074
0.00025775
0.000257426
0.000257102
0.000256778
0.000256454
0.00025613
0.000255806
0.000255482
0.000255157
0.000254833
0.000254509
0.000254185
0.000253861
0.000253537
0.000253213
0.000252889
0.000252565
0.000252241
0.000251916
0.000251592
0.000251268
0.000250944
0.00025062
0.000250296
0.000249972
0.000249648
0.000249324
0.000248999
0.000248675
0.000248351
0.000248027
0.000247703
0.000247379
0.000247055
0.000246731
0.000246407
0.000246083
0.000245758
0.000245434
0.00024511
0.000244786
0.000244462
0.000244138
0.000243814
0.00024349
0.000243166
0.000242841
0.000242517
0.000242193
0.000241869
0.000241545
0.000241221
0.000240897
0.000240573
0.000240249
0.000239925
0.0002396
0.000239276
0.000238952
0.000238628
0.000238304
0.00023798
0.000237656
0.000237332
0.000237008
0.000236683
0.000236359
0.000236035
0.000235711
0.000235387
0.000235063
0.000234739
0.000234415
0.000234091
0.000233767
0.000233442
0.000233118
0.000232609
0.0002321
0.00023159
0.000231081
0.000230572
0.000230063
0.000229553
0.000229044
0.000228535
0.000228026
0.000227516
0.000227007
0.000226498
0.000225988
0.000225479
0.000224763
0.000224046
0.00022333
0.000222613
0.000221896
0.00022118
0.000220463
0.000219747
0.00021903
0.000218314
0.000217597
0.000216881
0.000216164
0.000215448
0.000214731
0.000214061
0.00021339
0.00021272
0.00021205
0.000211379
0.000210709
0.000210038
0.000209368
0.000208698
0.000208027
0.000207357
0.000206686
0.000206016
0.000205346
0.000204675
0.000203818
0.00020296
0.000202102
0.000201245
0.000200387
0.000199529
0.000198672
0.000197814
0.000196956
0.000196099
0.000195241
0.000194383
0.000193526
0.000192668
0.000191811
0.000191054
0.000190297
0.00018954
0.000188784
0.000188027
0.00018727
0.000186514
0.000185757
0.000185
0.000184244
0.000183487
0.00018273
0.000181974
0.000181217
0.00018046
0.00017978
0.000179101
0.000178421
0.000177741
0.000177061
0.000176381
0.000175701
0.000175021
0.000174341
0.000173662
0.000172982
0.000172302
0.000171622
0.000170942
0.000170262
0.000169468
0.000168673
0.000167879
0.000167085
0.00016629
0.000165496
0.000164702
0.000163907
0.000163113
0.000162319
0.000161524
0.00016073
0.000159935
0.000159141
0.000158347
0.000157552
0.000156758
0.000155964
0.000155169
0.000154375
0.000153581
0.000152786
0.000151992
0.000151197
0.000150403
0.000149609
0.000148814
0.00014802
0.000147226
0.000146431
0.000145637
0.000144843
0.000144048
0.000143254
0.000142459
0.000141665
0.000140871
0.000140076
0.000139282
0.000138488
0.000137693
0.000136899
0.000136104
0.00013531
0.000134516
0.000133721
0.000132927
0.000132133
0.000131338
0.000130544
0.00012975
0.000128955
0.000128161
0.000127366
0.000126572
0.000125778
0.000124983
0.000124189
0.000123395
0.0001226
0.000121806
0.000121012
0.000120217
0.000119423
0.000118628
0.000117834
0.00011704
0.000116245
0.000115451
0.000114657
0.000113862
0.000113068
0.000112273
0.000111479
0.000110685
0.00010989
0.000109096
0.000108302
0.000107507
0.000106713
0.000105919
0.000105124
0.00010433
0.000103535
0.000102741
0.000101947
0.000101152
0.000100358
9.95636E-05
9.87693E-05
9.79749E-05
9.71805E-05
9.63862E-05
9.55918E-05
9.47974E-05
9.40031E-05
9.32087E-05
9.24143E-05
9.162E-05
9.08256E-05
9.00312E-05
8.92369E-05
8.84425E-05
8.76481E-05
8.68538E-05
8.60594E-05
8.5265E-05
8.44707E-05
8.36763E-05
8.28819E-05
8.20876E-05
8.12932E-05
8.04988E-05
7.97045E-05
7.89101E-05
7.82727E-05
7.76353E-05
7.69978E-05
7.63604E-05
7.5723E-05
7.50856E-05
7.44481E-05
7.38107E-05
7.31733E-05
7.25359E-05
7.18984E-05
7.1261E-05
7.06236E-05
6.99862E-05
6.93487E-05
6.88022E-05
6.82557E-05
6.77091E-05
6.71626E-05
6.6616E-05
6.60695E-05
6.5523E-05
6.49764E-05
6.44299E-05
6.38834E-05
6.33368E-05
6.27903E-05
6.22438E-05
6.16972E-05
6.11507E-05
6.0847E-05
6.05432E-05
6.02395E-05
5.99358E-05
5.96321E-05
5.93283E-05
5.90246E-05
5.87209E-05
5.84172E-05
5.81135E-05
5.78097E-05
5.7506E-05
5.72023E-05
5.68986E-05
5.65948E-05
5.61513E-05
5.57078E-05
5.52643E-05
5.48208E-05
5.43773E-05
5.39338E-05
5.34903E-05
5.30468E-05
5.26033E-05
5.21598E-05
5.17163E-05
5.12728E-05
5.08293E-05
5.03858E-05
4.99423E-05
4.9604E-05
4.92656E-05
4.89272E-05
4.85888E-05
4.82504E-05
4.7912E-05
4.75736E-05
4.72352E-05
4.68969E-05
4.65585E-05
4.62201E-05
4.58817E-05
4.55433E-05
4.52049E-05
4.48665E-05
4.45035E-05
4.41406E-05
4.37776E-05
4.34146E-05
4.30516E-05
4.26886E-05
4.23257E-05
4.19627E-05
4.15997E-05
4.12367E-05
4.08737E-05
4.05107E-05
4.01478E-05
3.97848E-05
3.94218E-05
3.92211E-05
3.90204E-05
3.88197E-05
3.86191E-05
3.84184E-05
3.82177E-05
3.8017E-05
3.78163E-05
3.76156E-05
3.74149E-05
3.72143E-05
3.70136E-05
3.68129E-05
3.66122E-05
3.64115E-05
3.62181E-05
3.60247E-05
3.58312E-05
3.56378E-05
3.54444E-05
3.5251E-05
3.50575E-05
3.48641E-05
3.46707E-05
3.44772E-05
3.42838E-05
3.40904E-05
3.38969E-05
3.37035E-05
3.35101E-05
3.33167E-05
3.31232E-05
3.29298E-05
3.27364E-05
3.25429E-05
3.23495E-05
3.21561E-05
3.19627E-05
3.17692E-05
3.15758E-05
3.13824E-05
3.11889E-05
3.09955E-05
3.08021E-05
3.06087E-05
3.04152E-05
3.02218E-05
3.00284E-05
2.98349E-05
2.96415E-05
2.94481E-05
2.92547E-05
2.90612E-05
2.88678E-05
2.86744E-05
2.84809E-05
2.82875E-05
2.80941E-05
2.79007E-05
2.77072E-05
2.75138E-05
2.73204E-05
2.71269E-05
2.69335E-05
2.67401E-05
2.65466E-05
2.63532E-05
2.61598E-05
2.59664E-05
2.57729E-05
2.55795E-05
2.53861E-05
2.51926E-05
2.49992E-05
2.48058E-05
2.46124E-05
2.44189E-05
2.42255E-05
2.40321E-05
2.38386E-05
2.36452E-05
2.34518E-05
2.32584E-05
2.30649E-05
2.28715E-05
2.26781E-05
2.24846E-05
2.22912E-05
2.20978E-05
2.19044E-05
2.17109E-05
2.15175E-05
2.13241E-05
2.11306E-05
2.09372E-05
2.07438E-05
2.05504E-05
2.03569E-05
2.01635E-05
1.99701E-05
1.97766E-05
1.95832E-05
1.93898E-05
1.91963E-05
1.90029E-05
1.88095E-05
1.86161E-05
1.84226E-05
1.82292E-05
1.80358E-05
1.78423E-05
1.76489E-05
1.74555E-05
1.72621E-05
1.70686E-05
1.68752E-05
1.66818E-05
1.64883E-05
1.62949E-05
1.61015E-05
1.59081E-05
1.57146E-05
1.55212E-05
1.53278E-05
1.51343E-05
1.49409E-05
1.47475E-05
1.45541E-05
1.43606E-05
1.41672E-05
1.39453E-05
1.37235E-05
1.35016E-05
1.32797E-05
1.30578E-05
1.2836E-05
1.26141E-05
1.23922E-05
1.21704E-05
1.19485E-05
1.17266E-05
1.15048E-05
1.12829E-05
1.1061E-05
1.08391E-05
1.07616E-05
1.06841E-05
1.06066E-05
1.05291E-05
1.04516E-05
1.03741E-05
1.02966E-05
1.02191E-05
1.01416E-05
1.00641E-05
9.98664E-06
9.90914E-06
9.83164E-06
9.75414E-06
9.67664E-06
9.48633E-06
9.29602E-06
9.1057E-06
8.91539E-06
8.72507E-06
8.53476E-06
8.34444E-06
8.15413E-06
7.96381E-06
7.7735E-06
7.58318E-06
7.39287E-06
7.20255E-06
7.01224E-06
6.82192E-06
6.60331E-06
6.3847E-06
6.16609E-06
5.94748E-06
5.72887E-06
5.51026E-06
5.29165E-06
5.07304E-06
4.85443E-06
4.63582E-06
4.4172E-06
4.19859E-06
3.97998E-06
3.76137E-06
3.54276E-06
3.52504E-06
3.50732E-06
3.48959E-06
3.47187E-06
3.45415E-06
3.43643E-06
3.41871E-06
3.40098E-06
3.38326E-06
3.36554E-06
3.34782E-06
3.3301E-06
3.31237E-06
3.29465E-06
3.27693E-06
3.17943E-06
3.08193E-06
2.98443E-06
2.88693E-06
2.78943E-06
2.69193E-06
2.59443E-06
2.49693E-06
2.39943E-06
2.30193E-06
2.20443E-06
2.10693E-06
2.00943E-06
1.91193E-06
1.81443E-06
1.78419E-06
1.75395E-06
1.72371E-06
1.69347E-06
1.66323E-06
1.63299E-06
1.60275E-06
1.57251E-06
1.54227E-06
1.51203E-06
1.48179E-06
1.45155E-06
1.42131E-06
1.39107E-06
1.36082E-06
1.33058E-06
1.30034E-06
1.2701E-06
1.23986E-06
1.20962E-06
1.17938E-06
1.14914E-06
1.1189E-06
1.08866E-06
1.05842E-06
1.02818E-06
9.97938E-07
9.67698E-07
9.37457E-07
9.07217E-07
8.76976E-07
8.46736E-07
8.16495E-07
7.86254E-07
7.56014E-07
7.25773E-07
6.95533E-07
6.65292E-07
6.35052E-07
6.04811E-07
5.74571E-07
5.4433E-07
5.14089E-07
4.83849E-07
4.53608E-07
4.23368E-07
3.93127E-07
3.62887E-07
3.32646E-07
3.02406E-07
2.72165E-07
2.41924E-07
2.11684E-07
1.81443E-07
1.51203E-07
1.20962E-07
9.07217E-08
6.04811E-08
3.02406E-08
0
