3.29045E-06
3.31862E-06
3.34679E-06
3.37496E-06
3.40313E-06
3.4313E-06
3.45947E-06
3.48764E-06
3.51581E-06
3.54398E-06
3.57215E-06
3.60033E-06
3.6285E-06
3.65667E-06
3.68484E-06
3.71301E-06
3.74118E-06
3.76935E-06
3.79752E-06
3.82569E-06
3.90182E-06
3.97795E-06
4.05408E-06
4.13022E-06
4.20635E-06
4.28248E-06
4.35861E-06
4.43474E-06
4.51087E-06
4.587E-06
4.66313E-06
4.73926E-06
4.81539E-06
4.89152E-06
4.96766E-06
5.14438E-06
5.3211E-06
5.49783E-06
5.67455E-06
5.85127E-06
6.028E-06
6.20472E-06
6.38144E-06
6.55817E-06
6.73489E-06
6.91161E-06
7.08834E-06
7.26506E-06
7.44179E-06
7.61851E-06
7.57034E-06
7.52218E-06
7.47401E-06
7.42585E-06
7.37768E-06
7.32952E-06
7.28135E-06
7.23319E-06
7.18502E-06
7.13686E-06
7.08869E-06
7.04052E-06
6.99236E-06
6.94419E-06
6.89603E-06
7.01349E-06
7.13096E-06
7.24842E-06
7.36589E-06
7.48335E-06
7.60081E-06
7.71828E-06
7.83574E-06
7.95321E-06
8.07067E-06
8.18814E-06
8.3056E-06
8.42306E-06
8.54053E-06
8.65799E-06
8.81146E-06
8.96492E-06
9.11839E-06
9.27185E-06
9.42531E-06
9.57878E-06
9.73224E-06
9.88571E-06
1.00392E-05
1.01926E-05
1.03461E-05
1.04996E-05
1.0653E-05
1.08065E-05
1.096E-05
1.11598E-05
1.13596E-05
1.15595E-05
1.17593E-05
1.19591E-05
1.2159E-05
1.23588E-05
1.25586E-05
1.27585E-05
1.29583E-05
1.31581E-05
1.3358E-05
1.35578E-05
1.37576E-05
1.39575E-05
1.41905E-05
1.44235E-05
1.46565E-05
1.48895E-05
1.51225E-05
1.53555E-05
1.55885E-05
1.58215E-05
1.60545E-05
1.62874E-05
1.65204E-05
1.67534E-05
1.69864E-05
1.72194E-05
1.74524E-05
1.76854E-05
1.79184E-05
1.81514E-05
1.83844E-05
1.86174E-05
1.88504E-05
1.90834E-05
1.93164E-05
1.95494E-05
1.97824E-05
2.00154E-05
2.02484E-05
2.04814E-05
2.07144E-05
2.09474E-05
2.11804E-05
2.14134E-05
2.16464E-05
2.18794E-05
2.21124E-05
2.23454E-05
2.25784E-05
2.28114E-05
2.30444E-05
2.32774E-05
2.35104E-05
2.37434E-05
2.39764E-05
2.42094E-05
2.44424E-05
2.46754E-05
2.49083E-05
2.51413E-05
2.53743E-05
2.56073E-05
2.58403E-05
2.60733E-05
2.63063E-05
2.65393E-05
2.67723E-05
2.70053E-05
2.72383E-05
2.74713E-05
2.77043E-05
2.79373E-05
2.81703E-05
2.84033E-05
2.86363E-05
2.88693E-05
2.91023E-05
2.93353E-05
2.95683E-05
2.98013E-05
3.00343E-05
3.02673E-05
3.05003E-05
3.07333E-05
3.09663E-05
3.11993E-05
3.14323E-05
3.16653E-05
3.18983E-05
3.21313E-05
3.23643E-05
3.25973E-05
3.28303E-05
3.30633E-05
3.32963E-05
3.35292E-05
3.37622E-05
3.39952E-05
3.42282E-05
3.44612E-05
3.46942E-05
3.49272E-05
3.51602E-05
3.53932E-05
3.56262E-05
3.58592E-05
3.60922E-05
3.63252E-05
3.65582E-05
3.67912E-05
3.70242E-05
3.72572E-05
3.74902E-05
3.77232E-05
3.79562E-05
3.81892E-05
3.84222E-05
3.86552E-05
3.88882E-05
3.91212E-05
3.93542E-05
3.95872E-05
3.98202E-05
4.00532E-05
4.02862E-05
4.05192E-05
4.07522E-05
4.11073E-05
4.14624E-05
4.18174E-05
4.21725E-05
4.25276E-05
4.28827E-05
4.32378E-05
4.35929E-05
4.3948E-05
4.43031E-05
4.46582E-05
4.50133E-05
4.53684E-05
4.57235E-05
4.60786E-05
4.66489E-05
4.72193E-05
4.77896E-05
4.836E-05
4.89303E-05
4.95007E-05
5.0071E-05
5.06414E-05
5.12118E-05
5.17821E-05
5.23525E-05
5.29228E-05
5.34932E-05
5.40635E-05
5.46339E-05
5.50276E-05
5.54214E-05
5.58152E-05
5.62089E-05
5.66027E-05
5.69964E-05
5.73902E-05
5.7784E-05
5.81777E-05
5.85715E-05
5.89652E-05
5.9359E-05
5.97528E-05
6.01465E-05
6.05403E-05
6.10083E-05
6.14762E-05
6.19442E-05
6.24122E-05
6.28802E-05
6.33482E-05
6.38162E-05
6.42841E-05
6.47521E-05
6.52201E-05
6.56881E-05
6.61561E-05
6.66241E-05
6.7092E-05
6.756E-05
6.8015E-05
6.84701E-05
6.89251E-05
6.93801E-05
6.98351E-05
7.02901E-05
7.07452E-05
7.12002E-05
7.16552E-05
7.21102E-05
7.25652E-05
7.30203E-05
7.34753E-05
7.39303E-05
7.43853E-05
7.49723E-05
7.55594E-05
7.61464E-05
7.67334E-05
7.73204E-05
7.79074E-05
7.84945E-05
7.90815E-05
7.96685E-05
8.02555E-05
8.08425E-05
8.14296E-05
8.20166E-05
8.26036E-05
8.31906E-05
8.39978E-05
8.48051E-05
8.56123E-05
8.64195E-05
8.72267E-05
8.80339E-05
8.88412E-05
8.96484E-05
9.04556E-05
9.12628E-05
9.20701E-05
9.28773E-05
9.36845E-05
9.44917E-05
9.52989E-05
9.61062E-05
9.69134E-05
9.77206E-05
9.85278E-05
9.93351E-05
0.000100142
0.00010095
0.000101757
0.000102564
0.000103371
0.000104178
0.000104986
0.000105793
0.0001066
0.000107407
0.000108215
0.000109022
0.000109829
0.000110636
0.000111443
0.000112251
0.000113058
0.000113865
0.000114672
0.000115479
0.000116287
0.000117094
0.000117901
0.000118708
0.000119516
0.000120323
0.00012113
0.000121937
0.000122744
0.000123552
0.000124359
0.000125166
0.000125973
0.000126781
0.000127588
0.000128395
0.000129202
0.000130009
0.000130817
0.000131624
0.000132431
0.000133238
0.000134046
0.000134853
0.00013566
0.000136467
0.000137274
0.000138082
0.000138889
0.000139696
0.000140503
0.000141311
0.000142118
0.000142925
0.000143732
0.000144539
0.000145347
0.000146154
0.000146961
0.000147768
0.000148576
0.000149383
0.00015019
0.000150997
0.000151804
0.000152612
0.000153419
0.000154226
0.000155033
0.000155841
0.000156648
0.000157455
0.000158262
0.000159069
0.000159877
0.000160684
0.000161491
0.000162298
0.000163106
0.000163913
0.00016472
0.000165527
0.000166334
0.000167142
0.000167949
0.000168756
0.000169563
0.000170371
0.000171178
0.000171985
0.000172792
0.000173599
0.000174407
0.000175214
0.000176021
0.000176828
0.000177636
0.000178443
0.00017925
0.000180057
0.000180864
0.000181672
0.000182479
0.000183286
0.000184093
0.000184901
0.000185708
0.000186515
0.000187322
0.000188129
0.000189058
0.000189986
0.000190915
0.000191843
0.000192772
0.0001937
0.000194629
0.000195557
0.000196486
0.000197415
0.000198343
0.000199272
0.0002002
0.000201129
0.000202057
0.000202701
0.000203346
0.00020399
0.000204635
0.000205279
0.000205924
0.000206568
0.000207212
0.000207857
0.000208501
0.000209146
0.00020979
0.000210435
0.000211079
0.000211723
0.000212488
0.000213253
0.000214018
0.000214783
0.000215548
0.000216313
0.000217078
0.000217843
0.000218608
0.000219373
0.000220138
0.000220903
0.000221668
0.000222433
0.000223198
0.000224011
0.000224825
0.000225639
0.000226453
0.000227267
0.000228081
0.000228894
0.000229708
0.000230522
0.000231336
0.00023215
0.000232964
0.000233777
0.000234591
0.000235405
0.000236113
0.000236821
0.00023753
0.000238238
0.000238946
0.000239654
0.000240362
0.00024107
0.000241778
0.000242486
0.000243195
0.000243903
0.000244611
0.000245319
0.000246027
0.000246605
0.000247183
0.000247761
0.00024834
0.000248918
0.000249496
0.000250074
0.000250652
0.00025123
0.000251808
0.000252387
0.000252965
0.000253543
0.000254121
0.000254699
0.000255162
0.000255625
0.000256088
0.000256551
0.000257014
0.000257477
0.000257939
0.000258402
0.000258865
0.000259328
0.000259791
0.000260254
0.000260717
0.00026118
0.000261643
0.000262106
0.000262569
0.000263031
0.000263494
0.000263957
0.00026442
0.000264883
0.000265346
0.000265809
0.000266272
0.000266735
0.000267198
0.000267661
0.000268123
0.000268586
0.000269049
0.000269512
0.000269975
0.000270438
0.000270901
0.000271364
0.000271827
0.00027229
0.000272753
0.000273215
0.000273678
0.000274141
0.000274604
0.000275067
0.00027553
0.000275993
0.000276456
0.000276919
0.000277382
0.000277845
0.000278307
0.00027877
0.000279233
0.000279696
0.000280159
0.000280622
0.000281085
0.000281548
0.000282011
0.000282474
0.000282937
0.000283399
0.000283862
0.000284325
0.000284788
0.000285251
0.000285714
0.000286177
0.00028664
0.000287103
0.000287566
0.000288029
0.000288492
0.000288954
0.000289417
0.00028988
0.000290343
0.000290806
0.000291269
0.000291732
0.000292195
0.000292658
0.000293121
0.000293584
0.000294046
0.000294509
0.000294972
0.000295435
0.000295898
0.000296361
0.000296824
0.000297287
0.00029775
0.000298213
0.000298676
0.000299138
0.000299601
0.000300064
0.000300527
0.00030099
0.000301453
0.000301916
0.000302379
0.000302842
0.000303305
0.000303768
0.00030423
0.000304693
0.000305156
0.000305619
0.000306082
0.000306545
0.000307008
0.000307471
0.000307934
0.000308247
0.00030856
0.000308873
0.000309187
0.0003095
0.000309813
0.000310126
0.00031044
0.000310753
0.000311066
0.000311379
0.000311693
0.000312006
0.000312319
0.000312632
0.000312813
0.000312994
0.000313174
0.000313355
0.000313535
0.000313716
0.000313896
0.000314077
0.000314258
0.000314438
0.000314619
0.000314799
0.00031498
0.00031516
0.000315341
0.000315595
0.000315849
0.000316103
0.000316357
0.000316611
0.000316865
0.000317119
0.000317373
0.000317627
0.000317881
0.000318135
0.000318389
0.000318643
0.000318897
0.000319151
0.000319358
0.000319566
0.000319774
0.000319981
0.000320189
0.000320396
0.000320604
0.000320812
0.000321019
0.000321227
0.000321434
0.000321642
0.00032185
0.000322057
0.000322265
0.000322492
0.000322719
0.000322946
0.000323173
0.0003234
0.000323627
0.000323854
0.00032408
0.000324307
0.000324534
0.000324761
0.000324988
0.000325215
0.000325442
0.000325669
0.00032583
0.000325991
0.000326153
0.000326314
0.000326475
0.000326636
0.000326797
0.000326958
0.00032712
0.000327281
0.000327442
0.000327603
0.000327764
0.000327925
0.000328087
0.000328218
0.000328348
0.000328479
0.00032861
0.000328741
0.000328872
0.000329003
0.000329134
0.000329265
0.000329396
0.000329527
0.000329657
0.000329788
0.000329919
0.00033005
0.000330181
0.000330312
0.000330443
0.000330574
0.000330705
0.000330836
0.000330966
0.000331097
0.000331228
0.000331359
0.00033149
0.000331621
0.000331752
0.000331883
0.000332014
0.000332145
0.000332275
0.000332406
0.000332537
0.000332668
0.000332799
0.00033293
0.000333061
0.000333192
0.000333323
0.000333454
0.000333584
0.000333715
0.000333846
0.000333977
0.000334108
0.000334239
0.00033437
0.000334501
0.000334632
0.000334763
0.000334893
0.000335024
0.000335155
0.000335286
0.000335417
0.000335548
0.000335679
0.00033581
0.000335941
0.000336072
0.000336202
0.000336333
0.000336464
0.000336595
0.000336726
0.000336857
0.000336988
0.000337119
0.00033725
0.000337381
0.000337511
0.000337642
0.000337773
0.000337904
0.000338035
0.000338166
0.000338297
0.000338428
0.000338559
0.00033869
0.00033882
0.000338951
0.000339082
0.000339213
0.000339344
0.000339475
0.000339606
0.000339737
0.000339868
0.000339999
0.000340129
0.00034026
0.000340391
0.000340522
0.000340653
0.000340784
0.000340915
0.000341046
0.000341177
0.000341308
0.000341439
0.000341569
0.0003417
0.000341831
0.000341962
0.000342093
0.000342224
0.000342355
0.000342486
0.000342617
0.000342748
0.000342878
0.000343009
0.00034314
0.000343125
0.000343111
0.000343096
0.000343081
0.000343066
0.000343052
0.000343037
0.000343022
0.000343007
0.000342993
0.000342978
0.000342963
0.000342948
0.000342934
0.000342919
0.000343054
0.00034319
0.000343325
0.000343461
0.000343597
0.000343732
0.000343868
0.000344003
0.000344139
0.000344274
0.00034441
0.000344545
0.000344681
0.000344816
0.000344952
0.000345053
0.000345155
0.000345256
0.000345357
0.000345458
0.00034556
0.000345661
0.000345762
0.000345864
0.000345965
0.000346066
0.000346168
0.000346269
0.00034637
0.000346472
0.000346533
0.000346594
0.000346656
0.000346717
0.000346778
0.00034684
0.000346901
0.000346962
0.000347024
0.000347085
0.000347146
0.000347207
0.000347269
0.00034733
0.000347391
0.000347456
0.000347521
0.000347585
0.00034765
0.000347714
0.000347779
0.000347843
0.000347908
0.000347973
0.000348037
0.000348102
0.000348166
0.000348231
0.000348295
0.00034836
0.00034838
0.0003484
0.00034842
0.000348441
0.000348461
0.000348481
0.000348501
0.000348521
0.000348541
0.000348561
0.000348581
0.000348602
0.000348622
0.000348642
0.000348662
0.000348792
0.000348923
0.000349053
0.000349183
0.000349314
0.000349444
0.000349574
0.000349705
0.000349835
0.000349966
0.000350096
0.000350226
0.000350357
0.000350487
0.000350617
0.000350632
0.000350646
0.000350661
0.000350676
0.00035069
0.000350705
0.000350719
0.000350734
0.000350749
0.000350763
0.000350778
0.000350792
0.000350807
0.000350821
0.000350836
0.000350851
0.000350865
0.00035088
0.000350894
0.000350909
0.000350924
0.000350938
0.000350953
0.000350967
0.000350982
0.000350996
0.000351011
0.000351026
0.00035104
0.000351055
0.000351069
0.000351084
0.000351099
0.000351113
0.000351128
0.000351142
0.000351157
0.000351171
0.000351186
0.000351201
0.000351215
0.00035123
0.000351244
0.000351259
0.000351274
0.000351288
0.000351303
0.000351317
0.000351332
0.000351346
0.000351361
0.000351376
0.00035139
0.000351405
0.000351419
0.000351434
0.000351449
0.000351463
0.000351478
0.000351492
0.000351507
0.000351521
0.000351536
0.000351551
0.000351565
0.00035158
0.000351594
0.000351609
0.000351624
0.000351638
0.000351653
0.000351667
0.000351682
0.000351696
0.000351711
0.000351726
0.00035174
0.000351755
0.000351769
0.000351784
0.000351798
0.000351813
0.000351828
0.000351842
0.000351857
0.000351871
0.000351886
0.000351901
0.000351915
0.00035193
0.000351944
0.000351959
0.000351973
0.000351988
0.000352003
0.000352017
0.000352032
0.000352046
0.000352061
0.000352076
0.00035209
0.000352105
0.000352119
0.000352134
0.000352148
0.000352163
0.000352178
0.000352192
0.000352207
0.000352221
0.000352236
0.000352251
0.000352265
0.00035228
0.000352294
0.00035251
0.000352726
0.000352942
0.000353158
0.000353374
0.00035359
0.000353806
0.000354022
0.000354238
0.000354454
0.00035467
0.000354886
0.000355102
0.000355318
0.000355534
0.000355185
0.000354836
0.000354487
0.000354138
0.000353789
0.00035344
0.000353091
0.000352742
0.000352393
0.000352043
0.000351694
0.000351345
0.000350996
0.000350647
0.000350298
0.000350325
0.000350353
0.00035038
0.000350407
0.000350434
0.000350462
0.000350489
0.000350516
0.000350543
0.000350571
0.000350598
0.000350625
0.000350652
0.00035068
0.000350707
0.00035063
0.000350553
0.000350475
0.000350398
0.000350321
0.000350244
0.000350167
0.00035009
0.000350013
0.000349935
0.000349858
0.000349781
0.000349704
0.000349627
0.00034955
0.000349593
0.000349636
0.00034968
0.000349723
0.000349766
0.00034981
0.000349853
0.000349896
0.00034994
0.000349983
0.000350026
0.00035007
0.000350113
0.000350156
0.0003502
0.000350271
0.000350343
0.000350415
0.000350486
0.000350558
0.00035063
0.000350701
0.000350773
0.000350845
0.000350916
0.000350988
0.00035106
0.000351132
0.000351203
0.000351275
0.000351234
0.000351194
0.000351153
0.000351113
0.000351072
0.000351032
0.000350991
0.000350951
0.00035091
0.000350869
0.000350829
0.000350788
0.000350748
0.000350707
0.000350667
0.000350626
0.000350586
0.000350545
0.000350505
0.000350464
0.000350424
0.000350383
0.000350342
0.000350302
0.000350261
0.000350221
0.00035018
0.00035014
0.000350099
0.000350059
0.000350018
0.000349978
0.000349937
0.000349897
0.000349856
0.000349815
0.000349775
0.000349734
0.000349694
0.000349653
0.000349613
0.000349572
0.000349532
0.000349491
0.000349451
0.00034941
0.00034937
0.000349329
0.000349288
0.000349248
0.000349207
0.000349167
0.000349126
0.000349086
0.000349045
0.000349005
0.000348964
0.000348924
0.000348883
0.000348843
0.000348802
0.000348761
0.000348721
0.00034868
0.00034864
0.000348599
0.000348559
0.000348518
0.000348478
0.000348437
0.000348397
0.000348356
0.000348316
0.000348275
0.000348234
0.000348194
0.000348153
0.000348113
0.000348072
0.000348032
0.000347991
0.000347951
0.00034791
0.00034787
0.000347829
0.000347789
0.000347748
0.000347707
0.000347667
0.000347626
0.000347586
0.000347545
0.000347505
0.000347464
0.000347424
0.000347383
0.000347343
0.000347302
0.000347262
0.000347221
0.00034718
0.00034714
0.000347099
0.000347059
0.000347018
0.000346978
0.000346937
0.000346897
0.000346856
0.000346816
0.000346775
0.000346735
0.000346694
0.000346653
0.000346613
0.000346487
0.000346362
0.000346236
0.000346111
0.000345985
0.00034586
0.000345734
0.000345609
0.000345483
0.000345358
0.000345232
0.000345107
0.000344981
0.000344856
0.00034473
0.000344725
0.00034472
0.000344715
0.00034471
0.000344706
0.000344701
0.000344696
0.000344691
0.000344686
0.000344681
0.000344676
0.000344671
0.000344666
0.000344661
0.000344656
0.000344508
0.00034436
0.000344212
0.000344064
0.000343916
0.000343768
0.00034362
0.000343472
0.000343324
0.000343176
0.000343028
0.00034288
0.000342731
0.000342583
0.000342435
0.000342284
0.000342133
0.000341982
0.00034183
0.000341679
0.000341528
0.000341377
0.000341225
0.000341074
0.000340923
0.000340771
0.00034062
0.000340469
0.000340318
0.000340166
0.000340144
0.000340122
0.000340099
0.000340077
0.000340054
0.000340032
0.00034001
0.000339987
0.000339965
0.000339942
0.00033992
0.000339898
0.000339875
0.000339853
0.00033983
0.000339624
0.000339417
0.000339211
0.000339004
0.000338797
0.000338591
0.000338384
0.000338178
0.000337971
0.000337764
0.000337558
0.000337351
0.000337145
0.000336938
0.000336731
0.000336477
0.000336224
0.00033597
0.000335716
0.000335462
0.000335208
0.000334954
0.0003347
0.000334446
0.000334193
0.000333939
0.000333685
0.000333431
0.000333177
0.000332923
0.000332669
0.000332415
0.000332161
0.000331908
0.000331654
0.0003314
0.000331146
0.000330892
0.000330638
0.000330384
0.00033013
0.000329877
0.000329623
0.000329369
0.000329115
0.000328861
0.000328607
0.000328353
0.000328099
0.000327846
0.000327592
0.000327338
0.000327084
0.00032683
0.000326576
0.000326322
0.000326068
0.000325814
0.000325561
0.000325307
0.000325053
0.000324799
0.000324545
0.000324291
0.000324037
0.000323783
0.00032353
0.000323276
0.000323022
0.000322768
0.000322514
0.00032226
0.000322006
0.000321752
0.000321499
0.000321245
0.000320991
0.000320737
0.000320483
0.000320229
0.000319975
0.000319721
0.000319467
0.000319214
0.00031896
0.000318706
0.000318452
0.000318198
0.000317944
0.00031769
0.000317436
0.000317183
0.000316929
0.000316675
0.000316421
0.000316167
0.000315913
0.000315659
0.000315405
0.000315152
0.000314898
0.000314644
0.00031439
0.000314136
0.000313882
0.000313628
0.000313374
0.00031312
0.000312867
0.000312613
0.000312359
0.000312105
0.000311851
0.000311597
0.000311343
0.000311089
0.000310836
0.000310582
0.000310328
0.000310074
0.00030982
0.000309566
0.000309312
0.000309058
0.000308804
0.000308551
0.000308297
0.000308043
0.000307789
0.000307535
0.000307281
0.000307027
0.000306773
0.00030652
0.000306266
0.000306012
0.000305758
0.000305504
0.00030525
0.000304996
0.000304742
0.000304489
0.000304235
0.000303981
0.000303727
0.000303306
0.000302885
0.000302464
0.000302042
0.000301621
0.0003012
0.000300779
0.000300358
0.000299937
0.000299516
0.000299094
0.000298673
0.000298252
0.000297831
0.00029741
0.000297078
0.000296745
0.000296413
0.000296081
0.000295749
0.000295417
0.000295084
0.000294752
0.00029442
0.000294088
0.000293755
0.000293423
0.000293091
0.000292759
0.000292426
0.000292083
0.00029174
0.000291397
0.000291053
0.00029071
0.000290367
0.000290023
0.00028968
0.000289337
0.000288994
0.00028865
0.000288307
0.000287964
0.000287621
0.000287277
0.000286687
0.000286096
0.000285505
0.000284914
0.000284324
0.000283733
0.000283142
0.000282552
0.000281961
0.00028137
0.00028078
0.000280189
0.000279598
0.000279008
0.000278417
0.00027804
0.000277663
0.000277287
0.00027691
0.000276533
0.000276156
0.00027578
0.000275403
0.000275026
0.000274649
0.000274273
0.000273896
0.000273519
0.000273142
0.000272766
0.00027221
0.000271655
0.0002711
0.000270545
0.00026999
0.000269435
0.00026888
0.000268325
0.000267769
0.000267214
0.000266659
0.000266104
0.000265549
0.000264994
0.000264439
0.0002636
0.000262761
0.000261922
0.000261084
0.000260245
0.000259406
0.000258567
0.000257728
0.00025689
0.000256051
0.000255212
0.000254373
0.000253535
0.000252696
0.000251857
0.000251018
0.000250179
0.000249341
0.000248502
0.000247663
0.000246824
0.000245986
0.000245147
0.000244308
0.000243469
0.00024263
0.000241792
0.000240953
0.000240114
0.000239275
0.000238436
0.000237598
0.000236759
0.00023592
0.000235081
0.000234243
0.000233404
0.000232565
0.000231726
0.000230887
0.000230049
0.00022921
0.000228371
0.000227532
0.000226694
0.000225855
0.000225016
0.000224177
0.000223338
0.0002225
0.000221661
0.000220822
0.000219983
0.000219145
0.000218306
0.000217467
0.000216628
0.000215789
0.000214951
0.000214112
0.000213273
0.000212434
0.000211596
0.000210757
0.000209918
0.000209079
0.00020824
0.000207402
0.000206563
0.000205724
0.000204885
0.000204046
0.000203208
0.000202369
0.00020153
0.000200691
0.000199853
0.000199014
0.000198175
0.000197336
0.000196497
0.000195659
0.00019482
0.000193981
0.000193142
0.000192304
0.000191465
0.000190626
0.000189787
0.000188948
0.00018811
0.000187271
0.000186432
0.000185593
0.000184755
0.000183916
0.000183077
0.000182238
0.000181399
0.000180561
0.000179722
0.000178883
0.000178044
0.000177206
0.000176367
0.000175528
0.000174689
0.00017385
0.000173012
0.000172173
0.000171334
0.000170495
0.000169656
0.000168818
0.000167979
0.000167205
0.00016643
0.000165656
0.000164882
0.000164108
0.000163333
0.000162559
0.000161785
0.000161011
0.000160237
0.000159462
0.000158688
0.000157914
0.00015714
0.000156365
0.000155442
0.000154519
0.000153596
0.000152673
0.00015175
0.000150827
0.000149904
0.000148981
0.000148058
0.000147135
0.000146212
0.000145289
0.000144366
0.000143443
0.00014252
0.00014154
0.000140561
0.000139582
0.000138603
0.000137624
0.000136645
0.000135666
0.000134686
0.000133707
0.000132728
0.000131749
0.00013077
0.000129791
0.000128812
0.000127833
0.000126911
0.00012599
0.000125069
0.000124148
0.000123227
0.000122305
0.000121384
0.000120463
0.000119542
0.000118621
0.000117699
0.000116778
0.000115857
0.000114936
0.000114015
0.000113225
0.000112436
0.000111647
0.000110858
0.000110069
0.00010928
0.000108491
0.000107702
0.000106913
0.000106124
0.000105335
0.000104546
0.000103757
0.000102968
0.000102179
0.00010149
0.0001008
0.000100111
9.94222E-05
9.87331E-05
9.8044E-05
9.73548E-05
9.66657E-05
9.59766E-05
9.52875E-05
9.45983E-05
9.39092E-05
9.32201E-05
9.25309E-05
9.18418E-05
9.14213E-05
9.10007E-05
9.05802E-05
9.01597E-05
8.97391E-05
8.93186E-05
8.8898E-05
8.84775E-05
8.8057E-05
8.76364E-05
8.72159E-05
8.67953E-05
8.63748E-05
8.59543E-05
8.55337E-05
8.51132E-05
8.46927E-05
8.42721E-05
8.38516E-05
8.3431E-05
8.30105E-05
8.259E-05
8.21694E-05
8.17489E-05
8.13283E-05
8.09078E-05
8.04873E-05
8.00667E-05
7.96462E-05
7.92257E-05
7.88051E-05
7.83846E-05
7.7964E-05
7.75435E-05
7.7123E-05
7.67024E-05
7.62819E-05
7.58613E-05
7.54408E-05
7.50203E-05
7.45997E-05
7.41792E-05
7.37587E-05
7.33381E-05
7.29176E-05
7.2497E-05
7.20765E-05
7.1656E-05
7.12354E-05
7.08149E-05
7.03943E-05
6.99738E-05
6.95533E-05
6.91327E-05
6.87122E-05
6.82917E-05
6.78711E-05
6.74506E-05
6.703E-05
6.66095E-05
6.6189E-05
6.57684E-05
6.53479E-05
6.49273E-05
6.45068E-05
6.40863E-05
6.36657E-05
6.32452E-05
6.28246E-05
6.24041E-05
6.19836E-05
6.1563E-05
6.11425E-05
6.0722E-05
6.03014E-05
5.98809E-05
5.94603E-05
5.90398E-05
5.86193E-05
5.81987E-05
5.77782E-05
5.73576E-05
5.69371E-05
5.65166E-05
5.6096E-05
5.56755E-05
5.5255E-05
5.48344E-05
5.44139E-05
5.39933E-05
5.35728E-05
5.31523E-05
5.27317E-05
5.23112E-05
5.18906E-05
5.14701E-05
5.10496E-05
5.0629E-05
5.02085E-05
4.9788E-05
4.93674E-05
4.89469E-05
4.85263E-05
4.81058E-05
4.76853E-05
4.72647E-05
4.68442E-05
4.64236E-05
4.60031E-05
4.55826E-05
4.5162E-05
4.47415E-05
4.4321E-05
4.39004E-05
4.34799E-05
4.30593E-05
4.26388E-05
4.22183E-05
4.17977E-05
4.13772E-05
4.09566E-05
4.05361E-05
4.01156E-05
3.9695E-05
3.92745E-05
3.8854E-05
3.84334E-05
3.80129E-05
3.75923E-05
3.71718E-05
3.68607E-05
3.65497E-05
3.62386E-05
3.59276E-05
3.56165E-05
3.53055E-05
3.49944E-05
3.46834E-05
3.43723E-05
3.40613E-05
3.37502E-05
3.34391E-05
3.31281E-05
3.2817E-05
3.2506E-05
3.22504E-05
3.19948E-05
3.17393E-05
3.14837E-05
3.12281E-05
3.09725E-05
3.0717E-05
3.04614E-05
3.02058E-05
2.99503E-05
2.96947E-05
2.94391E-05
2.91835E-05
2.8928E-05
2.86724E-05
2.84187E-05
2.81649E-05
2.79112E-05
2.76575E-05
2.74038E-05
2.71501E-05
2.68963E-05
2.66426E-05
2.63889E-05
2.61352E-05
2.58815E-05
2.56277E-05
2.5374E-05
2.51203E-05
2.48666E-05
2.46E-05
2.43335E-05
2.4067E-05
2.38004E-05
2.35339E-05
2.32674E-05
2.30008E-05
2.27343E-05
2.24678E-05
2.22012E-05
2.19347E-05
2.16681E-05
2.14016E-05
2.11351E-05
2.08685E-05
2.07418E-05
2.0615E-05
2.04883E-05
2.03615E-05
2.02348E-05
2.0108E-05
1.99812E-05
1.98545E-05
1.97277E-05
1.9601E-05
1.94742E-05
1.93474E-05
1.92207E-05
1.90939E-05
1.89672E-05
1.89499E-05
1.89326E-05
1.89153E-05
1.88981E-05
1.88808E-05
1.88635E-05
1.88462E-05
1.8829E-05
1.88117E-05
1.87944E-05
1.87771E-05
1.87599E-05
1.87426E-05
1.87253E-05
1.8708E-05
1.85776E-05
1.84471E-05
1.83167E-05
1.81862E-05
1.80558E-05
1.79253E-05
1.77949E-05
1.76644E-05
1.7534E-05
1.74035E-05
1.72731E-05
1.71426E-05
1.70121E-05
1.68817E-05
1.67512E-05
1.66208E-05
1.64903E-05
1.63599E-05
1.62294E-05
1.6099E-05
1.59685E-05
1.58381E-05
1.57076E-05
1.55772E-05
1.54467E-05
1.53163E-05
1.51858E-05
1.50554E-05
1.49249E-05
1.47945E-05
1.4664E-05
1.45336E-05
1.44031E-05
1.42727E-05
1.41422E-05
1.40118E-05
1.38813E-05
1.37508E-05
1.36204E-05
1.34899E-05
1.33595E-05
1.3229E-05
1.30986E-05
1.29681E-05
1.28377E-05
1.27072E-05
1.25768E-05
1.24463E-05
1.23159E-05
1.21854E-05
1.2055E-05
1.19245E-05
1.17941E-05
1.16636E-05
1.15332E-05
1.14027E-05
1.12723E-05
1.11418E-05
1.10114E-05
1.08809E-05
1.07505E-05
1.062E-05
1.04895E-05
1.03591E-05
1.02286E-05
1.00982E-05
9.96774E-06
9.83729E-06
9.70684E-06
9.57639E-06
9.44593E-06
9.31548E-06
9.18503E-06
9.05458E-06
8.92413E-06
8.79367E-06
8.66322E-06
8.53277E-06
8.40232E-06
8.27187E-06
8.14141E-06
8.01096E-06
7.88051E-06
7.75006E-06
7.61961E-06
7.48915E-06
7.3587E-06
7.22825E-06
7.0978E-06
6.96735E-06
6.83689E-06
6.70644E-06
6.57599E-06
6.44554E-06
6.31509E-06
6.18463E-06
6.05418E-06
5.92373E-06
5.79328E-06
5.66283E-06
5.53237E-06
5.40192E-06
5.27147E-06
5.14102E-06
5.01057E-06
4.88011E-06
4.74966E-06
4.61921E-06
4.48876E-06
4.35831E-06
4.22785E-06
4.0974E-06
3.96695E-06
3.8365E-06
3.70605E-06
3.63795E-06
3.56986E-06
3.50177E-06
3.43368E-06
3.36559E-06
3.2975E-06
3.22941E-06
3.16132E-06
3.09322E-06
3.02513E-06
2.95704E-06
2.88895E-06
2.82086E-06
2.75277E-06
2.68468E-06
2.56555E-06
2.44642E-06
2.32729E-06
2.20816E-06
2.08903E-06
1.96991E-06
1.85078E-06
1.73165E-06
1.61252E-06
1.49339E-06
1.37426E-06
1.25514E-06
1.13601E-06
1.01688E-06
8.97752E-07
8.83808E-07
8.69865E-07
8.55922E-07
8.41979E-07
8.28036E-07
8.14093E-07
8.0015E-07
7.86207E-07
7.72263E-07
7.5832E-07
7.44377E-07
7.30434E-07
7.16491E-07
7.02548E-07
6.88605E-07
5.50884E-07
4.13163E-07
2.75442E-07
1.37721E-07
0
