1.66161E-06
1.84885E-06
2.03609E-06
2.22333E-06
2.41057E-06
2.59781E-06
2.78505E-06
2.97229E-06
3.15953E-06
3.34677E-06
3.53401E-06
3.72126E-06
3.9085E-06
4.09574E-06
4.28298E-06
4.47022E-06
4.49827E-06
4.52633E-06
4.55439E-06
4.58244E-06
4.6105E-06
4.63855E-06
4.66661E-06
4.69466E-06
4.72272E-06
4.75078E-06
4.77883E-06
4.80689E-06
4.83494E-06
4.863E-06
4.89106E-06
4.95659E-06
5.02213E-06
5.08767E-06
5.1532E-06
5.21874E-06
5.28428E-06
5.34982E-06
5.41535E-06
5.48089E-06
5.54643E-06
5.61196E-06
5.6775E-06
5.74304E-06
5.80858E-06
5.87411E-06
5.8275E-06
5.78089E-06
5.73428E-06
5.68767E-06
5.64106E-06
5.59445E-06
5.54784E-06
5.50123E-06
5.45462E-06
5.408E-06
5.36139E-06
5.31478E-06
5.26817E-06
5.22156E-06
5.17495E-06
5.01426E-06
4.85358E-06
4.69289E-06
4.53221E-06
4.37152E-06
4.21084E-06
4.05015E-06
3.88947E-06
3.72878E-06
3.5681E-06
3.40741E-06
3.24673E-06
3.08604E-06
2.92536E-06
2.76467E-06
2.96992E-06
3.17516E-06
3.3804E-06
3.58564E-06
3.79088E-06
3.99612E-06
4.20136E-06
4.4066E-06
4.61184E-06
4.81708E-06
5.02232E-06
5.22757E-06
5.43281E-06
5.63805E-06
5.84329E-06
5.87835E-06
5.91342E-06
5.94848E-06
5.98354E-06
6.01861E-06
6.05367E-06
6.08874E-06
6.1238E-06
6.15886E-06
6.19393E-06
6.22899E-06
6.26405E-06
6.29912E-06
6.33418E-06
6.36925E-06
6.40431E-06
6.43937E-06
6.47444E-06
6.5095E-06
6.54456E-06
6.57963E-06
6.61469E-06
6.64976E-06
6.68482E-06
6.71988E-06
6.75495E-06
6.79001E-06
6.82507E-06
6.86014E-06
6.8952E-06
6.93027E-06
6.96533E-06
7.00039E-06
7.03546E-06
7.07052E-06
7.10559E-06
7.14065E-06
7.17571E-06
7.21078E-06
7.24584E-06
7.2809E-06
7.31597E-06
7.35103E-06
7.3861E-06
7.42116E-06
7.45622E-06
7.49129E-06
7.52635E-06
7.56141E-06
7.59648E-06
7.63154E-06
7.66661E-06
7.70167E-06
7.73673E-06
7.7718E-06
7.80686E-06
7.84192E-06
7.87699E-06
7.91205E-06
7.94712E-06
7.98218E-06
8.01724E-06
8.05231E-06
8.08737E-06
8.12244E-06
8.1575E-06
8.19256E-06
8.22763E-06
8.26269E-06
8.29775E-06
8.33282E-06
8.36788E-06
8.40295E-06
8.43801E-06
8.47307E-06
8.50814E-06
8.5432E-06
8.57826E-06
8.61333E-06
8.64839E-06
8.68346E-06
8.71852E-06
8.75358E-06
8.78865E-06
8.82371E-06
8.85877E-06
8.89384E-06
8.9289E-06
8.96397E-06
8.99903E-06
9.03409E-06
9.06916E-06
9.10422E-06
9.13929E-06
9.17435E-06
9.20941E-06
9.24448E-06
9.27954E-06
9.3146E-06
9.34967E-06
9.38473E-06
9.4198E-06
9.45486E-06
9.48992E-06
9.52499E-06
9.56005E-06
9.59511E-06
9.63018E-06
9.66524E-06
9.70031E-06
9.73537E-06
9.77043E-06
9.8055E-06
9.84056E-06
9.87562E-06
1.00666E-05
1.02577E-05
1.04487E-05
1.06397E-05
1.08307E-05
1.10217E-05
1.12128E-05
1.14038E-05
1.15948E-05
1.17858E-05
1.19768E-05
1.21678E-05
1.23589E-05
1.25499E-05
1.27409E-05
1.27278E-05
1.27148E-05
1.27017E-05
1.26887E-05
1.26756E-05
1.26626E-05
1.26495E-05
1.26365E-05
1.26234E-05
1.26104E-05
1.25973E-05
1.25842E-05
1.25712E-05
1.25581E-05
1.25451E-05
1.2914E-05
1.3283E-05
1.36519E-05
1.40209E-05
1.43898E-05
1.47587E-05
1.51277E-05
1.54966E-05
1.58656E-05
1.62345E-05
1.66035E-05
1.69724E-05
1.73414E-05
1.77103E-05
1.80792E-05
1.8289E-05
1.84988E-05
1.87085E-05
1.89183E-05
1.9128E-05
1.93378E-05
1.95476E-05
1.97573E-05
1.99671E-05
2.01768E-05
2.03866E-05
2.05964E-05
2.08061E-05
2.10159E-05
2.12256E-05
2.13021E-05
2.13785E-05
2.14549E-05
2.15313E-05
2.16078E-05
2.16842E-05
2.17606E-05
2.1837E-05
2.19135E-05
2.19899E-05
2.20663E-05
2.21427E-05
2.22192E-05
2.22956E-05
2.2372E-05
2.24948E-05
2.26176E-05
2.27404E-05
2.28632E-05
2.2986E-05
2.31088E-05
2.32316E-05
2.33544E-05
2.34772E-05
2.36E-05
2.37228E-05
2.38456E-05
2.39684E-05
2.40912E-05
2.4214E-05
2.45679E-05
2.49217E-05
2.52756E-05
2.56295E-05
2.59834E-05
2.63372E-05
2.66911E-05
2.7045E-05
2.73989E-05
2.77527E-05
2.81066E-05
2.84605E-05
2.88144E-05
2.91682E-05
2.95221E-05
2.9876E-05
3.02299E-05
3.05837E-05
3.09376E-05
3.12915E-05
3.16454E-05
3.19992E-05
3.23531E-05
3.2707E-05
3.30609E-05
3.34147E-05
3.37686E-05
3.41225E-05
3.44764E-05
3.48302E-05
3.51841E-05
3.5538E-05
3.58919E-05
3.62457E-05
3.65996E-05
3.69535E-05
3.73074E-05
3.76612E-05
3.80151E-05
3.8369E-05
3.87229E-05
3.90767E-05
3.94306E-05
3.97845E-05
4.01384E-05
4.04922E-05
4.08461E-05
4.12E-05
4.15539E-05
4.19077E-05
4.22616E-05
4.26155E-05
4.29694E-05
4.33232E-05
4.36771E-05
4.4031E-05
4.43849E-05
4.47387E-05
4.50926E-05
4.54465E-05
4.58004E-05
4.61542E-05
4.65081E-05
4.6862E-05
4.72159E-05
4.75698E-05
4.79236E-05
4.82775E-05
4.86314E-05
4.89853E-05
4.93391E-05
4.9693E-05
5.00469E-05
5.04008E-05
5.07546E-05
5.11085E-05
5.14624E-05
5.18163E-05
5.21701E-05
5.2524E-05
5.28779E-05
5.32318E-05
5.35856E-05
5.39395E-05
5.42934E-05
5.46473E-05
5.50011E-05
5.5355E-05
5.57089E-05
5.60628E-05
5.64166E-05
5.67705E-05
5.71244E-05
5.74783E-05
5.78321E-05
5.8186E-05
5.85399E-05
5.88938E-05
5.92476E-05
5.96015E-05
5.99554E-05
6.03093E-05
6.06631E-05
6.1017E-05
6.13709E-05
6.17248E-05
6.20786E-05
6.24325E-05
6.27864E-05
6.31403E-05
6.34941E-05
6.3848E-05
6.42019E-05
6.45558E-05
6.49096E-05
6.53572E-05
6.58047E-05
6.62523E-05
6.66998E-05
6.71473E-05
6.75949E-05
6.80424E-05
6.84899E-05
6.89375E-05
6.9385E-05
6.98326E-05
7.02801E-05
7.07276E-05
7.11752E-05
7.16227E-05
7.22584E-05
7.28941E-05
7.35298E-05
7.41654E-05
7.48011E-05
7.54368E-05
7.60725E-05
7.67082E-05
7.73439E-05
7.79796E-05
7.86152E-05
7.92509E-05
7.98866E-05
8.05223E-05
8.1158E-05
8.1735E-05
8.2312E-05
8.2889E-05
8.34661E-05
8.40431E-05
8.46201E-05
8.51971E-05
8.57741E-05
8.63512E-05
8.69282E-05
8.75052E-05
8.80822E-05
8.86592E-05
8.92362E-05
8.98133E-05
9.04624E-05
9.11114E-05
9.17605E-05
9.24096E-05
9.30587E-05
9.37078E-05
9.43569E-05
9.5006E-05
9.56551E-05
9.63042E-05
9.69533E-05
9.76024E-05
9.82515E-05
9.89006E-05
9.95497E-05
0.000100299
0.000101048
0.000101797
0.000102546
0.000103295
0.000104044
0.000104793
0.000105542
0.000106291
0.00010704
0.000107789
0.000108538
0.000109287
0.000110036
0.000110785
0.000111604
0.000112424
0.000113243
0.000114062
0.000114882
0.000115701
0.00011652
0.000117339
0.000118159
0.000118978
0.000119797
0.000120617
0.000121436
0.000122255
0.000123075
0.00012381
0.000124544
0.000125279
0.000126014
0.000126749
0.000127484
0.000128219
0.000128954
0.000129688
0.000130423
0.000131158
0.000131893
0.000132628
0.000133363
0.000134098
0.000134833
0.000135569
0.000136304
0.000137039
0.000137775
0.00013851
0.000139246
0.000139981
0.000140716
0.000141452
0.000142187
0.000142923
0.000143658
0.000144393
0.000145129
0.000145864
0.0001466
0.000147335
0.00014807
0.000148806
0.000149541
0.000150277
0.000151012
0.000151747
0.000152483
0.000153218
0.000153954
0.000154689
0.000155424
0.00015616
0.000156895
0.000157631
0.000158366
0.000159101
0.000159837
0.000160572
0.000161308
0.000162043
0.000162778
0.000163514
0.000164249
0.000164985
0.00016572
0.000166455
0.000167191
0.000167926
0.000168662
0.000169397
0.000170132
0.000170868
0.000171603
0.000172339
0.000173074
0.000173809
0.000174545
0.00017528
0.000176016
0.000176751
0.000177486
0.000178222
0.000178957
0.000179693
0.000180428
0.000181163
0.000181899
0.000182634
0.00018337
0.000184105
0.00018484
0.000185576
0.000186311
0.000187047
0.000187782
0.000188517
0.000189253
0.000189988
0.000190724
0.000191459
0.000192194
0.00019293
0.000193665
0.000194401
0.000195136
0.000195871
0.000196607
0.000197342
0.000198078
0.000198813
0.000199548
0.000200284
0.000201019
0.000201755
0.00020249
0.000203226
0.000203961
0.000204696
0.000205432
0.000206167
0.000206903
0.000207638
0.000208373
0.000209109
0.000209844
0.00021058
0.000211315
0.00021205
0.000212786
0.000213521
0.000214257
0.000214992
0.000215727
0.000216463
0.000217198
0.000217934
0.000218669
0.00021921
0.000219751
0.000220292
0.000220832
0.000221373
0.000221914
0.000222455
0.000222996
0.000223537
0.000224078
0.000224619
0.000225159
0.0002257
0.000226241
0.000226782
0.000227322
0.000227861
0.000228401
0.000228941
0.00022948
0.00023002
0.00023056
0.000231099
0.000231639
0.000232179
0.000232719
0.000233258
0.000233798
0.000234338
0.000234877
0.000235159
0.00023544
0.000235721
0.000236002
0.000236283
0.000236565
0.000236846
0.000237127
0.000237408
0.00023769
0.000237971
0.000238252
0.000238533
0.000238815
0.000239096
0.000239609
0.000240123
0.000240636
0.000241149
0.000241662
0.000242176
0.000242689
0.000243202
0.000243716
0.000244229
0.000244742
0.000245256
0.000245769
0.000246282
0.000246796
0.00024717
0.000247544
0.000247918
0.000248292
0.000248666
0.00024904
0.000249413
0.000249787
0.000250161
0.000250535
0.000250909
0.000251283
0.000251657
0.000252031
0.000252405
0.000252582
0.000252758
0.000252934
0.00025311
0.000253287
0.000253463
0.000253639
0.000253816
0.000253992
0.000254168
0.000254344
0.000254521
0.000254697
0.000254873
0.00025505
0.000255264
0.000255478
0.000255693
0.000255907
0.000256122
0.000256336
0.000256551
0.000256765
0.00025698
0.000257194
0.000257409
0.000257623
0.000257838
0.000258052
0.000258267
0.000258481
0.000258696
0.00025891
0.000259125
0.000259339
0.000259553
0.000259768
0.000259982
0.000260197
0.000260411
0.000260626
0.00026084
0.000261055
0.000261269
0.000261484
0.000261698
0.000261913
0.000262127
0.000262342
0.000262556
0.000262771
0.000262985
0.0002632
0.000263414
0.000263628
0.000263843
0.000264057
0.000264272
0.000264486
0.000264701
0.000264915
0.00026513
0.000265344
0.000265559
0.000265773
0.000265988
0.000266202
0.000266417
0.000266631
0.000266846
0.00026706
0.000267275
0.000267489
0.000267704
0.000267918
0.000268132
0.000268347
0.000268561
0.000268776
0.00026899
0.000269205
0.000269419
0.000269634
0.000269848
0.000270063
0.000270277
0.000270492
0.000270706
0.000270921
0.000271135
0.00027135
0.000271564
0.000271779
0.000271993
0.000272207
0.000272422
0.000272636
0.000272851
0.000273065
0.00027328
0.000273494
0.000273709
0.000273923
0.000274138
0.000274352
0.000274567
0.000274781
0.000274996
0.00027521
0.000275425
0.000275639
0.000275854
0.000276068
0.000276282
0.000276497
0.000276711
0.000276926
0.00027714
0.000277355
0.000277569
0.000277784
0.000277998
0.000278213
0.000278427
0.000278642
0.000278856
0.000279071
0.000279285
0.0002795
0.000279714
0.000279973
0.000280232
0.00028049
0.000280749
0.000281008
0.000281266
0.000281525
0.000281784
0.000282043
0.000282301
0.00028256
0.000282819
0.000283077
0.000283336
0.000283595
0.000283843
0.000284092
0.00028434
0.000284589
0.000284837
0.000285085
0.000285334
0.000285582
0.000285831
0.000286079
0.000286328
0.000286576
0.000286824
0.000287073
0.000287321
0.000287413
0.000287505
0.000287597
0.000287689
0.000287781
0.000287873
0.000287965
0.000288057
0.000288148
0.00028824
0.000288332
0.000288424
0.000288516
0.000288608
0.0002887
0.000288764
0.000288827
0.000288891
0.000288954
0.000289018
0.000289082
0.000289145
0.000289209
0.000289272
0.000289336
0.0002894
0.000289463
0.000289527
0.00028959
0.000289654
0.000289667
0.000289679
0.000289692
0.000289704
0.000289717
0.00028973
0.000289742
0.000289755
0.000289767
0.00028978
0.000289792
0.000289805
0.000289818
0.00028983
0.000289843
0.000289938
0.000290033
0.000290128
0.000290223
0.000290318
0.000290413
0.000290508
0.000290603
0.000290699
0.000290794
0.000290889
0.000290984
0.000291079
0.000291174
0.000291269
0.000291366
0.000291463
0.000291559
0.000291656
0.000291753
0.00029185
0.000291947
0.000292043
0.00029214
0.000292237
0.000292334
0.00029243
0.000292527
0.000292624
0.000292721
0.000292818
0.000292914
0.000293011
0.000293108
0.000293205
0.000293301
0.000293398
0.000293495
0.000293592
0.000293689
0.000293785
0.000293882
0.000293979
0.000294076
0.000294172
0.000294269
0.000294366
0.000294463
0.000294559
0.000294656
0.000294753
0.00029485
0.000294947
0.000295043
0.00029514
0.000295237
0.000295334
0.00029543
0.000295527
0.000295624
0.000295721
0.000295818
0.000295914
0.000296011
0.000296108
0.000296205
0.000296301
0.000296398
0.000296495
0.000296592
0.000296689
0.000296785
0.000296882
0.000296979
0.000297076
0.000297172
0.000297269
0.000297366
0.000297463
0.00029756
0.000297656
0.000297753
0.00029785
0.000297947
0.000298043
0.00029814
0.000298237
0.000298334
0.000298431
0.000298527
0.000298624
0.000298721
0.000298818
0.000298914
0.000299011
0.000299108
0.000299205
0.000299302
0.000299398
0.000299495
0.000299592
0.000299689
0.000299785
0.000299882
0.000299979
0.000300076
0.000300173
0.000300269
0.000300366
0.000300463
0.00030056
0.000300656
0.000300753
0.00030085
0.000300947
0.000301044
0.00030114
0.000301237
0.000301334
0.000301431
0.000301527
0.000301624
0.000301721
0.000301818
0.000301915
0.000302011
0.000302108
0.000302205
0.000302302
0.000302398
0.000302495
0.000302592
0.000302689
0.000302785
0.000302882
0.000302979
0.000303076
0.000303173
0.000303269
0.000303366
0.000303463
0.00030356
0.000303656
0.000303753
0.00030385
0.000303805
0.000303759
0.000303714
0.000303668
0.000303623
0.000303577
0.000303532
0.000303487
0.000303441
0.000303396
0.00030335
0.000303305
0.00030326
0.000303214
0.000303169
0.000303224
0.000303279
0.000303334
0.000303389
0.000303444
0.0003035
0.000303555
0.00030361
0.000303665
0.00030372
0.000303775
0.000303831
0.000303886
0.000303941
0.000303996
0.000304082
0.000304168
0.000304255
0.000304341
0.000304427
0.000304513
0.000304599
0.000304685
0.000304771
0.000304857
0.000304944
0.00030503
0.000305116
0.000305202
0.000305288
0.000305324
0.00030536
0.000305396
0.000305431
0.000305467
0.000305503
0.000305539
0.000305575
0.000305611
0.000305646
0.000305682
0.000305718
0.000305754
0.00030579
0.000305826
0.000305723
0.00030562
0.000305518
0.000305415
0.000305312
0.000305209
0.000305107
0.000305004
0.000304901
0.000304799
0.000304696
0.000304593
0.000304491
0.000304388
0.000304285
0.000304416
0.000304548
0.000304679
0.00030481
0.000304941
0.000305072
0.000305204
0.000305335
0.000305466
0.000305597
0.000305728
0.000305859
0.000305991
0.000306122
0.000306253
0.000306259
0.000306265
0.000306271
0.000306277
0.000306283
0.000306289
0.000306295
0.000306301
0.000306307
0.000306314
0.00030632
0.000306326
0.000306332
0.000306338
0.000306344
0.00030635
0.000306356
0.000306362
0.000306368
0.000306374
0.00030638
0.000306386
0.000306392
0.000306398
0.000306405
0.000306411
0.000306417
0.000306423
0.000306429
0.000306435
0.000306441
0.000306447
0.000306453
0.000306459
0.000306465
0.000306471
0.000306477
0.000306483
0.00030649
0.000306496
0.000306502
0.000306508
0.000306514
0.00030652
0.000306526
0.000306532
0.000306538
0.000306544
0.00030655
0.000306556
0.000306562
0.000306568
0.000306574
0.000306581
0.000306587
0.000306593
0.000306599
0.000306605
0.000306611
0.000306617
0.000306623
0.000306629
0.000306635
0.000306641
0.000306647
0.000306653
0.000306659
0.000306666
0.000306672
0.000306678
0.000306684
0.00030669
0.000306696
0.000306702
0.000306708
0.000306714
0.00030672
0.000306726
0.000306732
0.000306738
0.000306744
0.00030675
0.000306757
0.000306763
0.000306769
0.000306775
0.000306781
0.000306787
0.000306793
0.000306799
0.000306805
0.000306811
0.000306817
0.000306823
0.000306829
0.000306835
0.000306841
0.000306848
0.000306854
0.00030686
0.000306866
0.000306872
0.000306878
0.000306884
0.00030689
0.000306896
0.000306902
0.000306908
0.000306914
0.00030692
0.000306926
0.000306933
0.000306939
0.000306945
0.000306951
0.000306812
0.000306673
0.000306534
0.000306396
0.000306257
0.000306118
0.000305979
0.000305841
0.000305702
0.000305563
0.000305424
0.000305286
0.000305147
0.000305008
0.000304869
0.000304874
0.000304879
0.000304884
0.000304889
0.000304894
0.000304899
0.000304903
0.000304908
0.000304913
0.000304918
0.000304923
0.000304928
0.000304933
0.000304938
0.000304942
0.000304845
0.000304749
0.000304652
0.000304555
0.000304458
0.000304361
0.000304264
0.000304167
0.00030407
0.000303973
0.000303876
0.00030378
0.000303683
0.000303586
0.000303489
0.000303416
0.000303343
0.00030327
0.000303197
0.000303124
0.000303051
0.000302978
0.000302905
0.000302832
0.000302759
0.000302686
0.000302613
0.00030254
0.000302467
0.000302394
0.000302227
0.00030206
0.000301893
0.000301726
0.000301559
0.000301392
0.000301225
0.000301058
0.000300891
0.000300724
0.000300556
0.000300389
0.000300222
0.000300055
0.000299888
0.000299764
0.000299639
0.000299514
0.00029939
0.000299265
0.000299141
0.000299016
0.000298891
0.000298767
0.000298642
0.000298518
0.000298393
0.000298268
0.000298144
0.000298019
0.000297975
0.000297931
0.000297886
0.000297842
0.000297798
0.000297753
0.000297709
0.000297665
0.000297621
0.000297576
0.000297532
0.000297488
0.000297444
0.000297399
0.000297355
0.000297311
0.000297266
0.000297222
0.000297178
0.000297134
0.000297089
0.000297045
0.000297001
0.000296957
0.000296912
0.000296868
0.000296824
0.00029678
0.000296735
0.000296691
0.000296647
0.000296602
0.000296558
0.000296514
0.00029647
0.000296425
0.000296381
0.000296337
0.000296293
0.000296248
0.000296204
0.00029616
0.000296115
0.000296071
0.000296027
0.000295983
0.000295938
0.000295894
0.00029585
0.000295806
0.000295761
0.000295717
0.000295673
0.000295629
0.000295584
0.00029554
0.000295496
0.000295451
0.000295407
0.000295363
0.000295319
0.000295274
0.00029523
0.000295186
0.000295142
0.000295097
0.000295053
0.000295009
0.000294964
0.00029492
0.000294876
0.000294832
0.000294787
0.000294743
0.000294699
0.000294655
0.00029461
0.000294566
0.000294522
0.000294478
0.000294433
0.000294389
0.000294345
0.0002943
0.000294256
0.000294212
0.000294168
0.000294123
0.000294079
0.000294035
0.000293991
0.000293946
0.000293902
0.000293858
0.000293813
0.000293769
0.000293725
0.000293681
0.000293636
0.000293592
0.000293548
0.000293504
0.000293459
0.000293415
0.000293371
0.000293327
0.000293282
0.000293238
0.000293194
0.000293149
0.000293105
0.000293061
0.000293017
0.000292972
0.000292928
0.000292775
0.000292622
0.000292469
0.000292316
0.000292163
0.00029201
0.000291857
0.000291704
0.000291551
0.000291398
0.000291245
0.000291092
0.000290939
0.000290786
0.000290633
0.00029055
0.000290467
0.000290383
0.0002903
0.000290217
0.000290133
0.00029005
0.000289967
0.000289883
0.0002898
0.000289716
0.000289633
0.00028955
0.000289466
0.000289383
0.00028917
0.000288957
0.000288745
0.000288532
0.000288319
0.000288106
0.000287893
0.00028768
0.000287468
0.000287255
0.000287042
0.000286829
0.000286616
0.000286403
0.000286191
0.000285819
0.000285447
0.000285075
0.000284703
0.00028433
0.000283958
0.000283586
0.000283214
0.000282842
0.00028247
0.000282098
0.000281726
0.000281354
0.000280982
0.00028061
0.000280385
0.000280159
0.000279933
0.000279708
0.000279482
0.000279256
0.000279031
0.000278805
0.000278579
0.000278354
0.000278128
0.000277903
0.000277677
0.000277451
0.000277226
0.000277165
0.000277104
0.000277043
0.000276982
0.000276921
0.00027686
0.000276799
0.000276738
0.000276677
0.000276617
0.000276556
0.000276495
0.000276434
0.000276373
0.000276312
0.000276068
0.000275825
0.000275581
0.000275337
0.000275093
0.00027485
0.000274606
0.000274362
0.000274118
0.000273875
0.000273631
0.000273387
0.000273144
0.0002729
0.000272656
0.000272332
0.000272008
0.000271684
0.00027136
0.000271036
0.000270712
0.000270387
0.000270063
0.000269739
0.000269415
0.000269091
0.000268767
0.000268443
0.000268119
0.000267795
0.00026747
0.000267146
0.000266822
0.000266498
0.000266174
0.00026585
0.000265526
0.000265202
0.000264878
0.000264554
0.000264229
0.000263905
0.000263581
0.000263257
0.000262933
0.000262609
0.000262285
0.000261961
0.000261637
0.000261312
0.000260988
0.000260664
0.00026034
0.000260016
0.000259692
0.000259368
0.000259044
0.00025872
0.000258396
0.000258071
0.000257747
0.000257423
0.000257099
0.000256775
0.000256451
0.000256127
0.000255803
0.000255479
0.000255154
0.00025483
0.000254506
0.000254182
0.000253858
0.000253534
0.00025321
0.000252886
0.000252562
0.000252238
0.000251913
0.000251589
0.000251265
0.000250941
0.000250617
0.000250293
0.000249969
0.000249645
0.000249321
0.000248996
0.000248672
0.000248348
0.000248024
0.0002477
0.000247376
0.000247052
0.000246728
0.000246404
0.00024608
0.000245755
0.000245431
0.000245107
0.000244783
0.000244459
0.000244135
0.000243811
0.000243487
0.000243163
0.000242838
0.000242514
0.00024219
0.000241866
0.000241542
0.000241218
0.000240894
0.00024057
0.000240246
0.000239922
0.000239597
0.000239273
0.000238949
0.000238625
0.000238301
0.000237977
0.000237653
0.000237329
0.000237005
0.00023668
0.000236356
0.000236032
0.000235708
0.000235384
0.000234875
0.000234365
0.000233856
0.000233347
0.000232838
0.000232328
0.000231819
0.00023131
0.000230801
0.000230291
0.000229782
0.000229273
0.000228763
0.000228254
0.000227745
0.000227028
0.000226312
0.000225595
0.000224879
0.000224162
0.000223446
0.000222729
0.000222013
0.000221296
0.00022058
0.000219863
0.000219146
0.00021843
0.000217713
0.000216997
0.000216326
0.000215656
0.000214986
0.000214315
0.000213645
0.000212974
0.000212304
0.000211634
0.000210963
0.000210293
0.000209623
0.000208952
0.000208282
0.000207611
0.000206941
0.000206083
0.000205226
0.000204368
0.00020351
0.000202653
0.000201795
0.000200937
0.00020008
0.000199222
0.000198365
0.000197507
0.000196649
0.000195792
0.000194934
0.000194076
0.00019332
0.000192563
0.000191806
0.00019105
0.000190293
0.000189536
0.000188779
0.000188023
0.000187266
0.000186509
0.000185753
0.000184996
0.000184239
0.000183483
0.000182726
0.000182046
0.000181366
0.000180686
0.000180007
0.000179327
0.000178647
0.000177967
0.000177287
0.000176607
0.000175927
0.000175247
0.000174568
0.000173888
0.000173208
0.000172528
0.000171734
0.000170939
0.000170145
0.00016935
0.000168556
0.000167762
0.000166967
0.000166173
0.000165379
0.000164584
0.00016379
0.000162996
0.000162201
0.000161407
0.000160612
0.000159818
0.000159024
0.000158229
0.000157435
0.000156641
0.000155846
0.000155052
0.000154258
0.000153463
0.000152669
0.000151874
0.00015108
0.000150286
0.000149491
0.000148697
0.000147903
0.000147108
0.000146314
0.00014552
0.000144725
0.000143931
0.000143136
0.000142342
0.000141548
0.000140753
0.000139959
0.000139165
0.00013837
0.000137576
0.000136781
0.000135987
0.000135193
0.000134398
0.000133604
0.00013281
0.000132015
0.000131221
0.000130427
0.000129632
0.000128838
0.000128043
0.000127249
0.000126455
0.00012566
0.000124866
0.000124072
0.000123277
0.000122483
0.000121689
0.000120894
0.0001201
0.000119305
0.000118511
0.000117717
0.000116922
0.000116128
0.000115334
0.000114539
0.000113745
0.00011295
0.000112156
0.000111362
0.000110567
0.000109773
0.000108979
0.000108184
0.00010739
0.000106596
0.000105801
0.000105007
0.000104212
0.000103418
0.000102624
0.000101829
0.000101035
0.000100241
9.94463E-05
9.86519E-05
9.78575E-05
9.70632E-05
9.62688E-05
9.54744E-05
9.46801E-05
9.38857E-05
9.30913E-05
9.2297E-05
9.15026E-05
9.07082E-05
8.99139E-05
8.91195E-05
8.83251E-05
8.75308E-05
8.67364E-05
8.5942E-05
8.51477E-05
8.43533E-05
8.35589E-05
8.27646E-05
8.19702E-05
8.11758E-05
8.05384E-05
7.9901E-05
7.92636E-05
7.86261E-05
7.79887E-05
7.73513E-05
7.67139E-05
7.60764E-05
7.5439E-05
7.48016E-05
7.41642E-05
7.35267E-05
7.28893E-05
7.22519E-05
7.16145E-05
7.10679E-05
7.05214E-05
6.99748E-05
6.94283E-05
6.88818E-05
6.83352E-05
6.77887E-05
6.72422E-05
6.66956E-05
6.61491E-05
6.56026E-05
6.5056E-05
6.45095E-05
6.39629E-05
6.34164E-05
6.31127E-05
6.2809E-05
6.25052E-05
6.22015E-05
6.18978E-05
6.15941E-05
6.12904E-05
6.09866E-05
6.06829E-05
6.03792E-05
6.00755E-05
5.97717E-05
5.9468E-05
5.91643E-05
5.88606E-05
5.84171E-05
5.79736E-05
5.75301E-05
5.70866E-05
5.66431E-05
5.61996E-05
5.57561E-05
5.53126E-05
5.48691E-05
5.44256E-05
5.39821E-05
5.35386E-05
5.30951E-05
5.26516E-05
5.22081E-05
5.18697E-05
5.15313E-05
5.11929E-05
5.08545E-05
5.05161E-05
5.01777E-05
4.98394E-05
4.9501E-05
4.91626E-05
4.88242E-05
4.84858E-05
4.81474E-05
4.7809E-05
4.74706E-05
4.71322E-05
4.67693E-05
4.64063E-05
4.60433E-05
4.56803E-05
4.53173E-05
4.49544E-05
4.45914E-05
4.42284E-05
4.38654E-05
4.35024E-05
4.31395E-05
4.27765E-05
4.24135E-05
4.20505E-05
4.16875E-05
4.14868E-05
4.12862E-05
4.10855E-05
4.08848E-05
4.06841E-05
4.04834E-05
4.02827E-05
4.0082E-05
3.98814E-05
3.96807E-05
3.948E-05
3.92793E-05
3.90786E-05
3.88779E-05
3.86773E-05
3.84838E-05
3.82904E-05
3.8097E-05
3.79035E-05
3.77101E-05
3.75167E-05
3.73232E-05
3.71298E-05
3.69364E-05
3.6743E-05
3.65495E-05
3.63561E-05
3.61627E-05
3.59692E-05
3.57758E-05
3.55824E-05
3.5389E-05
3.51955E-05
3.50021E-05
3.48087E-05
3.46152E-05
3.44218E-05
3.42284E-05
3.4035E-05
3.38415E-05
3.36481E-05
3.34547E-05
3.32612E-05
3.30678E-05
3.28744E-05
3.2681E-05
3.24875E-05
3.22941E-05
3.21007E-05
3.19072E-05
3.17138E-05
3.15204E-05
3.1327E-05
3.11335E-05
3.09401E-05
3.07467E-05
3.05532E-05
3.03598E-05
3.01664E-05
2.99729E-05
2.97795E-05
2.95861E-05
2.93927E-05
2.91992E-05
2.90058E-05
2.88124E-05
2.86189E-05
2.84255E-05
2.82321E-05
2.80387E-05
2.78452E-05
2.76518E-05
2.74584E-05
2.72649E-05
2.70715E-05
2.68781E-05
2.66847E-05
2.64912E-05
2.62978E-05
2.61044E-05
2.59109E-05
2.57175E-05
2.55241E-05
2.53307E-05
2.51372E-05
2.49438E-05
2.47504E-05
2.45569E-05
2.43635E-05
2.41701E-05
2.39767E-05
2.37832E-05
2.35898E-05
2.33964E-05
2.32029E-05
2.30095E-05
2.28161E-05
2.26226E-05
2.24292E-05
2.22358E-05
2.20424E-05
2.18489E-05
2.16555E-05
2.14621E-05
2.12686E-05
2.10752E-05
2.08818E-05
2.06884E-05
2.04949E-05
2.03015E-05
2.01081E-05
1.99146E-05
1.97212E-05
1.95278E-05
1.93344E-05
1.91409E-05
1.89475E-05
1.87541E-05
1.85606E-05
1.83672E-05
1.81738E-05
1.79804E-05
1.77869E-05
1.75935E-05
1.74001E-05
1.72066E-05
1.70132E-05
1.68198E-05
1.66264E-05
1.64329E-05
1.62111E-05
1.59892E-05
1.57673E-05
1.55454E-05
1.53236E-05
1.51017E-05
1.48798E-05
1.4658E-05
1.44361E-05
1.42142E-05
1.39924E-05
1.37705E-05
1.35486E-05
1.33267E-05
1.31049E-05
1.30274E-05
1.29499E-05
1.28724E-05
1.27949E-05
1.27174E-05
1.26399E-05
1.25624E-05
1.24849E-05
1.24074E-05
1.23299E-05
1.22524E-05
1.21749E-05
1.20974E-05
1.20199E-05
1.19424E-05
1.17521E-05
1.15617E-05
1.13714E-05
1.11811E-05
1.09908E-05
1.08005E-05
1.06102E-05
1.04199E-05
1.02295E-05
1.00392E-05
9.84891E-06
9.6586E-06
9.46828E-06
9.27797E-06
9.08765E-06
8.86904E-06
8.65043E-06
8.43182E-06
8.21321E-06
7.9946E-06
7.77599E-06
7.55738E-06
7.33877E-06
7.12015E-06
6.90154E-06
6.68293E-06
6.46432E-06
6.24571E-06
6.0271E-06
5.80849E-06
5.79077E-06
5.77304E-06
5.75532E-06
5.7376E-06
5.71988E-06
5.70216E-06
5.68443E-06
5.66671E-06
5.64899E-06
5.63127E-06
5.61355E-06
5.59582E-06
5.5781E-06
5.56038E-06
5.54266E-06
5.44516E-06
5.34766E-06
5.25016E-06
5.15266E-06
5.05516E-06
4.95766E-06
4.86016E-06
4.76266E-06
4.66516E-06
4.56766E-06
4.47016E-06
4.37266E-06
4.27516E-06
4.17766E-06
4.08016E-06
4.04992E-06
4.01968E-06
3.98944E-06
3.9592E-06
3.92896E-06
3.89872E-06
3.86848E-06
3.83824E-06
3.808E-06
3.77776E-06
3.74751E-06
3.71727E-06
3.68703E-06
3.65679E-06
3.62655E-06
3.59631E-06
3.56607E-06
3.53583E-06
3.50559E-06
3.47535E-06
3.44511E-06
3.41487E-06
3.38463E-06
3.35439E-06
3.32415E-06
3.29391E-06
3.26367E-06
3.23343E-06
3.20318E-06
3.17294E-06
3.1427E-06
3.11246E-06
3.08222E-06
3.05198E-06
3.02174E-06
2.9915E-06
2.96126E-06
2.93102E-06
2.90078E-06
2.87054E-06
2.8403E-06
2.81006E-06
2.77982E-06
2.74958E-06
2.71934E-06
2.6891E-06
2.65885E-06
2.62861E-06
2.59837E-06
2.56813E-06
2.53789E-06
2.50765E-06
2.47741E-06
2.44717E-06
2.41693E-06
2.38669E-06
2.35645E-06
2.32621E-06
2.29597E-06
2.26573E-06
2.23549E-06
2.20525E-06
2.17501E-06
2.14477E-06
2.11452E-06
2.08428E-06
2.05404E-06
2.0238E-06
1.99356E-06
1.96332E-06
1.93308E-06
1.90284E-06
1.8726E-06
1.84236E-06
1.81212E-06
1.78188E-06
1.75164E-06
1.7214E-06
1.69116E-06
1.66092E-06
1.63068E-06
1.60044E-06
1.57019E-06
1.53995E-06
1.50971E-06
1.47947E-06
1.44923E-06
1.41899E-06
1.38875E-06
1.35851E-06
1.32827E-06
1.29803E-06
1.26779E-06
1.23755E-06
1.20731E-06
1.17707E-06
1.14683E-06
1.11659E-06
1.08635E-06
1.05611E-06
1.02586E-06
9.95624E-07
9.65384E-07
9.35143E-07
9.04903E-07
8.74662E-07
8.44422E-07
8.14181E-07
7.83941E-07
7.537E-07
7.23459E-07
6.93219E-07
6.62978E-07
6.32738E-07
6.02497E-07
5.62331E-07
5.22164E-07
4.81998E-07
4.41831E-07
4.01665E-07
3.61498E-07
3.21332E-07
2.81165E-07
2.40999E-07
2.00832E-07
1.60666E-07
1.20499E-07
8.0333E-08
4.01665E-08
0
2.80557E-08
5.61115E-08
8.41672E-08
1.12223E-07
1.40279E-07
1.68334E-07
1.9639E-07
2.24446E-07
2.52502E-07
2.80557E-07
3.08613E-07
3.36669E-07
3.64725E-07
3.9278E-07
4.20836E-07
