119.7886823
120.2494377
120.6859981
121.1067304
121.5199822
121.9341005
122.3574322
122.7983242
123.2651235
123.766177
124.3098316
124.9044342
125.5583319
126.2798716
127.0774037
127.9593059
128.9301733
129.9794151
131.0922285
132.2538372
133.4494685
134.6643496
135.8837077
137.0927702
138.2767644
139.4209177
140.510458
141.5306193
142.4670414
143.3162711
144.0862666
144.7855153
145.4225101
146.0057438
146.5437093
147.0448994
147.517807
147.9709248
148.4127458
148.8517627
149.2964685
149.7553553
150.2369101
150.7494156
151.2955314
151.8720102
152.4753469
153.1020306
153.7485498
154.4113928
155.0870481
155.7720043
156.4627498
157.155773
157.8475625
158.5346068
159.2133942
159.8804143
160.5322466
161.1677844
161.7883587
162.3954097
162.9903793
163.5747092
164.1498412
164.7172172
165.2782789
165.8344683
166.387227
166.9379969
167.4882199
168.0393377
168.5927921
169.1499887
169.7114145
170.2765935
170.8450038
171.4161236
171.989431
172.5644041
173.1405211
173.7172601
174.2940993
174.8705167
175.4459906
176.0199991
176.5920203
177.1615328
177.7280327
178.2914962
178.8524024
179.411253
179.9685502
180.5247962
181.0804931
181.6361432
182.1922486
182.7493115
183.3078341
183.8683185
184.4312669
184.9971815
185.5665634
186.1398784
186.7166274
187.2952965
187.8743275
188.4521615
189.0272392
189.5980014
190.162889
190.7203427
191.2688035
191.806712
192.3325092
192.8446359
193.3415327
193.8216414
194.2835491
194.7295236
195.1657077
195.598422
196.033988
196.4787275
196.9389623
197.4210142
197.9312048
198.4758561
199.0612897
199.6938274
200.379791
201.1255019
201.9372803
202.8211134
203.7743893
204.7854925
205.8423797
206.9330066
208.045329
209.1673028
210.2868839
211.392028
212.4706912
213.5108292
214.5003978
215.427344
216.2824703
217.0684641
217.791195
218.4565286
219.0703299
219.6384635
220.1667941
220.6611864
221.1275051
221.5716148
221.9993802
222.4166661
222.8293371
223.2432583
223.6642946
224.0972075
224.5421144
224.9978963
225.4634363
225.9376172
226.4193222
226.9074342
227.4008361
227.898411
228.3990417
228.9016112
229.4050026
229.9080987
230.4097821
230.908933
231.4048717
231.8987007
232.392014
232.8864026
233.3834573
233.8847686
234.3919273
234.906524
235.4301495
235.9643944
236.5108494
237.0711052
237.6467524
238.2393824
238.8505912
239.4812298
240.1291351
240.7913153
241.4647822
242.1465485
242.8336267
243.5230296
244.2117697
244.8968597
245.5753122
246.2441399
246.9003554
247.5409712
248.1630002
248.7634541
249.3399227
249.8924245
250.4216233
250.9281824
251.4127653
251.8760352
252.3186555
252.7412896
253.1446009
253.5292526
253.8959081
254.2452308
254.5778839
254.8945304
255.1958319
255.4834582
255.7632831
256.0423094
256.3275366
256.6259641
256.9445914
257.2904178
257.6704428
258.0916659
258.5610865
259.085704
259.6725178
260.3285277
261.0607362
261.8761689
262.7783952
263.7570785
264.7980287
265.8870811
267.0100733
268.1528432
269.3012289
270.4410682
271.558199
272.6384593
273.6676876
274.6317249
275.5167926
276.3190743
277.0451784
277.7022057
278.2972594
278.8374424
279.3298576
279.7816079
280.1997963
280.5915257
280.9638991
281.3240193
281.6789894
282.0359118
282.4018851
282.7838602
283.1846932
283.6029457
284.0369895
284.4851925
284.9459223
285.4175464
285.8984324
286.3869477
286.8814601
287.3803369
287.8819459
288.3846544
288.8868302
289.3868414
289.8830936
290.374972
290.8628943
291.3473233
291.828723
292.3075572
292.7842898
293.2593846
293.7333055
294.2065164
294.6794813
295.1526639
295.6265282
296.1015381
296.5781573
297.0568414
297.5378339
298.0211556
298.5068171
298.9948286
299.4852006
299.9779435
300.4730677
300.9705836
301.4705016
301.9728321
302.4775854
302.984772
303.4944023
304.0064861
304.5210008
305.0370522
305.5528341
306.0664982
306.5761955
307.0800771
307.5762941
308.0629976
308.5383388
309.0004687
309.4475385
309.8776992
310.289102
310.6798984
311.0482439
311.3924437
311.7149326
312.0224828
312.3220556
312.6206169
312.9251328
313.2425697
313.5798936
313.9440709
314.3420676
314.7808501
315.2673844
315.8086369
316.4115737
317.0831568
317.8300043
318.6498684
319.5311617
320.4618777
321.4300053
322.4235324
323.4304472
324.4387377
325.436392
326.4113983
327.3517444
328.2454157
329.0803768
329.847522
330.5495083
331.1922569
331.7816674
332.323637
332.8240629
333.2888422
333.7238719
334.1350493
334.5282715
334.9094355
335.2844384
335.6591775
336.0395501
336.43146
336.8395418
337.2632164
337.7004926
338.1493826
338.6078995
339.0740566
339.5458668
340.0213435
340.4984998
340.9753488
341.4499036
341.9201775
342.3841836
342.8399351
343.2854451
343.719241
344.1420253
344.5550755
344.9596691
345.3570837
345.7485967
346.1354857
346.5190283
346.9005018
347.2811838
347.6623519
348.0452836
348.4312564
348.821548
349.2174371
349.6199263
350.0288864
350.4438794
350.8644688
351.2902181
351.720691
352.1554511
352.594062
353.0360872
353.4810905
353.9286354
354.3782855
354.8296044
355.2821559
355.7355048
356.1890611
356.6416122
357.0917732
357.5381602
357.9793893
358.4140769
358.8408391
359.2582922
359.6650523
360.0597358
360.4409587
360.8073375
361.1574882
361.4900271
361.803566
362.0979512
362.3781557
362.650527
362.9214114
363.1971542
363.4841009
363.788597
364.1169879
364.475619
364.8708359
365.3089838
365.7964083
366.3394549
366.9444697
367.6177985
368.3629316
369.1713245
370.0312342
370.9309219
371.8586486
372.8026753
373.7512631
374.6926729
375.6151656
376.5070022
377.3564436
378.1517535
378.8815173
379.5425198
380.1401811
380.6803136
381.1687327
381.6112547
382.0136955
382.3818713
382.7215981
383.038692
383.3389691
383.6282455
383.9123372
384.1970603
384.4882305
384.7915458
385.1096912
385.442195
385.7884351
386.1477895
386.5196361
386.9033527
387.2983173
387.7039077
388.119502
388.544478
388.9782135
389.4200866
389.8694751
390.3257569
390.7883058
391.2563868
391.7291508
392.2057439
392.6853118
393.1670003
393.6499551
394.1333221
394.6162471
395.0978757
395.5773539
396.0538274
396.526442
396.9943435
397.4566782
397.9126143
398.361905
398.8049197
399.2420549
399.6737072
400.1002737
400.5221511
400.9397365
401.3534266
401.7636185
402.1707089
402.5750949
402.9771733
403.3773409
403.7759948
404.173527
404.5702106
404.9661934
405.3616172
405.756624
406.1513557
406.5459542
406.9405614
407.3353192
407.7303696
408.1258544
408.5219155
408.9186949
409.3163344
409.7149758
410.114737
410.5151165
410.9149642
411.3130996
411.7083418
412.09951
412.4854235
412.8649013
413.2367629
413.5998273
413.9529137
414.2948415
414.6244297
414.940498
415.2418688
415.5274805
415.7994761
416.0633591
416.3247819
416.5893999
416.8628687
417.1508442
417.4589818
417.7929373
418.1583663
418.5609246
419.0062676
419.5000512
420.0479308
420.6555563
421.3282812
422.0636369
422.8509152
423.6790455
424.5369509
425.4135537
426.2977763
427.1785409
428.0447698
428.8853855
429.6893099
430.445463
431.1427478
431.7728112
432.3383705
432.8452045
433.2990725
433.7057315
434.0709389
434.4004518
434.7000273
434.9754226
435.2323949
435.4767013
435.7140991
435.9503454
436.191198
436.4424219
436.7086432
436.989865
437.2848232
437.5922594
437.9109159
438.2395351
438.5768593
438.9216309
439.2725925
439.6284863
439.9880548
440.3500404
440.7131854
441.0762324
441.4379235
441.7972417
442.1541858
442.5090235
442.8620224
443.2134502
443.5635745
443.9126629
444.2609832
444.608803
444.9563899
445.3040115
445.6519356
446.0004298
446.3497617
446.7001991
447.0519669
447.4051121
447.7596338
448.1155311
448.4728032
448.8314494
449.1914689
449.5528609
449.9156245
450.279759
450.6452637
451.0121376
451.38038
451.7499904
452.12097
452.4930724
452.8650578
453.2354105
453.6026167
453.9651629
454.3215353
454.6702204
455.0097047
455.3384744
455.655016
455.9578159
456.2453605
456.5161361
456.7686289
457.001318
457.2139555
457.4115079
457.6003579
457.7868841
457.9774641
458.1784756
458.3962963
458.6373037
458.9078755
459.2143894
459.563223
459.9607539
460.4133598
460.9274184
461.5093069
462.1625434
462.878548
463.6455423
464.4517483
465.285388
466.1346831
466.9878557
467.8331276
468.6587207
469.4528569
470.2037583
470.8996516
471.5290871
472.0890332
472.5853271
473.0242
473.411889
473.7546317
474.0586656
474.3302284
474.5755579
474.8008915
475.0124669
475.2165218
475.4192938
475.6270206
475.8459397
476.0821441
476.3380824
476.6123784
476.9034747
477.2098137
477.5298378
477.8619897
478.2047117
478.5564463
478.915636
479.2807233
479.6501507
480.0223606
480.3957957
480.7688987
481.1401384
481.5086761
481.8743982
482.2372246
482.5970755
482.9538711
483.3075317
483.6579774
484.0051285
484.3489051
484.6892276
485.0260161
485.3591909
485.6886723
486.0143809
486.336254
486.654687
486.970556
487.2847582
487.5981914
487.9117534
488.2263417
488.5428543
488.8621889
489.1852431
489.5129148
489.8461017
490.1857015
490.5326121
490.8877305
491.2518931
491.6243776
492.0028206
492.3847844
492.7678305
493.1495204
493.5274155
493.8990774
494.2620674
494.613947
494.9522777
495.274621
495.5785383
495.8615911
496.1213413
496.3555168
496.5660811
496.7594362
496.9421956
497.1209728
497.3023815
497.4930352
497.6995473
497.9285315
498.1866012
498.48037
498.8164515
499.201459
499.6420054
500.144697
500.7158347
501.3533459
502.04639
502.7837296
503.5541208
504.3463195
505.1490814
505.9511626
506.7413188
507.5083058
508.2408795
508.9277955
509.55781
510.1224153
510.6246677
511.0706864
511.466589
511.8184928
512.1325155
512.4147747
512.671388
512.9084729
513.1321471
513.348528
513.5637333
513.7838807
514.015089
514.2634838
514.5336858
514.8241839
515.131785
515.4533056
515.7855628
516.1253738
516.4695559
516.8149261
517.1583018
517.4964999
517.8263378
518.1446327
518.4482015
518.733861
518.9984211
519.2395865
519.4586625
519.6579501
519.8397444
520.0063399
520.160031
520.303112
520.4378775
520.5666217
520.6916391
520.815224
520.9396708
521.067274
521.2003279
521.3411279
521.4916229
521.6523165
521.8233261
522.0047697
522.1967651
522.3994302
522.6128831
522.8372417
523.0726239
523.3191478
523.5769311
523.8460919
524.1267481
524.4190178
524.7230192
525.0384752
525.363448
525.6955571
526.032423
526.3716657
526.7109058
527.0477634
527.3798588
527.7048124
528.0202445
528.3237753
528.6130252
528.8856143
529.1391617
529.3712785
529.5809472
529.7726928
529.952571
530.1266279
530.3009086
530.4814583
530.6743221
530.8855451
531.1211724
531.3872491
531.6898204
532.0349315
532.4286273
532.8769547
533.3859787
533.9590451
534.5884922
535.2636343
535.9737993
536.7083174
537.4565191
538.2077347
538.9512947
539.6765295
540.3727696
541.029346
541.6355966
542.1811373
542.6632596
543.0872974
543.4589442
543.7839003
544.0678667
544.3165441
544.5356332
544.7308347
544.9078496
545.0723785
545.2301221
545.3867814
545.5480568
545.7196461
545.9071135
546.1124528
546.3338989
546.5695222
546.81739
547.0755692
547.3421266
547.6151291
547.8926437
548.1727371
548.4534763
548.7329282
549.0091596
549.2802373
549.5442285
549.799253
550.0447645
550.2816187
550.5107366
550.7330396
550.9494491
551.1608863
551.3682725
551.5725291
551.7745774
551.9753388
552.1757345
552.3766859
552.5791143
552.7839408
552.9920656
553.2038389
553.419035
553.6374013
553.858685
554.0826334
554.3089936
554.5375129
554.7679383
555.0000173
555.2334969
555.4681244
555.7036469
555.9398117
556.1763658
556.4130496
556.6494231
556.8848563
557.1187111
557.3503494
557.5791327
557.8044228
558.0255813
558.2419699
558.4529503
558.6578841
558.8561332
559.0470591
559.2300236
559.4043899
559.5696112
559.7274969
559.8823384
560.038537
560.2004958
560.372618
560.5593068
560.7649654
560.9939971
561.2508051
561.5397926
561.8653628
562.2319191
562.6438645
563.1056024
563.6212808
564.1886417
564.7986997
565.4421511
566.1096926
566.7920204
567.4798309
568.1638207
568.8346861
569.4831235
570.0998292
570.6754988
571.2008134
571.6687786
572.0818629
572.4451205
572.7635955
573.0423304
573.2863676
573.5007496
573.6905187
573.8607173
574.0163877
574.1625723
574.3043135
574.4466537
574.5946353
574.7533009
574.9266895
575.1145998
575.3157089
575.5286937
575.7522312
575.9849985
576.2256724
576.4729301
576.7254486
576.9819049
577.2409759
577.5013388
577.7616704
578.0206477
578.2769469
578.5294838
578.7781636
579.0231595
579.2646438
579.5027884
579.7377656
579.9697473
580.1989057
580.4254128
580.6494409
580.8711619
581.090748
581.3083713
581.5242039
581.7384185
581.951117
582.162117
582.3711572
582.5779771
582.7823158
582.9839128
583.1825075
583.377839
583.5696469
583.7576704
583.9416489
584.1213217
584.2964282
584.4667077
584.6318986
584.7919259
584.9474823
585.0994681
585.2487832
585.3963272
585.5429998
585.6897009
585.8373301
585.9867871
586.1389716
586.2947833
586.455122
586.6208874
586.7929792
586.972297
587.1593781
587.3532265
587.5524406
587.7556191
587.9613605
588.1682633
588.3749262
588.5799476
588.7819261
588.9794604
589.1711489
589.3555901
589.5313827
589.6971245
589.8514095
589.9937723
590.1275931
590.257304
590.3873312
590.5221006
590.6660381
590.8235697
590.9991213
591.1971187
591.421988
591.678155
591.9700457
592.302086
592.6787036
593.1043415
593.5813424
594.1036081
594.662703
595.2502054
595.8576954
596.4767533
597.0989594
597.7158939
598.3191371
598.9002693
599.4508712
599.9625274
600.42704
600.8421173
601.2116489
601.5398076
601.83077
602.0887131
602.3178134
602.5222477
602.7061927
602.8738253
603.029322
603.1768597
603.3206151
603.4647647
603.6134826
603.7708532
603.9384972
604.1154459
604.3006179
604.4929291
604.6912952
604.8946318
605.1018548
605.3118799
605.5236226
605.7359988
605.9479242
606.1583144
606.3660852
606.5701524
606.7694486
606.9633347
607.1516223
607.3341435
607.5107305
607.6812158
607.8454316
608.0032103
608.1543841
608.2987855
608.4362467
608.5666
608.6896778
608.8053124
608.9133362
609.0136087
609.1066805
609.1938267
609.276357
609.3555807
609.4328076
609.5093472
609.586509
609.6656026
609.7479376
609.8348235
609.9275699
610.0274863
610.1358822
610.254066
610.3832967
610.5234793
610.6731006
610.8305836
610.9943501
611.1628219
611.3344207
611.5075683
611.6806865
611.8521969
612.0205215
612.1840819
612.3413
612.4905976
612.6303989
612.7592273
612.8782747
612.9915416
613.1031512
613.2172292
613.3379015
613.469294
613.6155327
613.7807434
613.9690522
614.1845849
614.4314675
614.713826
615.0357863
615.4014737
615.8147883
616.2739673
616.7712892
617.2987564
617.8483703
618.4121324
618.9820437
619.5501057
620.1083195
620.6486863
621.1632075
621.6438829
622.0826983
622.4735948
622.8183918
623.1210838
623.3856536
623.6160822
623.8163506
623.9904399
624.1423308
624.2760045
624.3954419
624.5046239
624.6075315
624.7081457
624.8104474
624.9184193
625.0352794
625.1610474
625.2948902
625.4359752
625.5834702
625.7365429
625.8943609
626.0560921
626.2209041
626.3879646
626.5564414
626.7255022
626.8943146
627.0620464
627.2278652
627.3910628
627.551452
627.7089847
627.8636125
628.0152872
628.1639604
628.3095836
628.4521086
628.591487
628.7276705
628.8606106
628.990259
629.1165675
629.2394874
629.3589702
629.4750263
629.5879054
629.6979234
629.8053957
629.9106378
630.013965
630.1156928
630.2161366
630.3156116
630.4144334
630.5129174
630.611379
630.7101334
630.8094964
630.9097841
631.0111779
631.1133118
631.2156693
631.3177347
631.4189927
631.5189275
631.6170236
631.7127656
631.8056377
631.8951246
631.9807106
632.0618801
632.1381178
632.2089079
632.2737345
632.3327659
632.3890566
632.4464253
632.5086908
632.5796719
632.6631873
632.7630558
632.883096
633.0271267
633.1989666
633.4024344
633.641349
633.919529
634.2407943
634.6089679
635.0259711
635.4858271
635.9804297
636.50168
637.0414795
637.5917296
638.1443317
638.6911872
639.2241975
639.7352641
640.2162883
640.6591718
641.0560344
641.4044694
641.7078246
641.969717
642.1937641
642.3835834
642.5427928
642.6750097
642.7838518
642.8729368
642.9458823
643.0063058
643.057825
643.1040575
643.1486202
643.1950654
643.2452392
643.2992027
643.3569329
643.4184065
643.4835999
643.5524899
643.625053
643.7012658
643.781105
643.864547
643.9515685
644.0421461
644.1362564
644.233876
644.3349826
644.4395815
644.5477075
644.6593963
644.774684
644.8936065
645.0161997
645.1424994
645.2725418
645.4063626
645.5439979
645.6854835
645.8308554
645.9801495
646.1334015
646.2906333
646.451505
646.6152956
646.7812672
646.9486818
647.1168012
647.2848872
647.4522018
647.6180066
647.7815637
647.9421348
648.0989818
648.2513666
648.3985509
648.5397967
648.6743769
648.8018412
648.9220303
649.0347986
649.1400004
649.2374903
649.3271225
649.4087514
649.4822316
649.5474173
649.6041629
649.6523229
649.6917516
649.7223037
649.7438347
649.7562726
649.7614969
649.7634287
649.7660834
649.7734776
649.7896277
649.8185503
649.864262
649.9307792
650.0221185
650.1422964
650.2953294
650.4852341
650.7160266
650.9917171
651.31611
651.6873308
652.0975387
652.5386331
653.0025071
653.4810532
653.9661643
654.4497328
654.9236515
655.379813
655.8101098
656.2064334
656.5606699
656.8666547
657.1262649
657.3435593
657.5225869
657.6673965
657.7820368
657.8705567
657.9370047
657.9854297
658.0198804
658.0444056
658.063054
658.0798744
658.0989162
658.1242346
658.1590883
658.2035378
658.2567564
658.3179233
658.386218
658.4608205
658.5409105
658.6256677
658.714272
658.805903
658.8997406
658.9949645
659.0907545
659.1862904
659.2807511
659.373466
659.4643831
659.5536178
659.6412849
659.7274993
659.8123758
659.8960292
659.9785743
660.060126
660.1407991
660.2207083
660.2999686
660.3786947
660.4570015
660.5350038
660.6128135
660.6905308
660.7682526
660.8460758
660.9240974
661.0024143
661.0811233
661.1603216
661.2401058
661.3205731
661.4018204
661.4839445
661.5670423
661.651211
661.736548
661.8230446
661.9102583
661.9976283
662.0845941
662.1705954
662.2550718
662.3374631
662.4172089
662.4937489
662.5665227
662.63497
662.6985305
662.7566438
662.8087492
662.8542818
662.893235
662.9278463
662.9609745
662.9954747
663.0342017
663.0800099
663.1357541
663.2042888
663.2884686
663.3911482
663.5151821
663.663425
663.8387314
664.0439561
664.2819581
664.5541339
664.8557905
665.1806052
665.5222569
665.8744251
666.2307895
666.5850294
666.9308246
667.2618545
667.5717988
667.8543373
668.1031545
668.3121118
668.4799006
668.6102911
668.7072745
668.7748471
668.8170055
668.8377466
668.8410669
668.8309634
668.8114326
668.7864712
668.7600761
668.7362439
668.7189715
668.7122547
668.7199897
668.7435346
668.7815749
668.8326742
668.8953954
668.968301
669.0499536
669.138916
669.2337506
669.3330201
669.4352871
669.5391143
669.6430642
669.7456995
669.845583
669.9413099
670.0323146
670.1189098
670.20145
670.2802898
670.3557838
670.4282867
670.498153
670.5657374
670.6313944
670.6954787
670.7583448
670.8203473
670.8818409
670.9431797
671.0047056
671.0664159
671.1279469
671.1889188
671.2489516
671.3076651
671.3646791
671.4196137
671.4720886
671.5217238
671.5681391
671.6109544
671.6497897
671.6842647
671.714
671.7386369
671.7583835
671.7740438
671.7864481
671.7964269
671.8048112
671.8124317
671.8201192
671.8287044
671.839018
671.851891
671.868154
671.8886378
671.9141732
671.9455908
671.9836848
672.0283299
672.0784335
672.1328583
672.1904666
672.2501208
672.3106833
672.3710166
672.429983
672.4864449
672.5392647
672.5873048
672.6294276
672.6644955
672.6913717
672.7089965
672.7183337
672.7224647
672.7245711
672.7278348
672.7354377
672.7505617
672.7763887
672.8161007
672.8728795
672.9499071
673.0503653
673.1774362
673.334301
673.5241371
673.7499573
674.0102275
674.298645
674.6086962
674.933863
675.267627
675.6034699
675.9348732
676.2553187
676.5582878
676.8372623
677.085723
677.2971501
677.4666903
677.5964739
677.6904983
677.7527566
677.7872419
677.7979473
677.7888659
677.7639909
677.7273153
677.6828324
677.6345352
677.5864169
677.5424706
677.5066904
677.4830754
677.4747533
677.4813361
677.501463
677.5337796
677.5769323
677.6295673
677.6903308
677.7578691
677.8308284
677.9078551
677.9875954
678.0686955
678.1498017
678.2295601
678.3066151
678.3798883
678.4494272
678.5155875
678.5787239
678.6391906
678.697342
678.7535324
678.8081161
678.8614474
678.9138808
678.9657704
679.0174706
679.0693357
679.1217201
679.1749781
679.2293736
679.2847886
679.3410041
679.3978011
679.4549604
679.5122631
679.5694902
679.6264225
679.682841
679.7385267
679.7932606
679.8468236
679.8989966
679.9495607
679.9982971
680.0449079
680.0887685
680.1291657
680.1653868
680.196719
680.2224495
680.2418656
680.2542545
680.2589035
680.2550997
680.2421306
680.2192832
680.1858448
680.1411019
680.084336
680.0155715
679.9378184
679.8549145
679.7706924
679.6889842
679.6136217
679.5484368
679.4972615
679.4639277
679.4522674
679.4661123
679.5092945
679.5856459
679.6989989
679.8531948
680.0504213
680.2860939
680.553788
680.8470849
681.1595666
681.4848154
681.8164135
682.1479432
682.4729867
682.7851263
683.0779446
683.3450284
683.5801179
683.7811975
683.9507055
684.091276
684.2055475
684.2961588
684.3657487
684.4169558
684.4524191
684.4747772
684.486669
684.4907333
684.4896087
684.4859342
684.4823475
684.48143
684.4842915
684.4904908
684.499518
684.5108622
684.5240124
684.5384576
684.5536867
684.5691888
684.5844529
684.5989678
684.6122226
684.6237063
684.6329078
684.6393161
684.6424345
684.6421247
684.6386251
684.6321916
684.6230803
684.6115473
684.5978486
684.5822403
684.5649785
684.5463191
684.5265184
684.5058322
684.4845168
684.4628281
684.4410223
684.4193557
684.3980956
684.3775202
684.3579086
684.3395394
684.3226917
684.3076443
684.294676
684.2840658
684.2760925
684.271035
684.2691721
684.2707828
684.2761459
684.2855397
684.2992265
684.3170204
684.3382654
684.3622846
684.3884009
684.415937
684.4442158
684.4725599
684.5002921
684.5267352
684.5512119
684.5730451
684.5915574
684.6060717
684.6159111
684.6204519
684.6204213
684.6179705
684.6153146
684.6146696
684.6182513
684.6282758
684.646959
684.6765168
684.7191653
684.7771204
684.852598
684.9478141
685.0649847
685.2063255
685.3739206
685.566509
685.779323
686.0074278
686.2458889
686.4897714
686.7341408
686.9740622
687.2046011
687.4208227
687.6177924
687.7905753
687.9342305
688.0450752
688.1246076
688.1757259
688.2013252
688.2042996
688.1875436
688.1539513
688.106417
688.0478351
687.9810996
687.909105
687.8347455
687.7609152
687.6905087
687.6264199
687.5709731
687.5240822
687.4850231
687.453072
687.4275051
687.4075985
687.3926284
687.3818711
687.3746026
687.3700991
687.3676369
687.3664921
687.3659408
687.3652591
687.3637227
687.3607319
687.356198
687.3501719
687.3427037
687.3338434
687.3236411
687.3121468
687.2994107
687.2854828
687.2704131
687.2542518
687.2370489
687.2188545
687.1997185
687.1796904
687.1589015
687.1378125
687.1169753
687.0969411
687.0782613
687.061487
687.0471696
687.0358603
687.0281102
687.0244708
687.0254932
687.0317287
687.0437285
687.0620438
687.0872272
687.1194851
687.1575865
687.1999148
687.2448541
687.2907887
687.3361025
687.37918
687.4184052
687.4521623
687.4788355
687.4968091
687.5044671
687.5001938
687.4823732
687.4493892
687.4004117
687.3379201
687.2652739
687.1858314
687.102951
687.0199911
686.94031
686.867266
686.8042177
686.7545232
686.7215411
686.7086296
686.7191473
686.7564537
686.8239156
686.9235466
687.0518771
687.2039263
687.3747224
687.5592947
687.7526725
687.949885
688.1459614
688.3359311
688.5148232
688.677667
688.8194923
688.9354634
689.024198
689.0879308
689.1290689
689.1500197
689.1531903
689.140988
689.1158199
689.0800934
689.0362156
688.9865937
688.933635
688.8797467
688.8273358
688.7788081
688.7365117
688.7012066
688.6719897
688.6478832
688.6279075
688.6110835
688.5964317
688.5829727
688.5697273
688.555716
688.5399594
688.5214783
688.4992933
688.4724249
688.4398947
688.4007557
688.3549098
688.3031531
688.2463202
688.1852469
688.1207688
688.0537218
687.9849415
687.9152636
687.845524
687.7765583
687.7092023
687.6442916
687.5826621
687.5251494
687.4725572
687.4248862
687.3812924
687.3408926
687.3028034
687.2661414
687.2300233
687.1935656
687.155885
687.1160981
687.0733215
687.0266717
686.9752655
686.9182194
686.8546504
686.7837103
686.7054627
686.6209257
686.5311624
686.4372361
686.3402103
686.2411482
686.1411132
686.0411686
685.9423777
685.845804
685.7525106
685.663561
685.5800184
685.5029452
685.4333709
685.371414
685.3162376
685.2669629
685.2227099
685.1825986
685.145749
685.111281
685.0783148
685.0459704
685.0133677
684.9796268
684.9438677
684.9052104
684.862776
684.8157354
684.7645796
684.7111903
684.6575101
684.605483
684.5570526
684.5141631
684.4787582
684.4527819
684.4381781
684.4368907
684.4508636
684.4820408
684.5323662
684.6037836
684.6981253
684.8144244
684.9487725
685.097123
685.2554292
685.4196441
685.585721
685.7496131
685.9072735
686.0546553
686.1877119
686.3023957
686.3946525
686.46147
686.5040601
686.5247933
686.5260352
686.5101506
686.479504
686.4364602
686.3833838
686.3226394
686.2565919
686.1876057
686.1180456
686.0502762
685.9866621
685.9295685
685.8808887
685.8405281
685.8078656
685.7822797
685.7631493
685.7498532
685.7417702
685.7382791
685.7387586
685.7425876
685.7491448
685.7578091
685.7679593
685.778974
685.7902322
685.8011243
685.8110901
685.8195824
685.826054
685.8299578
685.8307465
685.8278731
685.8207903
685.808951
685.7918081
685.7688142
685.7394224
685.7030853
685.6592556
685.607384
685.5471846
685.4794296
685.4051846
685.3255132
685.2414788
685.154145
685.0645753
684.9738329
684.8829814
684.7930843
684.7052049
684.6204069
684.5397534
684.4643083
684.3951367
684.3329767
684.277227
684.226922
684.1810973
684.1387887
684.099032
684.0608632
684.0233179
683.985432
683.9462414
683.9047819
683.8600893
683.8111995
683.7571482
683.6969713
683.6301541
683.5580835
683.482649
683.4057399
683.3292459
683.2550563
683.1850607
683.1211485
683.0652092
683.0191323
682.9848072
682.9641235
682.9589706
682.9712387
683.0028203
683.0547654
683.1246561
683.2091318
683.3048362
683.4084131
683.5165065
683.6257602
683.7328182
683.8343245
683.9269227
684.007257
684.0719712
684.1178073
684.1439722
684.152261
684.1445911
684.1228801
684.0890456
684.0450049
683.9926757
683.9339756
683.8708219
683.8051323
683.7388242
683.6738153
683.6120228
683.5553637
683.5057094
683.4637132
683.4287538
683.400151
683.3772238
683.3592913
683.3456726
683.3356868
683.328653
683.3238903
683.3207177
683.3184543
683.3164192
683.3139315
683.3103104
683.3048772
683.2970141
683.2861675
683.2717862
683.2533193
683.2302159
683.2019251
683.1678959
683.1275774
683.0804187
683.0258688
682.9633768
682.8923918
682.8123629
682.7227394
682.6230041
682.5134934
682.3954433
682.2701303
682.1388312
682.0028228
681.8633822
681.7217862
681.5793117
681.4372357
681.2968351
681.1593868
681.0261677
680.8984548
680.7775248
680.6646084
680.5597631
680.4618162
680.3695367
680.2816934
680.1970552
680.114391
680.0324697
679.9500601
679.8659311
679.7788516
679.6875904
679.5909166
679.4875991
679.3764083
679.2561846
679.127679
678.9936424
678.8569168
678.7203456
678.5867722
678.45904
678.3399923
678.2324727
678.1393245
678.0633912
678.007516
677.9745425
677.9673138
677.9886693
678.0413089
678.1241194
678.2319775
678.3595858
678.5016427
678.6528464
678.8078949
678.9614864
679.108319
679.2430907
679.3604996
679.4552428
679.5220122
679.55687
679.5614889
679.5390743
679.4928234
679.425933
679.3416001
679.2430212
679.1333933
679.0159132
678.8937776
678.7701834
678.6483273
678.5314062
678.4226176
678.3251654
678.2413822
678.1700993
678.1091783
678.0564868
678.0098928
677.9672647
677.9264707
677.885379
677.8418579
677.7937756
677.7390005
677.6754006
677.6008443
677.5131998
677.4103329
677.2907636
677.1557254
677.0071805
676.8470899
676.6774143
676.5001146
676.3171515
676.1304858
675.9420781
675.7538892
675.56788
675.386011
675.2102432
675.0425372
674.8848539
674.7388562
674.6049503
674.483209
674.3737055
674.2765128
674.191704
674.1193521
674.0595304
674.0123118
673.9777694
673.9559764
673.9470058
673.9509307
673.9678245
673.9977626
674.0404535
674.094118
674.1565674
674.2256154
674.2990759
674.3747627
674.4504898
674.5240712
674.5933207
674.6560522
674.7100797
674.753217
674.7832781
674.7980764
674.7954192
674.7739335
674.7355495
674.6831088
674.6194481
674.5474036
674.4698114
674.3895074
674.3093278
674.2321086
674.1606858
674.0978955
674.0465737
674.0095565
673.98968
673.9897822
674.0116611
674.0527585
674.109356
674.1777357
674.2541801
674.3349717
674.4163929
674.4947261
674.566254
674.6272588
674.6740234
674.7028325
674.7100667
674.6946901
674.6583858
674.6029551
674.530202
674.4419306
674.3399451
674.2260498
674.1020488
673.9697464
673.8309467
673.687454
673.5410724
673.3936062
673.2468593
673.1025949
672.9615428
672.8233454
672.6875951
672.5538838
672.4218036
672.2909465
672.1609046
672.0312697
671.901634
671.7715894
671.640728
671.5086418
671.3749227
671.239163
671.1009734
670.9604505
670.8181991
670.6748481
670.5310265
670.3873634
670.2444878
670.1030287
669.9636151
669.8268761
669.6934406
669.5639376
669.4389963
669.3192454
669.2053136
669.0978082
668.9967576
668.901583
668.8116786
668.7264381
668.6452551
668.5675232
668.4926362
668.4199875
668.3489709
668.27898
668.2094085
668.13965
668.069098
667.9971467
667.9232047
667.847077
667.7689852
667.6891693
667.6078697
667.5253267
667.4417808
667.3574722
667.2726414
667.1875288
667.1023747
667.0174195
666.9329036
666.8490673
666.7661511
666.684402
666.6042346
666.5262398
666.4510164
666.3791635
666.3112802
666.2479654
666.1898183
666.1374377
666.0914228
666.0523725
666.0208859
665.997562
665.9829997
665.9777976
665.9825053
665.9963831
666.0173421
666.04323
666.0718943
666.1011823
666.1289413
666.1530188
666.171262
666.1815184
666.1816352
666.16946
666.1428393
666.1002235
666.042602
665.9716381
665.8889951
665.7963361
665.6953241
665.5876223
665.4748937
665.3588016
665.241009
665.1231789
665.0069746
664.8940591
664.7860957
664.6847483
664.5912405
664.5049597
664.4248001
664.3496578
664.2784284
664.2100079
664.143292
664.0771765
664.0105575
663.9423305
663.8713915
663.7966364
663.7169608
663.6312604
663.5384282
663.4377215
663.3298637
663.215984
663.0972092
662.9746658
662.8494802
662.7227788
662.5956881
662.4693346
662.3448446
662.2233447
662.1059612
661.9938206
661.8880496
661.7897766
661.6997982
661.6175583
661.5421314
661.4725935
661.4080207
661.3474892
661.2900751
661.2348545
661.1809038
661.1272989
661.0731162
661.0174317
660.9593217
660.8978623
660.8321296
660.7614291
660.6860355
660.60648
660.5232937
660.4370076
660.3481529
660.2572608
660.1648622
660.0714883
659.9776703
659.8839391
659.7908261
659.6988621
659.6085786
659.5205071
659.4349961
659.3516373
659.269817
659.1889228
659.1083419
659.0274619
658.9456701
658.8623539
658.7769008
658.688698
658.5971332
658.5015936
658.4014666
658.2961394
658.1849966
658.0677638
657.9455347
657.8197831
657.6919802
657.5635966
657.4361032
657.310971
657.1896707
657.0736732
656.9644492
656.8634697
656.7722054
656.6921273
656.6247062
656.5714159
656.5331651
656.5085401
656.4954985
656.4919992
656.4960018
656.5054657
656.5183503
656.5326152
656.5462197
656.5571234
656.5632857
656.5626674
656.5532691
656.5341989
656.5057274
656.4681759
656.421867
656.3671236
656.3042682
656.2336236
656.1555125
656.0702576
655.9781816
655.8796072
655.774857
655.6642539
655.5481205
655.4267864
655.3007546
655.1707111
655.0373498
654.9013649
654.7634505
654.624301
654.4846103
654.3450727
654.2063823
654.0692333
653.9343199
653.8023361
653.6739763
653.5499346
653.4308911
653.3171763
653.2087532
653.1055672
653.0075639
652.9146891
652.8268882
652.7441068
652.6662905
652.5933848
652.5253354
652.4620879
652.4035878
652.3497806
652.3006118
652.2560151
652.2156113
652.1786933
652.1445392
652.1124268
652.0816339
652.0514383
652.0211177
651.9899501
651.9572131
651.9221846
651.8841424
651.8423643
651.7961281
651.7447124
651.6874217
651.6242709
651.5560221
651.4834698
651.407409
651.3286352
651.2479437
651.1661296
651.0839884
651.0023152
650.9219054
650.8435544
650.7680573
650.6962094
650.6288059
650.5666151
650.5097247
650.4575056
650.4092961
650.3644343
650.3222581
650.2821056
650.2433147
650.2052235
650.16717
650.1284923
650.0885281
650.0466158
650.0020931
649.9542981
649.9025796
649.8465561
649.7861291
649.7212139
649.6517256
649.5775791
649.4986897
649.4149724
649.3263423
649.2327145
649.1340042
649.0301263
648.9209955
648.8066376
648.6875371
648.5643025
648.4375419
648.3078632
648.1758745
648.042184
647.9073996
647.7721294
647.6369814
647.5025637
647.3694844
647.2383515
647.109773
646.984357
646.8624984
646.7436915
646.6271921
646.5122562
646.3981394
646.2840979
646.1693874
646.0532639
645.9349832
645.8138012
645.6889739
645.5597571
645.4254067
645.2851783
645.1383261
644.9844243
644.8243513
644.6593431
644.4906336
644.3194567
644.1470463
643.9746362
643.8034601
643.634752
643.4697458
643.3096751
643.1557739
643.009276
642.8714156
642.7434287
642.6262498
642.5195979
642.4228563
642.3354099
642.2566441
642.1859442
642.1226954
642.0662833
642.0160929
641.9715098
641.9319192
641.8967064
641.8652569
641.8369558
641.8111889
641.7872216
641.7638185
641.7396103
641.7132276
641.6833011
641.6484618
641.6073402
641.5585673
641.5007737
641.4325902
641.3526477
641.2595768
641.1520084
641.028573
640.887901
640.7293697
640.5554975
640.3696392
640.1751482
639.9753782
639.7736825
639.5734147
639.3779284
639.190577
639.0147141
638.8536932
638.7108678
638.5895915
638.4932189
638.4251111
638.387431
638.3774891
638.3912581
638.4247186
638.4738523
638.5346406
638.6030653
638.6751078
638.7467498
638.8139727
638.8727583
638.9190884
638.9490317
638.9608865
638.9552865
638.9329765
638.8947013
638.8412058
638.7732349
638.6915335
638.5968465
638.4899187
638.3714951
638.2423205
638.1031397
637.9546978
637.79774
637.6330288
637.4617981
637.2857759
637.1067123
636.9263578
636.746463
636.5687784
636.3950545
636.2270419
636.0664911
635.9151526
635.7747771
635.6471149
635.5339166
635.4369309
635.3578302
635.2962374
635.2496178
635.2153428
635.1907817
635.1733038
635.1602781
635.1490738
635.1370601
635.1216062
635.1000811
635.069854
635.0282941
634.9727705
634.9006526
634.8093927
634.6985267
634.5697828
634.4249912
634.265982
634.0945857
633.9126325
633.721953
633.5243773
633.3217361
633.1158595
632.9085781
632.7017221
632.4971219
632.2966076
632.1019763
631.9141603
631.7331874
631.5590423
631.3917096
631.2311742
631.0774204
630.9304332
630.790197
630.6566966
630.5299167
630.4098418
630.2964566
630.1897459
630.0896938
629.9962726
629.9091171
629.8275089
629.7507137
629.6779969
629.608624
629.5418604
629.4769714
629.4132227
629.3498795
629.2862073
629.2214715
629.1549375
629.0858709
629.0135375
628.9372293
628.8569275
628.773339
628.6872027
628.599258
628.5102444
628.4209014
628.3319685
628.2441851
628.1582909
628.0750252
627.9951278
627.9193399
627.8481657
627.7811537
627.717588
627.6567545
627.5979392
627.5404282
627.4835074
627.4264628
627.3685806
627.3091466
627.247447
627.1827678
627.1143949
627.0416144
626.9637109
626.8801373
626.7910267
626.6966989
626.5974728
626.4936675
626.3856018
626.2735945
626.1579645
626.0390308
625.9171121
625.7925273
625.6655954
625.5366352
625.4059655
625.2739053
625.1407736
625.0068903
624.8725754
624.7381491
624.6039314
624.4702423
624.337402
624.2057305
624.075548
623.9471744
623.8209299
623.6971346
623.5761084
623.4581716
623.3436446
623.2327221
623.1250773
623.0202428
622.9177516
622.817137
622.7179319
622.6196695
622.5218828
622.4241049
622.325869
622.226708
622.1261553
622.0237436
621.9190061
621.8114744
621.7008705
621.5876831
621.4726131
621.3563601
621.2396234
621.1231024
621.0074966
620.8935053
620.7818279
620.6731638
620.5682125
620.4676733
620.3722456
620.282629
620.1995247
620.1233142
620.0530718
619.9875159
619.9253661
619.8653422
619.8061641
619.7465516
619.6852246
619.6209028
619.5523062
619.4781545
619.3971676
619.3080654
619.2095676
619.1003941
618.9797453
618.8488534
618.7094883
618.5634196
618.4124169
618.25825
618.1026886
617.9475022
617.7944607
617.6453336
617.5018906
617.3659007
617.2390882
617.1220094
617.01399
616.9143014
616.8222141
616.7369985
616.6579251
616.5842641
616.515286
616.4502613
616.3884602
616.3291532
616.2716108
616.2151033
616.1589011
616.1022823
616.0447194
615.9858889
615.9254769
615.8631695
615.7986529
615.7316131
615.6617364
615.5887088
615.5122164
615.4319455
615.3475821
615.2588123
615.1653224
615.0667987
614.9629432
614.8538772
614.7401606
614.6223738
614.5010974
614.3769117
614.2503975
614.1221352
613.9927053
613.8626884
613.7326651
613.6032157
613.474921
613.3483613
613.2241169
613.1027552
612.9844946
612.8691867
612.7566672
612.6467711
612.5393338
612.4341904
612.3311762
612.2301264
612.1308761
612.0332605
611.9371149
611.8422745
611.7485745
611.6558501
611.5639346
611.4726157
611.3816328
611.2907233
611.1996243
611.1080731
611.0158069
610.9225629
610.8280785
610.7320908
610.634337
610.5345545
610.4324804
610.327852
610.2204065
610.1098978
609.9964994
609.8808246
609.7635081
609.6451841
609.5264872
609.4080519
609.2905124
609.1745034
609.0606592
608.9496143
608.8420031
608.7384601
608.6396196
608.5461156
608.4585566
608.3768585
608.300213
608.2277782
608.158712
608.0921723
608.0273168
607.9633033
607.8992898
607.8344339
607.7678936
607.6988267
607.6263909
607.5497443
607.4680452
607.3804778
607.2869272
607.1880149
607.0843947
606.976721
606.8656484
606.7518313
606.6359242
606.5185819
606.4004586
606.282209
606.1644877
606.0479498
605.9331015
605.8198366
605.7078826
605.5969675
605.4868194
605.3771665
605.2677369
605.1582587
605.0484602
604.9380695
604.8268146
604.7144237
604.600625
604.4851465
604.3677149
604.2482235
604.1272337
604.0054921
603.8837444
603.762736
603.6432123
603.5259186
603.4116004
603.3010031
603.1948721
603.0939527
602.9989905
602.9107308
602.829919
602.7573017
602.6933645
602.6375149
602.5888702
602.5465478
602.5096657
602.4773415
602.448693
602.4228382
602.3988947
602.3759803
602.3532129
602.3297102
602.3045899
602.27697
602.2459682
602.2108286
602.1713293
602.1273899
602.0789298
602.0258683
601.9681251
601.9056194
601.8382708
601.7659986
601.6887224
601.6063615
601.5188355
601.4260637
601.3279654
601.2244592
601.1156277
601.0022211
600.8851731
600.7654161
600.6438828
600.5215054
600.3992166
600.2779487
600.1586342
600.0422056
599.9295954
599.8217359
599.7195597
599.6239996
599.5359906
599.4561262
599.3836239
599.3173208
599.2560562
599.1986698
599.1440011
599.0908899
599.0381756
598.984698
598.9292966
598.8708111
598.8080812
598.7399463
598.6652463
598.5828195
598.4918821
598.3932236
598.2880543
598.1775843
598.0630232
597.9455808
597.826467
597.7068915
597.588064
597.4711944
597.3574923
597.2481667
597.1443965
597.0465382
596.9540839
596.866488
596.7832041
596.7036857
596.6273862
596.5537593
596.4822584
596.4123368
596.3434483
596.2750462
596.2065841
596.1375154
596.0672938
595.9953851
595.9215681
595.8459515
595.7686586
595.689813
595.6095382
595.5279581
595.445196
595.3613757
595.2766206
595.1910545
595.104801
595.0179835
594.9307258
594.8431514
594.7553838
594.6675421
594.579741
594.4920947
594.4047178
594.3177245
594.2312295
594.1453469
594.0601913
593.975877
593.8925185
593.8102301
593.7291263
593.6493214
593.5709297
593.4940625
593.4187441
593.3449076
593.2724823
593.2013973
593.1315817
593.0629645
592.995475
592.9290422
592.8635951
592.799063
592.7353749
592.6724599
592.6102471
592.5486657
592.4876448
592.4271172
592.367019
592.3072867
592.2478566
592.1886652
592.1296489
592.070744
592.011887
591.9530142
591.8940621
591.834967
591.7756654
591.7160937
591.6561882
591.5958746
591.5348095
591.472366
591.4079042
591.3407844
591.2703666
591.1960108
591.1170772
591.0329258
590.9429168
590.8464102
590.742766
590.6313445
590.5115057
590.38261
590.2440621
590.096422
589.9414587
589.7809983
589.6168672
589.4508919
589.2848987
589.1207142
588.9601646
588.8050764
588.6572759
588.5185897
588.3908452
588.2753619
588.1713342
588.07739
587.9921576
587.9142654
587.8423417
587.775015
587.7109136
587.6486659
587.5869004
587.5242455
587.4593294
587.3907808
587.3172277
587.2372984
587.1499831
587.0557915
586.9556393
586.8504409
586.7411111
586.6285643
586.5137153
586.3974788
586.2807693
586.1645014
586.0495899
585.9369492
585.8274942
585.7221396
585.6218014
585.5271967
585.4382396
585.3546223
585.2760382
585.2021812
585.1327448
585.0674228
585.0059088
584.9478966
584.8930799
584.8411523
584.7918075
584.7447392
584.6996412
584.656207
584.6141426
584.5732047
584.5331637
584.4937899
584.4548537
584.4161253
584.3773753
584.3383739
584.2988914
584.2586983
584.2175649
584.1752614
584.1315584
584.086226
584.0390347
583.9898454
583.938902
583.8865495
583.8331331
583.7789979
583.724489
583.6699516
583.6157307
583.5621716
583.5096192
583.4584188
583.4089155
583.3614543
583.3163806
583.2740398
583.2345841
583.1973614
583.1615029
583.1261408
583.090407
583.0534336
583.0143527
582.9722964
582.9263966
582.8757855
582.8195951
582.7569574
582.6870046
582.6088682
582.5216771
582.4249803
582.3200167
582.2084936
582.0921153
581.9725856
581.8516084
581.7308877
581.6121272
581.4970309
581.3873026
581.2846463
581.1907652
581.1073115
581.0345896
580.9714935
580.9168509
580.869489
580.828235
580.7919163
580.75936
580.7293935
580.700844
580.6725388
580.6433053
580.6119705
580.5773619
580.5383078
580.4936715
580.4432835
580.3879894
580.3286793
580.2662444
580.2015761
580.1355655
580.0691039
580.0030825
579.9383927
579.8759257
579.8165727
579.761225
579.7107739
579.66611
579.6280962
579.5968591
579.57175
579.5520859
579.5371834
579.5263589
579.5189288
579.5142095
579.5115175
579.5101693
579.5094812
579.5087698
579.5073513
579.5045424
579.4996593
579.4920421
579.481619
579.4689367
579.4545709
579.4390974
579.4230918
579.40713
579.3917876
579.3776405
579.3652643
579.3552349
579.348128
579.3445193
579.3449846
579.3500991
579.3604072
579.3756269
579.3946119
579.4161752
579.4391299
579.4622887
579.4844646
579.5044705
579.5211192
579.5332235
579.5395965
579.539051
579.5303998
579.512456
579.4840337
579.4439884
579.3923192
579.3302264
579.2589626
579.1797815
579.0939371
579.0026834
578.9072743
578.8089638
578.7090057
578.6086541
578.5091628
578.4117858
578.317777
578.22839
578.1448422
578.0674229
577.9954432
577.9281706
577.864872
577.8048142
577.7472641
577.6914884
577.636754
577.5823277
577.5274764
577.4714668
577.4135658
577.3530402
577.289157
577.2212122
577.1492445
577.074071
576.9965461
576.9175239
576.8378588
576.7584048
576.6800164
576.6035476
576.5298528
576.4597862
576.3942021
576.3339562
576.2796748
576.2310478
576.1875102
576.1484977
576.1134462
576.0817916
576.0529698
576.0264168
576.0015685
575.9778608
575.9547296
575.9316108
575.9079405
575.8831544
575.8566885
575.8280833
575.7973215
575.764503
575.7297274
575.6930944
575.6547038
575.6146552
575.5730483
575.529983
575.4855588
575.4398756
575.393033
575.3451308
575.2962685
575.2465458
575.1961181
575.1453715
575.0947544
575.0447152
574.9957023
574.9481639
574.9025483
574.8593039
574.8188789
574.7817217
574.7482805
574.7190036
574.6943395
574.6747365
574.6606445
574.6523249
574.6492829
574.6508137
574.6562141
574.6647809
574.6758108
574.6886008
574.7024477
574.7166483
574.7304994
574.7432978
574.7543405
574.7629243
574.7683458
574.7699009
574.7671253
574.760544
574.7509492
574.7391325
574.7258855
574.7119995
574.6982662
574.6854769
574.6744232
574.6658964
574.6606882
574.65959
574.6633932
574.6728894
574.68887
574.7117506
574.7403568
574.773094
574.8083673
574.844582
574.8801435
574.913457
574.9429278
574.9669611
574.9839623
574.9923366
574.9904893
574.9768256
574.9497503
574.9076652
574.8496762
574.7777662
574.6947053
574.6032591
574.5061934
574.4062735
574.3062649
574.2089333
574.117044
574.0333626
573.9606546
573.9016854
573.8591376
573.8335953
573.8234422
573.826957
573.8424186
573.8681059
573.9022978
573.9432731
573.9893108
574.0386896
574.0896886
574.1405864
574.1896622
574.2351947
574.2754636
574.308783
574.3344059
574.3525681
574.3635503
574.3676337
574.3650998
574.3562299
574.3413053
574.3206073
574.2944173
574.2630167
574.2266867
574.1857087
574.1403641
574.0909346
574.0377143
573.9813407
573.9228117
573.8631409
573.8033426
573.7444307
573.6874193
573.6333226
573.5831546
573.5379295
573.4986612
573.466364
573.4420519
573.4267389
573.421439
573.4271243
573.4437137
573.4700159
573.5047895
573.5467923
573.5947825
573.6475179
573.7037566
573.7622564
573.8217755
573.8810717
573.938903
573.9940273
574.0452028
574.0911874
574.1307801
574.163824
574.1912563
574.2140661
574.2332429
574.2497758
574.2646542
574.2788674
574.2934046
574.3092551
574.3274083
574.3488533
574.3745794
574.405576
574.4428312
574.4872945
574.5388453
574.596243
574.6581962
574.7234125
574.7905998
574.8584657
574.9257179
574.9910643
575.0532125
575.1108702
575.1627452
575.2075452
575.2439779
575.2707525
575.286623
575.2915744
575.2868861
575.2738939
575.2539348
575.228346
575.1984645
575.1656277
575.1311725
575.0964363
575.0627561
575.0314694
575.0039151
574.9810907
574.9626008
574.9476682
574.9355182
574.9253758
574.9164663
574.9080149
574.8992469
574.8893874
574.8776616
574.8632949
574.8455123
574.8235391
574.7966001
574.7639169
574.7251678
574.6818678
574.6360403
574.5897058
574.5448842
574.5035955
574.4678598
574.4396969
574.421127
574.4141699
574.4208457
574.4431743
574.4831758
574.5428702
574.62428
574.7285628
574.8532737
574.9950036
575.1503447
575.3158893
575.4882298
575.6639586
575.8396681
576.0119507
576.1773989
576.3326049
576.4741614
576.5986604
576.7026944
576.7828553
576.8367015
576.8658585
576.873034
576.8609343
576.8322656
576.7897339
576.7360457
576.6739069
576.606024
576.535103
576.4638502
576.3949719
576.3311742
576.2751639
576.2296506
576.1967802
576.1764124
576.1677771
576.1701081
576.1826396
576.2046057
576.2352406
576.2737783
576.319453
576.3714988
576.42915
576.4916405
576.5582046
576.6280764
576.7004907
576.7745913
576.8491534
576.9228507
576.9943578
577.062349
577.1254987
577.1824814
577.2319715
577.2726435
577.3031717
577.3222307
577.3284948
577.3206385
577.2973362
577.2572611
577.1998263
577.1275478
577.0437673
576.951826
576.855065
576.7568254
576.6604483
576.5692749
576.486646
576.415903
576.3603867
576.3234356
576.3082904
576.3155453
576.3430093
576.3883703
576.4493133
576.5235233
576.6086852
576.702484
576.8026045
576.9067316
577.0125503
577.1177455
577.2200021
577.317005
577.4064393
577.4860538
577.5552031
577.6149313
577.6663603
577.7106127
577.7488109
577.7820775
577.811535
577.8383059
577.8635127
577.888278
577.9137242
577.9409738
577.9711494
578.0053733
578.0447471
578.0898317
578.1406221
578.1970865
578.2591929
578.3269095
578.4002043
578.4790454
578.5634009
578.6532388
578.7485273
578.8492344
578.9553283
579.066777
579.183548
579.3055933
579.4324279
579.5631087
579.6966724
579.8321552
579.9685934
580.1050232
580.2404807
580.3740023
580.504624
580.6313822
580.7533131
580.8694528
580.9788376
581.0805046
581.1735276
581.2579624
581.3348987
581.4054714
581.4708163
581.5320694
581.5903665
581.6468437
581.7026368
581.7588817
581.8167143
581.8772707
581.9416867
582.0110982
582.0866411
582.1693859
582.2587663
582.3524945
582.4482025
582.5435218
582.6360842
582.7235213
582.8034649
582.8735465
582.9313978
582.9746504
583.0009361
583.0078866
582.9931336
582.9543101
582.8891775
582.7988787
582.6880949
582.5616741
582.4244648
582.2813159
582.1370761
581.9965941
581.8647187
581.7462986
581.6461824
581.5692189
581.5202587
581.5029474
581.5158714
581.5562728
581.6213939
581.7084771
581.8147652
581.9375007
582.0739262
582.2212843
582.3768175
582.5377686
582.7013801
582.8648945
583.0255542
583.1806011
583.3278637
583.4676224
583.6008151
583.7283777
583.8512462
583.9703565
584.0866445
584.2010464
584.3144979
584.4279352
584.5422941
584.6585106
584.7775207
584.9002606
585.0276684
585.1603994
585.2979696
585.4395796
585.5844324
585.7317307
585.8806777
586.0304763
586.1803293
586.3294399
586.4770109
586.6222454
586.7643462
586.9025164
587.0359589
587.1638749
587.2857049
587.4018605
587.5130193
587.6198577
587.7230521
587.8232788
587.921214
588.017534
588.112915
588.2080335
588.3035656
588.4001877
588.4985759
588.5994067
588.7033564
588.8109206
588.9218323
589.0356228
589.1518232
589.2699646
589.3895782
589.5101952
589.6313466
589.7525637
589.8733776
589.9933195
590.1119205
590.2287118
590.3432243
590.4549888
590.5637784
590.6703732
590.7758251
590.8811848
590.9875033
591.0958313
591.2072196
591.322719
591.4433804
591.5702545
591.7043922
591.8468442
591.9986615
592.1608953
592.3346021
592.520159
592.7152165
592.9166687
593.1214146
593.3263537
593.5283856
593.7244098
593.911326
594.0860338
594.2454326
594.3864221
594.5059018
594.6007714
594.6679299
594.704269
594.7080438
594.6830879
594.634752
594.5683819
594.4893225
594.4029188
594.3145156
594.2294577
594.1530901
594.0907576
594.0478048
594.0295723
594.0412624
594.084237
594.1558292
594.2531947
594.3734854
594.5138528
594.6714483
594.8434236
595.02693
595.2191193
595.4171429
595.6181524
595.8192992
596.0177349
596.2106123
596.395151
596.5703278
596.7369703
596.8959877
597.048291
597.1947909
597.3363983
597.4740241
597.6085791
597.7409742
597.8721203
598.0029282
598.1343089
598.2671732
598.402432
598.5409799
598.6833073
598.8294796
598.9795419
599.1335396
599.2915179
599.4535222
599.6195978
599.7897898
599.9641436
600.1427044
600.3255176
600.5126285
600.7040822
600.8999239
601.1001861
601.3045646
601.5124029
601.7230282
601.9357675
602.1499477
602.3648958
602.5799389
602.7944039
603.0076178
603.2189076
603.4276002
603.6330228
603.8345022
604.0313664
604.2229681
604.4093549
604.591304
604.7696243
604.9451255
605.1186174
605.2909098
605.4628125
605.6351351
605.8086876
605.9842796
606.162721
606.3448214
606.5313908
606.7232381
606.9211187
607.1243991
607.3309825
607.538707
607.7454094
607.9489269
608.1470963
608.3377547
608.5187389
608.6878859
608.8430328
608.9820164
609.1026737
609.2028417
609.2803574
609.3331833
609.3624496
609.3726095
609.3682743
609.3540552
609.3345634
609.3144101
609.2982066
609.2905639
609.2960933
609.3194061
609.3651137
609.4378341
609.5410155
609.673317
609.8320966
610.014716
610.2185377
610.4409244
610.6792387
610.9308431
611.1931003
611.4633728
611.7390234
612.0174145
612.2959089
612.5718691
612.8426577
613.1061686
613.3625432
613.6125167
613.8568246
614.0962022
614.3313849
614.5631081
614.7921072
615.0191175
615.2448744
615.4701133
615.6955696
615.9219786
616.1500759
616.3805977
616.6140687
616.8501443
617.0882431
617.3277851
617.5681901
617.8088781
618.049269
618.2887827
618.5268392
618.7628583
618.99626
619.2264643
619.4528909
619.6749598
619.8920894
620.1038559
620.3104662
620.5123027
620.7097465
620.9031786
621.09298
621.2795317
621.4632148
621.6444102
621.823499
622.0008621
622.1768806
622.3519354
622.5264076
622.700678
622.8751737
623.0505131
623.2273664
623.4064035
623.5882943
623.7737088
623.9633168
624.1577883
624.3577933
624.5640016
624.7770832
624.997708
625.226546
625.4642671
625.7115412
625.9685044
626.2330358
626.5024174
626.7739313
627.0448595
627.312484
627.574087
627.8269505
628.0683567
628.2955875
628.5059251
628.6966515
628.8650487
629.0083978
629.1239745
629.2103432
629.2713321
629.3122101
629.3382385
629.3546777
629.3667883
629.3798309
629.3990662
629.4297546
629.4771568
629.5465333
629.6431446
629.7720902
629.9344006
630.1268378
630.3459614
630.5883304
630.8505044
631.1290427
631.4205045
631.7214492
632.0284362
632.3380248
632.6467744
632.9512443
633.2479941
633.5335849
633.8046707
634.0604222
634.3026441
634.5332621
634.7542033
634.9673949
635.1747642
635.3782382
635.5797443
635.7812096
635.9845613
636.1917266
636.4046327
636.6252067
636.8553743
637.0970125
637.3506543
637.6154208
637.8903712
638.1745637
638.4670562
638.7669065
639.0731725
639.3849121
639.7011832
640.0210437
640.3435514
640.6677644
640.9927404
641.3175375
641.6412303
641.9633147
642.2837306
642.6024379
642.9193969
643.2345678
643.5479106
643.8593856
644.1689529
644.4765728
644.7822055
645.085811
645.3873497
645.6867816
645.984067
646.279177
646.5723576
646.8641436
647.1550832
647.4457248
647.7366169
648.0283076
648.3213453
648.6162785
648.9136555
649.2140246
649.5179341
649.8259324
650.1385678
650.4563876
650.7798941
651.1083595
651.4397675
651.7720438
652.1031129
652.4308993
652.7533275
653.0683221
653.3738076
653.6677086
653.9479496
654.2124551
654.4591496
654.6859579
654.8908072
655.0717266
655.2295077
655.3678488
655.4905745
655.6015124
655.7044901
655.8033354
655.901876
656.0039398
656.1133544
656.2339476
656.369548
656.5239874
656.7002289
656.8976853
657.114798
657.3500133
657.6017783
657.8685397
658.1487446
658.4408398
658.7432722
659.0544886
659.372936
659.6970613
660.0253113
660.3561327
660.6879701
661.0195622
661.3508307
661.6820251
662.0133925
662.3451801
662.677635
663.0110043
663.345535
663.6814742
664.0190689
664.3585663
664.7002134
665.0442573
665.390945
665.740524
666.0931398
666.4485142
666.8062553
667.1659715
667.5272711
667.8897627
668.2530546
668.6167551
668.9804727
669.3438158
669.7063928
670.067812
670.427682
670.7856109
671.1412074
671.4941449
671.8443721
672.1919107
672.5367824
672.8790087
673.2186113
673.5556118
673.8900318
674.221893
674.5512168
674.8780251
675.2023394
675.5241813
675.8435723
676.1605335
676.4751909
676.7880976
677.099924
677.4113398
677.7230147
678.0356182
678.3498202
678.6662902
678.9856978
679.3087129
679.6360049
679.9682436
680.3060987
680.6502402
681.0013423
681.3595041
681.7225066
682.087491
682.451602
682.8119848
683.1657845
683.5101465
683.8422158
684.1591377
684.4580574
684.73612
684.9904709
685.2182552
685.4166181
685.5827014
685.7151524
685.8189152
685.9006125
685.9668659
686.0242968
686.0795264
686.1391759
686.2098666
686.2982198
686.4108566
686.5543979
686.7354601
686.9604715
687.2307622
687.5422988
687.8908146
688.2720375
688.681695
689.1155146
689.5692238
690.0385501
690.5192211
691.0069642
691.4975069
691.9865768
692.4699012
692.9432083
693.4023331
693.8458138
694.2750347
694.6915107
695.0967574
695.4922904
695.8796255
696.2602785
696.6357651
697.007601
697.3773019
697.7463836
698.1163617
698.4887522
698.8650704
699.2467921
699.6343691
700.0271805
700.4245544
700.8258188
701.2303019
701.6373316
702.0462361
702.4563433
702.8669815
703.2774785
703.6871626
704.0953617
704.5014041
704.9046184
705.3043586
705.7006779
706.0943611
706.4862263
706.8770919
707.2677765
707.6590986
708.0518768
708.4469296
708.8450755
709.2471332
709.653921
710.0662577
710.4849617
710.9108507
711.3447106
711.7864671
712.2351412
712.6897139
713.1491657
713.6124769
714.0786279
714.546599
715.0153706
715.4839229
715.9512363
716.4162912
716.8780679
717.3355466
717.787708
718.2335798
718.673382
719.1085886
719.540732
719.9713447
720.401959
720.8341075
721.2693227
721.7091372
722.1550834
722.6086938
723.071501
723.5450374
724.0308355
724.5304269
725.0452463
725.5741897
726.1134963
726.65928
727.2076538
727.7547308
728.2966243
728.8294474
729.3493134
729.8523354
730.3346265
730.7923
731.2214691
731.6182474
731.9787529
732.2992728
732.5807805
732.8291621
733.0505215
733.2509674
733.4366085
733.6135537
733.7879119
733.9657918
734.1533023
734.3565523
734.581651
734.8347083
735.1204094
735.4374598
735.7829689
736.1540497
736.5478148
736.9613771
737.3918492
737.8363438
738.2919738
738.7558518
739.2250905
739.6968028
740.1681013
740.636098
741.0979015
741.5512759
741.9966363
742.4351301
742.8678997
743.2960875
743.7208355
744.1432861
744.5645812
744.9858632
745.4082743
745.8329565
746.2610521
746.6937032
747.1320523
747.5772439
748.0300971
748.4901143
748.9564355
749.4282029
749.9045586
750.384645
750.8676041
751.3525783
751.8387099
752.325141
752.811014
753.295471
753.7776544
754.2567064
754.7317688
755.2022617
755.668774
756.1322051
756.5934542
757.0534206
757.5130036
757.9731023
758.4346161
758.898444
759.3654855
759.8366397
760.3128058
760.7948831
761.2837709
761.7803687
762.2854336
762.7991292
763.3214595
763.8524292
764.3920427
764.9403049
765.4972201
766.0627931
766.6370284
767.2199305
767.8115042
768.411754
769.0206845
769.638301
770.264613
770.8989554
771.5379458
772.1774497
772.813337
773.4414784
774.0577446
774.6580063
775.2381341
775.7939986
776.3214706
776.8164207
777.2747196
777.6922379
778.0648453
778.3883987
778.6608171
778.8884046
779.079759
779.2434691
779.3881221
779.5223051
779.6546051
779.7936093
779.9479047
780.1260784
780.3367169
780.588401
780.8894935
781.242316
781.6428576
782.086826
782.5699232
783.0878508
783.6363105
784.2110039
784.8076326
785.4218983
786.0495027
786.6861473
787.3275338
787.9693639
788.6073414
789.2372659
789.8574891
790.4690499
791.0731053
791.6708142
792.2633361
792.8518301
793.4374556
794.0213719
794.6047382
795.188714
795.7744585
796.3631309
796.9558908
797.5538972
798.1582729
798.7692254
799.3859995
800.0077953
800.6338124
801.2632509
801.8953103
802.5291907
803.1640917
803.7992133
804.4337552
805.0669173
805.6978993
806.3259012
806.9501228
807.5697793
808.1844849
808.7942709
809.3991885
809.999289
810.5946236
811.1852436
811.7712003
812.3525449
812.9293286
813.5016027
814.0694185
814.6328273
815.1918803
815.7466296
816.297155
816.8443005
817.3897124
817.9350723
818.4820625
819.0323652
819.5876629
820.149638
820.7199728
821.3003497
821.8924511
822.4979593
823.1185568
823.7559257
824.4117465
825.0875783
825.7818074
826.4894773
827.2054838
827.9247205
828.6420804
829.3524568
830.050743
830.731832
831.3906171
832.0219914
832.6208482
833.1820806
833.7005819
834.1712452
834.589219
834.9560581
835.2800464
835.5697852
835.8338762
836.080921
836.319521
836.558278
836.8057936
837.0706693
837.3615068
837.6869087
838.0554914
838.4737319
838.9394188
839.4479616
839.9947792
840.5752926
841.1849224
841.8190897
842.4732154
843.1427202
843.8230253
844.5095513
845.1977193
845.8829501
846.5606647
847.2262834
847.8762192
848.5110729
849.1325545
849.7423739
850.3422409
850.9338651
851.5189565
852.0992248
852.6763798
853.2521314
853.8281891
854.406263
854.9880627
855.5752982
856.1696802
856.7725901
857.3840438
858.0036886
858.6311732
859.2661464
859.9082569
860.5571534
861.2124848
861.8738997
862.5410469
863.2135752
863.8911332
864.5733698
865.2599336
865.9504736
866.6446269
867.3419838
868.0421216
868.7446178
869.4490498
870.1549948
870.8620305
871.5697341
872.2776831
872.9854549
873.692627
874.3987766
875.1034813
875.8063184
876.5068635
877.2049909
877.9017957
878.5987052
879.2971457
879.9985434
880.7043241
881.415914
882.1347392
882.8622257
883.5997996
884.3488868
885.1109135
885.8873058
886.6794896
887.4888912
888.3158785
889.1563455
890.005003
890.8565619
891.7057331
892.5472273
893.3757555
894.1860286
894.9727574
895.7306528
896.4544257
897.1387869
897.7784471
898.3681159
898.9024967
899.3786033
899.8029885
900.184791
900.5331384
900.8571581
901.165977
901.4687224
901.7745215
902.0925015
902.4317896
902.801513
903.2107989
903.6685267
904.1773635
904.7334496
905.3326177
905.9707003
906.64353
907.3469391
908.0767603
908.8288259
909.5989685
910.3830205
911.1768145
911.9761828
912.7769582
913.5749744
914.3661533
915.1487707
915.9235649
916.6913892
917.4530977
918.2095447
918.9615844
919.7100711
920.4558588
921.1998018
921.9427544
922.6855707
923.4291049
924.1742112
924.9217432
925.6725331
926.4268221
927.1842314
927.9443547
928.7067854
929.4711166
930.2369415
931.0038534
931.7714453
932.5393105
933.3070422
934.0742335
934.8404778
935.6053681
936.368498
937.1294748
937.888273
938.6452532
939.4007936
940.1552722
940.9090674
941.6625574
942.4161203
943.1701345
943.9249781
944.6810295
945.4386669
946.1982685
946.9602125
947.7248773
948.4926267
949.2634648
950.037018
950.8128947
951.5907035
952.3700527
953.1505509
953.9318064
954.7134277
955.4950233
956.2762017
957.0565713
957.8357406
958.613318
959.3889126
960.1621614
960.9334596
961.7039952
962.4749931
963.2476787
964.0232771
964.8030137
965.5881136
966.3798022
967.1793048
967.9878466
968.8066529
969.6369489
970.4799597
971.3369078
972.2089247
973.094625
973.9899802
974.8908465
975.7930772
976.6925256
977.585045
978.4664884
979.3327091
980.1795603
981.0028952
981.7985671
982.5624291
983.2903344
983.978139
984.6219179
985.2233962
985.7902513
986.3304273
986.8518717
987.362532
987.8703561
988.3832917
988.9092866
989.4562885
990.0322453
990.6451067
991.302837
992.0113098
992.7680025
993.5680626
994.4066529
995.2789382
996.180083
997.1052522
998.0496104
999.0083223
999.9765525
1000.949466
1001.922227
1002.890001
1003.847952
1004.791238
1005.716122
1006.62339
1007.515056
1008.393132
1009.259627
1010.116552
1010.965916
1011.80973
1012.650004
1013.488747
1014.327971
1015.169684
1016.015897
1016.868621
1017.729865
1018.601101
1019.481532
1020.369756
1021.264372
1022.163982
1023.067184
1023.972578
1024.878765
1025.784343
1026.687913
1027.588075
1028.483427
1029.37257
1030.254104
1031.126626
1031.989174
1032.842593
1033.688223
1034.527398
1035.361452
1036.191723
1037.019544
1037.846252
1038.673181
1039.501667
1040.333044
1041.168649
1042.009817
1042.857883
1043.714184
1044.579852
1045.455198
1046.340305
1047.235257
1048.140138
1049.055034
1049.980028
1050.915204
1051.860649
1052.816444
1053.782676
1054.759429
1055.746787
1056.744835
1057.75366
1058.772602
1059.797919
1060.825034
1061.849372
1062.86636
1063.871424
1064.85999
1065.827484
1066.769331
1067.680959
1068.557793
1069.39526
1070.188785
1070.933795
1071.625716
1072.262241
1072.85065
1073.400759
1073.922385
1074.425344
1074.91945
1075.414521
1075.920371
1076.446817
1077.003675
1077.60076
1078.247884
1078.954584
1079.723244
1080.548716
1081.425516
1082.348154
1083.31114
1084.308986
1085.3362
1086.387295
1087.45678
1088.539165
1089.628961
1090.720678
1091.808826
1092.887917
1093.952592
1095.000834
1096.034126
1097.054121
1098.062467
1099.060818
1100.050823
1101.034133
1102.0124
1102.987273
1103.960405
1104.933446
1105.908047
1106.885859
1107.868532
1108.857679
1109.853901
1110.856744
1111.865701
1112.880269
1113.899942
1114.924214
1115.95258
1116.984536
1118.019575
1119.057194
1120.096885
1121.138145
1122.180468
1123.223349
1124.266289
1125.308939
1126.351114
1127.392631
1128.433312
1129.472975
1130.511441
1131.548529
1132.584059
1133.61785
1134.649723
1135.679497
1136.706993
1137.732028
1138.754425
1139.774027
1140.791326
1141.807493
1142.82373
1143.84124
1144.861224
1145.884886
1146.913426
1147.948049
1148.989955
1150.040348
1151.100429
1152.171401
1153.254467
1154.350827
1155.461568
1156.584788
1157.715454
1158.848386
1159.978402
1161.100323
1162.208966
1163.299152
1164.365699
1165.403426
1166.407153
1167.371698
1168.29188
1169.16252
1169.978443
1170.734744
1171.433938
1172.086298
1172.702456
1173.293044
1173.868698
1174.440053
1175.017742
1175.612401
1176.234665
1176.895167
1177.604543
1178.373427
1179.209875
1180.111029
1181.07115
1182.084495
1183.145324
1184.247896
1185.38647
1186.555306
1187.748661
1188.960796
1190.185969
1191.418439
1192.652466
1193.882307
1195.102217
1196.30754
1197.49809
1198.674903
1199.839005
1200.991424
1202.133187
1203.265321
1204.388854
1205.504813
1206.614226
1207.718119
1208.817521
1209.913457
1211.006957
1212.099048
1213.190663
1214.282354
1215.374568
1216.467751
1217.562352
1218.658816
1219.757592
1220.859126
1221.963865
1223.072257
1224.184749
1225.301788
1226.42382
1227.551295
1228.684658
1229.824178
1230.969378
1232.119579
1233.274103
1234.432274
1235.593412
1236.756842
1237.921884
1239.087861
1240.254096
1241.419911
1242.584629
1243.74757
1244.908059
1246.065418
1247.219323
1248.370955
1249.52189
1250.673706
1251.82798
1252.986288
1254.150207
1255.321315
1256.501188
1257.691404
1258.893539
1260.10917
1261.339874
1262.58723
1263.852819
1265.137057
1266.435589
1267.742753
1269.052895
1270.360362
1271.6595
1272.944656
1274.210176
1275.450407
1276.659695
1277.832387
1278.96283
1280.045369
1281.074349
1282.044096
1282.951549
1283.804153
1284.612265
1285.386222
1286.136359
1286.873013
1287.606519
1288.347212
1289.105428
1289.891503
1290.715771
1291.588562
1292.519949
1293.512942
1294.56317
1295.665921
1296.81648
1298.01013
1299.242155
1300.507839
1301.802467
1303.121322
1304.459688
1305.81285
1307.176091
1308.544696
1309.91395
1311.279218
1312.637985
1313.989969
1315.334982
1316.672842
1318.003364
1319.326365
1320.641661
1321.949069
1323.248405
1324.539484
1325.822125
1327.096142
1328.361352
1329.617572
1330.86464
1332.10295
1333.333482
1334.557242
1335.775236
1336.98847
1338.197951
1339.404686
1340.609679
1341.813939
1343.01847
1344.224281
1345.432375
1346.643762
1347.859445
1349.080413
1350.307161
1351.539666
1352.777883
1354.021766
1355.271269
1356.526346
1357.786951
1359.053038
1360.324562
1361.601476
1362.883735
1364.171292
1365.464102
1366.762118
1368.065302
1369.373774
1370.687824
1372.00775
1373.333849
1374.666418
1376.005757
1377.352162
1378.705931
1380.067361
1381.436751
1382.814398
1384.2006
1385.595654
1386.999856
1388.413429
1389.834621
1391.259601
1392.684448
1394.10524
1395.518054
1396.918966
1398.304054
1399.669395
1401.011065
1402.325141
1403.607701
1404.854822
1406.06258
1407.227054
1408.344546
1409.417044
1410.452521
1411.459223
1412.4454
1413.4193
1414.389171
1415.363264
1416.349825
1417.357105
1418.393352
1419.466816
1420.585765
1421.756374
1422.976435
1424.241414
1425.546792
1426.888049
1428.260669
1429.660134
1431.081926
1432.521527
1433.974419
1435.436085
1436.902008
1438.367668
1439.828549
1441.280129
1442.718894
1444.145506
1445.561751
1446.969411
1448.37027
1449.76611
1451.158713
1452.549862
1453.94134
1455.33493
1456.732414
1458.135575
1459.546195
1460.966058
1462.396945
1463.84009
1465.294401
1466.758169
1468.229689
1469.707252
1471.189153
1472.673682
1474.159135
1475.643802
1477.125978
1478.603954
1480.076025
1481.540482
1482.995618
1484.439723
1485.871682
1487.292815
1488.705104
1490.11053
1491.511073
1492.908714
1494.305433
1495.70321
1497.104025
1498.509859
1499.922691
1501.344502
1502.777272
1504.222982
1505.683616
1507.16058
1508.652943
1510.159131
1511.677573
1513.206696
1514.744932
1516.290708
1517.842453
1519.398598
1520.95757
1522.5178
1524.077716
1525.635748
1527.190324
1528.739872
1530.28329
1531.82143
1533.355666
1534.887375