58.37250855
59.13380015
59.78107414
60.32852353
60.79034133
61.18072049
61.51385403
61.80393495
62.06515624
62.31171088
62.55779182
62.81759603
63.10430437
63.42303172
63.77497634
64.16131056
64.58320764
65.0418409
65.53838365
66.07400922
66.64989094
67.26720209
67.92711603
68.63080636
69.37874587
70.16576283
70.983955
71.82540254
72.68218564
73.54638448
74.41007926
75.26535018
76.10427744
76.91894121
77.70142191
78.44380252
79.13905145
79.78740318
80.3925817
80.95833709
81.48841953
81.98657914
82.4565661
82.90213057
83.32702271
83.73499263
84.12979046
84.51516653
84.8946464
85.2699417
85.64188895
86.01131806
86.37905914
86.74594226
87.11279756
87.48045513
87.84974511
88.22149758
88.59654263
88.97570726
89.36064003
89.75950827
90.18364669
90.64441015
91.15315294
91.72122924
92.35999327
93.08079927
93.89500148
94.81395408
95.84901115
97.01152342
98.30965523
99.72571807
101.2295487
102.7909008
104.3795273
105.9651813
107.5176158
109.006584
110.4018389
111.6731193
112.7938383
113.7665589
114.6080069
115.3349988
115.9643481
116.5128683
116.9973729
117.4346752
117.8415887
118.234927
118.6315032
119.0481295
119.4999632
119.9887503
120.5097637
121.0582328
121.6293871
122.2184561
122.8206691
123.4312555
124.0454449
124.6584666
125.2655502
125.8619265
126.443328
127.0096006
127.5625652
128.1040579
128.6359148
129.159972
129.6780655
130.1920315
130.7037058
131.2149247
131.7275242
132.2433405
132.7640405
133.2899298
133.8206557
134.3558611
134.8951887
135.4382814
135.984782
136.5343334
137.0865784
137.6411599
138.1977208
138.7559038
139.3153499
139.8756847
140.4365263
140.9974928
141.5582023
142.118273
142.6773228
143.2349698
143.7908322
144.3445281
144.8956755
145.4438921
145.9886233
146.5279091
147.0591123
147.5795913
148.0867043
148.5778097
149.0502655
149.5014302
149.928662
150.3293191
150.7007602
151.040346
151.3467373
151.6292164
151.9021699
152.1800243
152.4772054
152.808139
153.187251
153.6289671
154.1477132
154.757915
155.4739982
156.3103988
157.2783953
158.3641091
159.5414655
160.7843052
162.0664722
163.3618105
164.6441643
165.8873777
167.0652957
168.1517683
169.1235005
169.9805403
170.7341512
171.395684
171.9764883
172.487914
172.9413106
173.3480279
173.7194153
174.0668227
174.4015995
174.7350984
175.0777524
175.4326645
175.7993851
176.1774399
176.5663553
176.965658
177.3748744
177.7935313
178.2211551
178.6572725
179.10141
179.5530944
180.0117562
180.476056
180.9442808
181.4147156
181.8856453
182.3553546
182.8221286
183.284252
183.7400098
184.1876867
184.6255678
185.0519384
185.4652432
185.8652336
186.2522886
186.6267922
186.9891281
187.3396801
187.6788321
188.0069678
188.3244709
188.6317255
188.9291151
189.2170237
189.4958036
189.7655514
190.0262411
190.2778455
190.5203374
190.7536897
190.9778751
191.1928667
191.3986373
191.5951596
191.7824067
191.9603475
192.12994
192.2999938
192.4831308
192.6919982
192.9392421
193.2375087
193.5994444
194.0376952
194.5649074
195.1937272
195.9368007
196.806776
197.8131205
198.9397006
200.157996
201.4394068
202.7553331
204.0771753
205.3763335
206.6242081
207.7921995
208.8516946
209.7775312
210.5719512
211.2505007
211.8288143
212.3225234
212.7472593
213.1186532
213.4523362
213.7639398
214.069095
214.3834332
214.722587
215.1004242
215.516624
215.9639974
216.4353119
216.9233347
217.4208335
217.9205756
218.4153284
218.8978596
219.3609365
219.7973267
220.1998013
220.5622121
220.8872823
221.1819954
221.4533668
221.7084122
221.9541471
222.197587
222.4457474
222.7056438
222.9842918
223.2887066
223.6259042
224.0019402
224.4151078
224.8599568
225.3310091
225.822787
226.3298129
226.8466093
227.3676986
227.8876034
228.400846
228.901949
229.3854331
229.8462162
230.2823637
230.6934704
231.079141
231.4389798
231.7725912
232.0795795
232.3595489
232.6121038
232.8368486
233.0333876
233.2013259
233.3413648
233.4630842
233.5803504
233.7070582
233.8571027
234.0443787
234.2827812
234.586205
234.9685452
235.4436965
236.0255532
236.7280008
237.5617292
238.5112165
239.5483547
240.6449399
241.7727682
242.9036357
244.0093387
245.0616734
246.0324361
246.8934249
247.6198709
248.2147853
248.6945967
249.0758214
249.3749765
249.608579
249.7931457
249.9451937
250.0812398
250.217801
250.3713938
250.5585307
250.7941871
251.0807314
251.4144785
251.791697
252.2086557
252.6616234
253.1468688
253.6606608
254.1992681
254.7589596
255.336004
255.9266705
256.526923
257.1302714
257.7290395
258.3155427
258.8820963
259.4210158
259.9246169
260.3852149
260.7951253
261.1466638
261.4321457
261.643881
261.7758011
261.8347221
261.8337184
261.7859041
261.7043922
261.6022954
261.4927269
261.3887995
261.3036261
261.2503197
261.241993
261.2917559
261.4111429
261.5988543
261.8474065
262.1492736
262.4969294
262.8828476
263.299502
263.7393664
264.1949145
264.6586201
265.1229573
265.5804022
266.0245106
266.4576705
266.8865129
267.3177016
267.7579003
268.2137724
268.6919816
269.1991914
269.7420652
270.3272668
270.9614593
271.6513117
272.4017637
273.203963
274.0423745
274.9014158
275.7655067
276.619067
277.4465162
278.2322742
278.9607613
279.6164023
280.1857758
280.6730905
281.0910233
281.452317
281.7697137
282.0559554
282.3237842
282.585942
282.855171
283.1442131
283.4658101
283.8327085
284.2561074
284.7348492
285.2617914
285.8297495
286.4315401
287.0599802
287.7078867
288.3680765
289.0333665
289.6965736
290.3505147
290.9880049
291.6025663
292.1933609
292.7622871
293.3112607
293.842197
294.3570114
294.8576191
295.3459357
295.8238765
296.2933568
296.7562919
297.2145969
297.6700111
298.1228395
298.5726969
299.0191931
299.4619381
299.9005415
300.3346134
300.7637635
301.1876018
301.6057379
302.0177819
302.4233437
302.8220916
303.2141705
303.5999546
303.9798196
304.3541415
304.723296
305.0876591
305.4476064
305.8035138
306.1557572
306.5047124
306.8507557
307.1941309
307.5340288
307.8691292
308.1981085
308.5196431
308.8324094
309.135084
309.4263433
309.7048638
309.9693219
310.2183941
310.450756
310.6659831
310.8708792
311.0757482
311.2909162
311.5267091
311.793453
312.1014739
312.4610977
312.8826503
313.3764579
313.9528458
314.6221321
315.392116
316.2499333
317.1727931
318.1378317
319.1221846
320.1029876
321.0573763
321.9624866
322.7954538
323.5334104
324.1562262
324.6657348
325.074408
325.3947855
325.6394061
325.8208091
325.9515333
326.0441179
326.1111017
326.1650239
326.2184233
326.2838354
326.3726991
326.4874593
326.6262392
326.7871307
326.9682251
327.167614
327.3833888
327.613641
327.8564623
328.109944
328.3721777
328.6412549
328.915415
329.1940964
329.4773146
329.7650899
330.0574424
330.3543921
330.6559591
330.9621634
331.2730251
331.5885644
331.9088011
332.2337556
332.563431
332.897698
333.2363622
333.579229
333.926104
334.2767925
334.6310999
334.9888317
335.3497932
335.71379
336.0806273
336.4501107
336.8218542
337.1939279
337.5636554
337.9283555
338.2853469
338.6319485
338.9654789
339.283257
339.5826015
339.8608313
340.1152653
340.3432254
340.5430587
340.721523
340.889415
341.057562
341.2367911
341.4379297
341.6718049
341.9492441
342.2810743
342.678123
343.1512167
343.7111863
344.3663682
345.1050364
345.9057735
346.7470904
347.6075003
348.4655165
349.2996523
350.088421
350.8103367
351.4439208
351.9703257
352.3922966
352.7229462
352.9754658
353.1630466
353.2988801
353.3961574
353.4680699
353.5278087
353.5885653
353.6635304
353.7658973
353.9074386
354.0884921
354.303874
354.5483594
354.8167247
355.1037462
355.4042003
355.7128635
356.0245121
356.3339227
356.6358715
356.9251328
357.1970646
357.4516585
357.6911575
357.9178186
358.1338985
358.3416539
358.5433416
358.7412183
358.9375405
359.1345651
359.3345487
359.5397475
359.7521515
359.9715836
360.1968223
360.4266388
360.6598044
360.8950904
361.1312679
361.3671083
361.6013828
361.8328627
362.0603192
362.2825238
362.4983299
362.7072633
362.9091721
363.1039073
363.2913196
363.4712598
363.6435788
363.8081273
363.9647562
364.1133163
364.2536585
364.385632
364.5096681
364.6308503
364.7565146
364.8940129
365.0506966
365.2339171
365.4510257
365.7093739
366.0163131
366.3791944
366.8053696
367.3021947
367.8752215
368.5156197
369.2075787
369.935244
370.6827619
371.4342788
372.1739412
372.8858954
373.5542881
374.1632614
374.6987191
375.1606631
375.5559183
375.8913584
376.1738553
376.4102811
376.6075077
376.772407
376.9118509
377.0327113
377.1418602
377.2461709
377.3520712
377.4624423
377.5784437
377.7012241
377.8319326
377.9717178
378.1217289
378.2831147
378.4570242
378.6446063
378.8470099
379.0653832
379.3006111
379.5514269
379.8155279
380.0906045
380.3743469
380.6644452
380.9585896
381.2544703
381.5497776
381.8422016
382.1294325
382.4091609
382.6792711
382.9392279
383.1892564
383.4295875
383.6604519
383.8820804
384.0947039
384.298553
384.4938586
384.6808514
384.8597623
385.030822
385.1942183
385.3497927
385.4972194
385.6361715
385.7663219
385.8873436
385.9989097
386.1006931
386.1923669
386.2736041
386.3440776
386.4034596
386.4520497
386.4951761
386.5406036
386.5961126
386.6694833
386.7684957
386.9009302
387.0745667
387.2971856
387.5765669
387.9204904
388.3367307
388.8311761
389.3942552
390.0089672
390.658257
391.3250692
391.9923482
392.6430388
393.2600855
393.8264328
394.3250213
394.7408974
395.0759541
395.340251
395.5438996
395.6970107
395.809695
395.8920633
395.9542264
396.0062951
396.05838
396.1205919
396.2030381
396.314753
396.4559753
396.6227164
396.8109569
397.0166772
397.2358578
397.4644789
397.6985212
397.933965
398.1667907
398.3929788
398.6085101
398.8097612
398.9963251
399.1693434
399.3299696
399.4793569
399.6186585
399.7490276
399.8716174
399.9875812
400.0980721
400.2042433
400.3072481
400.4082341
400.5083049
400.6085427
400.7100294
400.8138471
400.9210778
401.0328035
401.1501061
401.2740678
401.4057706
401.5462963
401.6967273
401.8578606
402.0281986
402.2051334
402.3860499
402.5683332
402.7493682
402.9265399
403.0972334
403.2588335
403.4087254
403.5442941
403.6629272
403.7628419
403.8490619
403.92988
404.0136131
404.1085786
404.2230937
404.3654756
404.5440415
404.7671085
405.042994
405.3800146
405.786489
406.2688622
406.8184595
407.4193112
408.0553928
408.710681
409.369153
410.0147858
410.6315564
411.2034423
411.7144262
412.1502811
412.5114724
412.8055216
413.0400027
413.22249
413.3605578
413.4617804
413.533732
413.583987
413.6201195
413.6497037
413.6803143
413.7188848
413.7671701
413.8244278
413.8898962
413.9628143
414.0424211
414.1279557
414.218657
414.3137642
414.4125161
414.5141519
414.6179104
414.7230565
414.8290615
414.9354968
415.0419346
415.1479467
415.2531053
415.3569825
415.4591504
415.5591808
415.656646
415.751118
415.842169
415.9294318
416.0130335
416.0933392
416.1707158
416.24553
416.3181488
416.3889389
416.4582672
416.5265005
416.5940056
416.6611494
416.7282988
416.7958881
416.8649015
416.9365876
417.0121969
417.09298
417.1801875
417.2750698
417.3788777
417.4928615
417.6182719
417.7563593
417.9083751
418.0751896
418.2546178
418.4429971
418.6366545
418.8319169
419.0251114
419.2125653
419.3906057
419.5555597
419.7037544
419.8315169
419.9351712
420.0120149
420.0670864
420.1091838
420.1471289
420.1897428
420.2458465
420.3242612
420.4338081
420.5833082
420.7815827
421.0374525
421.3597348
421.7553764
422.2160732
422.7261756
423.2699832
423.8317953
424.3959111
424.9466299
425.4682508
425.9450731
426.3613896
426.7033689
426.9720861
427.1758567
427.3230419
427.4220017
427.4810959
427.5086846
427.5131276
427.5027849
427.4860164
427.4711819
427.4666399
427.4798956
427.5115061
427.5586807
427.6186058
427.6884675
427.7654519
427.8467452
427.9295336
428.0110033
428.0883404
428.1587311
428.2193625
428.2678075
428.3047961
428.332575
428.3534026
428.3695375
428.3832377
428.3967617
428.4123679
428.4323146
428.45886
428.4942625
428.5407814
428.6003714
428.6725587
428.7556924
428.8481137
428.9481637
429.0541839
429.1645155
429.2774998
429.3914783
429.5047921
429.6157827
429.7227913
429.8242154
429.9189042
430.0059252
430.0843478
430.153241
430.211674
430.2587159
430.2934359
430.3149032
430.3221867
430.3143559
430.2904819
430.2503824
430.1999824
430.148145
430.1037539
430.0756929
430.072846
430.1040971
430.1783301
430.3044289
430.4912775
430.7477592
431.0827555
431.5031055
431.9990169
432.5526969
433.1462905
433.7619441
434.3818038
434.988016
435.5627271
436.0880837
436.5462375
436.9213942
437.2145577
437.4348129
437.5913018
437.6931672
437.7495516
437.7695977
437.7624481
437.7372453
437.703132
437.6692506
437.6447426
437.6378979
437.6500676
437.6792656
437.7234798
437.7806987
437.8489107
437.9261042
438.0102677
438.0993896
438.1914584
438.2844625
438.37639
438.4653401
438.5502968
438.6306731
438.7058849
438.7753483
438.838479
438.894693
438.9434061
438.9840342
439.0159932
439.0386989
439.051567
439.0542361
439.0481351
439.0355598
439.0188115
439.0001915
438.9820011
438.9665417
438.9561145
438.9530207
438.9595619
438.978039
439.0107521
439.0595593
439.1226957
439.1966556
439.2779206
439.3629723
439.4482919
439.5303612
439.6056615
439.6706744
439.7218814
439.7557642
439.7688042
439.7583763
439.72909
439.6890412
439.6463525
439.6091456
439.5855425
439.583665
439.611635
439.6775741
439.7896044
439.9558475
440.1844322
440.4817237
440.8400943
441.2451193
441.6823297
442.137258
442.595437
443.0423992
443.4636774
443.8448045
444.1713138
444.4304349
444.6231561
444.7570929
444.8399117
444.8792778
444.8828562
444.8583121
444.8133107
444.755517
444.6925961
444.6322132
444.5820365
444.5489548
444.5336734
444.5338941
444.547299
444.5715708
444.6043926
444.643447
444.686417
444.7309855
444.7748352
444.8156491
444.85111
444.8791512
444.8997279
444.9137723
444.9222232
444.9260192
444.9260992
444.9234017
444.9188656
444.9134296
444.9080322
444.9036123
444.9011083
444.9013863
444.9047182
444.9110905
444.9204875
444.9328937
444.9482934
444.966671
444.9880109
445.0122974
445.039515
445.0696479
445.1026807
445.138445
445.1755407
445.2119727
445.2457416
445.2748482
445.2972932
445.3110773
445.3142013
445.3046658
445.2804718
445.2396198
445.1801076
445.1007412
445.0067428
444.9064515
444.8082262
444.7204255
444.6514077
444.6095311
444.6031543
444.6406354
444.7303331
444.8806054
445.0998084
445.3944755
445.756335
446.1699744
446.6199332
447.0907506
447.5669659
448.0331183
448.473747
448.8733911
449.2165829
449.489703
449.6938009
449.8370527
449.92768
449.973903
449.983942
449.9660171
449.9283484
449.8791561
449.8266604
449.7790814
449.7446382
449.7306852
449.7375581
449.7622062
449.801556
449.8525341
449.9120669
449.9770811
450.0445031
450.1112594
450.1742765
450.2304809
450.2768001
450.3104468
450.3309753
450.3390637
450.3353991
450.3206685
450.2955587
450.2607568
450.2169496
450.1648241
450.1050672
450.0383659
449.965407
449.8869158
449.8039245
449.717614
449.6291663
449.5397634
449.4505871
449.3628195
449.2776424
449.1962377
449.1197875
449.0494737
448.9864787
448.9317843
448.8847728
448.8440504
448.808218
448.7758771
448.7456288
448.7160744
448.6858151
448.6534522
448.6175869
448.5768206
448.5297556
448.4755061
448.4173617
448.3606229
448.310604
448.2726193
448.2519832
448.2540102
448.2840147
448.3473111
448.4492138
448.5950368
448.7900921
449.0383787
449.3331699
449.6625844
450.0147009
450.3775986
450.7393565
451.088054
451.4117702
451.6985845
451.936579
452.1152877
452.2360801
452.3060268
452.3322374
452.3218219
452.2818905
452.2195532
452.1419201
452.0561012
451.9692066
451.8883462
451.8206284
451.7724189
451.7440098
451.7327751
451.7360659
451.7512337
451.7756299
451.8066061
451.8415137
451.8777043
451.9125292
451.9433402
451.9674879
451.9825206
451.9875596
451.9824886
451.9671968
451.9415729
451.9055058
451.8588844
451.8015976
451.7335341
451.6545828
451.5646326
451.463572
451.3514381
451.2294552
451.0994232
450.9631456
450.8224262
450.6790683
450.5348757
450.3916517
450.2511999
450.115324
449.9858273
449.8645132
449.7530584
449.652106
449.5618016
449.4822874
449.4137056
449.3561983
449.3099077
449.2749758
449.2515449
449.2397571
449.2397544
449.2516788
449.2754041
449.3086242
449.3479842
449.3901207
449.4316707
449.4692711
449.499559
449.5191712
449.5247448
449.5129166
449.4803237
449.4235996
449.3403056
449.2353749
449.1173188
448.9946726
448.8759709
448.7697479
448.6845382
448.628876
448.6112959
448.6403321
448.7245192
448.8723928
449.0907292
449.3721543
449.7024459
450.0673376
450.4525633
450.8438571
451.2269527
451.5875841
451.9114853
452.1843842
452.3936047
452.5391523
452.6271874
452.6639116
452.6555253
452.6082285
452.5282214
452.4217041
452.2948768
452.1539396
452.0050925
451.8545364
451.70797
451.5670613
451.4315267
451.3010704
451.1753964
451.0542087
450.9372113
450.8241085
450.7146042
450.6084025
450.5052074
450.4047231
450.3066553
450.2107229
450.1166511
450.0241655
449.9329913
449.8428539
449.7534788
449.6645911
449.5759165
449.4871801
449.3981073
449.3084237
449.2179478
449.1272545
449.0372828
448.9489746
448.8632718
448.7811161
448.7034493
448.6312133
448.5653498
448.5068007
448.4565078
448.4154139
448.3841778
448.3612031
448.3437979
448.3292633
448.3149005
448.298011
448.2758958
448.2458565
448.2051942
448.1512103
448.081206
447.992483
447.8830559
447.7567054
447.6199974
447.4795163
447.3418466
447.2135726
447.1012788
447.0115495
446.9509692
446.9261222
446.9435925
447.0099607
447.130462
447.299298
447.5053717
447.7375463
447.9846845
448.2356494
448.4793041
448.7045114
448.9001344
449.0550363
449.1593944
449.2139979
449.2247652
449.1976479
449.1385977
449.0535665
448.9485059
448.8293677
448.7021037
448.5726655
448.4470049
448.3310716
448.2302319
448.1450615
448.0738358
448.0148129
447.9662508
447.9264075
447.893541
447.8659094
447.8417707
447.8193831
447.7970044
447.7728927
447.7454382
447.7140989
447.6788475
447.6396611
447.5965162
447.5493898
447.4982585
447.443099
447.3838881
447.3206025
447.253219
447.1817141
447.1061067
447.0267507
446.9441631
446.8588617
446.7713645
446.6821893
446.591854
446.5008766
446.4097748
446.3190665
446.2292698
446.1409021
446.0543431
445.968849
445.8831344
445.7959105
445.7058882
445.6117786
445.5122925
445.406141
445.2920351
445.1686859
445.0348043
444.8891031
444.730887
444.5643129
444.395868
444.2320575
444.0793865
443.9443601
443.8334832
443.7532609
443.7101983
443.7108005
443.7615722
443.8690223
444.0381015
444.2612926
444.5250439
444.8157609
445.1198501
445.4237186
445.7137731
445.9764204
446.1980679
446.3651269
446.465629
446.5008883
446.4785971
446.4064967
446.2923283
446.143833
445.9687518
445.774826
445.5697965
445.3614045
445.1573909
444.9654986
444.7926438
444.6391185
444.5020107
444.3783849
444.2653065
444.159841
444.0590538
443.9600105
443.8597765
443.7554172
443.6439982
443.5225834
443.3886928
443.2434738
443.0898352
442.9306968
442.7689781
442.6075988
442.4494785
442.2975366
442.1546929
442.0238668
441.9079779
441.8099449
441.7322665
441.6740153
441.6326144
441.6054753
441.5900093
441.5836279
441.5837425
441.5877645
441.5931053
441.5971763
441.5973891
441.5911553
441.5760547
441.5510402
441.5157245
441.4697253
441.4126605
441.3441477
441.2638048
441.1712494
441.0660994
440.9479724
440.8164862
440.6712572
440.5123442
440.3433307
440.1695097
439.9961856
439.8286625
439.6722445
439.5322356
439.41394
439.3226616
439.2637046
439.2423732
439.2639734
439.3326876
439.4437074
439.5878659
439.7559684
439.9388208
440.1272288
440.3119984
440.4839351
440.633845
440.7525307
440.8318238
440.8717609
440.8763556
440.8496488
440.7956806
440.7184908
440.6221196
440.5106068
440.3879925
440.2583165
440.125619
439.9939407
439.8669217
439.7450007
439.6270633
439.5119857
439.3986441
439.2859145
439.1726732
439.0577964
438.9401603
438.8186409
438.6921147
438.559458
438.41971
438.2732372
438.1210449
437.9641431
437.8035415
437.6402502
437.4752789
437.3096376
437.1443362
436.9803846
436.8187925
436.66057
436.5066644
436.3575161
436.2133213
436.0742744
435.9405699
435.812402
435.6899652
435.573454
435.4630627
435.3589858
435.2614176
435.170553
435.0864605
435.0082036
434.934358
434.8634963
434.7941912
434.7250152
434.654541
434.5813413
434.5039888
434.421056
434.3311156
434.2327401
434.1246558
434.0068236
433.8798025
433.7441551
433.6004443
433.4492325
433.2910827
433.1265573
432.9562193
432.7806311
432.6003556
432.4159562
432.2282246
432.0398258
431.8543247
431.6752927
431.5063013
431.3509222
431.2127267
431.0952865
431.002173
430.9369577
430.903212
430.9045075
430.9435707
431.0162875
431.1152471
431.2330131
431.3621502
431.4952227
431.6247952
431.7434323
431.8436986
431.9181612
431.9601913
431.969757
431.9499956
431.9040678
431.8351342
431.7463556
431.6408929
431.5219066
431.3925576
431.2560066
431.1154143
430.9739414
430.8345261
430.6983032
430.5655385
430.4364911
430.3114206
430.1905862
430.0742473
429.9626634
429.8560938
429.7547979
429.6590351
429.5690652
429.4850041
429.4058231
429.3299377
429.2557598
429.1817013
429.1061743
429.0275907
428.9443626
428.8549019
428.7576207
428.650931
428.5332448
428.403279
428.2622126
428.1124141
427.9562602
427.7961273
427.634392
427.4734307
427.31562
427.1633364
427.0189564
426.8848564
426.7634116
426.6565597
426.5626496
426.4783067
426.4001433
426.324772
426.248805
426.1688548
426.0815338
425.9834543
425.8712288
425.7414699
425.5907889
425.4166131
425.2229383
425.0169322
424.8057859
424.59669
424.396835
424.2134112
424.0536093
423.9246197
423.8336328
423.7878391
423.7944346
423.8591462
423.9760406
424.1335193
424.3199481
424.5236937
424.7331227
424.9366021
425.1224985
425.279179
425.3950092
425.459636
425.4730382
425.4401809
425.3660668
425.2556973
425.1140737
424.9461976
424.7570702
424.551693
424.3350673
424.1121947
423.8880779
423.6673244
423.4514038
423.240261
423.0338311
422.8320496
422.6348521
422.442174
422.2539509
422.0701181
421.8906114
421.7153661
421.5443179
421.3774258
421.214842
421.0568111
420.9035787
420.7553901
420.612491
420.4751266
420.3435425
420.2179842
420.098697
419.9859265
419.8799179
419.7808468
419.6883179
419.6016619
419.5202073
419.4432825
419.370216
419.3003364
419.2329721
419.1674516
419.1031034
419.0392561
418.9752382
418.9103668
418.843869
418.7749279
418.7027265
418.6264478
418.5452745
418.4583898
418.3649764
418.2642174
418.1552956
418.037394
417.9096946
417.7716955
417.6254119
417.474081
417.3209476
417.1692564
417.0222521
416.8831793
416.7552829
416.6418074
416.5459975
416.4710979
416.4203516
416.3963002
416.3957602
416.4127914
416.4414347
416.4757306
416.5097197
416.5374426
416.5529399
416.5502521
416.5234173
416.4672291
416.3824865
416.2729052
416.1422194
415.9941629
415.8324694
415.6608724
415.4831058
415.3029032
415.1239983
414.9501248
414.7850156
414.6320538
414.49177
414.3633208
414.2458532
414.1385142
414.0404509
413.9508104
413.8687395
413.7933854
413.723895
413.6594153
413.5990934
413.5420175
413.4867982
413.4318162
413.3754506
413.3160804
413.2520847
413.1818425
413.1037328
413.0161348
412.9174274
412.8059897
412.6801999
412.5386847
412.3820505
412.2118632
412.0296954
411.8371195
411.6357078
411.4270328
411.2126667
410.994182
410.7731509
410.551146
410.3297396
410.1104092
409.893871
409.6804722
409.4705575
409.264472
409.0625603
408.8651673
408.672638
408.4853173
408.3035499
408.1276807
407.9580548
407.795077
407.6396413
407.492877
407.3559151
407.2298866
407.1159225
407.0151538
406.9287115
406.8577266
406.8033301
406.7666528
406.7488253
406.7505778
406.7693798
406.8011322
406.841724
406.8870444
406.9329823
406.9754269
407.0102674
407.0333929
407.0406936
407.0284996
406.9967363
406.9470587
406.8811342
406.8006303
406.7072144
406.6025541
406.4883168
406.3661699
406.237781
406.1048175
405.9689465
405.8316993
405.6934959
405.5542224
405.4137606
405.2719926
405.1288001
404.9840652
404.8376698
404.6894959
404.5394254
404.3873402
404.2331221
404.0767107
403.9185051
403.7591278
403.5992025
403.4393529
403.2802029
403.1223763
402.9664967
402.813188
402.6630738
402.5167781
402.3749245
402.2380752
402.1062958
401.9794121
401.8572478
401.739627
401.6263736
401.5173117
401.4122651
401.311058
401.2135142
401.1194577
401.0287124
400.9410418
400.8557161
400.7717685
400.68823
400.6041323
400.5185064
400.4303838
400.3387958
400.2427736
400.1413487
400.0335524
399.918416
399.7952357
399.6654542
399.5315482
399.3960021
399.2613006
399.1299279
399.0043685
398.8871068
398.7806271
398.687414
398.6099517
398.5507271
398.5116348
398.4898714
398.4803518
398.4779758
398.4776439
398.4742564
398.4627138
398.4379166
398.3947654
398.3281609
398.2336706
398.1122763
397.9675661
397.8031484
397.6226313
397.4296225
397.22773
397.0205617
396.8117256
396.6048295
396.4034813
396.2112907
396.0314234
395.8635214
395.7055158
395.5553262
395.4108727
395.2700753
395.1308542
394.9911295
394.8488213
394.7018496
394.5481346
394.3855963
394.212454
394.0293388
393.8380483
393.6403878
393.4381623
393.233177
393.0272371
392.8221478
392.6197141
392.4217412
392.2300343
392.0463979
391.8724378
391.7081285
391.5526613
391.4052218
391.2649952
391.131167
391.0029225
390.8794472
390.7599266
390.6435459
390.5294906
390.4169461
390.3051517
390.1937827
390.0827245
389.9718642
389.8610888
389.7502853
389.6393408
389.5281423
389.4165767
389.3045311
389.1918925
389.0785481
388.9643726
388.8491448
388.7325965
388.6144594
388.494465
388.3723449
388.2478306
388.1206539
387.9905462
387.8572392
387.7204645
387.5799538
387.4356289
387.2889521
387.1421291
386.9973707
386.8568875
386.7228904
386.59759
386.4831971
386.3819224
386.2959767
386.2275705
386.1789132
386.1517102
386.1435351
386.1499772
386.166611
386.1890107
386.2127508
386.2334054
386.2465491
386.2477562
386.2326012
386.1971585
386.141545
386.0678302
385.9780964
385.8744261
385.7589017
385.6336057
385.5006203
385.362028
385.2199113
385.0763524
384.9334333
384.793037
384.6554167
384.5200432
384.3863809
384.2538946
384.122049
383.9903086
383.8581381
383.7250022
383.5903656
383.4536928
383.3144485
383.1722204
383.0275883
382.881611
382.735351
382.5898708
382.4462326
382.3054988
382.1687317
382.0369937
381.9113471
381.7928543
381.6825782
381.5814119
381.4888982
381.4039243
381.3253731
381.2521279
381.1830717
381.1170876
381.0530587
380.9898681
380.926399
380.8615344
380.7941577
380.7232367
380.6484289
380.569724
380.487114
380.4005907
380.3101462
380.2157724
380.1174614
380.015205
379.9089953
379.7988242
379.6846839
379.5666414
379.4453757
379.3218599
379.1970694
379.0719796
378.9475659
378.8248036
378.7046681
378.5881348
378.4761791
378.3697762
378.2699021
378.1773289
378.0911992
378.0098666
377.9316792
377.8549852
377.7781329
377.6994705
377.6173464
377.5301089
377.4361067
377.3339152
377.223965
377.1075776
376.9860813
376.8608045
376.7330755
376.6042228
376.4755746
376.3484593
376.2242052
376.1041408
375.9895947
375.8816885
375.7798847
375.6828426
375.5892158
375.4976584
375.406824
375.3153667
375.2219402
375.1251985
375.0237954
374.9163849
374.8016201
374.6783407
374.5468684
374.4082445
374.2635151
374.1137259
373.9599227
373.8031514
373.6444577
373.4848875
373.3254866
373.1673009
373.0113758
372.8586854
372.7096176
372.5642784
372.4227717
372.2852014
372.1516715
372.022286
371.8971487
371.7763637
371.6600348
371.548266
371.4411612
371.3387753
371.2407638
371.1465905
371.0557175
370.9676068
370.8817206
370.7975212
370.7144706
370.632031
370.5496646
370.4668335
370.3829997
370.2977002
370.2110721
370.1235429
370.0355422
369.9474996
369.8598446
369.7730068
369.6874156
369.6035007
369.5216916
369.4424179
369.366109
369.2931753
369.2238718
369.1583785
369.096875
369.0395406
368.9865548
368.9380973
368.8943474
368.8554846
368.8216892
368.7929016
368.7671506
368.7415386
368.7131615
368.6791152
368.636496
368.5823998
368.5139229
368.4281614
368.3222113
368.1931688
368.0381284
367.8548395
367.6462798
367.4179632
367.1754193
366.9241778
366.6697681
366.4177198
366.1735624
365.9428255
365.7310384
365.5437307
365.3864296
365.2638977
365.1746346
365.1141288
365.077847
365.0612559
365.0598221
365.0690122
365.0842929
365.1011309
365.1149926
365.121345
365.1156548
365.0936971
365.0537534
364.995311
364.9178668
364.8209175
364.7039595
364.5664896
364.4080043
364.2280003
364.0259741
363.8014225
363.5538401
363.2831901
362.9931542
362.6892195
362.3768852
362.0616499
361.7490122
361.4444708
361.1535244
360.8816717
360.6344111
360.4172416
360.2356623
360.0944972
359.9931453
359.928379
359.8969537
359.8956251
359.921149
359.9702809
360.0397766
360.1263916
360.2268817
360.3380025
360.4565097
360.5791344
360.7024086
360.8227685
360.9366496
361.0404872
361.1307168
361.2037738
361.2560938
361.284112
361.2842632
361.2535788
361.1938762
361.1092912
361.0039745
360.8820764
360.7477474
360.605138
360.4583986
360.3116797
360.1691317
360.034905
359.9131485
359.807518
359.717626
359.641142
359.5757214
359.5190194
359.4686912
359.4223922
359.3777775
359.3325025
359.2842224
359.2305925
359.1692682
359.098187
359.0175749
358.9287604
358.8330803
358.7318711
358.6264696
358.5182124
358.4084361
358.2984773
358.1896726
358.0833588
357.9808731
357.8833837
357.7907185
357.7020537
357.6165616
357.5334144
357.4517847
357.3708446
357.2897665
357.2077227
357.1238856
357.0374276
356.9475209
356.8534726
356.7556764
356.6550513
356.5525198
356.4490044
356.3454275
356.2427116
356.1417792
356.0435527
355.9489546
355.8589074
355.7743331
355.6960301
355.6237808
355.5568802
355.4946194
355.4362894
355.3811814
355.3285865
355.2777959
355.2281007
355.1787921
355.129161
355.0784987
355.0261556
354.9719606
354.9159734
354.8582558
354.7988691
354.737875
354.6753349
354.6113105
354.5458631
354.4790544
354.4109641
354.3418202
354.2719222
354.2015699
354.1310633
354.0607023
353.9907869
353.9216168
353.8534921
353.7867127
353.7215785
353.6583894
353.5972743
353.5369781
353.4755786
353.4111485
353.3417606
353.2654877
353.1804026
353.0845782
352.9760872
352.8530026
352.713397
352.5553414
352.3774305
352.1824164
351.9750712
351.7601797
351.5425264
351.3268959
351.1180725
350.9208409
350.7399854
350.5802905
350.4465408
350.3435202
350.2753062
350.2402544
350.2339579
350.2519915
350.2899299
350.3433476
350.4078196
350.4789203
350.5522245
350.6233069
350.6877424
350.7411067
350.779384
350.8019065
350.8096144
350.8034597
350.7843949
350.7533721
350.7113435
350.6592615
350.5980782
350.5287459
350.4522168
350.3694433
350.2813433
350.1885603
350.0916045
349.9909856
349.8872129
349.7807961
349.6722445
349.5620678
349.4507754
349.3388769
349.2268816
349.1152995
349.0045862
348.8947704
348.7856728
348.6771131
348.5689108
348.4608855
348.3528568
348.2446443
348.1360676
348.0269462
347.9170999
347.8063483
347.6946497
347.5830879
347.4732892
347.3668838
347.2655016
347.1707729
347.0843277
347.0077961
346.9428082
346.8909954
346.853647
346.8293373
346.8153215
346.8088463
346.8071589
346.8075063
346.8071355
346.8032937
346.7932279
346.7741852
346.7434127
346.698158
346.6361134
346.5585825
346.4686109
346.3692556
346.263574
346.1546233
346.0454608
345.9391438
345.8387296
345.7472753
345.6678382
345.6034743
345.5567949
345.5267659
345.5106026
345.5055068
345.5086804
345.5173253
345.5286434
345.5398366
345.5481068
345.550656
345.544686
345.5273978
345.4964029
345.4525976
345.3984681
345.3365122
345.2692271
345.19911
345.1286581
345.0603687
344.9967391
344.9402663
344.8934478
344.8587817
344.8384024
344.8315462
344.8360423
344.8497111
344.8703734
344.8958497
344.9239606
344.9525268
344.979369
345.0023077
345.0191636
345.0277581
345.026201
345.0149571
344.9956252
344.969812
344.9391243
344.9051687
344.8695519
344.8338807
344.7997619
344.768802
344.7426078
344.7227853
344.7105752
344.704233
344.7005799
344.6964259
344.6885811
344.6738555
344.6490592
344.6110025
344.5564954
344.4823492
344.385925
344.2690664
344.1357761
343.9900718
343.8359712
343.677492
343.5186521
343.3634691
343.2159609
343.0801451
342.9600394
342.8596606
342.7825758
342.7286751
342.6960819
342.6829056
342.6872562
342.7072434
342.7409771
342.786567
342.8421229
342.9057546
342.975572
343.0496844
343.1263241
343.2047033
343.2845089
343.3654311
343.44716
343.5293857
343.6117985
343.6940882
343.7759452
343.8570595
343.9371212
344.0158206
344.0928006
344.1673277
344.2384852
344.3053557
344.3670213
344.4225647
344.4710681
344.511614
344.5432847
344.5651627
344.5763304
344.5758705
344.5630087
344.5381395
344.5022198
344.4562101
344.4010714
344.3377643
344.2672496
344.1904882
344.1084407
344.022068
343.9323309
343.84019
343.7465549
343.6519186
343.5565738
343.4608117
343.3649232
343.2691995
343.1739319
343.0794113
342.9859289
342.8937759
342.8032434
342.7146223
342.6282432
342.5447508
342.4649422
342.3896154
342.3195687
342.2556001
342.1985078
342.1490898
342.1081442
342.0764691
342.0547679
342.0429734
342.0406478
342.0473506
342.0626411
342.0860787
342.117223
342.1556333
342.200869
342.2524896
342.3100544
342.3731246
342.4407879
342.5083664
342.5693554
342.6172379
342.6454972
342.6476167
342.6170797
342.5473698
342.4319703
342.2643645
342.0380359
341.7464649
341.3849591
340.9634627
340.4990127
340.0086909
339.5095789
339.0187579
338.5533094
338.130315
337.7668559
337.4800135
337.2868688
337.2044932
337.2466996
337.4005906
337.6404316
337.940395
338.2746524
338.6173754
338.9427357
339.2249048
339.4380545
339.5563563
339.5539832
339.4051091
339.0883053
338.6178492
338.0252097
337.3419878
336.5997822
335.8301911
335.0648127
334.3352452
333.6730868
333.1099357
332.67739
332.4070645
332.3263405
332.4289994
332.6925054
333.0942151
333.6114891
334.2216881
334.9021729
335.6303042
336.3834427
337.1389493
337.8741846
338.5665084
339.1955842
339.7596303
340.2658409
340.7214679
341.1337631
341.5099784
341.8573655
342.1831764
342.4946628
342.7990799
343.1028327
343.4055771
343.7036921
343.9935348
344.2714633
344.5338356
344.7770096
344.9973435
345.1911953
345.354923
345.4848846
345.5774375
345.6297234
345.6451892
345.6303338
345.5916755
345.5357327
345.4690238
345.3980669
345.3293805
345.2694828
345.2248921
345.2021267
345.207702
345.247287
345.3196026
345.4200322
345.5439348
345.686669
345.8435936
346.0100672
346.1814486
346.3530965
346.5203696
346.6786269
346.8232269
346.9501209
347.0600564
347.1560926
347.2413066
347.3187747
347.3915735
347.4627794
347.5354688
347.6127181
347.6976039
347.7932025
347.9025921
348.0284193
348.1699069
348.3246145
348.4900909
348.6638855
348.8435472
349.0266255
349.2106694
349.3932283
349.5718514
349.7440877
349.9074868
350.0599103
350.2017443
350.334595
350.4600764
350.5798026
350.6953875
350.8084453
350.92059
351.0334357
351.1485964
351.2676861
351.3923182
351.5238707
351.6617915
351.8046015
351.9508146
352.0989448
352.247506
352.395012
352.5399769
352.6809146
352.8163389
352.9447639
353.0647032
353.1749422
353.2764547
353.3712712
353.46143
353.5489694
353.6359275
353.7243423
353.8162521
353.9136949
354.0187079
354.1330406
354.2560804
354.3860808
354.5212864
354.6599421
354.8002926
354.9405827
355.0790572
355.2139608
355.3435383
355.4660347
355.5796943
355.6830907
355.777452
355.8652872
355.9491145
356.0314525
356.1148193
356.2017331
356.2947123
356.3962749
356.5089394
356.6352239
356.7776481
356.9383688
357.1166651
357.3104174
357.5174974
357.7357771
357.9631284
358.1974232
358.4365335
358.6783313
358.9206884
359.1614768
359.3985688
359.6300615
359.855877
360.0768182
360.2936937
360.5073123
360.7184826
360.9280135
361.1367135
361.3453915
361.5548561
361.7659161
361.97938
362.1959891
362.4159334
362.6391381
362.8655265
363.0950219
363.3275475
363.5630265
363.8013823
364.042538
364.2864169
364.5329422
364.7820376
365.0334681
365.2857281
365.5366976
365.7842521
366.0262671
366.2606184
366.4851814
366.6978319
366.8964454
367.0788976
367.2430641
367.3868189
367.5085403
367.6106166
367.6973838
367.7731899
367.8423828
367.9093103
367.9783203
368.0537605
368.1399788
368.2413236
368.3616175
368.5004519
368.6553745
368.8239177
369.0036145
369.1919979
369.3866008
369.5849563
369.7845973
369.9830568
370.1778677
370.366562
370.5470016
370.7196709
370.8863284
371.0487406
371.2086736
371.3678938
371.5281673
371.6912605
371.8589394
372.0329705
372.2151198
372.4071533
372.6105838
372.8248668
373.0484655
373.279837
373.5174378
373.7597246
374.0051543
374.2521834
374.4992687
374.7448669
374.9874348
375.2254294
375.4574366
375.6830982
375.9025627
376.1159829
376.3235113
376.5253005
376.7215031
376.9122717
377.0977589
377.2781173
377.4534995
377.6240575
377.7901966
377.9543475
378.1199219
378.2903382
378.4690146
378.6593694
378.8648209
379.0887872
379.3346866
379.6059373
379.9059576
380.2381685
380.6050695
381.001824
381.4200339
381.8512788
382.2871385
382.7191931
383.1390225
383.5382068
383.9083259
384.2409599
384.5276888
384.760096
384.9311493
385.0451211
385.1117264
385.1407177
385.141848
385.1248703
385.0995376
385.075603
385.0628194
385.0709427
385.1088376
385.1782821
385.2776126
385.4051437
385.5591906
385.7380686
385.9400929
386.1635786
386.4068412
386.6681957
386.9459574
387.2384414
387.543937
387.8605204
388.1861655
388.5188456
388.8565339
389.1972036
389.5388278
389.8793799
390.2168329
390.5491601
390.8743348
391.1903304
391.4952802
391.7886217
392.0704193
392.3407422
392.5996598
392.8472413
393.0835558
393.3086725
393.5226608
393.7255898
393.9175288
394.0985465
394.2688729
394.4300256
394.5841455
394.7333781
394.8798687
395.0257628
395.1732054
395.324342
395.4813178
395.6462781
395.8213684
396.0087343
396.2102901
396.4261003
396.6553321
396.8971471
397.150707
397.4151735
397.6897084
397.9734732
398.2656296
398.5653395
398.8717645
399.1840659
399.5013079
399.8217576
400.1432991
400.4638135
400.7811821
401.0932861
401.3980067
401.6932251
401.9768225
402.2466802
402.5006796
402.7367024
402.9531091
403.1521602
403.3379918
403.5147545
403.6865988
403.8576751
404.0321338
404.2141252
404.4077998
404.6173068
404.8463224
405.0946583
405.3602662
405.6410849
405.935053
406.240109
406.5541917
406.8752395
407.2011912
407.5299853
407.8595605
408.1878559
408.5130655
408.8354651
409.156331
409.4769475
409.7985986
410.1225682
410.4501406
410.7825997
411.1212296
411.4673143
411.8221378
412.186985
412.5629473
412.9495789
413.3456883
413.7500789
414.1615542
414.578918
415.0009737
415.426525
415.8543755
416.2833287
416.7121884
417.139758
417.5648797
417.9867061
418.4045397
418.8176843
419.2254433
419.6271206
420.0220197
420.4094443
420.7886979
421.1590843
421.5199071
421.8704706
422.2102933
422.5406494
422.8636572
423.1814408
423.4961245
423.8098326
424.1246895
424.4428193
424.7663464
425.0973951
425.4380895
425.7905534
426.1563993
426.5330795
426.9160448
427.3007301
427.6825711
428.057003
428.4194614
428.7653817
429.0901994
429.38935
429.6582689
429.8923877
430.0881777
430.2503685
430.3876991
430.508935
430.6228408
430.7381811
430.8637205
431.0082234
431.1804543
431.3891762
431.642142
431.9388697
432.2749175
432.6458124
433.0470823
433.4742548
433.9228576
434.3884187
434.8664656
435.3525263
435.8421284
436.3307985
436.8144037
437.291518
437.762029
438.2258332
438.6828269
439.1329063
439.5759674
440.0119065
440.4406198
440.8620034
441.2759536
441.6823664
442.0811736
442.4725927
442.8569794
443.2346905
443.6060826
443.9715126
444.3313369
444.6859125
445.0355959
445.3807438
445.7217131
446.0588605
446.3926389
446.7242839
447.0554077
447.3876255
447.7225523
448.0618029
448.4069926
448.7597362
449.1216489
449.4943457
449.8794414
450.278551
450.6930336
451.1221708
451.5642444
452.0175281
452.480296
452.9508222
453.4273807
453.9082455
454.3916909
454.8759906
455.359419
455.8402488
456.317048
456.7907256
457.2633278
457.7369081
458.2135198
458.6952161
459.1840504
459.6820759
460.191346
460.7139138
461.2518327
461.8071563
462.38126
462.9700562
463.5668152
464.1647901
464.757234
465.3373999
465.8985411
466.4339105
466.9367615
467.4003471
467.8179207
468.1827396
468.4893856
468.7433092
468.9551807
469.1357092
469.2956043
469.4455753
469.5963315
469.7585823
469.9430372
470.1604063
470.4203023
470.7235124
471.0665521
471.4459095
471.8580729
472.2995307
472.766771
473.2562822
473.7645525
474.2880704
474.823324
475.3668022
475.9151966
476.4668593
477.0209403
477.5765954
478.1329807
478.689252
479.2445654
479.7980767
480.3489419
480.8963169
481.4393577
481.9772203
482.5091887
483.0355855
483.5572333
484.0749589
484.5895886
485.1019489
485.6128665
486.1231677
486.6336791
487.1452272
487.6586384
488.1747398
488.6942367
489.2168692
489.7419086
490.2686231
490.7962811
491.324151
491.8515011
492.3775998
492.9017154
493.4231163
493.9410708
494.4548474
494.9639444
495.4697191
495.9744263
496.4803271
496.9896826
497.5047537
498.0278014
498.5610867
499.1068707
499.6674143
500.2449783
500.8418216
501.4595274
502.0941313
502.7390055
503.3875024
504.0329739
504.6687721
505.2882493
505.8847574
506.4516487
506.9822752
507.4699895
507.908142
508.2914829
508.626038
508.9232761
509.194707
509.4518391
509.706181
509.9692408
510.2525271
510.5675479
510.9258078
511.3375443
511.8026
512.3158256
512.8720341
513.4660386
514.0926521
514.7466876
515.4229583
516.1162771
516.8214571
517.5333115
518.2466531
518.956664
519.6615087
520.3607906
521.0541235
521.7411211
522.4213973
523.0945657
523.76024
524.418034
525.0675613
525.7084357
526.3402704
526.9627772
527.5764474
528.1821514
528.7807617
529.3731511
529.9601922
530.5427576
531.1217199
531.6979518
532.2723258
532.8457147
533.4189911
533.9929646
534.5679363
535.1439616
535.7210943
536.299388
536.8788965
537.4596735
538.0417729
538.6252482
539.2101534
539.7965421
540.3844685
540.9740836
541.5663362
542.1625576
542.7640822
543.3722444
543.9883784
544.6138187
545.2498995
545.8979553
546.5593204
547.235329
547.9273165
548.6359846
549.3569429
550.0833406
550.8083086
551.5249785
552.2264819
552.9059504
553.5565157
554.1713092
554.7434627
555.2661077
555.7323702
556.1369258
556.4867547
556.7948145
557.0741009
557.3376084
557.5983314
557.8692645
558.1634021
558.4937384
558.8732694
559.313506
559.813991
560.3684899
560.9707252
561.6144204
562.2932993
563.0010854
563.7315027
564.4782748
565.2351254
565.9957782
566.7539548
567.5039395
568.2444814
568.976499
569.7009245
570.4186899
571.1307269
571.8379674
572.5413432
573.2417862
573.9402283
574.6376012
575.3348367
576.0327058
576.7306773
577.4275912
578.1222835
578.8135902
579.500347
580.18139
580.855555
581.5216781
582.1785951
582.825142
583.4601554
584.0827044
584.6937637
585.2952234
585.8889804
586.476932
587.0609748
587.6430061
588.2249229
588.808622
589.3960005
589.9889555
590.5893839
591.1991219
591.8195146
592.4516701
593.0966947
593.7556947
594.4297764
595.1200463
595.8276106
596.5535757
597.299048
598.0651338
598.852941
599.6631538
600.4930903
601.338434
602.1948576
603.0580346
603.9236381
604.7873414
605.6448177
606.4917403
607.3237825
608.1366175
608.92592
609.688127
610.4258825
611.1448219
611.8506009
612.5488755
613.2453016
613.945535
614.6552318
615.3800479
616.1256418
616.8969561
617.6932494
618.5110188
619.346744
620.196905
621.0579822
621.9264555
622.7988053
623.6715116
624.5410546
625.4039146
626.2565724
627.0959512
627.9225717
628.7386892
629.5465703
630.348482
631.1466914
631.9434654
632.741071
633.541775
634.3478445
635.1615464
635.9851469
636.8206427
637.6678216
638.5254107
639.3921287
640.2666946
641.1478273
642.0342458
642.9246688
643.8178154
644.7124044
645.6071549
646.5007853
647.3921165
648.2807849
649.1668219
650.0502618
650.9311387
651.8094868
652.6853402
653.558733
654.4296995
655.2982737
656.1644898
657.0283816
657.8901006
658.750736
659.6118321
660.4749358
661.3415945
662.213355
663.0917645
663.9783701
664.8747187
665.7823576
666.7028337
667.6376927
668.587828
669.5488124
670.5136566
671.4753535
672.4268957
673.3612761
674.2714873
675.1505221
675.9913733
676.7870336
677.5304963
678.2147574
678.834432
679.3973716
679.9177875
680.4099406
680.888091
681.366499
681.8594246
682.381128
682.9458693
683.5679057
684.2598371
685.0207726
685.8433192
686.7200397
687.6434965
688.6062521
689.6008688
690.619909
691.6559353
692.7015099
693.7491955
694.7915564
695.8218795
696.8393699
697.8460752
698.844065
699.8354089
700.8221761
701.8064363
702.7902587
703.7757129
704.7648683
705.7597942
706.762561
707.7749302
708.7961955
709.8244559
710.8578018
711.894324
712.9321131
713.9692601
715.0038557
716.0339906
717.0577556
718.0732414
719.078538
720.0720469
721.0546515
722.0284402
722.995509
723.9579536
724.9178697
725.8773532
726.8384998
727.8034054
728.7741655
729.7528761
730.7416324
731.7422963
732.7548249
733.7782583
734.8116305
735.853975
736.9043256
737.961716
739.0251799
740.0937511
741.1664633
742.2423502
743.3204456
744.3998393
745.480077
746.5609236
747.6421458
748.7235101
749.8047833
750.885732
751.9661228
753.0457224
754.1242973
755.2016142
756.2774407
757.3512734
758.4204513
759.4812676
760.5300078
761.5629582
762.5764046
763.5666333
764.5299302
765.4625813
766.3608728
767.2210907
768.0395186
768.8135895
769.5499214
770.2595869
770.9536863
771.6433199
772.3395876
773.0535896
773.7964261
774.5791968
775.4130058
776.3076077
777.2619831
778.2698936
779.3250644
780.4212219
781.5520924
782.7114024
783.8928782
785.0902464
786.2972335
787.5075657
788.7149681
789.913725
791.1025808
792.2824439
793.4542367
794.6188812
795.7772994
796.9304131
798.0791445
799.2244154
800.367148
801.508264
802.6486855
803.7892736
804.9303938
806.072173
807.2147364
808.3582094
809.5027171
810.6483849
811.7953379
812.9437015
814.093601
815.2451614
816.3985081
817.5537068
818.7103382
819.8677502
821.0252885
822.1822991
823.3381281
824.4921211
825.6436242
826.7919834
827.9365446
829.0766536
830.2116557
831.3411391
832.4666274
833.5905828
834.7154741
835.8437697
836.977938
838.1204475
839.2737666
840.4403638
841.6227075
842.8232661
844.0445097
845.2881416
846.5497337
847.8218854
849.0971771
850.3681896
851.6275037
852.8677002
854.0813599
855.2610635
856.399392
857.4889262
858.5222515
859.4935139
860.4096408
861.2837046
862.1288219
862.9581097
863.784685
864.6216648
865.4821661
866.379306
867.326205
868.3344565
869.4034633
870.5267144
871.6976612
872.909756
874.156451
875.4311986
876.7274509
878.0386602
879.3582788
880.6797591
881.9965548
883.3027309
884.59735
885.8818786
887.1578004
888.4265991
889.6897586
890.9487626
892.2050951
893.4602397
894.7156803
895.9729006
897.2333844
898.4985126
899.76883
901.0444788
902.3255984
903.6123281
904.9048072
906.203175
907.5075709
908.8181342
910.1350043
911.4583204
912.7882222
914.1247534
915.4671932
916.8144499
918.1654293
919.5190375
920.8741803
922.2297639
923.584694
924.9378767
926.288218
927.6346238
928.9759996
930.3115411
931.6427678
932.9723255
934.3028671
935.6370453
936.977513
938.326923
939.6879281
941.0631812
942.455335
943.8670423
945.3009533
946.7588682
948.2356211
949.722698
951.2115604
952.6936697
954.1604875
955.603475
957.0140938
958.3838054
959.7040711
960.9663529
962.1621138
963.2846611
964.3422963
965.3505377
966.3249591
967.2811333
968.2346331
969.2010313
970.1959006
971.2348134
972.3333376
973.5052632
974.749832
976.0592887
977.4258283
978.8416451
980.2989337
981.7898886
983.3067042
984.841575
986.3866956
987.9342606
989.4764654
991.0061595
992.5215233
994.0233007
995.5122557
996.989152
998.4547531
999.9098226
1001.355124
1002.791422
1004.219478
1005.640058
1007.053923
1008.461887
1009.865138
1011.265053
1012.663008
1014.060379
1015.458543
1016.858875
1018.262752
1019.67155
1021.086645
1022.509415
1023.941235
1025.383294
1026.835273
1028.296125
1029.764795
1031.240231
1032.72138
1034.207189
1035.696603
1037.188572
1038.68204
1040.175955
1041.669266
1043.161162
1044.652828
1046.146405
1047.644044
1049.147894
1050.660103
1052.18282
1053.718196
1055.268379
1056.835518
1058.421763
1060.029262
1061.659273
1063.305815
1064.959424
1066.610608
1068.249876
1069.867738
1071.454703
1073.001279
1074.497977
1075.935304
1077.30377
1078.593876
1079.798402
1080.928237
1082.003062
1083.042614
1084.066632
1085.094851
1086.147007
1087.242838
1088.40208
1089.644465
1090.987152
1092.426338
1093.948132
1095.538566
1097.183674
1098.86949
1100.582048
1102.30738
1104.031522
1105.740506
1107.420366
1109.057131
1110.638547
1112.166043
1113.647681
1115.091573
1116.505825
1117.898546
1119.277842
1120.651822
1122.028594
1123.416264
1124.822941
1126.256734
1127.724783
1129.226463
1130.757387
1132.313145
1133.889324
1135.481515
1137.085307
1138.696288
1140.310049
1141.922178
1143.528265
1145.123901
1146.705394
1148.274918
1149.837471
1151.398067
1152.961723
1154.533456
1156.118282
1157.721216
1159.347277
1161.001479
1162.688839
1164.414372
1166.182088
1167.987812
1169.823432
1171.680805
1173.55179
1175.428242
1177.302022
1179.164985
1181.008991
1182.825897
1184.607561
1186.345835
1188.034009
1189.676793
1191.284436
1192.867228
1194.435457
1195.999409
1197.569372
1199.155633
1200.768479
1202.418196
1204.115074
1205.869399
1207.689437
1209.56717
1211.486698
1213.432073
1215.387346
1217.336569
1219.263793
1221.15307
1222.98845
1224.753985
1226.433728
1228.011738
1229.475046
1230.835042
1232.114818
1233.337554
1234.526428
1235.704619
1236.895307
1238.12167
1239.406888
1240.774143
1242.24391
1243.814945
1245.475482
1247.213688
1249.017731
1250.87578
1252.776003
1254.706567
1256.655641
1258.611392
1260.56199
1262.495606
1264.401644
1266.279613
1268.133876
1269.968833
1271.788883
1273.598427
1275.401862
1277.203589
1279.008008
1280.819517
1282.642516
1284.481405
1286.340067
1288.218197
1290.113476
1292.023566
1293.946133
1295.878841
1297.819353
1299.765334
1301.714449
1303.664362
1305.612737
1307.557238
1309.495778
1311.428262
1313.355562
1315.278555
1317.198118
1319.115129
1321.030465
1322.945004
1324.859623
1326.7752
1328.692611
1330.612735
1332.536471
1334.464906
1336.399217
1338.340581
1340.290176
1342.249177
1344.218763
1346.200111
1348.194397
1350.202799
1352.226495
1354.266658
1356.323784
1358.392793
1360.465923
1362.535396
1364.593431
1366.632249
1368.644068
1370.621111
1372.555596
1374.439744
1376.265776
1378.02591
1379.714153
1381.338957
1382.91574
1384.459971
1385.987119
1387.512653
1389.052041
1390.620753
1392.234256
1393.908014
1395.655766
1397.477109
1399.364845
1401.311726
1403.310505
1405.353934
1407.434765
1409.545751
1411.679643
1413.829193
1415.987155
1418.146281
1420.29997
1422.446878
1424.588191
1426.725114
1428.858852
1430.990611
1433.121595
1435.253009
1437.386058
1439.521946
1441.66188
1443.807065
1445.958615
1448.116937
1450.28209
1452.454133
1454.633123
1456.819119
1459.012179
1461.212361
1463.419722
1465.634321
1467.856217
1470.085466
1472.32196
1474.564243
1476.810206
1479.057737
1481.304723
1483.549053
1485.788614
1488.021292
1490.244977
1492.457556
1494.656916
1496.840947
1499.008155
1501.162093
1503.308741
1505.454096
1507.604157
1509.764922
1511.942387
1514.142551
1516.371412
1518.634967
1520.939214
1523.290151
1525.692273
1528.137926
1530.613596
1533.105725
1535.600756
1538.085133
1540.545298
1542.967694
1545.338767
1547.644957
1549.872709
1552.008456
1554.041329
1555.981884
1557.851077
1559.669937
1561.459487
1563.240753
1565.034757
1566.862525
1568.74508
1570.703445
1572.756133
1574.901282
1577.127219
1579.422196
1581.774465
1584.172279
1586.603892
1589.057557
1591.521526
1593.984054
1596.433394
1598.857793
1601.246737
1603.59953
1605.920245
1608.212985
1610.481852
1612.73095
1614.964381
1617.186247
1619.400651
1621.611696
1623.823483
1626.040116
1628.265462
1630.501504
1632.74931
1635.009942
1637.284463
1639.573935
1641.879422
1644.201985
1646.542687
1648.902592
1651.282761
1653.684256
1656.107765
1658.550914
1661.009858
1663.480742
1665.959709
1668.442903
1670.926468
1673.406548
1675.879288
1678.340831
1680.787322
1683.214905
1685.620469
1688.006945
1690.380172
1692.746014
1695.110332
1697.478989
1699.857846
1702.252765
1704.669609
1707.11424
1709.592519
1712.110315
1714.672021
1717.270339
1719.89229
1722.524856
1725.155025
1727.76978
1730.356109
1732.900994
1735.391424
1737.814381
1740.156853
1742.405824
1744.550917
1746.603039
1748.583387
1750.513223
1752.413812
1754.306415
1756.212297
1758.15272
1760.148948
1762.222253
1764.391492
1766.656346
1769.007184
1771.434311
1773.928038
1776.478674
1779.076528
1781.71191
1784.375128
1787.056493
1789.746313
1792.434898
1795.113406
1797.779827
1800.43546
1803.081622
1805.719632
1808.35081
1810.976474
1813.597942
1816.216533
1818.833566
1821.450359
1824.068232
1826.68842
1829.311493
1831.937697
1834.567277
1837.200479
1839.837547
1842.478726
1845.124262
1847.774398
1850.42938
1853.089452
1855.754861
1858.425733
1861.10125
1863.780138
1866.461118
1869.142913
1871.824245
1874.503835
1877.180405
1879.852678
1882.519376
1885.17922
1887.830931
1890.473657
1893.109937
1895.743957
1898.379915
1901.022007
1903.674429
1906.341379
1909.027053
1911.735649
1914.471362
1917.23839
1920.040929
1922.881885
1925.75374
1928.643938
1931.539891
1934.429011
1937.298708
1940.136394
1942.92948
1945.665378
1948.331499
1950.915256
1953.404068
1955.788025
1958.079137
1960.299938
1962.47304
1964.621059
1966.766606
1968.932297
1971.140743
1973.414559
1975.77636
1978.246048
1980.821706
1983.490854
1986.240945
