258.3725085
259.1338001
259.7810741
260.3285235
260.7903413
261.1807205
261.513854
261.8039349
262.0651562
262.3117109
262.5577918
262.817596
263.1043044
263.4230317
263.7749763
264.1613106
264.5832076
265.0418409
265.5383837
266.0740092
266.6498909
267.2672021
267.927116
268.6308064
269.3787459
270.1657628
270.983955
271.8254025
272.6821856
273.5463845
274.4100793
275.2653502
276.1042774
276.9189412
277.7014219
278.4438025
279.1390514
279.7874032
280.3925817
280.9583371
281.4884195
281.9865791
282.4565661
282.9021306
283.3270227
283.7349926
284.1297905
284.5151665
284.8946464
285.2699417
285.641889
286.0113181
286.3790591
286.7459423
287.1127976
287.4804551
287.8497451
288.2214976
288.5965426
288.9757073
289.36064
289.7595083
290.1836467
290.6444102
291.1531529
291.7212292
292.3599933
293.0807993
293.8950015
294.8139541
295.8490111
297.0115234
298.3096552
299.7257181
301.2295487
302.7909008
304.3795273
305.9651813
307.5176158
309.006584
310.4018389
311.6731193
312.7938383
313.7665589
314.6080069
315.3349988
315.9643481
316.5128683
316.9973729
317.4346752
317.8415887
318.234927
318.6315032
319.0481295
319.4999632
319.9887503
320.5097637
321.0582328
321.6293871
322.2184561
322.8206691
323.4312555
324.0454449
324.6584666
325.2655502
325.8619265
326.443328
327.0096006
327.5625652
328.1040579
328.6359148
329.159972
329.6780655
330.1920315
330.7037058
331.2149247
331.7275242
332.2433405
332.7640405
333.2899298
333.8206557
334.3558611
334.8951887
335.4382814
335.984782
336.5343334
337.0865784
337.6411599
338.1977208
338.7559038
339.3153499
339.8756847
340.4365263
340.9974928
341.5582023
342.118273
342.6773228
343.2349698
343.7908322
344.3445281
344.8956755
345.4438921
345.9886233
346.5279091
347.0591123
347.5795913
348.0867043
348.5778097
349.0502655
349.5014302
349.928662
350.3293191
350.7007602
351.040346
351.3467373
351.6292164
351.9021699
352.1800243
352.4772054
352.808139
353.187251
353.6289671
354.1477132
354.757915
355.4739982
356.3103988
357.2783953
358.3641091
359.5414655
360.7843052
362.0664722
363.3618105
364.6441643
365.8873777
367.0652957
368.1517683
369.1235005
369.9805403
370.7341512
371.395684
371.9764883
372.487914
372.9413106
373.3480279
373.7194153
374.0668227
374.4015995
374.7350984
375.0777524
375.4326645
375.7993851
376.1774399
376.5663553
376.965658
377.3748744
377.7935313
378.2211551
378.6572725
379.10141
379.5530944
380.0117562
380.476056
380.9442808
381.4147156
381.8856453
382.3553546
382.8221286
383.284252
383.7400098
384.1876867
384.6255678
385.0519384
385.4652432
385.8652336
386.2522886
386.6267922
386.9891281
387.3396801
387.6788321
388.0069678
388.3244709
388.6317255
388.9291151
389.2170237
389.4958036
389.7655514
390.0262411
390.2778455
390.5203374
390.7536897
390.9778751
391.1928667
391.3986373
391.5951596
391.7824067
391.9603475
392.12994
392.2999938
392.4831308
392.6919982
392.9392421
393.2375087
393.5994444
394.0376952
394.5649074
395.1937272
395.9368007
396.806776
397.8131205
398.9397006
400.157996
401.4394068
402.7553331
404.0771753
405.3763335
406.6242081
407.7921995
408.8516946
409.7775312
410.5719512
411.2505007
411.8288143
412.3225234
412.7472593
413.1186532
413.4523362
413.7639398
414.069095
414.3834332
414.722587
415.1004242
415.516624
415.9639974
416.4353119
416.9233347
417.4208335
417.9205756
418.4153284
418.8978596
419.3609365
419.7973267
420.1998013
420.5622121
420.8872823
421.1819954
421.4533668
421.7084122
421.9541471
422.197587
422.4457474
422.7056438
422.9842918
423.2887066
423.6259042
424.0019402
424.4151078
424.8599568
425.3310091
425.822787
426.3298129
426.8466093
427.3676986
427.8876034
428.400846
428.901949
429.3854331
429.8462162
430.2823637
430.6934704
431.079141
431.4389798
431.7725912
432.0795795
432.3595489
432.6121038
432.8368486
433.0333876
433.2013259
433.3413648
433.4630842
433.5803504
433.7070582
433.8571027
434.0443787
434.2827812
434.586205
434.9685452
435.4436965
436.0255532
436.7280008
437.5617292
438.5112165
439.5483547
440.6449399
441.7727682
442.9036357
444.0093387
445.0616734
446.0324361
446.8934249
447.6198709
448.2147853
448.6945967
449.0758214
449.3749765
449.608579
449.7931457
449.9451937
450.0812398
450.217801
450.3713938
450.5585307
450.7941871
451.0807314
451.4144785
451.791697
452.2086557
452.6616234
453.1468688
453.6606608
454.1992681
454.7589596
455.336004
455.9266705
456.526923
457.1302714
457.7290395
458.3155427
458.8820963
459.4210158
459.9246169
460.3852149
460.7951253
461.1466638
461.4321457
461.643881
461.7758011
461.8347221
461.8337184
461.7859041
461.7043922
461.6022954
461.4927269
461.3887995
461.3036261
461.2503197
461.241993
461.2917559
461.4111429
461.5988543
461.8474065
462.1492736
462.4969294
462.8828476
463.299502
463.7393664
464.1949145
464.6586201
465.1229573
465.5804022
466.0245106
466.4576705
466.8865129
467.3177016
467.7579003
468.2137724
468.6919816
469.1991914
469.7420652
470.3272668
470.9614593
471.6513117
472.4017637
473.203963
474.0423745
474.9014158
475.7655067
476.619067
477.4465162
478.2322742
478.9607613
479.6164023
480.1857758
480.6730905
481.0910233
481.452317
481.7697137
482.0559554
482.3237842
482.585942
482.855171
483.1442131
483.4658101
483.8327085
484.2561074
484.7348492
485.2617914
485.8297495
486.4315401
487.0599802
487.7078867
488.3680765
489.0333665
489.6965736
490.3505147
490.9880049
491.6025663
492.1933609
492.7622871
493.3112607
493.842197
494.3570114
494.8576191
495.3459357
495.8238765
496.2933568
496.7562919
497.2145969
497.6700111
498.1228395
498.5726969
499.0191931
499.4619381
499.9005415
500.3346134
500.7637635
501.1876018
501.6057379
502.0177819
502.4233437
502.8220916
503.2141705
503.5999546
503.9798196
504.3541415
504.723296
505.0876591
505.4476064
505.8035138
506.1557572
506.5047124
506.8507557
507.1941309
507.5340288
507.8691292
508.1981085
508.5196431
508.8324094
509.135084
509.4263433
509.7048638
509.9693219
510.2183941
510.450756
510.6659831
510.8708792
511.0757482
511.2909162
511.5267091
511.793453
512.1014739
512.4610977
512.8826503
513.3764579
513.9528458
514.6221321
515.392116
516.2499333
517.1727931
518.1378317
519.1221846
520.1029876
521.0573763
521.9624866
522.7954538
523.5334104
524.1562262
524.6657348
525.074408
525.3947855
525.6394061
525.8208091
525.9515333
526.0441179
526.1111017
526.1650239
526.2184233
526.2838354
526.3726991
526.4874593
526.6262392
526.7871307
526.9682251
527.167614
527.3833888
527.613641
527.8564623
528.109944
528.3721777
528.6412549
528.915415
529.1940964
529.4773146
529.7650899
530.0574424
530.3543921
530.6559591
530.9621634
531.2730251
531.5885644
531.9088011
532.2337556
532.563431
532.897698
533.2363622
533.579229
533.926104
534.2767925
534.6310999
534.9888317
535.3497932
535.71379
536.0806273
536.4501107
536.8218542
537.1939279
537.5636554
537.9283555
538.2853469
538.6319485
538.9654789
539.283257
539.5826015
539.8608313
540.1152653
540.3432254
540.5430587
540.721523
540.889415
541.057562
541.2367911
541.4379297
541.6718049
541.9492441
542.2810743
542.678123
543.1512167
543.7111863
544.3663682
545.1050364
545.9057735
546.7470904
547.6075003
548.4655165
549.2996523
550.088421
550.8103367
551.4439208
551.9703257
552.3922966
552.7229462
552.9754658
553.1630466
553.2988801
553.3961574
553.4680699
553.5278087
553.5885653
553.6635304
553.7658973
553.9074386
554.0884921
554.303874
554.5483594
554.8167247
555.1037462
555.4042003
555.7128635
556.0245121
556.3339227
556.6358715
556.9251328
557.1970646
557.4516585
557.6911575
557.9178186
558.1338985
558.3416539
558.5433416
558.7412183
558.9375405
559.1345651
559.3345487
559.5397475
559.7521515
559.9715836
560.1968223
560.4266388
560.6598044
560.8950904
561.1312679
561.3671083
561.6013828
561.8328627
562.0603192
562.2825238
562.4983299
562.7072633
562.9091721
563.1039073
563.2913196
563.4712598
563.6435788
563.8081273
563.9647562
564.1133163
564.2536585
564.385632
564.5096681
564.6308503
564.7565146
564.8940129
565.0506966
565.2339171
565.4510257
565.7093739
566.0163131
566.3791944
566.8053696
567.3021947
567.8752215
568.5156197
569.2075787
569.935244
570.6827619
571.4342788
572.1739412
572.8858954
573.5542881
574.1632614
574.6987191
575.1606631
575.5559183
575.8913584
576.1738553
576.4102811
576.6075077
576.772407
576.9118509
577.0327113
577.1418602
577.2461709
577.3520712
577.4624423
577.5784437
577.7012241
577.8319326
577.9717178
578.1217289
578.2831147
578.4570242
578.6446063
578.8470099
579.0653832
579.3006111
579.5514269
579.8155279
580.0906045
580.3743469
580.6644452
580.9585896
581.2544703
581.5497776
581.8422016
582.1294325
582.4091609
582.6792711
582.9392279
583.1892564
583.4295875
583.6604519
583.8820804
584.0947039
584.298553
584.4938586
584.6808514
584.8597623
585.030822
585.1942183
585.3497927
585.4972194
585.6361715
585.7663219
585.8873436
585.9989097
586.1006931
586.1923669
586.2736041
586.3440776
586.4034596
586.4520497
586.4951761
586.5406036
586.5961126
586.6694833
586.7684957
586.9009302
587.0745667
587.2971856
587.5765669
587.9204904
588.3367307
588.8311761
589.3942552
590.0089672
590.658257
591.3250692
591.9923482
592.6430388
593.2600855
593.8264328
594.3250213
594.7408974
595.0759541
595.340251
595.5438996
595.6970107
595.809695
595.8920633
595.9542264
596.0062951
596.05838
596.1205919
596.2030381
596.314753
596.4559753
596.6227164
596.8109569
597.0166772
597.2358578
597.4644789
597.6985212
597.933965
598.1667907
598.3929788
598.6085101
598.8097612
598.9963251
599.1693434
599.3299696
599.4793569
599.6186585
599.7490276
599.8716174
599.9875812
600.0980721
600.2042433
600.3072481
600.4082341
600.5083049
600.6085427
600.7100294
600.8138471
600.9210778
601.0328035
601.1501061
601.2740678
601.4057706
601.5462963
601.6967273
601.8578606
602.0281986
602.2051334
602.3860499
602.5683332
602.7493682
602.9265399
603.0972334
603.2588335
603.4087254
603.5442941
603.6629272
603.7628419
603.8490619
603.92988
604.0136131
604.1085786
604.2230937
604.3654756
604.5440415
604.7671085
605.042994
605.3800146
605.786489
606.2688622
606.8184595
607.4193112
608.0553928
608.710681
609.369153
610.0147858
610.6315564
611.2034423
611.7144262
612.1502811
612.5114724
612.8055216
613.0400027
613.22249
613.3605578
613.4617804
613.533732
613.583987
613.6201195
613.6497037
613.6803143
613.7188848
613.7671701
613.8244278
613.8898962
613.9628143
614.0424211
614.1279557
614.218657
614.3137642
614.4125161
614.5141519
614.6179104
614.7230565
614.8290615
614.9354968
615.0419346
615.1479467
615.2531053
615.3569825
615.4591504
615.5591808
615.656646
615.751118
615.842169
615.9294318
616.0130335
616.0933392
616.1707158
616.24553
616.3181488
616.3889389
616.4582672
616.5265005
616.5940056
616.6611494
616.7282988
616.7958881
616.8649015
616.9365876
617.0121969
617.09298
617.1801875
617.2750698
617.3788777
617.4928615
617.6182719
617.7563593
617.9083751
618.0751896
618.2546178
618.4429971
618.6366545
618.8319169
619.0251114
619.2125653
619.3906057
619.5555597
619.7037544
619.8315169
619.9351712
620.0120149
620.0670864
620.1091838
620.1471289
620.1897428
620.2458465
620.3242612
620.4338081
620.5833082
620.7815827
621.0374525
621.3597348
621.7553764
622.2160732
622.7261756
623.2699832
623.8317953
624.3959111
624.9466299
625.4682508
625.9450731
626.3613896
626.7033689
626.9720861
627.1758567
627.3230419
627.4220017
627.4810959
627.5086846
627.5131276
627.5027849
627.4860164
627.4711819
627.4666399
627.4798956
627.5115061
627.5586807
627.6186058
627.6884675
627.7654519
627.8467452
627.9295336
628.0110033
628.0883404
628.1587311
628.2193625
628.2678075
628.3047961
628.332575
628.3534026
628.3695375
628.3832377
628.3967617
628.4123679
628.4323146
628.45886
628.4942625
628.5407814
628.6003714
628.6725587
628.7556924
628.8481137
628.9481637
629.0541839
629.1645155
629.2774998
629.3914783
629.5047921
629.6157827
629.7227913
629.8242154
629.9189042
630.0059252
630.0843478
630.153241
630.211674
630.2587159
630.2934359
630.3149032
630.3221867
630.3143559
630.2904819
630.2503824
630.1999824
630.148145
630.1037539
630.0756929
630.072846
630.1040971
630.1783301
630.3044289
630.4912775
630.7477592
631.0827555
631.5031055
631.9990169
632.5526969
633.1462905
633.7619441
634.3818038
634.988016
635.5627271
636.0880837
636.5462375
636.9213942
637.2145577
637.4348129
637.5913018
637.6931672
637.7495516
637.7695977
637.7624481
637.7372453
637.703132
637.6692506
637.6447426
637.6378979
637.6500676
637.6792656
637.7234798
637.7806987
637.8489107
637.9261042
638.0102677
638.0993896
638.1914584
638.2844625
638.37639
638.4653401
638.5502968
638.6306731
638.7058849
638.7753483
638.838479
638.894693
638.9434061
638.9840342
639.0159932
639.0386989
639.051567
639.0542361
639.0481351
639.0355598
639.0188115
639.0001915
638.9820011
638.9665417
638.9561145
638.9530207
638.9595619
638.978039
639.0107521
639.0595593
639.1226957
639.1966556
639.2779206
639.3629723
639.4482919
639.5303612
639.6056615
639.6706744
639.7218814
639.7557642
639.7688042
639.7583763
639.72909
639.6890412
639.6463525
639.6091456
639.5855425
639.583665
639.611635
639.6775741
639.7896044
639.9558475
640.1844322
640.4817237
640.8400943
641.2451193
641.6823297
642.137258
642.595437
643.0423992
643.4636774
643.8448045
644.1713138
644.4304349
644.6231561
644.7570929
644.8399117
644.8792778
644.8828562
644.8583121
644.8133107
644.755517
644.6925961
644.6322132
644.5820365
644.5489548
644.5336734
644.5338941
644.547299
644.5715708
644.6043926
644.643447
644.686417
644.7309855
644.7748352
644.8156491
644.85111
644.8791512
644.8997279
644.9137723
644.9222232
644.9260192
644.9260992
644.9234017
644.9188656
644.9134296
644.9080322
644.9036123
644.9011083
644.9013863
644.9047182
644.9110905
644.9204875
644.9328937
644.9482934
644.966671
644.9880109
645.0122974
645.039515
645.0696479
645.1026807
645.138445
645.1755407
645.2119727
645.2457416
645.2748482
645.2972932
645.3110773
645.3142013
645.3046658
645.2804718
645.2396198
645.1801076
645.1007412
645.0067428
644.9064515
644.8082262
644.7204255
644.6514077
644.6095311
644.6031543
644.6406354
644.7303331
644.8806054
645.0998084
645.3944755
645.756335
646.1699744
646.6199332
647.0907506
647.5669659
648.0331183
648.473747
648.8733911
649.2165829
649.489703
649.6938009
649.8370527
649.92768
649.973903
649.983942
649.9660171
649.9283484
649.8791561
649.8266604
649.7790814
649.7446382
649.7306852
649.7375581
649.7622062
649.801556
649.8525341
649.9120669
649.9770811
650.0445031
650.1112594
650.1742765
650.2304809
650.2768001
650.3104468
650.3309753
650.3390637
650.3353991
650.3206685
650.2955587
650.2607568
650.2169496
650.1648241
650.1050672
650.0383659
649.965407
649.8869158
649.8039245
649.717614
649.6291663
649.5397634
649.4505871
649.3628195
649.2776424
649.1962377
649.1197875
649.0494737
648.9864787
648.9317843
648.8847728
648.8440504
648.808218
648.7758771
648.7456288
648.7160744
648.6858151
648.6534522
648.6175869
648.5768206
648.5297556
648.4755061
648.4173617
648.3606229
648.310604
648.2726193
648.2519832
648.2540102
648.2840147
648.3473111
648.4492138
648.5950368
648.7900921
649.0383787
649.3331699
649.6625844
650.0147009
650.3775986
650.7393565
651.088054
651.4117702
651.6985845
651.936579
652.1152877
652.2360801
652.3060268
652.3322374
652.3218219
652.2818905
652.2195532
652.1419201
652.0561012
651.9692066
651.8883462
651.8206284
651.7724189
651.7440098
651.7327751
651.7360659
651.7512337
651.7756299
651.8066061
651.8415137
651.8777043
651.9125292
651.9433402
651.9674879
651.9825206
651.9875596
651.9824886
651.9671968
651.9415729
651.9055058
651.8588844
651.8015976
651.7335341
651.6545828
651.5646326
651.463572
651.3514381
651.2294552
651.0994232
650.9631456
650.8224262
650.6790683
650.5348757
650.3916517
650.2511999
650.115324
649.9858273
649.8645132
649.7530584
649.652106
649.5618016
649.4822874
649.4137056
649.3561983
649.3099077
649.2749758
649.2515449
649.2397571
649.2397544
649.2516788
649.2754041
649.3086242
649.3479842
649.3901207
649.4316707
649.4692711
649.499559
649.5191712
649.5247448
649.5129166
649.4803237
649.4235996
649.3403056
649.2353749
649.1173188
648.9946726
648.8759709
648.7697479
648.6845382
648.628876
648.6112959
648.6403321
648.7245192
648.8723928
649.0907292
649.3721543
649.7024459
650.0673376
650.4525633
650.8438571
651.2269527
651.5875841
651.9114853
652.1843842
652.3936047
652.5391523
652.6271874
652.6639116
652.6555253
652.6082285
652.5282214
652.4217041
652.2948768
652.1539396
652.0050925
651.8545364
651.70797
651.5670613
651.4315267
651.3010704
651.1753964
651.0542087
650.9372113
650.8241085
650.7146042
650.6084025
650.5052074
650.4047231
650.3066553
650.2107229
650.1166511
650.0241655
649.9329913
649.8428539
649.7534788
649.6645911
649.5759165
649.4871801
649.3981073
649.3084237
649.2179478
649.1272545
649.0372828
648.9489746
648.8632718
648.7811161
648.7034493
648.6312133
648.5653498
648.5068007
648.4565078
648.4154139
648.3841778
648.3612031
648.3437979
648.3292633
648.3149005
648.298011
648.2758958
648.2458565
648.2051942
648.1512103
648.081206
647.992483
647.8830559
647.7567054
647.6199974
647.4795163
647.3418466
647.2135726
647.1012788
647.0115495
646.9509692
646.9261222
646.9435925
647.0099607
647.130462
647.299298
647.5053717
647.7375463
647.9846845
648.2356494
648.4793041
648.7045114
648.9001344
649.0550363
649.1593944
649.2139979
649.2247652
649.1976479
649.1385977
649.0535665
648.9485059
648.8293677
648.7021037
648.5726655
648.4470049
648.3310716
648.2302319
648.1450615
648.0738358
648.0148129
647.9662508
647.9264075
647.893541
647.8659094
647.8417707
647.8193831
647.7970044
647.7728927
647.7454382
647.7140989
647.6788475
647.6396611
647.5965162
647.5493898
647.4982585
647.443099
647.3838881
647.3206025
647.253219
647.1817141
647.1061067
647.0267507
646.9441631
646.8588617
646.7713645
646.6821893
646.591854
646.5008766
646.4097748
646.3190665
646.2292698
646.1409021
646.0543431
645.968849
645.8831344
645.7959105
645.7058882
645.6117786
645.5122925
645.406141
645.2920351
645.1686859
645.0348043
644.8891031
644.730887
644.5643129
644.395868
644.2320575
644.0793865
643.9443601
643.8334832
643.7532609
643.7101983
643.7108005
643.7615722
643.8690223
644.0381015
644.2612926
644.5250439
644.8157609
645.1198501
645.4237186
645.7137731
645.9764204
646.1980679
646.3651269
646.465629
646.5008883
646.4785971
646.4064967
646.2923283
646.143833
645.9687518
645.774826
645.5697965
645.3614045
645.1573909
644.9654986
644.7926438
644.6391185
644.5020107
644.3783849
644.2653065
644.159841
644.0590538
643.9600105
643.8597765
643.7554172
643.6439982
643.5225834
643.3886928
643.2434738
643.0898352
642.9306968
642.7689781
642.6075988
642.4494785
642.2975366
642.1546929
642.0238668
641.9079779
641.8099449
641.7322665
641.6740153
641.6326144
641.6054753
641.5900093
641.5836279
641.5837425
641.5877645
641.5931053
641.5971763
641.5973891
641.5911553
641.5760547
641.5510402
641.5157245
641.4697253
641.4126605
641.3441477
641.2638048
641.1712494
641.0660994
640.9479724
640.8164862
640.6712572
640.5123442
640.3433307
640.1695097
639.9961856
639.8286625
639.6722445
639.5322356
639.41394
639.3226616
639.2637046
639.2423732
639.2639734
639.3326876
639.4437074
639.5878659
639.7559684
639.9388208
640.1272288
640.3119984
640.4839351
640.633845
640.7525307
640.8318238
640.8717609
640.8763556
640.8496488
640.7956806
640.7184908
640.6221196
640.5106068
640.3879925
640.2583165
640.125619
639.9939407
639.8669217
639.7450007
639.6270633
639.5119857
639.3986441
639.2859145
639.1726732
639.0577964
638.9401603
638.8186409
638.6921147
638.559458
638.41971
638.2732372
638.1210449
637.9641431
637.8035415
637.6402502
637.4752789
637.3096376
637.1443362
636.9803846
636.8187925
636.66057
636.5066644
636.3575161
636.2133213
636.0742744
635.9405699
635.812402
635.6899652
635.573454
635.4630627
635.3589858
635.2614176
635.170553
635.0864605
635.0082036
634.934358
634.8634963
634.7941912
634.7250152
634.654541
634.5813413
634.5039888
634.421056
634.3311156
634.2327401
634.1246558
634.0068236
633.8798025
633.7441551
633.6004443
633.4492325
633.2910827
633.1265573
632.9562193
632.7806311
632.6003556
632.4159562
632.2282246
632.0398258
631.8543247
631.6752927
631.5063013
631.3509222
631.2127267
631.0952865
631.002173
630.9369577
630.903212
630.9045075
630.9435707
631.0162875
631.1152471
631.2330131
631.3621502
631.4952227
631.6247952
631.7434323
631.8436986
631.9181612
631.9601913
631.969757
631.9499956
631.9040678
631.8351342
631.7463556
631.6408929
631.5219066
631.3925576
631.2560066
631.1154143
630.9739414
630.8345261
630.6983032
630.5655385
630.4364911
630.3114206
630.1905862
630.0742473
629.9626634
629.8560938
629.7547979
629.6590351
629.5690652
629.4850041
629.4058231
629.3299377
629.2557598
629.1817013
629.1061743
629.0275907
628.9443626
628.8549019
628.7576207
628.650931
628.5332448
628.403279
628.2622126
628.1124141
627.9562602
627.7961273
627.634392
627.4734307
627.31562
627.1633364
627.0189564
626.8848564
626.7634116
626.6565597
626.5626496
626.4783067
626.4001433
626.324772
626.248805
626.1688548
626.0815338
625.9834543
625.8712288
625.7414699
625.5907889
625.4166131
625.2229383
625.0169322
624.8057859
624.59669
624.396835
624.2134112
624.0536093
623.9246197
623.8336328
623.7878391
623.7944346
623.8591462
623.9760406
624.1335193
624.3199481
624.5236937
624.7331227
624.9366021
625.1224985
625.279179
625.3950092
625.459636
625.4730382
625.4401809
625.3660668
625.2556973
625.1140737
624.9461976
624.7570702
624.551693
624.3350673
624.1121947
623.8880779
623.6673244
623.4514038
623.240261
623.0338311
622.8320496
622.6348521
622.442174
622.2539509
622.0701181
621.8906114
621.7153661
621.5443179
621.3774258
621.214842
621.0568111
620.9035787
620.7553901
620.612491
620.4751266
620.3435425
620.2179842
620.098697
619.9859265
619.8799179
619.7808468
619.6883179
619.6016619
619.5202073
619.4432825
619.370216
619.3003364
619.2329721
619.1674516
619.1031034
619.0392561
618.9752382
618.9103668
618.843869
618.7749279
618.7027265
618.6264478
618.5452745
618.4583898
618.3649764
618.2642174
618.1552956
618.037394
617.9096946
617.7716955
617.6254119
617.474081
617.3209476
617.1692564
617.0222521
616.8831793
616.7552829
616.6418074
616.5459975
616.4710979
616.4203516
616.3963002
616.3957602
616.4127914
616.4414347
616.4757306
616.5097197
616.5374426
616.5529399
616.5502521
616.5234173
616.4672291
616.3824865
616.2729052
616.1422194
615.9941629
615.8324694
615.6608724
615.4831058
615.3029032
615.1239983
614.9501248
614.7850156
614.6320538
614.49177
614.3633208
614.2458532
614.1385142
614.0404509
613.9508104
613.8687395
613.7933854
613.723895
613.6594153
613.5990934
613.5420175
613.4867982
613.4318162
613.3754506
613.3160804
613.2520847
613.1818425
613.1037328
613.0161348
612.9174274
612.8059897
612.6801999
612.5386847
612.3820505
612.2118632
612.0296954
611.8371195
611.6357078
611.4270328
611.2126667
610.994182
610.7731509
610.551146
610.3297396
610.1104092
609.893871
609.6804722
609.4705575
609.264472
609.0625603
608.8651673
608.672638
608.4853173
608.3035499
608.1276807
607.9580548
607.795077
607.6396413
607.492877
607.3559151
607.2298866
607.1159225
607.0151538
606.9287115
606.8577266
606.8033301
606.7666528
606.7488253
606.7505778
606.7693798
606.8011322
606.841724
606.8870444
606.9329823
606.9754269
607.0102674
607.0333929
607.0406936
607.0284996
606.9967363
606.9470587
606.8811342
606.8006303
606.7072144
606.6025541
606.4883168
606.3661699
606.237781
606.1048175
605.9689465
605.8316993
605.6934959
605.5542224
605.4137606
605.2719926
605.1288001
604.9840652
604.8376698
604.6894959
604.5394254
604.3873402
604.2331221
604.0767107
603.9185051
603.7591278
603.5992025
603.4393529
603.2802029
603.1223763
602.9664967
602.813188
602.6630738
602.5167781
602.3749245
602.2380752
602.1062958
601.9794121
601.8572478
601.739627
601.6263736
601.5173117
601.4122651
601.311058
601.2135142
601.1194577
601.0287124
600.9410418
600.8557161
600.7717685
600.68823
600.6041323
600.5185064
600.4303838
600.3387958
600.2427736
600.1413487
600.0335524
599.918416
599.7952357
599.6654542
599.5315482
599.3960021
599.2613006
599.1299279
599.0043685
598.8871068
598.7806271
598.687414
598.6099517
598.5507271
598.5116348
598.4898714
598.4803518
598.4779758
598.4776439
598.4742564
598.4627138
598.4379166
598.3947654
598.3281609
598.2336706
598.1122763
597.9675661
597.8031484
597.6226313
597.4296225
597.22773
597.0205617
596.8117256
596.6048295
596.4034813
596.2112907
596.0314234
595.8635214
595.7055158
595.5553262
595.4108727
595.2700753
595.1308542
594.9911295
594.8488213
594.7018496
594.5481346
594.3855963
594.212454
594.0293388
593.8380483
593.6403878
593.4381623
593.233177
593.0272371
592.8221478
592.6197141
592.4217412
592.2300343
592.0463979
591.8724378
591.7081285
591.5526613
591.4052218
591.2649952
591.131167
591.0029225
590.8794472
590.7599266
590.6435459
590.5294906
590.4169461
590.3051517
590.1937827
590.0827245
589.9718642
589.8610888
589.7502853
589.6393408
589.5281423
589.4165767
589.3045311
589.1918925
589.0785481
588.9643726
588.8491448
588.7325965
588.6144594
588.494465
588.3723449
588.2478306
588.1206539
587.9905462
587.8572392
587.7204645
587.5799538
587.4356289
587.2889521
587.1421291
586.9973707
586.8568875
586.7228904
586.59759
586.4831971
586.3819224
586.2959767
586.2275705
586.1789132
586.1517102
586.1435351
586.1499772
586.166611
586.1890107
586.2127508
586.2334054
586.2465491
586.2477562
586.2326012
586.1971585
586.141545
586.0678302
585.9780964
585.8744261
585.7589017
585.6336057
585.5006203
585.362028
585.2199113
585.0763524
584.9334333
584.793037
584.6554167
584.5200432
584.3863809
584.2538946
584.122049
583.9903086
583.8581381
583.7250022
583.5903656
583.4536928
583.3144485
583.1722204
583.0275883
582.881611
582.735351
582.5898708
582.4462326
582.3054988
582.1687317
582.0369937
581.9113471
581.7928543
581.6825782
581.5814119
581.4888982
581.4039243
581.3253731
581.2521279
581.1830717
581.1170876
581.0530587
580.9898681
580.926399
580.8615344
580.7941577
580.7232367
580.6484289
580.569724
580.487114
580.4005907
580.3101462
580.2157724
580.1174614
580.015205
579.9089953
579.7988242
579.6846839
579.5666414
579.4453757
579.3218599
579.1970694
579.0719796
578.9475659
578.8248036
578.7046681
578.5881348
578.4761791
578.3697762
578.2699021
578.1773289
578.0911992
578.0098666
577.9316792
577.8549852
577.7781329
577.6994705
577.6173464
577.5301089
577.4361067
577.3339152
577.223965
577.1075776
576.9860813
576.8608045
576.7330755
576.6042228
576.4755746
576.3484593
576.2242052
576.1041408
575.9895947
575.8816885
575.7798847
575.6828426
575.5892158
575.4976584
575.406824
575.3153667
575.2219402
575.1251985
575.0237954
574.9163849
574.8016201
574.6783407
574.5468684
574.4082445
574.2635151
574.1137259
573.9599227
573.8031514
573.6444577
573.4848875
573.3254866
573.1673009
573.0113758
572.8586854
572.7096176
572.5642784
572.4227717
572.2852014
572.1516715
572.022286
571.8971487
571.7763637
571.6600348
571.548266
571.4411612
571.3387753
571.2407638
571.1465905
571.0557175
570.9676068
570.8817206
570.7975212
570.7144706
570.632031
570.5496646
570.4668335
570.3829997
570.2977002
570.2110721
570.1235429
570.0355422
569.9474996
569.8598446
569.7730068
569.6874156
569.6035007
569.5216916
569.4424179
569.366109
569.2931753
569.2238718
569.1583785
569.096875
569.0395406
568.9865548
568.9380973
568.8943474
568.8554846
568.8216892
568.7929016
568.7671506
568.7415386
568.7131615
568.6791152
568.636496
568.5823998
568.5139229
568.4281614
568.3222113
568.1931688
568.0381284
567.8548395
567.6462798
567.4179632
567.1754193
566.9241778
566.6697681
566.4177198
566.1735624
565.9428255
565.7310384
565.5437307
565.3864296
565.2638977
565.1746346
565.1141288
565.077847
565.0612559
565.0598221
565.0690122
565.0842929
565.1011309
565.1149926
565.121345
565.1156548
565.0936971
565.0537534
564.995311
564.9178668
564.8209175
564.7039595
564.5664896
564.4080043
564.2280003
564.0259741
563.8014225
563.5538401
563.2831901
562.9931542
562.6892195
562.3768852
562.0616499
561.7490122
561.4444708
561.1535244
560.8816717
560.6344111
560.4172416
560.2356623
560.0944972
559.9931453
559.928379
559.8969537
559.8956251
559.921149
559.9702809
560.0397766
560.1263916
560.2268817
560.3380025
560.4565097
560.5791344
560.7024086
560.8227685
560.9366496
561.0404872
561.1307168
561.2037738
561.2560938
561.284112
561.2842632
561.2535788
561.1938762
561.1092912
561.0039745
560.8820764
560.7477474
560.605138
560.4583986
560.3116797
560.1691317
560.034905
559.9131485
559.807518
559.717626
559.641142
559.5757214
559.5190194
559.4686912
559.4223922
559.3777775
559.3325025
559.2842224
559.2305925
559.1692682
559.098187
559.0175749
558.9287604
558.8330803
558.7318711
558.6264696
558.5182124
558.4084361
558.2984773
558.1896726
558.0833588
557.9808731
557.8833837
557.7907185
557.7020537
557.6165616
557.5334144
557.4517847
557.3708446
557.2897665
557.2077227
557.1238856
557.0374276
556.9475209
556.8534726
556.7556764
556.6550513
556.5525198
556.4490044
556.3454275
556.2427116
556.1417792
556.0435527
555.9489546
555.8589074
555.7743331
555.6960301
555.6237808
555.5568802
555.4946194
555.4362894
555.3811814
555.3285865
555.2777959
555.2281007
555.1787921
555.129161
555.0784987
555.0261556
554.9719606
554.9159734
554.8582558
554.7988691
554.737875
554.6753349
554.6113105
554.5458631
554.4790544
554.4109641
554.3418202
554.2719222
554.2015699
554.1310633
554.0607023
553.9907869
553.9216168
553.8534921
553.7867127
553.7215785
553.6583894
553.5972743
553.5369781
553.4755786
553.4111485
553.3417606
553.2654877
553.1804026
553.0845782
552.9760872
552.8530026
552.713397
552.5553414
552.3774305
552.1824164
551.9750712
551.7601797
551.5425264
551.3268959
551.1180725
550.9208409
550.7399854
550.5802905
550.4465408
550.3435202
550.2753062
550.2402544
550.2339579
550.2519915
550.2899299
550.3433476
550.4078196
550.4789203
550.5522245
550.6233069
550.6877424
550.7411067
550.779384
550.8019065
550.8096144
550.8034597
550.7843949
550.7533721
550.7113435
550.6592615
550.5980782
550.5287459
550.4522168
550.3694433
550.2813433
550.1885603
550.0916045
549.9909856
549.8872129
549.7807961
549.6722445
549.5620678
549.4507754
549.3388769
549.2268816
549.1152995
549.0045862
548.8947704
548.7856728
548.6771131
548.5689108
548.4608855
548.3528568
548.2446443
548.1360676
548.0269462
547.9170999
547.8063483
547.6946497
547.5830879
547.4732892
547.3668838
547.2655016
547.1707729
547.0843277
547.0077961
546.9428082
546.8909954
546.853647
546.8293373
546.8153215
546.8088463
546.8071589
546.8075063
546.8071355
546.8032937
546.7932279
546.7741852
546.7434127
546.698158
546.6361134
546.5585825
546.4686109
546.3692556
546.263574
546.1546233
546.0454608
545.9391438
545.8387296
545.7472753
545.6678382
545.6034743
545.5567949
545.5267659
545.5106026
545.5055068
545.5086804
545.5173253
545.5286434
545.5398366
545.5481068
545.550656
545.544686
545.5273978
545.4964029
545.4525976
545.3984681
545.3365122
545.2692271
545.19911
545.1286581
545.0603687
544.9967391
544.9402663
544.8934478
544.8587817
544.8384024
544.8315462
544.8360423
544.8497111
544.8703734
544.8958497
544.9239606
544.9525268
544.979369
545.0023077
545.0191636
545.0277581
545.026201
545.0149571
544.9956252
544.969812
544.9391243
544.9051687
544.8695519
544.8338807
544.7997619
544.768802
544.7426078
544.7227853
544.7105752
544.704233
544.7005799
544.6964259
544.6885811
544.6738555
544.6490592
544.6110025
544.5564954
544.4823492
544.385925
544.2690664
544.1357761
543.9900718
543.8359712
543.677492
543.5186521
543.3634691
543.2159609
543.0801451
542.9600394
542.8596606
542.7825758
542.7286751
542.6960819
542.6829056
542.6872562
542.7072434
542.7409771
542.786567
542.8421229
542.9057546
542.975572
543.0496844
543.1263241
543.2047033
543.2845089
543.3654311
543.44716
543.5293857
543.6117985
543.6940882
543.7759452
543.8570595
543.9371212
544.0158206
544.0928006
544.1673277
544.2384852
544.3053557
544.3670213
544.4225647
544.4710681
544.511614
544.5432847
544.5651627
544.5763304
544.5758705
544.5630087
544.5381395
544.5022198
544.4562101
544.4010714
544.3377643
544.2672496
544.1904882
544.1084407
544.022068
543.9323309
543.84019
543.7465549
543.6519186
543.5565738
543.4608117
543.3649232
543.2691995
543.1739319
543.0794113
542.9859289
542.8937759
542.8032434
542.7146223
542.6282432
542.5447508
542.4649422
542.3896154
542.3195687
542.2556001
542.1985078
542.1490898
542.1081442
542.0764691
542.0547679
542.0429734
542.0406478
542.0473506
542.0626411
542.0860787
542.117223
542.1556333
542.200869
542.2524896
542.3100544
542.3731246
542.4407879
542.5083664
542.5693554
542.6172379
542.6454972
542.6476167
542.6170797
542.5473698
542.4319703
542.2643645
542.0380359
541.7464649
541.3849591
540.9634627
540.4990127
540.0086909
539.5095789
539.0187579
538.5533094
538.130315
537.7668559
537.4800135
537.2868688
537.2044932
537.2466996
537.4005906
537.6404316
537.940395
538.2746524
538.6173754
538.9427357
539.2249048
539.4380545
539.5563563
539.5539832
539.4051091
539.0883053
538.6178492
538.0252097
537.3419878
536.5997822
535.8301911
535.0648127
534.3352452
533.6730868
533.1099357
532.67739
532.4070645
532.3263405
532.4289994
532.6925054
533.0942151
533.6114891
534.2216881
534.9021729
535.6303042
536.3834427
537.1389493
537.8741846
538.5665084
539.1955842
539.7596303
540.2658409
540.7214679
541.1337631
541.5099784
541.8573655
542.1831764
542.4946628
542.7990799
543.1028327
543.4055771
543.7036921
543.9935348
544.2714633
544.5338356
544.7770096
544.9973435
545.1911953
545.354923
545.4848846
545.5774375
545.6297234
545.6451892
545.6303338
545.5916755
545.5357327
545.4690238
545.3980669
545.3293805
545.2694828
545.2248921
545.2021267
545.207702
545.247287
545.3196026
545.4200322
545.5439348
545.686669
545.8435936
546.0100672
546.1814486
546.3530965
546.5203696
546.6786269
546.8232269
546.9501209
547.0600564
547.1560926
547.2413066
547.3187747
547.3915735
547.4627794
547.5354688
547.6127181
547.6976039
547.7932025
547.9025921
548.0284193
548.1699069
548.3246145
548.4900909
548.6638855
548.8435472
549.0266255
549.2106694
549.3932283
549.5718514
549.7440877
549.9074868
550.0599103
550.2017443
550.334595
550.4600764
550.5798026
550.6953875
550.8084453
550.92059
551.0334357
551.1485964
551.2676861
551.3923182
551.5238707
551.6617915
551.8046015
551.9508146
552.0989448
552.247506
552.395012
552.5399769
552.6809146
552.8163389
552.9447639
553.0647032
553.1749422
553.2764547
553.3712712
553.46143
553.5489694
553.6359275
553.7243423
553.8162521
553.9136949
554.0187079
554.1330406
554.2560804
554.3860808
554.5212864
554.6599421
554.8002926
554.9405827
555.0790572
555.2139608
555.3435383
555.4660347
555.5796943
555.6830907
555.777452
555.8652872
555.9491145
556.0314525
556.1148193
556.2017331
556.2947123
556.3962749
556.5089394
556.6352239
556.7776481
556.9383688
557.1166651
557.3104174
557.5174974
557.7357771
557.9631284
558.1974232
558.4365335
558.6783313
558.9206884
559.1614768
559.3985688
559.6300615
559.855877
560.0768182
560.2936937
560.5073123
560.7184826
560.9280135
561.1367135
561.3453915
561.5548561
561.7659161
561.97938
562.1959891
562.4159334
562.6391381
562.8655265
563.0950219
563.3275475
563.5630265
563.8013823
564.042538
564.2864169
564.5329422
564.7820376
565.0334681
565.2857281
565.5366976
565.7842521
566.0262671
566.2606184
566.4851814
566.6978319
566.8964454
567.0788976
567.2430641
567.3868189
567.5085403
567.6106166
567.6973838
567.7731899
567.8423828
567.9093103
567.9783203
568.0537605
568.1399788
568.2413236
568.3616175
568.5004519
568.6553745
568.8239177
569.0036145
569.1919979
569.3866008
569.5849563
569.7845973
569.9830568
570.1778677
570.366562
570.5470016
570.7196709
570.8863284
571.0487406
571.2086736
571.3678938
571.5281673
571.6912605
571.8589394
572.0329705
572.2151198
572.4071533
572.6105838
572.8248668
573.0484655
573.279837
573.5174378
573.7597246
574.0051543
574.2521834
574.4992687
574.7448669
574.9874348
575.2254294
575.4574366
575.6830982
575.9025627
576.1159829
576.3235113
576.5253005
576.7215031
576.9122717
577.0977589
577.2781173
577.4534995
577.6240575
577.7901966
577.9543475
578.1199219
578.2903382
578.4690146
578.6593694
578.8648209
579.0887872
579.3346866
579.6059373
579.9059576
580.2381685
580.6050695
581.001824
581.4200339
581.8512788
582.2871385
582.7191931
583.1390225
583.5382068
583.9083259
584.2409599
584.5276888
584.760096
584.9311493
585.0451211
585.1117264
585.1407177
585.141848
585.1248703
585.0995376
585.075603
585.0628194
585.0709427
585.1088376
585.1782821
585.2776126
585.4051437
585.5591906
585.7380686
585.9400929
586.1635786
586.4068412
586.6681957
586.9459574
587.2384414
587.543937
587.8605204
588.1861655
588.5188456
588.8565339
589.1972036
589.5388278
589.8793799
590.2168329
590.5491601
590.8743348
591.1903304
591.4952802
591.7886217
592.0704193
592.3407422
592.5996598
592.8472413
593.0835558
593.3086725
593.5226608
593.7255898
593.9175288
594.0985465
594.2688729
594.4300256
594.5841455
594.7333781
594.8798687
595.0257628
595.1732054
595.324342
595.4813178
595.6462781
595.8213684
596.0087343
596.2102901
596.4261003
596.6553321
596.8971471
597.150707
597.4151735
597.6897084
597.9734732
598.2656296
598.5653395
598.8717645
599.1840659
599.5013079
599.8217576
600.1432991
600.4638135
600.7811821
601.0932861
601.3980067
601.6932251
601.9768225
602.2466802
602.5006796
602.7367024
602.9531091
603.1521602
603.3379918
603.5147545
603.6865988
603.8576751
604.0321338
604.2141252
604.4077998
604.6173068
604.8463224
605.0946583
605.3602662
605.6410849
605.935053
606.240109
606.5541917
606.8752395
607.2011912
607.5299853
607.8595605
608.1878559
608.5130655
608.8354651
609.156331
609.4769475
609.7985986
610.1225682
610.4501406
610.7825997
611.1212296
611.4673143
611.8221378
612.186985
612.5629473
612.9495789
613.3456883
613.7500789
614.1615542
614.578918
615.0009737
615.426525
615.8543755
616.2833287
616.7121884
617.139758
617.5648797
617.9867061
618.4045397
618.8176843
619.2254433
619.6271206
620.0220197
620.4094443
620.7886979
621.1590843
621.5199071
621.8704706
622.2102933
622.5406494
622.8636572
623.1814408
623.4961245
623.8098326
624.1246895
624.4428193
624.7663464
625.0973951
625.4380895
625.7905534
626.1563993
626.5330795
626.9160448
627.3007301
627.6825711
628.057003
628.4194614
628.7653817
629.0901994
629.38935
629.6582689
629.8923877
630.0881777
630.2503685
630.3876991
630.508935
630.6228408
630.7381811
630.8637205
631.0082234
631.1804543
631.3891762
631.642142
631.9388697
632.2749175
632.6458124
633.0470823
633.4742548
633.9228576
634.3884187
634.8664656
635.3525263
635.8421284
636.3307985
636.8144037
637.291518
637.762029
638.2258332
638.6828269
639.1329063
639.5759674
640.0119065
640.4406198
640.8620034
641.2759536
641.6823664
642.0811736
642.4725927
642.8569794
643.2346905
643.6060826
643.9715126
644.3313369
644.6859125
645.0355959
645.3807438
645.7217131
646.0588605
646.3926389
646.7242839
647.0554077
647.3876255
647.7225523
648.0618029
648.4069926
648.7597362
649.1216489
649.4943457
649.8794414
650.278551
650.6930336
651.1221708
651.5642444
652.0175281
652.480296
652.9508222
653.4273807
653.9082455
654.3916909
654.8759906
655.359419
655.8402488
656.317048
656.7907256
657.2633278
657.7369081
658.2135198
658.6952161
659.1840504
659.6820759
660.191346
660.7139138
661.2518327
661.8071563
662.38126
662.9700562
663.5668152
664.1647901
664.757234
665.3373999
665.8985411
666.4339105
666.9367615
667.4003471
667.8179207
668.1827396
668.4893856
668.7433092
668.9551807
669.1357092
669.2956043
669.4455753
669.5963315
669.7585823
669.9430372
670.1604063
670.4203023
670.7235124
671.0665521
671.4459095
671.8580729
672.2995307
672.766771
673.2562822
673.7645525
674.2880704
674.823324
675.3668022
675.9151966
676.4668593
677.0209403
677.5765954
678.1329807
678.689252
679.2445654
679.7980767
680.3489419
680.8963169
681.4393577
681.9772203
682.5091887
683.0355855
683.5572333
684.0749589
684.5895886
685.1019489
685.6128665
686.1231677
686.6336791
687.1452272
687.6586384
688.1747398
688.6942367
689.2168692
689.7419086
690.2686231
690.7962811
691.324151
691.8515011
692.3775998
692.9017154
693.4231163
693.9410708
694.4548474
694.9639444
695.4697191
695.9744263
696.4803271
696.9896826
697.5047537
698.0278014
698.5610867
699.1068707
699.6674143
700.2449783
700.8418216
701.4595274
702.0941313
702.7390055
703.3875024
704.0329739
704.6687721
705.2882493
705.8847574
706.4516487
706.9822752
707.4699895
707.908142
708.2914829
708.626038
708.9232761
709.194707
709.4518391
709.706181
709.9692408
710.2525271
710.5675479
710.9258078
711.3375443
711.8026
712.3158256
712.8720341
713.4660386
714.0926521
714.7466876
715.4229583
716.1162771
716.8214571
717.5333115
718.2466531
718.956664
719.6615087
720.3607906
721.0541235
721.7411211
722.4213973
723.0945657
723.76024
724.418034
725.0675613
725.7084357
726.3402704
726.9627772
727.5764474
728.1821514
728.7807617
729.3731511
729.9601922
730.5427576
731.1217199
731.6979518
732.2723258
732.8457147
733.4189911
733.9929646
734.5679363
735.1439616
735.7210943
736.299388
736.8788965
737.4596735
738.0417729
738.6252482
739.2101534
739.7965421
740.3844685
740.9740836
741.5663362
742.1625576
742.7640822
743.3722444
743.9883784
744.6138187
745.2498995
745.8979553
746.5593204
747.235329
747.9273165
748.6359846
749.3569429
750.0833406
750.8083086
751.5249785
752.2264819
752.9059504
753.5565157
754.1713092
754.7434627
755.2661077
755.7323702
756.1369258
756.4867547
756.7948145
757.0741009
757.3376084
757.5983314
757.8692645
758.1634021
758.4937384
758.8732694
759.313506
759.813991
760.3684899
760.9707252
761.6144204
762.2932993
763.0010854
763.7315027
764.4782748
765.2351254
765.9957782
766.7539548
767.5039395
768.2444814
768.976499
769.7009245
770.4186899
771.1307269
771.8379674
772.5413432
773.2417862
773.9402283
774.6376012
775.3348367
776.0327058
776.7306773
777.4275912
778.1222835
778.8135902
779.500347
780.18139
780.855555
781.5216781
782.1785951
782.825142
783.4601554
784.0827044
784.6937637
785.2952234
785.8889804
786.476932
787.0609748
787.6430061
788.2249229
788.808622
789.3960005
789.9889555
790.5893839
791.1991219
791.8195146
792.4516701
793.0966947
793.7556947
794.4297764
795.1200463
795.8276106
796.5535757
797.299048
798.0651338
798.852941
799.6631538
800.4930903
801.338434
802.1948576
803.0580346
803.9236381
804.7873414
805.6448177
806.4917403
807.3237825
808.1366175
808.92592
809.688127
810.4258825
811.1448219
811.8506009
812.5488755
813.2453016
813.945535
814.6552318
815.3800479
816.1256418
816.8969561
817.6932494
818.5110188
819.346744
820.196905
821.0579822
821.9264555
822.7988053
823.6715116
824.5410546
825.4039146
826.2565724
827.0959512
827.9225717
828.7386892
829.5465703
830.348482
831.1466914
831.9434654
832.741071
833.541775
834.3478445
835.1615464
835.9851469
836.8206427
837.6678216
838.5254107
839.3921287
840.2666946
841.1478273
842.0342458
842.9246688
843.8178154
844.7124044
845.6071549
846.5007853
847.3921165
848.2807849
849.1668219
850.0502618
850.9311387
851.8094868
852.6853402
853.558733
854.4296995
855.2982737
856.1644898
857.0283816
857.8901006
858.750736
859.6118321
860.4749358
861.3415945
862.213355
863.0917645
863.9783701
864.8747187
865.7823576
866.7028337
867.6376927
868.587828
869.5488124
870.5136566
871.4753535
872.4268957
873.3612761
874.2714873
875.1505221
875.9913733
876.7870336
877.5304963
878.2147574
878.834432
879.3973716
879.9177875
880.4099406
880.888091
881.366499
881.8594246
882.381128
882.9458693
883.5679057
884.2598371
885.0207726
885.8433192
886.7200397
887.6434965
888.6062521
889.6008688
890.619909
891.6559353
892.7015099
893.7491955
894.7915564
895.8218795
896.8393699
897.8460752
898.844065
899.8354089
900.8221761
901.8064363
902.7902587
903.7757129
904.7648683
905.7597942
906.762561
907.7749302
908.7961955
909.8244559
910.8578018
911.894324
912.9321131
913.9692601
915.0038557
916.0339906
917.0577556
918.0732414
919.078538
920.0720469
921.0546515
922.0284402
922.995509
923.9579536
924.9178697
925.8773532
926.8384998
927.8034054
928.7741655
929.7528761
930.7416324
931.7422963
932.7548249
933.7782583
934.8116305
935.853975
936.9043256
937.961716
939.0251799
940.0937511
941.1664633
942.2423502
943.3204456
944.3998393
945.480077
946.5609236
947.6421458
948.7235101
949.8047833
950.885732
951.9661228
953.0457224
954.1242973
955.2016142
956.2774407
957.3512734
958.4204513
959.4812676
960.5300078
961.5629582
962.5764046
963.5666333
964.5299302
965.4625813
966.3608728
967.2210907
968.0395186
968.8135895
969.5499214
970.2595869
970.9536863
971.6433199
972.3395876
973.0535896
973.7964261
974.5791968
975.4130058
976.3076077
977.2619831
978.2698936
979.3250644
980.4212219
981.5520924
982.7114024
983.8928782
985.0902464
986.2972335
987.5075657
988.7149681
989.913725
991.1025808
992.2824439
993.4542367
994.6188812
995.7772994
996.9304131
998.0791445
999.2244154
1000.367148
1001.508264
1002.648686
1003.789274
1004.930394
1006.072173
1007.214736
1008.358209
1009.502717
1010.648385
1011.795338
1012.943702
1014.093601
1015.245161
1016.398508
1017.553707
1018.710338
1019.86775
1021.025289
1022.182299
1023.338128
1024.492121
1025.643624
1026.791983
1027.936545
1029.076654
1030.211656
1031.341139
1032.466627
1033.590583
1034.715474
1035.84377
1036.977938
1038.120448
1039.273767
1040.440364
1041.622707
1042.823266
1044.04451
1045.288142
1046.549734
1047.821885
1049.097177
1050.36819
1051.627504
1052.8677
1054.08136
1055.261064
1056.399392
1057.488926
1058.522252
1059.493514
1060.409641
1061.283705
1062.128822
1062.95811
1063.784685
1064.621665
1065.482166
1066.379306
1067.326205
1068.334457
1069.403463
1070.526714
1071.697661
1072.909756
1074.156451
1075.431199
1076.727451
1078.03866
1079.358279
1080.679759
1081.996555
1083.302731
1084.59735
1085.881879
1087.1578
1088.426599
1089.689759
1090.948763
1092.205095
1093.46024
1094.71568
1095.972901
1097.233384
1098.498513
1099.76883
1101.044479
1102.325598
1103.612328
1104.904807
1106.203175
1107.507571
1108.818134
1110.135004
1111.45832
1112.788222
1114.124753
1115.467193
1116.81445
1118.165429
1119.519037
1120.87418
1122.229764
1123.584694
1124.937877
1126.288218
1127.634624
1128.976
1130.311541
1131.642768
1132.972326
1134.302867
1135.637045
1136.977513
1138.326923
1139.687928
1141.063181
1142.455335
1143.867042
1145.300953
1146.758868
1148.235621
1149.722698
1151.21156
1152.69367
1154.160487
1155.603475
1157.014094
1158.383805
1159.704071
1160.966353
1162.162114
1163.284661
1164.342296
1165.350538
1166.324959
1167.281133
1168.234633
1169.201031
1170.195901
1171.234813
1172.333338
1173.505263
1174.749832
1176.059289
1177.425828
1178.841645
1180.298934
1181.789889
1183.306704
1184.841575
1186.386696
1187.934261
1189.476465
1191.00616
1192.521523
1194.023301
1195.512256
1196.989152
1198.454753
1199.909823
1201.355124
1202.791422
1204.219478
1205.640058
1207.053923
1208.461887
1209.865138
1211.265053
1212.663008
1214.060379
1215.458543
1216.858875
1218.262752
1219.67155
1221.086645
1222.509415
1223.941235
1225.383294
1226.835273
1228.296125
1229.764795
1231.240231
1232.72138
1234.207189
1235.696603
1237.188572
1238.68204
1240.175955
1241.669266
1243.161162
1244.652828
1246.146405
1247.644044
1249.147894
1250.660103
1252.18282
1253.718196
1255.268379
1256.835518
1258.421763
1260.029262
1261.659273
1263.305815
1264.959424
1266.610608
1268.249876
1269.867738
1271.454703
1273.001279
1274.497977
1275.935304
1277.30377
1278.593876
1279.798402
1280.928237
1282.003062
1283.042614
1284.066632
1285.094851
1286.147007
1287.242838
1288.40208
1289.644465
1290.987152
1292.426338
1293.948132
1295.538566
1297.183674
1298.86949
1300.582048
1302.30738
1304.031522
1305.740506
1307.420366
1309.057131
1310.638547
1312.166043
1313.647681
1315.091573
1316.505825
1317.898546
1319.277842
1320.651822
1322.028594
1323.416264
1324.822941
1326.256734
1327.724783
1329.226463
1330.757387
1332.313145
1333.889324
1335.481515
1337.085307
1338.696288
1340.310049
1341.922178
1343.528265
1345.123901
1346.705394
1348.274918
1349.837471
1351.398067
1352.961723
1354.533456
1356.118282
1357.721216
1359.347277
1361.001479
1362.688839
1364.414372
1366.182088
1367.987812
1369.823432
1371.680805
1373.55179
1375.428242
1377.302022
1379.164985
1381.008991
1382.825897
1384.607561
1386.345835
1388.034009
1389.676793
1391.284436
1392.867228
1394.435457
1395.999409
1397.569372
1399.155633
1400.768479
1402.418196
1404.115074
1405.869399
1407.689437
1409.56717
1411.486698
1413.432073
1415.387346
1417.336569
1419.263793
1421.15307
1422.98845
1424.753985
1426.433728
1428.011738
1429.475046
1430.835042
1432.114818
1433.337554
1434.526428
1435.704619
1436.895307
1438.12167
1439.406888
1440.774143
1442.24391
1443.814945
1445.475482
1447.213688
1449.017731
1450.87578
1452.776003
1454.706567
1456.655641
1458.611392
1460.56199
1462.495606
1464.401644
1466.279613
1468.133876
1469.968833
1471.788883
1473.598427
1475.401862
1477.203589
1479.008008
1480.819517
1482.642516
1484.481405
1486.340067
1488.218197
1490.113476
1492.023566
1493.946133
1495.878841
1497.819353
1499.765334
1501.714449
1503.664362
1505.612737
1507.557238
1509.495778
1511.428262
1513.355562
1515.278555
1517.198118
1519.115129
1521.030465
1522.945004
1524.859623
1526.7752
1528.692611
1530.612735
1532.536471
1534.464906
1536.399217
1538.340581
1540.290176
1542.249177
1544.218763
1546.200111
1548.194397
1550.202799
1552.226495
1554.266658
1556.323784
1558.392793
1560.465923
1562.535396
1564.593431
1566.632249
1568.644068
1570.621111
1572.555596
1574.439744
1576.265776
1578.02591
1579.714153
1581.338957
1582.91574
1584.459971
1585.987119
1587.512653
1589.052041
1590.620753
1592.234256
1593.908014
1595.655766
1597.477109
1599.364845
1601.311726
1603.310505
1605.353934
1607.434765
1609.545751
1611.679643
1613.829193
1615.987155
1618.146281
1620.29997
1622.446878
1624.588191
1626.725114
1628.858852
1630.990611
1633.121595
1635.253009
1637.386058
1639.521946
1641.66188
1643.807065
1645.958615
1648.116937
1650.28209
1652.454133
1654.633123
1656.819119
1659.012179
1661.212361
1663.419722
1665.634321
1667.856217
1670.085466
1672.32196
1674.564243
1676.810206
1679.057737
1681.304723
1683.549053
1685.788614
1688.021292
1690.244977
1692.457556
1694.656916
1696.840947
1699.008155
1701.162093
1703.308741
1705.454096
1707.604157
1709.764922
1711.942387
1714.142551
1716.371412
1718.634967
1720.939214
1723.290151
1725.692273
1728.137926
1730.613596
1733.105725
1735.600756
1738.085133
1740.545298
1742.967694
1745.338767
1747.644957
1749.872709
1752.008456
1754.041329
1755.981884
1757.851077
1759.669937
1761.459487
1763.240753
1765.034757
1766.862525
1768.74508
1770.703445
1772.756133
1774.901282
1777.127219
1779.422196
1781.774465
1784.172279
1786.603892
1789.057557
1791.521526
1793.984054
1796.433394
1798.857793
1801.246737
1803.59953
1805.920245
1808.212985
1810.481852
1812.73095
1814.964381
1817.186247
1819.400651
1821.611696
1823.823483
1826.040116
1828.265462
1830.501504
1832.74931
1835.009942
1837.284463
1839.573935
1841.879422
1844.201985
1846.542687
1848.902592
1851.282761
1853.684256
1856.107765
1858.550914
1861.009858
1863.480742
1865.959709
1868.442903
1870.926468
1873.406548
1875.879288
1878.340831
1880.787322
1883.214905
1885.620469
1888.006945
1890.380172
1892.746014
1895.110332
1897.478989
1899.857846
1902.252765
1904.669609
1907.11424
1909.592519
1912.110315
1914.672021
1917.270339
1919.89229
1922.524856
1925.155025
1927.76978
1930.356109
1932.900994
1935.391424
1937.814381
1940.156853
1942.405824
1944.550917
1946.603039
1948.583387
1950.513223
1952.413812
1954.306415
1956.212297
1958.15272
1960.148948
1962.222253
1964.391492
1966.656346
1969.007184
1971.434311
1973.928038
1976.478674
1979.076528
1981.71191
1984.375128
1987.056493
1989.746313
1992.434898
1995.113406
1997.779827
2000.43546
2003.081622
2005.719632
2008.35081
2010.976474
2013.597942
2016.216533
2018.833566
2021.450359
2024.068232
2026.68842
2029.311493
2031.937697
2034.567277
2037.200479
2039.837547
2042.478726
2045.124262
2047.774398
2050.42938
2053.089452
2055.754861
2058.425733
2061.10125
2063.780138
2066.461118
2069.142913
2071.824245
2074.503835
2077.180405
2079.852678
2082.519376
2085.17922
2087.830931
2090.473657
2093.109937
2095.743957
2098.379915
2101.022007
2103.674429
2106.341379
2109.027053
2111.735649
2114.471362
2117.23839
2120.040929
2122.881885
2125.75374
2128.643938
2131.539891
2134.429011
2137.298708
2140.136394
2142.92948
2145.665378
2148.331499
2150.915256
2153.404068
2155.788025
2158.079137
2160.299938
2162.47304
2164.621059
2166.766606
2168.932297
2171.140743
2173.414559
2175.77636
2178.246048
2180.821706
2183.490854
2186.240945
