58.55728241
59.33964432
60.12179901
60.89285872
61.64193567
62.3581421
63.0305902
63.6483922
64.20066034
64.67650684
65.06504393
65.35538373
65.53663855
65.59792877
65.53220234
65.35562226
65.09295427
64.7689765
64.40846892
64.03621169
63.676985
63.35556906
63.09674403
62.92529012
62.86598752
62.94361648
63.18295766
63.60879532
64.24592324
65.11351127
66.19761661
67.47180058
68.9096389
70.48470755
72.17058199
73.94083764
75.76904984
77.62879399
79.49364548
81.33717978
83.13297111
84.85483051
86.48806419
88.03427218
89.49631872
90.87706474
92.17937057
93.40609659
94.56010315
95.64425058
96.66139926
97.61440948
98.50614161
99.33945601
100.117213
100.8422733
101.517506
102.1462505
102.7325121
103.2803464
103.7938095
104.2769572
104.7338455
105.1685305
105.585068
105.9875141
106.3799246
106.7663555
107.1508628
107.5375022
107.9303281
108.3333605
108.748755
109.1760056
109.6144137
110.063278
110.5218972
110.9895698
111.4655945
111.9492699
112.4398945
112.9367671
113.4391861
113.9464502
114.4578581
114.9727084
115.4903096
116.0104458
116.53358
117.0602255
117.5908962
118.1261056
118.6663675
119.2121956
119.7641037
120.3226055
120.8882147
121.461445
122.0428101
122.6328238
123.2319998
123.8408282
124.4586226
125.0830325
125.7115772
126.3417767
126.9711509
127.5972198
128.2175032
128.8295212
129.4307937
130.0188406
130.5911819
131.1453376
131.678828
132.1891755
132.6739738
133.1347211
133.5784563
134.0126332
134.4447085
134.8821391
135.3323819
135.8028937
136.3011312
136.8345513
137.4106109
138.0367666
138.7204753
139.4691932
140.2903703
141.1913003
142.1709592
143.2164366
144.3139627
145.4497562
146.6100354
147.7810183
148.9489229
150.0999675
151.2203701
152.2963486
153.314119
154.2598898
155.1221817
155.902997
156.6094512
157.2486522
157.8277069
158.3537224
158.8338057
159.2750641
159.6846047
160.0695347
160.4369611
160.793991
161.1477318
161.5052913
161.8737845
162.2594316
162.6633428
163.0846742
163.5225847
163.976234
164.4447819
164.9273882
165.4232128
165.9314156
166.4511564
166.9815949
167.5218911
168.0712048
168.6286958
169.1935239
169.7648492
170.341832
170.9236333
171.5094136
172.0983338
172.6895547
173.2822369
173.8755412
174.4686283
175.0606591
175.6507942
176.2381944
176.8220205
177.4014331
177.9755933
178.5438468
179.1066537
179.6648888
180.219427
180.7711434
181.320913
181.8696108
182.4181121
182.9672918
183.5180251
184.071187
184.6276525
185.1882968
185.7539954
186.3256258
186.9036754
187.4863823
188.0711269
188.6552911
189.2362572
189.8114073
190.3781236
190.9337883
191.4757836
192.0014918
192.508295
192.9935753
193.454715
193.8890955
194.294089
194.6682965
195.0173798
195.3496889
195.6735721
195.9973765
196.3294491
196.6781368
197.0517866
197.4587453
197.90736
198.4059776
198.962945
199.5866092
200.285317
201.0674139
201.9387513
202.8901482
203.9068419
204.97406
206.0770297
207.2009784
208.3311334
209.452722
210.5509714
211.611109
212.6183627
213.5579663
214.4153283
215.1849654
215.8744139
216.4921546
217.0466795
217.5464814
218.0000532
218.4158877
218.8024778
219.1683162
219.5218959
219.8717096
220.2262503
220.5940107
220.9834838
221.4030646
221.8564425
222.3406174
222.8520776
223.3873114
223.9428073
224.5150539
225.1005396
225.6957529
226.2971823
226.9013162
227.5046432
228.1036517
228.6948303
229.2746679
229.8396907
230.388373
230.9219438
231.441845
231.9495185
232.4464062
232.9339499
233.4135914
233.8867726
234.3549353
234.8195213
235.2819724
235.7437305
236.2062372
236.6709339
237.1392476
237.6118351
238.0882559
238.5679891
239.0505128
239.5353052
240.0218446
240.5096089
240.9980763
241.4867251
241.9750333
242.462479
242.9485405
243.4326959
243.9144236
244.3932098
244.8689416
245.3420789
245.8131233
246.2825771
246.7509425
247.2187216
247.6864166
248.1545297
248.6235631
249.0940189
249.5663994
250.0412067
250.518943
251.0001105
251.4851949
251.9738727
252.4646733
252.9560373
253.4464055
253.9342187
254.4179178
254.8959435
255.3667368
255.8287383
256.280389
256.7201297
257.1464012
257.5576445
257.9523018
258.3288731
258.688957
259.0385397
259.3839419
259.7314856
260.0874926
260.4582847
260.8501836
261.2695112
261.7225891
262.2157392
262.7552833
263.347543
263.9988396
264.7154882
265.5036728
266.3623775
267.2803133
268.2454467
269.245734
270.2691313
271.3035942
272.3370787
273.3575407
274.3529359
275.3112202
276.2203481
277.0682729
277.8449056
278.551752
279.1946802
279.7795545
280.3122393
280.7985993
281.2444991
281.6558035
282.0383771
282.3980846
282.7407908
283.0723602
283.3986577
283.7255488
284.058905
284.4038109
284.7608644
285.1289445
285.5069333
285.8937136
286.2881684
286.6891808
287.0956336
287.50641
287.9203928
288.3364649
288.7535095
289.1704095
289.5860476
289.9993057
290.4093637
290.817153
291.2242641
291.6322879
292.0428152
292.4574365
292.8777426
293.3053243
293.7417721
294.1886768
294.6476291
295.1202196
295.6080391
296.1126784
296.6357268
297.1782829
297.7384655
298.3132888
298.8997659
299.4949095
300.0957321
300.6992464
301.302465
301.9024006
302.4960659
303.0804735
303.6526359
304.2095659
304.7482757
305.2657764
305.7594825
306.2291658
306.675491
307.0991215
307.5007206
307.8809516
308.240478
308.5799631
308.9000702
309.2014628
309.484804
309.7507574
309.9999862
310.2331531
310.4509151
310.6546431
310.8497812
311.0433318
311.2422954
311.4536713
311.684459
311.941658
312.2322678
312.5632877
312.9417172
313.3745557
313.8688028
314.4314577
315.0695204
315.7899948
316.5975777
317.4832414
318.4328302
319.432181
320.4671316
321.52352
322.5871842
323.643962
324.6796913
325.6802102
326.6313571
327.5189773
328.3290704
329.0559671
329.7058976
330.2859525
330.8032341
331.2648452
331.677889
332.0494681
332.3866857
332.6966446
332.9864479
333.2631983
333.5339989
333.8059526
334.0861617
334.3816581
334.6960531
335.0280815
335.3761122
335.738513
336.1136514
336.499895
336.8956112
337.2991678
337.7089322
338.123272
338.5405549
338.9591482
339.3774197
339.7937368
340.2064836
340.614868
341.0192634
341.4201339
341.8179434
342.2131559
342.6062353
342.9976454
343.3878502
343.7773134
344.1664991
344.555871
344.9458932
345.3370294
345.7297433
346.1244957
346.5215688
346.920992
347.3227759
347.7269309
348.1334674
348.5423959
348.9537267
349.3674703
349.783637
350.2022372
350.6232815
351.04678
351.4727434
351.9011813
352.3320898
352.7647369
353.1973501
353.6280815
354.0550824
354.4765037
354.8904967
355.2952125
355.6888021
356.0694167
356.4352073
356.7843253
357.1149215
357.4251472
357.7131535
357.9771633
358.2188545
358.4448184
358.6620213
358.8774293
359.0980087
359.3307256
359.5825462
359.8604369
360.1713637
360.5222929
360.9201907
361.3720232
361.8847563
362.4653551
363.1206404
363.8499698
364.6421479
365.4851622
366.3670001
367.2756496
368.1990988
369.1253358
370.0423486
370.9381254
371.8006541
372.617923
373.3779192
374.0705697
374.6974353
375.2644061
375.7773794
376.2422523
376.664922
377.0512856
377.4072403
377.7386831
378.0515112
378.3516218
378.6449118
378.9372786
379.2346196
379.5428309
379.8669567
380.2069213
380.5607384
380.9264218
381.3019847
381.6854402
382.0748016
382.4680819
382.8632945
383.2584524
383.6515688
384.0406568
384.4237297
384.7988001
385.1638786
385.5173418
385.8596663
386.1921314
386.5160151
386.8325948
387.143148
387.4489524
387.7512854
388.0514244
388.3506472
388.6502311
388.9514537
389.2555926
389.5639253
389.8777308
390.1980966
390.5250056
390.8580211
391.1967063
391.5406249
391.8893406
392.242417
392.5994176
392.9599061
393.3234461
393.6896012
394.057935
394.4280111
394.7993932
395.1716447
395.5442272
395.9159859
396.2855374
396.651498
397.012484
397.3671115
397.7139968
398.0517561
398.3790057
398.6943618
398.9964406
399.2838584
399.5552313
399.809175
400.0443051
400.2600802
400.4609658
400.6533087
400.8434538
401.0377467
401.2425327
401.4641572
401.7089658
401.9833039
402.2935168
402.6459502
403.0469494
403.50286
404.0200296
404.6048212
405.2615602
405.9829493
406.757239
407.572688
408.4175572
409.2801077
410.1486004
411.0112963
411.8564563
412.6723416
413.4472136
414.1693351
414.8271002
415.415806
415.9405174
416.4070494
416.8212187
417.1888414
417.5157337
417.8077115
418.070591
418.3101884
418.5323196
418.7428008
418.947448
419.1520772
419.362502
419.5844906
419.8212861
420.0725317
420.3376089
420.6158959
420.9067705
421.2096107
421.5237943
421.8486993
422.1837037
422.5281852
422.8815219
423.2430917
423.6122724
423.988442
424.3709765
424.7591611
425.1521513
425.549093
425.9491318
426.3514137
426.7550844
427.1592898
427.5631755
427.9658875
428.3665715
428.7643732
429.1584386
429.5479134
429.9319433
430.3096841
430.680783
431.0455829
431.404481
431.757874
432.106159
432.4497328
432.7889924
433.1243347
433.4561566
433.7848549
434.1108267
434.4344687
434.756178
435.0763513
435.3953836
435.7135699
436.0310626
436.3480039
436.6645356
436.9807997
437.2969381
437.6130926
437.9294052
438.2460178
438.5630724
438.8807108
439.199075
439.5183068
439.8385477
440.1599296
440.4820661
440.8038307
441.1240435
441.4415236
441.7550903
442.0635628
442.3657603
442.6605021
442.9466073
443.2228953
443.4881851
443.7412961
443.9810474
444.2062589
444.4158054
444.6112381
444.7979261
444.9815236
445.1676862
445.3620697
445.5703296
445.7981216
446.0511014
446.3349248
446.6552472
447.0177244
447.4280121
447.8917657
448.4146412
449.0021628
449.6532778
450.3576319
451.104145
451.8817388
452.6793356
453.4858578
454.2902276
455.0813675
455.8481997
456.5796466
457.26463
457.8920661
458.4527174
458.9482487
459.384414
459.7669714
460.1016784
460.3942921
460.6505696
460.8762682
461.077145
461.2589572
461.4274619
461.5884165
461.747578
461.9107038
462.0835492
462.2711166
462.4738443
462.6904768
462.919757
463.1604273
463.4112302
463.6709081
463.9382034
464.2118586
464.4906159
464.7732179
465.058407
465.3449255
465.6315157
465.9169191
466.2000468
466.4807932
466.7594268
467.0362152
467.311426
467.585327
467.8581858
468.1302701
468.4018475
468.6731856
468.9445522
469.2162148
469.4884412
469.7614991
470.0356563
470.3111505
470.5880469
470.8663445
471.1460426
471.4271403
471.7096368
471.9935314
472.2788233
472.5655117
472.8535958
473.1430748
473.4339479
473.7262144
474.0198735
474.3149246
474.6112028
474.907561
475.2024863
475.4944649
475.7819833
476.063528
476.3375852
476.6026415
476.8571832
477.0996967
477.3286684
477.5425848
477.7399322
477.9191967
478.0788661
478.2182791
478.3419019
478.4561112
478.567284
478.6817979
478.8060306
478.9463596
479.1091627
479.3008174
479.5277014
479.7961924
480.112668
480.4835061
480.9150863
481.4138003
481.9840073
482.6183812
483.3051339
484.0324856
484.7886584
485.5618741
486.3403548
487.1123223
487.8659986
488.5896055
489.2713652
489.8995001
490.4623716
490.955425
491.3841202
491.7546966
492.0733927
492.346446
492.5800943
492.7805751
492.9541262
493.1069851
493.2453896
493.3755772
493.5037856
493.6362522
493.7792122
493.9388455
494.1182713
494.3162569
494.5312481
494.7616875
495.0060176
495.2626807
495.5301195
495.8067765
496.091094
496.3815146
496.6764808
496.974435
497.2738199
497.5730782
497.8706641
498.16561
498.4577753
498.7470796
499.0334431
499.3167858
499.5970282
499.8740904
500.1478927
500.4183553
500.6853984
500.9489422
501.208907
501.465213
501.7177805
501.9665376
502.2117957
502.4544109
502.6952811
502.9353039
503.1753771
503.4163985
503.6592658
503.9048768
504.1541293
504.4079209
504.6671496
504.9327129
505.2055086
505.4864342
505.776362
506.0748524
506.37961
506.6881963
506.9981727
507.3071006
507.6125415
507.9120569
508.2032083
508.4835571
508.7506647
509.0020928
509.2354026
509.4481562
509.637918
509.8023169
509.9425328
510.0648053
510.1757432
510.2819598
510.3900686
510.5066831
510.638417
510.7918838
510.9736969
511.19047
511.4488165
511.7553501
512.116684
512.5394283
513.0300541
513.5880434
514.2028918
514.8633619
515.5582101
516.2761923
517.0060644
517.7365823
518.4565019
519.1545789
519.8195691
520.4402264
521.005291
521.505455
521.9425739
522.3227754
522.652179
522.9369024
523.1830632
523.3967788
523.5841669
523.7513451
523.904431
524.0495422
524.1927963
524.3403108
524.4982039
524.6725998
524.8685886
525.0852588
525.3194268
525.5679087
525.8275216
526.0950827
526.3674092
526.6413182
526.913627
527.1811527
527.4407126
527.6891238
527.9232035
528.1397689
528.3356383
528.5082182
528.6584797
528.7887147
528.9012175
528.9982824
529.0822038
529.1552761
529.2197938
529.2780512
529.3323426
529.3849627
529.4382056
529.4943659
529.5557381
529.624617
529.7030592
529.7917125
529.8906945
530.0001232
530.1201165
530.2507924
530.3922689
530.5446639
530.7080953
530.8826812
531.0685395
531.2657881
531.4745451
531.6949286
531.9270591
532.1707755
532.4243115
532.685286
532.9513191
533.2200311
533.4890421
533.7559726
534.0184428
534.2740731
534.5204837
534.755295
534.9761272
535.1806007
535.3663355
535.530948
535.672982
535.7964323
535.9073429
536.0117595
536.1157275
536.2252919
536.3464978
536.4853905
536.648015
536.8404165
537.06864
537.3387308
537.6567341
538.028695
538.4606543
538.9568598
539.5106813
540.1114546
540.7485116
541.4111827
542.0887985
542.7706892
543.4461854
544.1046175
544.7353158
545.327611
545.8708357
546.3544524
546.7743309
547.13549
547.4436257
547.7044385
547.9236291
548.1068981
548.2599466
548.388475
548.4981844
548.5947754
548.6839488
548.7714054
548.8628459
548.9639713
549.0804217
549.2148385
549.3656181
549.5308263
549.7085297
549.8967952
550.0936897
550.2972801
550.5056332
550.716816
550.9288954
551.1399382
551.3480113
551.5511817
551.747517
551.9351052
552.1131564
552.2824714
552.4439708
552.5985759
552.7472082
552.8907888
553.0302392
553.1664808
553.3004347
553.4330225
553.5651653
553.6977847
553.8318017
553.9681374
554.1077042
554.2509545
554.3976838
554.5476398
554.7005699
554.8562212
555.0143411
555.1746766
555.3369751
555.5009837
555.6664496
555.8331202
556.0007425
556.1690638
556.3378313
556.5067891
556.6755303
556.8434327
557.0098582
557.1741685
557.3357252
557.49389
557.6480247
557.7974909
557.9416503
558.0798647
558.2114956
558.3359049
558.4524542
558.5605053
558.6594593
558.750699
558.8384099
558.9269959
559.0208604
559.1244066
559.2420378
559.3781573
559.5371681
559.7234737
559.9414772
560.1955818
560.4901908
560.829707
561.2185294
561.6609599
562.1559169
562.6946696
563.2679199
563.8663642
564.4806989
565.1016203
565.7198251
566.3260094
566.9108697
567.4651025
567.9794038
568.4444737
568.8525531
569.2052149
569.5074978
569.7644433
569.9810933
570.1624905
570.313677
570.4396954
570.5455879
570.6363971
570.7171652
570.7929347
570.868748
570.9496482
571.0406816
571.146186
571.2663965
571.3999871
571.5456345
571.7020157
571.8678078
572.0416878
572.2223327
572.4084195
572.5986253
572.791627
572.9861018
573.1807266
573.3741783
573.5651325
573.7524327
573.9358846
574.1156608
574.2919336
574.4648752
574.6346575
574.8014528
574.9654332
575.1267708
575.2856376
575.4422057
575.5966474
575.7491346
575.8998396
576.0489344
576.1965443
576.3425133
576.4865812
576.6284871
576.7679705
576.9047707
577.0386271
577.169279
577.2964658
577.4199269
577.5394015
577.6546291
577.7653489
577.8713005
577.9722231
578.0679817
578.1591948
578.2467619
578.3315828
578.4145572
578.4965846
578.578565
578.661398
578.7459833
578.8332207
578.9240098
579.0192505
579.1198424
579.2266855
579.3406815
579.4624738
579.5912257
579.7255344
579.8639982
580.0052157
580.1477855
580.2903061
580.4313762
580.5695942
580.7035587
580.8318684
580.9531218
581.0659174
581.1688534
581.2605238
581.3401727
581.4108011
581.476836
581.542704
581.6128311
581.6916432
581.7835663
581.8930263
582.0244491
582.1822607
582.370887
582.5947539
582.8582874
583.1659134
583.5220559
583.929757
584.3837019
584.8754763
585.396661
585.9388363
586.4935824
587.0524796
587.6071082
588.1490485
588.6698807
589.1611853
589.6145459
590.0216417
590.3790825
590.690526
590.960143
591.1921099
591.3906034
591.5598001
591.7038769
591.8270105
591.9333776
592.0271549
592.1125193
592.1936474
592.274716
592.359902
592.4533393
592.5570988
592.6703211
592.7919216
592.9208161
593.0559202
593.1961496
593.3404201
593.4876473
593.636747
593.786635
593.9362269
594.0844384
594.2301853
594.3723835
594.5099555
594.6421845
594.7688636
594.8898251
595.0049013
595.1139245
595.2167272
595.3131416
595.403
595.4861349
595.5623784
595.6315631
595.6935211
595.7480848
595.7950873
595.8343717
595.8663608
595.8923033
595.9135079
595.9312842
595.9469417
595.96179
595.9771388
595.9942974
596.0145757
596.039283
596.069729
596.1072233
596.1530754
596.2085943
596.2750666
596.3526484
596.4398813
596.5351882
596.6369909
596.7437111
596.8537708
596.9655915
597.0775952
597.1882036
597.2958384
597.3989215
597.4958747
597.5851196
597.665078
597.7342172
597.7932445
597.8460399
597.8967303
597.9494416
598.0083
598.0774312
598.1609612
598.2630161
598.3877217
598.539204
598.7215889
598.9390023
599.1955699
599.4954153
599.8425737
600.2363141
600.669152
601.1330911
601.6201323
602.122277
602.6315263
603.1398816
603.639344
604.1219149
604.5795956
605.0043872
605.3882937
605.7246049
606.0144074
606.2616773
606.4703949
606.644541
606.7880968
606.9050431
606.9993609
607.0750312
607.136035
607.1863532
607.2299668
607.2708569
607.3130047
607.3603925
607.4164741
607.4815904
607.5549077
607.6355938
607.7228165
607.8157435
607.9135426
608.0153816
608.120428
608.2278497
608.3368144
608.4464898
608.5560436
608.6646435
608.7714563
608.8757376
608.9772462
609.0759344
609.1717539
609.2646563
609.3545934
609.4415167
609.525378
609.6061288
609.6837209
609.7581059
609.8292354
609.8970611
609.9615347
610.0226076
610.0802714
610.1347529
610.1863675
610.2354308
610.2822579
610.3271645
610.3704659
610.4124775
610.4535147
610.4938929
610.5339276
610.5739342
610.614228
610.6551246
610.696939
610.7398974
610.783685
610.8277866
610.8716867
610.9148697
610.9568202
610.9970225
611.0349612
611.0701206
611.1019853
611.1300397
611.1537683
611.1726556
611.1861854
611.1938402
611.1955825
611.1941716
611.1934281
611.1971707
611.2092182
611.2333894
611.273503
611.3333777
611.4168323
611.5276855
611.669756
611.8468625
612.0628241
612.3214603
612.626602
612.9807379
613.3786938
613.8123659
614.2736538
614.7544589
615.2466826
615.7422264
616.2329916
616.7108797
617.1677922
617.5956308
617.9862999
618.3317877
618.6286872
618.8801223
619.089707
619.2610594
619.3977969
619.5035373
619.5818982
619.6364973
619.6709522
619.6888805
619.6938999
619.689628
619.6796823
619.6676793
619.6572088
619.6504344
619.6474822
619.6483307
619.6529569
619.6613371
619.6734482
619.6892667
619.7087691
619.7319321
619.7587324
619.7891465
619.8231509
619.8607225
619.9018376
619.9464735
619.9946305
620.046342
620.1016439
620.1605722
620.2231628
620.2894517
620.3594748
620.4332681
620.5108675
620.5923089
620.6776282
620.7668615
620.8600447
620.9572137
621.0583983
621.1633243
621.2712869
621.3815478
621.493369
621.6060122
621.7187393
621.8308122
621.9414928
622.0500429
622.1557244
622.2577992
622.355529
622.4481758
622.5350017
622.6152729
622.6884883
622.7544776
622.813095
622.8641948
622.9076316
622.9432596
622.9709333
622.9905072
623.0018356
623.0047728
622.9991735
622.9848918
622.9617824
622.9297009
622.8885339
622.8397979
622.7873382
622.7351692
622.6873073
622.647769
622.6205709
622.6097294
622.6192612
622.6531828
622.7155107
622.8102615
622.9414516
623.1130977
623.3292163
623.5937251
623.9057898
624.2578191
624.6417055
625.0493417
625.4726203
625.9034341
626.3336755
626.7552374
627.1600125
627.5398931
627.8867711
628.1925276
628.4504088
628.6614841
628.8298061
628.9594255
629.0543912
629.1187518
629.1565562
629.1718531
629.1686912
629.1511194
629.1231863
629.0889408
629.0524315
629.0177073
628.988817
628.9692826
628.9594625
628.9585384
628.9656901
628.9800974
629.00094
629.0273978
629.0586505
629.0938778
629.1322597
629.1729758
629.215206
629.25813
629.3009275
629.3427785
629.3829639
629.4213719
629.4581172
629.4933147
629.527079
629.5595251
629.5907679
629.620922
629.6501024
629.6784239
629.7060013
629.7329495
629.7593833
629.7854175
629.8111669
629.8367445
629.8622515
629.8877849
629.9134417
629.9393187
629.9655129
629.9921212
630.0192406
630.0469681
630.0754005
630.1046349
630.1347681
630.1658971
630.1981189
630.231531
630.2661575
630.3015987
630.3372943
630.3726838
630.4072069
630.4403033
630.4714128
630.4999749
630.5254293
630.5472157
630.5647739
630.5775434
630.584964
630.5864754
630.5815177
630.5698985
630.553647
630.5356164
630.5186612
630.5056359
630.4993953
630.5027939
630.5186864
630.5499273
630.5993713
630.6698731
630.7642872
630.8854684
631.0362718
631.219553
631.4371667
631.6850238
631.9568026
632.246183
632.5468447
632.8524673
633.1567303
633.4533133
633.735896
633.9981578
634.2337784
634.436437
634.599897
634.7219682
634.8062057
634.856607
634.8771691
634.8718885
634.8447621
634.7997866
634.7409587
634.6722752
634.5977327
634.5213281
634.447058
634.3789191
634.3209074
634.2769786
634.2489513
634.2356208
634.23555
634.2473012
634.2694373
634.3005207
634.3391141
634.3837801
634.4330814
634.4855806
634.5398403
634.5944231
634.6478919
634.6988097
634.7457526
634.7879994
634.8258309
634.8596007
634.8896633
634.9163734
634.9400855
634.9611543
634.9799344
634.9967804
635.012047
635.0260886
635.0392601
635.0519159
635.0644105
635.0770928
635.0900237
635.1028538
635.1152033
635.1266919
635.1369396
635.1455663
635.152192
635.1564364
635.1579196
635.1562613
635.1510816
635.1420002
635.1286372
635.1106123
635.0875551
635.0595708
635.0274378
634.9919872
634.9540498
634.9144562
634.8740375
634.8336242
634.7940472
634.7561373
634.7207253
634.6886419
634.6607179
634.6377842
634.6206709
634.6101943
634.6063965
634.6082236
634.6145383
634.6242029
634.6360798
634.6490315
634.6619204
634.6736088
634.6829592
634.688834
634.6900956
634.6856064
634.6742289
634.6548271
634.626296
634.5892235
634.546614
634.501647
634.4575042
634.4173676
634.384419
634.3618405
634.352814
634.3605213
634.3881444
634.4388652
634.5158657
634.6223276
634.7614321
634.9362822
635.1461839
635.3850247
635.6462886
635.9234572
636.2100123
636.4994355
636.7852084
637.0608127
637.31973
637.5554418
637.7614286
637.9311615
638.0592969
638.147246
638.1990078
638.2185768
638.2099463
638.1771095
638.1240594
638.0547891
637.9732919
637.8835609
637.7895892
637.69537
637.6048963
637.5221616
637.4511611
637.3953028
637.3545334
637.3275001
637.3128487
637.3092256
637.3152769
637.3296489
637.350988
637.3779404
637.4091524
637.4432702
637.4789401
637.5148084
637.5495214
637.5817258
637.6102515
637.6350401
637.6564453
637.6748214
637.6905227
637.7039035
637.7153181
637.7251209
637.7336662
637.7413084
637.7484017
637.7553006
637.7623593
637.7699322
637.7783741
637.7879758
637.7986587
637.8102033
637.8223907
637.8350019
637.8478178
637.8606193
637.8731876
637.8853034
637.8967478
637.9073019
637.9167464
637.9248625
637.9314312
637.9362338
637.9389963
637.9391272
637.9359133
637.928642
637.9166004
637.8990758
637.8753555
637.8447268
637.8064768
637.7598928
637.7042622
637.6388721
637.5630098
637.4759625
637.3770167
637.2659535
637.1455027
637.0194949
636.8917621
636.7661363
636.6464495
636.5365334
636.4402202
636.3613417
636.3037298
636.2712166
636.2676339
636.2968137
636.3625882
636.4687874
636.6181375
636.806702
637.0280648
637.2758091
637.5435172
637.8247714
638.1131539
638.402247
638.685633
638.9568942
639.2096128
639.4373716
639.6338266
639.7961805
639.9266908
640.0279949
640.1027316
640.1535397
640.1830579
640.1939251
640.18878
640.1702614
640.1410082
640.103659
640.0608528
640.0152283
639.9694241
639.9260546
639.8864958
639.8503726
639.8171737
639.786388
639.7575045
639.7300121
639.7033998
639.6771567
639.6507717
639.6237339
639.5955321
639.5656555
639.533593
639.4988339
639.4608728
639.4195057
639.3749566
639.3274812
639.2773357
639.2247761
639.1700584
639.1134389
639.0551735
638.9955182
638.9347293
638.8730627
638.8107746
638.7481209
638.6853579
638.6227417
638.5605375
638.4990233
638.438478
638.3791804
638.3214094
638.265444
638.211563
638.1600453
638.1111698
638.0652153
638.0224609
637.9831853
637.9476674
637.9161862
637.8890128
637.8660434
637.8466417
637.8301302
637.8158318
637.8030693
637.7911655
637.779443
637.7672248
637.7538336
637.7385921
637.7208232
637.6998496
637.6749941
637.6455797
637.6109514
637.5715918
637.5295924
637.4871694
637.4465387
637.4099164
637.3795185
637.3575609
637.3462597
637.3478307
637.3644899
637.3984535
637.4519372
637.5271568
637.6263259
637.7516074
637.9023581
638.0739396
638.2614207
638.459867
638.6643437
638.8699162
639.0716498
639.2646098
639.4438615
639.6044703
639.7415012
639.8500205
639.9259403
639.9702574
639.9858653
639.9756578
639.9425292
639.8893736
639.8190853
639.7345587
639.6386879
639.5343673
639.4244912
639.3119538
639.1996494
639.0904727
638.987321
638.8926858
638.8067309
638.7287304
638.6579602
638.5936964
638.5352153
638.4817931
638.4327059
638.3872299
638.3446413
638.3042163
638.265231
638.2269618
638.1886846
638.1496752
638.1092953
638.0674059
638.0240571
637.9792992
637.9331822
637.8857562
637.8370713
637.7871776
637.7361252
637.6839641
637.6307444
637.5765162
637.5213296
637.4652348
637.4082817
637.3505745
637.2925434
637.2347393
637.1777136
637.1220175
637.0682022
637.016819
636.9684192
636.9235541
636.8827749
636.8466329
636.8156793
636.7904654
636.7715427
636.7594625
636.7545401
636.7556866
636.761286
636.7697225
636.7793802
636.7886436
636.7958967
636.7995237
636.7979089
636.7894365
636.7724906
636.7454555
636.7067153
636.6546537
636.5876501
636.5046441
636.4077725
636.3003967
636.1858756
636.0675676
635.948831
635.8330244
635.723506
635.6236343
635.5367676
635.4662643
635.4154828
635.3877815
635.3865191
635.4150592
635.475843
635.5659307
635.6803518
635.8141346
635.9623084
636.1199024
636.2819458
636.443468
636.5994981
636.7450655
636.8751996
636.9849324
637.0693479
637.1264246
637.158265
637.1672725
637.155854
637.1264169
637.0813684
637.0231156
636.9540659
636.8766265
636.7932046
636.7062075
636.6180423
636.5311163
636.447836
636.3705818
636.3004082
636.2364764
636.1778082
636.1234243
636.0723456
636.0235925
635.9761858
635.9291461
635.8814941
635.8322504
635.7804357
635.7250707
635.6651759
635.599772
635.5278942
635.4492904
635.364718
635.2750131
635.1810115
635.083549
634.9834612
634.8815839
634.7787529
634.6758039
634.5735728
634.4728951
634.3746067
634.2795432
634.1885401
634.1024204
634.0213308
633.9444613
633.8709286
633.7998494
633.7303403
633.6615178
633.5924987
633.5223996
633.4503371
633.3754278
633.2967884
633.2135355
633.1247857
633.0296565
632.927279
632.8175477
632.7014458
632.5800356
632.4543803
632.3255435
632.1945883
632.0625781
631.9305763
631.7996462
631.6708513
631.5452548
631.42392
631.3079104
631.1982891
631.0961037
631.001641
630.9141024
630.8326083
630.7562789
630.6842341
630.6155939
630.5494785
630.4850078
630.4213019
630.3574808
630.2926645
630.2259731
630.1565267
630.083445
630.0058707
629.9240556
629.8398216
629.755113
629.6718739
629.5920483
629.51758
629.450413
629.3924911
629.3457585
629.3121589
629.2936362
629.2921345
629.3095974
629.3479674
629.409144
629.4926725
629.5947582
629.7113562
629.8384195
629.9719016
630.1077553
630.241934
630.3703909
630.4890791
630.5939518
630.6809622
630.7460651
630.7859032
630.8012917
630.7945932
630.7681719
630.7243924
630.6656193
630.5942174
630.5125513
630.4229857
630.3278853
630.2296148
630.1305388
630.0330221
629.9394295
629.8521272
629.7731509
629.7026088
629.6398787
629.5843392
629.5353692
629.4923475
629.4546529
629.4216643
629.3927603
629.3673199
629.3447219
629.3243451
629.3055682
629.2877701
629.2703295
629.2526336
629.2341168
629.2142323
629.1924328
629.1681711
629.1409001
629.1100727
629.0751417
629.0355599
628.9907802
628.9402555
628.8834385
628.8197822
628.7487393
628.6697624
628.5824796
628.4875635
628.3860771
628.279084
628.1676476
628.0528315
627.935699
627.8173137
627.698739
627.5810384
627.4652753
627.3525132
627.2438157
627.1402461
627.0428675
626.952525
626.8687448
626.7905634
626.7170166
626.6471404
626.5799707
626.5145432
626.4498938
626.3850584
626.3190727
626.2509727
626.1797943
626.1045731
626.0243448
625.9381433
625.8453207
625.7470677
625.6452751
625.5418327
625.4386299
625.3375563
625.2405013
625.1493544
625.0660051
624.9923429
624.9302574
624.8816379
624.8483741
624.8323558
624.8354775
624.8590447
624.9009869
624.9579463
625.026566
625.10349
625.1853622
625.2688265
625.3505267
625.4271069
625.495211
625.551483
625.5925685
625.6151503
625.617983
625.6027633
625.5714068
625.5258311
625.4679537
625.3996921
625.3229639
625.2396867
625.1517779
625.0611552
624.9697361
624.8794381
624.7921787
624.7098747
624.6344235
624.5667051
624.5061453
624.4520648
624.4037825
624.3606178
624.3218896
624.286917
624.2550193
624.2255154
624.1977245
624.1709657
624.144558
624.1178207
624.0900727
624.0606343
624.0288766
623.9942431
623.9561829
623.9141451
623.8675787
623.815933
623.7586569
623.6951995
623.62501
623.5475374
623.4622308
623.3685393
623.265912
623.153798
623.0316607
622.8996818
622.7590595
622.6110709
622.456993
622.2981028
622.1356771
621.9709929
621.8053271
621.6399568
621.4761587
621.3152099
621.1583872
621.0069676
620.8622271
620.7254241
620.5968325
620.4753252
620.3596725
620.2486432
620.1410062
620.0355305
619.9309849
619.8261383
619.7197596
619.6106177
619.4974816
619.3791201
619.2543021
619.1217978
618.9804078
618.8305282
618.6748343
618.5161676
618.3573716
618.2012896
618.0507649
617.9086411
617.7777616
617.6609698
617.5611091
617.4810229
617.4235547
617.3915478
617.3878461
617.4152266
617.4732722
617.5570294
617.661196
617.7804698
617.909549
618.0431318
618.1759163
618.3026006
618.4178828
618.516461
618.5930328
618.6422888
618.6598711
618.6468959
618.6065623
618.5420681
618.4566103
618.3533858
618.2355912
618.1064235
617.9690795
617.8267559
617.6826497
617.5399576
617.4018764
617.271603
617.1523338
617.0466906
616.9538303
616.8716235
616.7979384
616.7306435
616.667607
616.606697
616.545782
616.4827301
616.4154096
616.3416889
616.259436
616.1665194
616.0608071
615.9401673
615.8029128
615.6500105
615.4834215
615.3051063
615.1170256
614.9211401
614.7194107
614.5137981
614.306263
614.0987663
613.8932687
613.691731
613.4961139
613.3083785
613.1304872
612.9641902
612.8100241
612.6680609
612.5383735
612.4210349
612.3161183
612.2236968
612.1438434
612.0766314
612.0221337
611.9804236
611.951574
611.9356582
611.9327493
611.942922
611.966
612.0003488
612.0437822
612.0941138
612.1491575
612.2067273
612.2646372
612.320701
612.3727327
612.4185462
612.4559555
612.4827744
612.496817
612.4958971
612.4778297
612.4409691
612.3869379
612.3185701
612.2387015
612.1501682
612.0558062
611.9584515
611.8609403
611.7661086
611.6767925
611.5958281
611.5260515
611.4702986
611.4314063
611.4122116
611.4148344
611.437153
611.4754485
611.5260036
611.5851007
611.6490225
611.7140513
611.7764698
611.8325603
611.8786053
611.9108875
611.925689
611.919337
611.8903253
611.8402209
611.7708288
611.6839531
611.5813982
611.4649682
611.3364674
611.1977
611.0504702
610.8965822
610.7378403
610.5760486
610.4130114
610.2505325
610.0903995
609.9335301
609.7796106
609.6282335
609.4789907
609.3314741
609.1852758
609.0399878
608.8952023
608.7505111
608.6055063
608.4597801
608.3129243
608.1645311
608.0141929
607.8615094
607.7064871
607.5497123
607.3918135
607.2334197
607.0751599
606.9176631
606.7615584
606.6074748
606.4560414
606.3078872
606.1636413
606.0239326
605.8893902
605.7606429
605.6383099
605.5225268
605.4127385
605.3083391
605.2087224
605.1132819
605.0214113
604.9325044
604.8459547
604.7611559
604.6775016
604.5943856
604.5112015
604.4273429
604.3422035
604.2551837
604.1660165
604.0749056
603.9820918
603.8878153
603.7923165
603.695836
603.598614
603.500891
603.4029073
603.3049034
603.2071197
603.1097966
603.0131744
602.9174937
602.8229976
602.73007
602.6392948
602.5512711
602.4665978
602.3858741
602.3096989
602.2386713
602.1733903
602.114455
602.0624645
602.0180177
601.9817138
601.9541517
601.9359294
601.9276251
601.928739
601.9372313
601.9509509
601.9677455
601.9854623
602.0019488
602.0150523
602.0226202
602.0225
602.0125389
601.9905841
601.9544818
601.9024979
601.8353649
601.7547471
601.6623078
601.5597099
601.4486165
601.3306909
601.207596
601.0809951
600.9525513
600.8239277
600.6967875
600.5727937
600.4536098
600.3409018
600.2360235
600.1385504
600.0473769
599.9613985
599.879511
599.8006102
599.723592
599.6473522
599.5707868
599.4927915
599.4122623
599.3280949
599.2391852
599.144429
599.0427214
598.933202
598.8164551
598.6936066
598.5657833
598.4341115
598.2997178
598.1637285
598.0272703
597.8914695
597.7574526
597.626346
597.4992763
597.3773699
597.2617533
597.1535524
597.0536732
596.9616874
596.8766718
596.7977028
596.7238566
596.6542094
596.5878374
596.5238168
596.4612237
596.3991344
596.336625
596.2727718
596.2066508
596.1373383
596.0639095
595.9856013
595.9025891
595.8154047
595.7245791
595.6306436
595.5341292
595.4355671
595.3354885
595.2344244
595.132906
595.0314644
594.9306307
594.8309362
594.732912
594.6370903
594.5438748
594.4529335
594.3636533
594.2754214
594.1876254
594.0996525
594.0108904
593.9207263
593.8285477
593.7337421
593.6356968
593.5337994
593.4274372
593.3159977
593.1988679
593.0756616
592.9473445
592.8153868
592.6812594
592.5464332
592.412379
592.2805677
592.1524702
592.0295572
591.9132997
591.8051685
591.7066344
591.6191684
591.5442414
591.4833237
591.437507
591.4056011
591.385566
591.3753615
591.3729471
591.3762823
591.3833265
591.3920393
591.4003801
591.4063084
591.4077837
591.4027656
591.3892328
591.3660897
591.3335592
591.291964
591.2416265
591.1828697
591.1160162
591.0413887
590.95931
590.8701028
590.7740897
590.6715936
590.5629372
590.4484432
590.3284342
590.203236
590.0733203
589.939365
589.8020645
589.662113
589.5202046
589.3770337
589.2332942
589.0896805
588.9468866
588.8056069
588.6665355
588.5303666
588.3977943
588.2695127
588.1462103
588.0282818
587.9157041
587.8084231
587.7063844
587.6095336
587.5178163
587.4311781
587.3495646
587.2729214
587.2011942
587.1343284
587.0722698
587.0149639
586.9623562
586.9143869
586.8707352
586.8307063
586.7935783
586.7586292
586.7251366
586.6923785
586.6596328
586.6261771
586.5912893
586.5542473
586.5143289
586.4708119
586.4229741
586.3700933
586.3114598
586.2469585
586.1773202
586.1033402
586.0258137
585.9455362
585.863303
585.7799092
585.6961503
585.6128216
585.5307184
585.450636
585.3733698
585.2997149
585.2304667
585.1664092
585.1077536
585.0539007
585.0041882
584.9579544
584.9145371
584.8732744
584.8335044
584.794565
584.7557943
584.7165304
584.6761112
584.6338749
584.5891594
584.5413029
584.4896479
584.4337631
584.3735396
584.3088923
584.2397364
584.165987
584.0875591
584.0043679
583.9163286
583.8233562
583.7253659
583.6222728
583.5139921
583.4005137
583.282278
583.1598929
583.0339664
582.9051065
582.7739214
582.6410191
582.5070078
582.3724954
582.2380901
582.1043999
581.9720328
581.8415971
581.7137009
581.5889534
581.4678122
581.3498648
581.2343665
581.120573
581.0077403
580.8951243
580.7819808
580.6675658
580.5511353
580.431945
580.3092511
580.1823092
580.0503755
579.9127057
579.7685539
579.6173956
579.4599807
579.2975434
579.1313179
578.962538
578.7924377
578.6222508
578.4532111
578.2865526
578.123509
577.9653142
577.8132022
577.6684068
577.5321618
577.4057008
577.2900586
577.1850672
577.090113
577.0045812
576.9278572
576.8593264
576.7983741
576.7443858
576.6967467
576.6548421
576.6180575
576.5857782
576.5573896
576.532277
576.5098258
576.4893394
576.4696318
576.4493338
576.4270762
576.4014899
576.3712055
576.334854
576.2910661
576.2384727
576.1757044
576.1013921
576.0141667
575.9126588
575.7954987
575.6613128
575.509259
575.3415312
575.1614856
574.9724764
574.7778571
574.5809813
574.3852025
574.1938743
574.0103501
573.8379836
573.6801283
573.5401377
573.4213654
573.3271653
573.2608956
573.2250974
573.2175507
573.2342369
573.271137
573.3242323
573.3895046
573.4629354
573.5405063
573.6181989
573.6919948
573.7578758
573.8118252
573.8498598
573.8698656
573.8723906
573.858177
573.8279699
573.782514
573.7225543
573.6488356
573.5621029
573.4631012
573.3525752
573.23127
573.0999303
572.9593012
572.8101277
572.6531628
572.489553
572.3210071
572.1492754
571.9761085
571.8032568
571.6324709
571.4655015
571.304099
571.1500141
571.0049972
570.8707991
570.7491701
570.641861
570.5506223
570.4771695
570.4214981
570.3811657
570.353541
570.335993
570.325891
570.320604
570.3175014
570.3139523
570.3073258
570.2949912
570.2743176
570.2426742
570.1974303
570.1359558
570.0556535
569.95568
569.8376759
569.7034708
569.5548953
569.3937799
569.2219549
569.0412507
568.8534978
568.6605266
568.4641674
568.2662506
568.0686067
567.8730661
567.6814583
567.4956001
567.3165844
567.1444717
566.9792478
566.8208976
566.6694055
566.5247564
566.386935
566.2559258
566.1317136
566.0142832
565.9036191
565.799706
565.7025287
565.6120718
565.5283141
565.450953
565.3792838
565.3125724
565.2500841
565.1910845
565.1348389
565.0806128
565.0276716
564.9752809
564.9227061
564.8692126
564.8140658
564.7565313
564.6958745
564.6313725
564.5628815
564.4910775
564.4167001
564.3404889
564.2631835
564.1855234
564.1082481
564.0320971
563.9578099
563.8861262
563.8177853
563.7535278
563.6939332
563.6386419
563.58694
563.5381134
563.4914481
563.4462302
563.4017457
563.3572807
563.3121213
563.2655534
563.2168631
563.1653366
563.1102597
563.0509187
562.9865997
562.9166999
562.8412887
562.7606845
562.6752063
562.5851728
562.490903
562.3927158
562.2909301
562.1858648
562.0778389
561.9671711
561.8541804
561.7391858
561.622506
561.5044601
561.3853671
561.2655467
561.1453191
561.0250044
560.9049227
560.7853941
560.6667387
560.5492765
560.4333278
560.3192126
560.2072511
560.0977632
559.9910693
559.8874893
559.7873443
559.6908664
559.597782
559.5076238
559.4199248
559.3342182
559.250037
559.1669143
559.0843834
559.0019773
558.9192291
558.835672
558.750839
558.6642634
558.5754782
558.484016
558.3895375
558.2924587
558.1934786
558.0932969
557.9926128
557.892126
557.7925357
557.6945415
557.5988427
557.5061388
557.4171292
557.3325134
557.2529907
557.1792606
557.1120221
557.0517615
556.9976773
556.94849
556.9029196
556.8596859
556.8175088
556.7751083
556.7312041
556.6845161
556.6337643
556.5776684
556.5149483
556.444324
556.3645148
556.2742391
556.1725537
556.0604823
555.9397959
555.8122643
555.6796574
555.5437448
555.4062961
555.2690812
555.1338697
555.0024313
554.8765357
554.7579528
554.6484324
554.5487424
554.4582613
554.3762592
554.3020064
554.2347732
554.1738302
554.1184477
554.0678963
554.0214463
553.9783681
553.9379323
553.8994091
553.8620692
553.8251829
553.7880239
553.750029
553.7108669
553.6702235
553.6277852
553.5832379
553.5362679
553.4865614
553.4338045
553.3776834
553.3178842
553.2540931
553.1859963
553.1132799
553.0356304
552.9527408
552.8646545
552.7719152
552.6751031
552.5747987
552.4715825
552.3660351
552.258737
552.1502689
552.0412114
551.9321448
551.8236499
551.7163072
551.6106972
551.5074006
551.4069916
551.3097531
551.2155515
551.1242223
551.0356007
550.9495219
550.8658212
550.7843338
550.7048948
550.6273397
550.5515035
550.4772216
550.4043292
550.3326614
550.2620536
550.1923403
550.1233172
550.0547261
549.9863041
549.9177886
549.8489166
549.7794256
549.7090529
549.6375356
549.5646111
549.4900165
549.4134893
549.3347666
549.2535858
549.1696845
549.0828064
548.9930479
548.901006
548.8073148
548.7126088
548.6175224
548.5226902
548.4287466
548.3363261
548.2460631
548.1585921
548.0745477
547.9945643
547.9192763
547.8493177
547.7853116
547.7273029
547.6745102
547.6260919
547.5812061
547.5390106
547.4986633
547.459322
547.4201446
547.3802889
547.3389128
547.2951741
547.2482307
547.1972405
547.1413613
547.0797632
547.0122028
546.939271
546.8616224
546.7799115
546.694793
546.6069213
546.5169509
546.4255366
546.3333328
546.2409941
546.149175
546.0585312
545.9696138
545.8823783
545.7965524
545.7118642
545.6280418
545.5448135
545.4619073
545.3790516
545.2959743
545.2124038
545.1280683
545.0426957
544.9560145
544.8677526
544.7776383
544.6855099
544.5918664
544.497453
544.403015
544.309298
544.2170473
544.1270084
544.0399267
543.9565477
543.8776168
543.8038794
543.736081
543.674967
543.621283
543.575774
543.5390097
543.5105023
543.4893697
543.4747298
543.4657005
543.4613997
543.4609452
543.4634547
543.4680461
543.4738373
543.4799461
543.4854902
543.4895875
543.4913557
543.4899121
543.4844636
543.4747331
543.4606404
543.4421052
543.419047
543.3913852
543.3590392
543.3219286
543.2799728
543.2330913
543.1812036
543.1242291
543.0620874
542.9946978
542.921979
542.8439628
542.7613339
542.6750249
542.5859685
542.4950973
542.4033437
542.3116401
542.2209192
542.1321134
542.0461551
541.9639771
541.8865115
541.8146911
541.7494483
541.6917154
541.6421992
541.6002453
541.5646944
541.5343861
541.5081601
541.484856
541.4633136
541.4423724
541.4208722
541.3976526
541.3715533
541.3414138
541.3060739
541.2643731
541.215151
541.1575049
541.0920689
541.0200529
540.9426666
540.8611197
540.7766223
540.6903839
540.6036144
540.5175237
540.4333216
540.3522178
540.2754222
540.2041303
540.1388491
540.079107
540.0243575
539.9740541
539.9276503
539.8845998
539.8443559
539.8063722
539.7701023
539.7349997
539.7005179
539.6661105
539.631231
539.5953329
539.557875
539.5185794
539.4775409
539.4348832
539.3907299
539.3452048
539.2984314
539.2505333
539.2016343
539.1518579
539.1013277
539.0501675
538.9985009
538.9464514
538.8941428
538.8416986
538.7892388
538.7368782
538.6847312
538.6329123
538.5815358
538.5307164
538.4805683
538.4312061
538.3827441
538.3352969
538.2889788
538.2439043
538.2001878
538.1579438
538.1172852
538.0782524
538.0407823
538.0048041
537.9702468
537.9370398
537.905112
537.8743927
537.844811
537.816296
537.7887768
537.7621827
537.7364428
537.7114861
537.6872419
537.6636393
537.6406104
537.6180914
537.5960187
537.5743286
537.5529577
537.5318424
537.5109191
537.4901243
537.4693943
537.4486657
537.4278749
537.4069583
537.3858524
537.3644934
537.3428135
537.3205182
537.2969923
537.2715957
537.2436888
537.2126316
537.1777842
537.1385067
537.0941593
537.0441022
536.9876953
536.9242989
536.8532731
536.773978
536.6857747
536.5880418
536.4811249
536.3667489
536.2467389
536.1229212
535.9971222
535.8711685
535.7468864
535.6261024
535.510643
535.4023345
535.3030037
535.2144773
535.1382333
535.0736778
535.0194388
534.9741448
534.9364244
534.9049059
534.8782178
534.8549886
534.8338467
534.8134205
534.7923385
534.7692291
534.7427207
534.7114415
534.6740178
534.6293332
534.5777411
534.5201573
534.4574969
534.3906745
534.3206047
534.2482024
534.1743821
534.1000585
534.0261463
533.9535601
533.8832147
533.8160246
533.7529047
533.6947704
533.6424019
533.5957906
533.5546302
533.5186145
533.4874372
533.4607918
533.4383723
533.4198722
533.4049854
533.3934057
533.3848266
533.3789419
533.3754454
533.3740309
533.374392
533.3762308
533.379299
533.3833671
533.3882055
533.3935845
533.3992746
533.405046
533.4106693
533.4159148
533.4205528
533.4243539
533.4270882
533.4285264
533.4284386
533.4265952
533.4228295
533.4173465
533.4104916
533.40261
533.3940467
533.385147
533.376256
533.3677188
533.3598808
533.3530869
533.3476824
533.3440124
533.3424221
533.3432568
533.3468629
533.35345
533.3624481
533.3729887
533.3842036
533.3952251
533.4051851
533.4132158
533.4184493
533.4200176
533.4170529
533.4086872
533.3940527
533.3722815
533.3425055
533.3038558
533.2557461
533.1992546
533.136085
533.0679412
532.9965274
532.9235473
532.850705
532.7797043
532.7122492
532.6500436
532.5947913
532.5481953
532.5119378
532.4865736
532.4710481
532.4641905
532.464828
532.4717879
532.4838977
532.4999846
532.5188758
532.5393988
532.5603808
532.5806492
532.5990312
532.6143541
532.6254457
532.6311497
532.6311182
532.6261563
532.6171547
532.6050047
532.5905977
532.5748248
532.5585774
532.5427469
532.5282244
532.5159013
532.5066689
532.5014185
532.5010414
532.5064289
532.5184599
532.5373944
532.562617
532.5934438
532.6291914
532.6691761
532.7127146
532.7591232
532.8077183
532.8578166
532.9087345
532.9597884
533.0102949
533.0595704
533.1069318
533.1517048
533.1937103
533.2334709
533.2715621
533.3085596
533.3450392
533.3815769
533.4187482
533.4571291
533.4972954
533.5398227
533.585287
533.634264
533.6873295
533.7450586
533.8080138
533.8760667
533.9481027
534.0229357
534.0993786
534.1762445
534.2523463
534.3264968
534.397509
534.4641959
534.5253703
534.5798452
534.6264335
534.6639481
534.6912023
534.7070286
534.7112158
534.7049153
534.6893806
534.6658657
534.6356245
534.5999111
534.5599795
534.5170835
534.4724772
534.4274146
534.3831497
534.3409364
534.3020287
534.2676806
534.2391305
534.2168358
534.2001492
534.1883372
534.1806668
534.1764048
534.174818
534.1751733
534.1767375
534.1787776
534.1805605
534.1813529
534.1804219
534.1770342
534.1704572
534.1599695
534.1454735
534.1277567
534.107673
534.0860766
534.0638218
534.0417629
534.0207542
534.0016499
533.9853044
533.9725719
533.9643068
533.9613629
533.9644419
533.9733227
533.9874417
534.0062349
534.0291383
534.0555879
534.0850196
534.1168694
534.1505734
534.1855673
534.2212873
534.2571692
534.2926491
534.3271628
534.360146
534.3911078
534.4199858
534.44688
534.4718902
534.4951162
534.5166576
534.5366143
534.555086
534.5721725
534.5879736
534.6025889
534.6161183
534.6286616
534.6403184
534.6511882
534.6614096
534.6713455
534.6814443
534.6921545
534.7039244
534.7172024
534.7324367
534.7500759
534.7705682
534.7943619
534.8219054
534.8536471
534.8900354
534.9315185
534.9785451
535.0314384
535.0897744
535.1528505
535.2199634
535.2904101
535.3634874
535.4384922
535.5147215
535.591472
535.6680406
535.7437243
535.8178199
535.8896243
535.9584344
536.0235472
536.084421
536.1414855
536.1955318
536.2473515
536.297736
536.3474769
536.3973656
536.4481938
536.5007529
536.5558345
536.6142301
536.6767311
536.7441293
536.8172164
536.8967854
536.9833634
537.0759401
537.1729198
537.2727075
537.3737086
537.4743284
537.5729722
537.6680454
537.7579533
537.8411013
537.9158946
537.9807385
538.0340385
538.0741993
538.0996225
538.1091984
538.1046242
538.0886669
538.0640927
538.0336671
538.0001557
537.9663241
537.9349379
537.9087625
537.8905635
537.8831064
537.8891554
537.9114429
537.9509388
538.0061099
538.0752367
538.1565983
538.2484735
538.3491412
538.4568804
538.56997
538.6866888
538.805316
538.9241304
539.0414108
539.1554363
539.2644865
539.3668557
539.4616224
539.5489858
539.6292261
539.7026248
539.7694631
539.8300225
539.8845844
539.93343
539.9768409
540.0150985
540.048484
540.0772789
540.1017646
540.1222225
540.13894
540.1524914
540.16386
540.1740597
540.1841048
540.1950094
540.2077877
540.2234537
540.2430216
540.2675055
540.2979197
540.3352782
540.3805952
540.4348847
540.4991609
540.5744206
540.6607731
540.757074
540.862081
540.974552
541.0932451
541.2169182
541.3443295
541.4742369
541.6053984
541.7365721
541.866516
541.9939881
542.1177465
542.23655
542.349173
542.4552661
542.555726
542.6515407
542.7436998
542.8331925
542.9210081
543.0081361
543.0955656
543.1842861
543.2752869
543.3695573
543.4680867
543.5718643
543.6818789
543.799102
543.9236118
544.0542102
544.1896059
544.328507
544.469621
544.6116559
544.7533194
544.8933192
545.0303632
545.1631591
545.2904147
545.4108378
545.5231362
545.6260176
545.7182111
545.799477
545.8710402
545.9342379
545.9904075
546.0408861
546.0870109
546.1301191
546.171548
546.2126347
546.2547165
546.2991308
546.3472166
546.4000763
546.4574526
546.51857
546.5826535
546.6489284
546.71662
546.7849534
546.8531541
546.9204472
546.9860579
547.0492117
547.1091337
547.1650493
547.2161836
547.261762
547.3013119
547.3361769
547.368376
547.3999293
547.4328567
547.4691783
547.5109141
547.5600843
547.6187087
547.6888075
547.7724008
547.8715084
547.9881507
548.1243477
548.2821192
548.462897
548.6645904
548.8837917
549.1170939
549.3610894
549.6123707
549.8675304
550.1231607
550.3758542
550.6222034
550.8588006
551.0822384
551.2891092
551.4760047
551.639512
551.776905
551.8893894
551.9796751
552.0504689
552.1044771
552.1444059
552.1729618
552.1928508
552.2067792
552.2174534
552.2275796
552.2398641
552.2570132
552.2817332
552.3167333
552.3643353
552.4246221
552.4968273
552.5801848
552.6739287
552.7772931
552.8895124
553.0098206
553.137452
553.2716407
553.411621
553.556627
553.705893
553.858653
554.0141413
554.1715317
554.329634
554.487123
554.642673
554.7949587
554.9426546
555.084435
555.2189746
555.3449477
555.4610289
555.5658927
555.6582136
555.736666
555.7999241
555.8466621
555.8760627
555.8903325
555.8928131
555.8868456
555.8757709
555.8629303
555.8516649
555.8453158
555.8472242
555.8607312
555.8891779
555.9359058
556.0042098
556.0951671
556.2067045
556.3365067
556.4822584
556.6416448
556.8123507
556.9920611
557.178461
557.3692354
557.5620692
557.7546475
557.9446551
558.1297772
558.307699
558.4761317
558.6341381
558.7826934
558.9229202
559.0559411
559.1828787
559.3048555
559.4229941
559.5384172
559.6522472
559.7656068
559.8796185
559.9954048
560.1140884
560.2367914
560.3646277
560.4982586
560.6376997
560.7829199
560.9338873
561.0905701
561.2529364
561.4209544
561.5945922
561.773818
561.9585998
562.1489059
562.3447044
562.5459634
562.7526509
562.9647276
563.1817895
563.4029115
563.6271302
563.8534819
564.0810029
564.3087294
564.5356978
564.7609443
564.9835052
565.2024168
565.4167153
565.625437
565.8276182
566.0222952
566.208521
566.3861731
566.556297
566.720029
566.8785052
567.0328615
567.1842339
567.3337584
567.482571
567.6318076
567.7826042
567.9360968
568.0934215
568.255714
568.4241098
568.5997185
568.7822721
568.9695513
569.1591886
569.3488155
569.5360636
569.7185648
569.8939507
570.0598531
570.2139036
570.3537341
570.4769762
570.5812617
570.6642226
570.7234931
570.7567591
570.7645359
570.7513754
570.7221222
570.681625
570.6347324
570.5862934
570.5411566
570.504171
570.4801851
570.474048
570.4906089
570.5347174
570.6103931
570.7167287
570.8509658
571.0103472
571.1921157
571.393514
571.6117848
571.8441706
572.0879142
572.3402583
572.5984454
572.8597183
573.1213196
573.3804914
573.634473
573.8809195
574.1198597
574.352232
574.5789727
574.8010179
575.0193036
575.2347659
575.4483408
575.6609643
575.8735725
576.0871013
576.3024869
576.5206652
576.7425723
576.9691454
577.2011297
577.4381507
577.6794116
577.9241151
578.1714643
578.4206623
578.670912
578.9214165
579.1713788
579.420002
579.6664891
579.9100431
580.149867
580.385164
580.6151373
580.8391485
581.0575178
581.2709212
581.4800348
581.685535
581.8880982
582.0884006
582.2871187
582.4849287
582.682507
582.8805301
583.0796741
583.2806155
583.4840307
583.6905965
583.9008635
584.1146423
584.3314637
584.550859
584.7723593
584.995496
585.2198003
585.4448033
585.6700362
585.8950304
586.1193171
586.3424274
586.5638926
586.7832437
587.0000105
587.2138939
587.4255717
587.6360954
587.8465163
588.0578852
588.2712529
588.4876704
588.7081885
588.9338581
589.16573
589.4048553
589.6522846
589.9090689
590.1762593
590.4549082
590.7456123
591.0462807
591.353814
591.6651113
591.9770723
592.2865967
592.590584
592.885934
593.1695463
593.4383204
593.6891562
593.9189532
594.1246109
594.3030291
594.4511095
594.5666601
594.6529847
594.7154255
594.7593268
594.7900335
594.8128905
594.8332428
594.8564353
594.887813
594.9327207
594.9965035
595.084505
595.2020041
595.3510729
595.5292042
595.733552
595.9612681
596.2095042
596.4754118
596.7561425
597.0488479
597.3506797
597.6587894
597.9703286
598.2824489
598.5923021
598.8970394
599.1938425
599.4813695
599.7603692
600.031753
600.2964319
600.5553168
600.8093189
601.0593489
601.3063178
601.5511366
601.7947162
602.0379676
602.2818016
602.5271292
602.7748612
603.025902
603.2808159
603.539685
603.8025546
604.0694702
604.3404771
604.6156207
604.8949463
605.1784993
605.466325
605.7584687
606.0549759
606.355892
606.6612621
606.9711314
607.2855398
607.6042459
607.9266061
608.251948
608.5795985
608.9088848
609.2391339
609.5696729
609.8998289
610.2289289
610.5562999
610.8812691
611.2031636
611.5213102
611.8350364
612.1436811
612.447164
612.7462328
613.041697
613.3343665
613.6250511
613.9145606
614.2037049
614.4932939
614.7841373
615.0770451
615.372827
615.672293
615.9762527
616.2855163
616.60087
616.921932
617.2466679
617.5729141
617.8985077
618.2212857
618.5390851
618.849743
619.1510963
619.4409821
619.7172374
619.9776994
620.220205
620.4425914
620.6426976
620.8184108
620.9702797
621.1026313
621.2200745
621.3272205
621.4286808
621.5290666
621.6329891
621.7450597
621.8698896
622.0120901
622.1762725
622.3670463
622.5882432
622.8389776
623.1166147
623.4185176
623.7420492
624.084572
624.4434488
624.8160423
625.1997151
625.59183
625.9897496
626.3908366
626.7924537
627.1919632
627.5867263
627.9744772
628.3551275
628.7294138
629.0980717
629.4618367
629.8214441
630.1776294
630.5311281
630.8826756
631.2330075
631.582859
631.9329658
632.2840632
632.6368869
632.9921736
633.3505119
633.7116447
634.0749914
634.4399718
634.8060059
635.1725136
635.538915
635.90463
636.2690787
636.6316812
636.9918572
637.3490269
637.7026103
638.0520274
638.3966979
638.7361465
639.0705209
639.4002021
639.7255712
640.0470092
640.3648972
640.6796163
640.9915476
641.3010721
641.6085711
641.9144255
642.2190164
642.522725
642.8259322
643.1290194
643.4323986
643.7366699
644.0425034
644.3505691
644.6615368
644.9760767
645.2948587
645.6185528
645.9478291
646.2833575
646.6258081
646.9758509
647.3341559
647.7013935
648.0782358
648.4649778
648.8597309
649.2597757
649.6623941
650.0648684
650.4644805
650.8585128
651.2442474
651.6189664
651.979952
652.3244863
652.6498515
652.9533297
653.2322023
653.4837439
653.7061256
653.9026518
654.0785862
654.2391905
654.3897254
654.5354517
654.6816301
654.833521
654.9963854
655.1754837
655.3760763
655.6034217
655.8627159
656.1557366
656.4794083
656.8302936
657.2049519
657.5999424
658.0118246
658.437158
658.872502
659.3144159
659.7594593
660.2041916
660.6451722
661.0789606
661.502118
661.9112451
662.3050448
662.6852241
663.0537071
663.412421
663.763293
664.1082506
664.4492208
664.7881311
665.1269086
665.4674807
665.8117747
666.1617178
666.5192374
666.8862605
667.2646911
667.6553092
668.0572939
668.4697035
668.891596
669.3220293
669.7600615
670.2047505
670.6551543
671.1103308
671.5693381
672.0312341
672.4950768
672.9599241
673.4248342
673.8888719
674.351457
674.8125109
675.2719938
675.7298661
676.186088
676.6406199
677.093422
677.5444546
677.9936778
678.4410521
678.8865377
679.3300948
679.7716838
680.211265
680.6488032
681.084494
681.5188611
681.9524529
682.3858176
682.8195039
683.2540601
683.6900347
684.127976
684.5684326
685.0119529
685.4590853
685.9103782
686.3663801
686.8276386
687.2946817
687.7670104
688.2426569
688.7195474
689.1956065
689.6687589
690.1369292
690.598042
691.0500219
691.4907935
691.9182816
692.3304107
692.7251054
693.1002904
693.4538903
693.7838778
694.0905393
694.3774517
694.6484426
694.9073401
695.1579719
695.4041658
695.6497497
695.8985515
696.1543989
696.4211198
696.7025427
697.0025004
697.3242211
697.6674714
698.0306961
698.4123415
698.8108545
699.224682
699.6522711
700.0920687
700.5425219
701.0020775
701.4691827
701.9422843
702.4198294
702.900265
703.3820378
703.86379
704.3453327
704.8269124
705.3087762
705.7911713
706.2743449
706.7585442
707.2440163
707.7310084
708.2197676
708.7105411
709.2035762
709.6991199
710.1974195
710.6987219
711.2032055
711.7106333
712.220614
712.7327562
713.2466682
713.7619585
714.2782358
714.7951084
715.3121849
715.8290738
716.3453834
716.8607225
717.3746993
717.8869224
718.397
718.9045865
719.4096022
719.9120691
720.4120091
720.9094436
721.4043946
721.8968837
722.3869326
722.8745631
723.3597968
723.8426555
724.3231609
724.8013347
725.2771986
725.7507737
726.2221537
726.6918498
727.1605319
727.6288697
728.0975331
728.5671918
729.0385156
729.5121743
729.9888375
730.4691751
730.9538568
731.4435524
731.9389316
732.4406642
732.9494197
733.4654874
733.986865
734.5106996
735.0341362
735.5543202
736.0683969
736.5735117
737.0668099
737.5454366
738.0065373
738.4472571
738.8647416
739.2561358
739.6185846
739.949234
740.2462565
740.5139742
740.7590084
740.98798
741.20751
741.4242199
741.6447309
741.8756645
742.1236418
742.3952844
742.6972134
743.0360502
743.4183273
743.8463081
744.316183
744.8236797
745.3645258
745.934449
746.5291768
747.1444369
747.7759568
748.4194642
749.0706867
749.7253518
750.3791872
751.0279205
751.6672797
752.293037
752.9032404
753.4991566
754.0823017
754.6541917
755.2163425
755.7702699
756.3174898
756.859518
757.3978703
757.9340626
758.4696106
759.0060304
759.5448375
760.0875471
760.6356589
761.1898137
761.7494306
762.3138388
762.8823664
763.4543417
764.0290927
764.6059477
765.1842348
765.7632822
766.3424181
766.9209706
767.4982679
768.0736383
768.6464102
769.2159235
769.7821016
770.3457016
770.9075416
771.46844
772.0292157
772.5906871
773.1536729
773.7189919
774.2874626
774.8599037
775.4371338
776.0199717
776.6092359
777.2057451
777.8103031
778.4229927
779.0428729
779.6689241
780.3001267
780.9354612
781.5739078
782.2144472
782.8560598
783.4977259
784.1384261
784.7771408
785.4128504
786.0445354
786.6711765
787.2917736
787.9063303
788.5162695
789.1231239
789.7284261
790.3337089
790.9405047
791.5503463
792.1647662
792.7852971
793.4134716
794.0508222
794.6988816
795.3591822
796.0332548
796.7225917
797.426559
798.141494
798.863513
799.5887292
800.313256
801.0332067
801.7446945
802.4438327
803.1267348
803.7895138
804.4282831
805.0391561
805.6182461
806.1616687
806.6656165
807.1301941
807.5610974
807.9644312
808.3463041
808.712825
809.0701028
809.4242465
809.781365
810.1475673
810.5289624
810.9316604
811.3617775
811.8244211
812.3189112
812.8423555
813.3918661
813.9645557
814.5575371
815.1679234
815.7928272
816.4293615
817.0746391
817.7257727
818.3798754
819.0340599
819.6854388
820.3311217
820.968668
821.5982346
822.2209644
822.8380003
823.4504846
824.0595596
824.6663676
825.2720509
825.8777517
826.4846124
827.0937754
827.7063828
828.3235769
828.9465002
829.5762945
830.2138867
830.8589026
831.5104854
832.1677775
832.8299213
833.4960592
834.1653335
834.8368866
835.5098609
836.1833987
836.8566423
837.5287343
838.1988168
838.8660323
839.5295229
840.1886222
840.8438025
841.4959635
842.1460042
842.7948242
843.4433227
844.0923992
844.7429528
845.3958831
846.0520893
846.7124708
847.377927
848.0493572
848.7276609
849.4137383
850.1083889
850.8118372
851.5240871
852.2451435
852.9750109
853.7136942
854.461198
855.217527
855.9826859
856.7566795
857.5395125
858.3311897
859.1317156
859.9410952
860.7593362
861.5859868
862.4179272
863.2510278
864.0811588
864.9041912
865.7159956
866.5124428
867.2894037
868.042749
868.7683495
869.4620759
870.1197992
870.73739
871.3107192
871.8356601
872.3094517
872.7376087
873.128713
873.4913511
873.8341102
874.1655775
874.4943401
874.8289853
875.1781002
875.550272
875.9540879
876.398132
876.8908894
877.4358024
878.0291045
878.6665033
879.3437009
880.056399
880.8002995
881.5711041
882.3645145
883.1762327
884.0019602
884.8373989
885.6782505
886.5202169
887.3589996
888.1903445
889.0121388
889.8253079
890.6310116
891.4304096
892.2246612
893.0149258
893.8023629
894.5881319
895.3733923
896.1593034
896.9470248
897.7377158
898.5325358
899.3326441
900.1391852
900.9525332
901.7719719
902.5967013
903.4259214
904.2588321
905.0946332
905.9325249
906.7717069
907.6113793
908.450742
909.288995
910.1253382
910.9589716
911.7890954
912.6149159
913.4359735
914.2522843
915.0638993
915.8708698
916.6732472
917.471083
918.2644284
919.053335
919.8378539
920.6180368
921.3939349
922.1655997
922.9330825
923.696435
924.4557217
925.2116454
925.965821
926.7199303
927.4756559
928.2346801
928.9986856
929.7693548
930.5483702
931.3374143
932.1381697
932.9523188
933.7815442
934.6275283
935.4919539
936.3764489
937.2799762
938.1977213
939.1245766
940.0554354
940.9851909
941.9087365
942.8209655
943.7167712
944.5910469
945.438686
946.2545818
947.0336276
947.7707173
948.4607463
949.0987109
949.6849969
950.2276229
950.7351886
951.2162959
951.6795468
952.1335429
952.586886
953.0481779
953.5260203
954.0290149
954.5657635
955.1448654
955.7735036
956.4502841
957.1706337
957.9299739
958.7237259
959.5473107
960.3961492
961.2656626
962.1512719
963.0483981
963.9524623
964.8588854
965.7630886
966.6604923
967.5465171
968.4172695
969.2729298
970.1152088
970.9458163
971.7664621
972.5788561
973.3847083
974.1857285
974.9836268
975.7801129
976.576897
977.3756889
978.1781985
978.986136
979.8012133
980.6249103
981.4573819
982.2982758
983.1472407
984.0039255
984.867979
985.7390502
986.6167879
987.5008409
988.3908583
989.2864889
990.1873815
991.0931851
992.0035485
992.9181208
993.8365429
994.7584097
995.6832989
996.610788
997.5404546
998.4718761
999.4046302
1000.338294
1001.272446
1002.206663
1003.140523
1004.073604
1005.005482
1005.935736
1006.863943
1007.78988
1008.714526
1009.639308
1010.56565
1011.494979
1012.428722
1013.368304
1014.315153
1015.270693
1016.236351
1017.213553
1018.203727
1019.208297
1020.22869
1021.266335
1022.321923
1023.3918
1024.470676
1025.553263
1026.634271
1027.708411
1028.770395
1029.814933
1030.836736
1031.830516
1032.790983
1033.712849
1034.590824
1035.419617
1036.193927
1036.910073
1037.573644
1038.193773
1038.779591
1039.340225
1039.884803
1040.42245
1040.962296
1041.513467
1042.085091
1042.686294
1043.326202
1044.013843
1044.753015
1045.540119
1046.370989
1047.241457
1048.147356
1049.084518
1050.048776
1051.035962
1052.04191
1053.062451
1054.093419
1055.130646
1056.169965
1057.20721
1058.238252
1059.260929
1060.275891
1061.283987
1062.286072
1063.283001
1064.275628
1065.264807
1066.251393
1067.236239
1068.220202
1069.204134
1070.18889
1071.175324
1072.164291
1073.156635
1074.152707
1075.152152
1076.154564
1077.159537
1078.166663
1079.175537
1080.185751
1081.196899
1082.208574
1083.22037
1084.23188
1085.242698
1086.252416
1087.260628
1088.266933
1089.27124
1090.273894
1091.275272
1092.275753
1093.275715
1094.275538
1095.275598
1096.276276
1097.277948
1098.280994
1099.285792
1100.29272
1101.302157
1102.31448
1103.330064
1104.348977
1105.37086
1106.395324
1107.421976
1108.450424
1109.480279
1110.511147
1111.542638
1112.574361
1113.605923
1114.636935
1115.667003
1116.695738
1117.722747
1118.747653
1119.770709
1120.793075
1121.815974
1122.840633
1123.868277
1124.900131
1125.937421
1126.981372
1128.033209
1129.094158
1130.165445
1131.248295
1132.343933
1133.453583
1134.578429
1135.71755
1136.867022
1138.022701
1139.18044
1140.336092
1141.485512
1142.624551
1143.749065
1144.854905
1145.937926
1146.993981
1148.018923
1149.008606
1149.958882
1150.865702
1151.729765
1152.558498
1153.35985
1154.14177
1154.912205
1155.679104
1156.450413
1157.234083
1158.038059
1158.87029
1159.738725
1160.651319
1161.614613
1162.626889
1163.683312
1164.779045
1165.909253
1167.069101
1168.253754
1169.458376
1170.678133
1171.90819
1173.143711
1174.379862
1175.611806
1176.834709
1178.043739
1179.234794
1180.408232
1181.566061
1182.71029
1183.84293
1184.96599
1186.081482
1187.191414
1188.297799
1189.402645
1190.507963
1191.615763
1192.728056
1193.846851
1194.974162
1196.111623
1197.258666
1198.41389
1199.575896
1200.743282
1201.914649
1203.088598
1204.263727
1205.438637
1206.611928
1207.782199
1208.948051
1210.108084
1211.260897
1212.405087
1213.53956
1214.66498
1215.782684
1216.894006
1218.000284
1219.102852
1220.203046
1221.302201
1222.401653
1223.502738
1224.606789
1225.715145
1226.829138
1227.950106
1229.079384
1230.218171
1231.366856
1232.525523
1233.694257
1234.873142
1236.062264
1237.261706
1238.471554
1239.691892
1240.922805
1242.164378
1243.416694
1244.679839
1245.953898
1247.238953
1248.534589
1249.837358
1251.142686
1252.446002
1253.742732
1255.028301
1256.298136
1257.547663
1258.77231
1259.9675
1261.128663
1262.251223
1263.330606
1264.362238
1265.341539
1266.26552
1267.140481
1267.976244
1268.782627
1269.569443
1270.34651
1271.123644
1271.91066
1272.717375
1273.553604
1274.429164
1275.353871
1276.33742
1277.383492
1278.487259
1279.643229
1280.845913
1282.08982
1283.369462
1284.679349
1286.013991
1287.367899
1288.735584
1290.111556
1291.490326
1292.866404
1294.234303
1295.588586
1296.926625
1298.249767
1299.559662
1300.857963
1302.146318
1303.426381
1304.699802
1305.968232
1307.233322
1308.496724
1309.760088
1311.025065
1312.293307
1313.566465
1314.846172
1316.133218
1317.427188
1318.727578
1320.033881
1321.345595
1322.662212
1323.98323
1325.308141
1326.636442
1327.967627
1329.301192
1330.636631
1331.973439
1333.311112
1334.649147
1335.987168
1337.324983
1338.662411
1339.999271
1341.335385
1342.670571
1344.00465
1345.337442
1346.668766
1347.998444
1349.326293
1350.652136
1351.97579
1353.297078
1354.615828
1355.932416
1357.247984
1358.563735
1359.880872
1361.200597
1362.524113
1363.852621
1365.187325
1366.529428
1367.880131
1369.240638
1370.61215
1371.995871
1373.393001
1374.804695
1376.2296
1377.662804
1379.099129
1380.533393
1381.960416
1383.375018
1384.772016
1386.146232
1387.492484
1388.805591
1390.080373
1391.311649
1392.494239
1393.622968
1394.692775
1395.704796
1396.669016
1397.596062
1398.496568
1399.381168
1400.260498
1401.145192
1402.045885
1402.973212
1403.937809
1404.95031
1406.021357
1407.159787
1408.363854
1409.627812
1410.94592
1412.312438
1413.721624
1415.167739
1416.645042
1418.147791
1419.670246
1421.206666
1422.751311
1424.29844
1425.842311
1427.377177
1428.898053
1430.404304
1431.896963
1433.377057
1434.845613
1436.303661
1437.752226
1439.192337
1440.625021
1442.051305
1443.472218
1444.888787
1446.30204
1447.713003
1449.122705
1450.532111
1451.941807
1453.352243
1454.763865
1456.17712
1457.592456
1459.010321
1460.431161
1461.855425
1463.283559
1464.716011
1466.153229
1467.595659
1469.043749
1470.497946
1471.958577
1473.425236
1474.897246
1476.37393
1477.85461
1479.338609
1480.825249
1482.313853
1483.803744
1485.294244
1486.784675
1488.274361
1489.762624
1491.248786
1492.732169
1494.212344
1495.690337
1497.167726
1498.646088
1500.127002
1501.612043
