49.22715308
49.87947008
50.53079874
51.18201411
51.83399127
52.4876053
53.14373124
53.80324417
54.46701921
55.13593192
55.81086166
56.49211748
57.17771287
57.86502543
58.55143689
59.23432943
59.91108523
60.57908648
61.23571538
61.87835411
62.50438487
63.11118986
63.69615124
64.25665121
64.79007119
65.2937818
65.76692999
66.21589572
66.64903471
67.07469535
67.5012247
67.93696969
68.39027724
68.86949431
69.38296783
69.93904476
70.546072
71.2123965
71.94636517
72.7563249
73.65062356
74.63396416
75.69564776
76.82090172
77.99495318
79.20302943
80.43035773
81.66216537
82.88367968
84.08012791
85.23673739
86.33873567
87.37135788
88.32025171
89.18194023
89.96440223
90.67612075
91.32558773
91.92129595
92.47173822
92.98540742
93.47079633
93.9363978
94.39070468
94.84220979
95.29940599
95.77078611
96.26484296
96.78984568
97.34845396
97.93743424
98.55327518
99.19246533
99.85149319
100.5268472
101.2150159
101.9124877
102.615751
103.3212945
104.0256065
104.7251755
105.4164902
106.0960402
106.7604023
107.4084748
108.0415855
108.6611752
109.2686856
109.8655586
110.453236
111.0331597
111.6067715
112.1755131
112.7408265
113.3041533
113.8669355
114.4306148
114.9966319
115.5663945
116.14039
116.7181398
117.2991232
117.8828184
118.4687034
119.0562565
119.6449558
120.2342794
120.8237055
121.4127121
122.0007776
122.5873799
123.1719972
123.7541079
124.3332089
124.9092755
125.4827871
126.0542454
126.6241527
127.1930111
127.7613227
128.3295898
128.8983146
129.4679991
130.0391456
130.6122563
131.1878334
131.7663789
132.3483952
132.9343461
133.5237317
134.1150409
134.7067146
135.2971934
135.8849184
136.4683302
137.0458696
137.6159776
138.1770949
138.7276624
139.2661208
139.790911
140.3004742
140.7932539
141.2678296
141.7264761
142.1753356
142.6207275
143.0689734
143.5263952
143.9993146
144.4940534
145.0169334
145.5742763
146.1724038
146.8176379
147.5163002
148.2747118
149.0991858
149.9957203
150.9617154
151.9855301
153.0551301
154.1584721
155.2835119
156.4182055
157.5505087
158.6683774
159.7597674
160.8126343
161.8149321
162.7546038
163.6224783
164.4212102
165.1566818
165.8347588
166.4613058
167.0421875
167.5832685
168.0904136
168.5694874
169.0263547
169.46688
169.8969281
170.3223638
170.7490526
171.1828685
171.6285437
172.0862233
172.5547815
173.0331003
173.5200625
174.0145511
174.515449
175.0216392
175.5320047
176.0454285
176.5607935
177.0769826
177.5928789
178.1073654
178.6193232
179.1280667
179.6347054
180.1408308
180.6480339
181.1579054
181.6720359
182.1920162
182.7194369
183.2558888
183.8029624
184.3622486
184.9353379
185.5238211
186.1292891
186.7533325
187.3968196
188.0575713
188.7325994
189.4189166
190.1135355
190.8134688
191.5157291
192.2173291
192.9152813
193.6065984
194.2882931
194.957378
195.6108656
196.2457682
196.8590947
197.4484468
198.0138303
198.5559128
199.0753582
199.5728297
200.0489906
200.5045044
200.9400344
201.3562439
201.7537962
202.1333548
202.495583
202.841144
203.1707007
203.4849082
203.7854552
204.0781988
204.3701451
204.6682947
204.979647
205.3112014
205.6699574
206.0629145
206.497072
206.9794295
207.5169863
208.1167418
208.7856955
209.5308468
210.3592014
211.2744084
212.2660474
213.3199539
214.4219649
215.5579181
216.7136516
217.8750032
219.0278109
220.1579125
221.251146
222.2933498
223.2703712
224.1684261
224.9836797
225.7227679
226.392783
227.000827
227.5540026
228.0594129
228.5241609
228.9553493
229.3600812
229.7454595
230.118587
230.4865669
230.856502
231.2354947
231.6304853
232.0443343
232.4756087
232.922677
233.3839069
233.8576661
234.342322
234.8362422
235.3377942
235.8453457
236.3572641
236.8719171
237.3876722
237.902897
238.4159592
238.9252645
239.4302002
239.9311813
240.4286716
240.923135
241.4150354
241.9048365
242.3930024
242.8799968
243.3662838
243.8523271
244.3385907
244.8255384
245.313634
245.8033413
246.2951163
246.7892022
247.2856197
247.7843793
248.2854915
248.7889667
249.2948152
249.8030475
250.3136739
250.8267049
251.3421509
251.8600222
252.3803293
252.9030825
253.4282916
253.9559336
254.4851159
255.0140308
255.5408302
256.0636653
256.5806872
257.0900469
257.5898957
258.0783846
258.5536648
259.0138873
259.4572032
259.8817637
260.2857199
260.6672228
261.0245881
261.3602498
261.6809703
261.9937157
262.3054521
262.6231457
262.9537627
263.3042693
263.6816316
264.092816
264.5447886
265.0445155
265.598963
266.2150967
266.8998783
267.6599356
268.493001
269.3875011
270.3314271
271.3127673
272.3195095
273.3396419
274.3611526
275.3720296
276.360261
277.313835
278.2207396
279.0689607
279.8493129
280.5645346
281.2205234
281.8231766
282.3783915
282.8920652
283.3700948
283.8183774
284.2428101
284.6492901
285.0437145
285.4319803
285.819985
286.213626
286.6188036
287.0401594
287.4771105
287.9276649
288.3898355
288.8616355
289.3410782
289.8261766
290.314944
290.8053935
291.2955382
291.7833914
292.2669661
292.7442755
293.2133323
293.6721455
294.1192576
294.5553559
294.9817222
295.3996344
295.8103701
296.2152068
296.615422
297.0122933
297.4070981
297.801114
298.1956184
298.591889
298.9912032
299.3948386
299.8040744
300.219913
300.6422247
301.0705718
301.5045179
301.9436266
302.3874613
302.8355858
303.2875637
303.7429585
304.2013338
304.6622533
305.1252806
305.5899793
306.055913
306.5226452
306.9895904
307.4555317
307.9190853
308.3788674
308.8334942
309.2815821
309.7217471
310.1526055
310.5727736
310.9808676
311.3755037
311.7552981
312.1188669
312.4648256
312.7917852
313.0996007
313.3932332
313.6790356
313.9633536
314.2525327
314.5529182
314.8708557
315.2126906
315.5847683
315.9934342
316.4450339
316.9459127
317.5024163
318.1208924
318.8077109
319.5662828
320.3881395
321.2615187
322.1746788
323.1158805
324.0733849
325.0354528
325.9903453
326.9263234
327.8316481
328.6945809
329.5033883
330.2466416
330.9211427
331.5323055
332.0859415
332.5878669
333.0438975
333.4598497
333.8415394
334.1947827
334.5253958
334.8391946
335.1419953
335.439614
335.7378665
336.0425656
336.3594147
336.6911015
337.0371456
337.3969284
337.769828
338.1552224
338.5524894
338.9610071
339.3801532
339.8093057
340.2478426
340.6951417
341.1505809
341.6135382
342.0833914
342.5595142
343.0411717
343.5275151
344.01769
344.5108424
345.006118
345.5026626
345.9996219
346.4961418
346.9913681
347.4844466
347.9745229
348.460743
348.9422526
349.4181976
349.8877468
350.3506543
350.8072878
351.2580442
351.7033205
352.1435136
352.5790202
353.0102374
353.4375621
353.8613911
354.2821213
354.7001497
355.1158732
355.5296885
355.9419927
356.3531779
356.7635173
357.1731583
357.5822431
357.9909135
358.3993115
358.8075789
359.2158576
359.6242896
360.0330169
360.4421812
360.8519245
361.2623887
361.6737157
362.0860468
362.4995004
362.9135761
363.3271221
363.7389582
364.1479039
364.5527782
364.9524004
365.3455897
365.7311654
366.1079465
366.4747524
366.8304023
367.1737153
367.5035107
367.8186081
368.117954
368.4036875
368.6813087
368.9564723
369.2348337
369.5220488
369.8237731
370.1456622
370.4933719
370.8725578
371.2888756
371.7479809
372.2555294
372.8171764
373.4385758
374.1250794
374.8742027
375.6752584
376.5171697
377.3888588
378.279248
379.1772597
380.0718161
380.9518395
381.8062524
382.623977
383.3939355
384.105043
384.7488945
385.3282636
385.8489111
386.3165951
386.7370729
387.1161018
387.4594388
387.7728411
388.062066
388.3328706
388.591012
388.8422475
389.0923342
389.3470297
389.6120917
389.892168
390.1872423
390.4960546
390.8173474
391.1498633
391.4923445
391.8435335
392.2021727
392.5670045
392.9367712
393.3102154
393.6860794
394.0631055
394.440036
394.8156116
395.1888213
395.5596575
395.9283899
396.2952862
396.6606142
397.0246414
397.3876355
397.7498641
398.111595
398.4730956
398.8346339
399.1964772
399.5588934
399.92215
400.2865152
400.652213
401.0192912
401.3877485
401.7575842
402.1287975
402.5013877
402.8753538
403.2506952
403.6274109
404.0055004
404.3849626
404.7657969
405.1480025
405.5315785
405.9165244
406.3026006
406.6885603
407.0728899
407.4540757
407.8306042
408.2009618
408.5636348
408.9171097
409.2598728
409.5904106
409.9072094
410.2087556
410.4935357
410.7600353
411.0067384
411.2333863
411.4449531
411.6478212
411.8483684
412.0529722
412.2680103
412.4998603
412.7548998
413.0395065
413.360058
413.7229321
414.1345061
414.6011582
415.1292685
415.7252375
416.392499
417.1225579
417.903612
418.7238806
419.5715856
420.434949
421.3021925
422.1615382
423.0012078
423.8094235
424.5744074
425.2843846
425.9279011
426.5019437
427.0123319
427.465301
427.8670889
428.2239331
428.5420715
428.8277416
429.087181
429.3266274
429.5523185
429.7704918
429.987385
430.2092355
430.4422769
430.6926111
430.9626862
431.2511177
431.5563521
431.8768319
432.2109997
432.557298
432.9141692
433.2800559
433.6534005
434.0326455
434.4162334
434.8026067
435.1902078
435.5774797
435.9628916
436.3456036
436.7255031
437.1025097
437.4765436
437.8475251
438.2153743
438.5800115
438.9413569
439.2993307
439.6538532
440.0048445
440.352225
440.6959147
441.035834
441.3719213
441.7045718
442.0346606
442.3630854
442.6907441
443.0185343
443.3473538
443.6781003
444.0116716
444.3489655
444.6908796
445.0383118
445.3921598
445.7533212
446.1226929
446.5011133
446.8878571
447.2805624
447.6767914
448.0741055
448.4700663
448.8622352
449.2481737
449.6254431
449.9916051
450.3442209
450.6808522
450.9990604
451.2964073
451.5704588
451.818935
452.0437958
452.2514556
452.448523
452.6416112
452.8373336
453.0423039
453.2631355
453.5064421
453.778837
454.0869339
454.4373463
454.8366877
455.2915717
455.8086082
456.3940824
457.045938
457.7533307
458.5050215
459.2897667
460.0963222
460.9134438
461.7298876
462.5344092
463.3157646
464.0627094
464.7639971
465.4083605
465.987373
466.5040112
466.9644158
467.3747069
467.7410022
468.0694192
468.3660756
468.637089
468.8885769
469.1266569
469.3574466
469.5870636
469.8216255
470.0672501
470.3300627
470.6146924
470.9196162
471.2416463
471.5775988
471.9242909
472.2785397
472.6371625
472.9969763
473.3547984
473.707446
474.0517362
474.3844863
474.7025133
475.0026345
475.2816671
475.5372912
475.7708361
475.9845963
476.1808662
476.3619403
476.5301128
476.6876783
476.836931
476.9801655
477.119676
477.257757
477.3967029
477.538808
477.6863671
477.8416763
478.0066802
478.1818874
478.3674137
478.5633767
478.7698946
478.9870851
479.2150664
479.4539562
479.7038726
479.9649335
480.2372569
480.5209607
480.8161629
481.1229817
481.4415384
481.771546
482.111076
482.4577458
482.8091752
483.1629846
483.5167941
483.8682242
484.214895
484.554427
484.8844404
485.2025555
485.5063925
485.793572
486.0617139
486.3084342
486.5326932
486.7390405
486.9335238
487.1221886
487.3110803
487.5062438
487.7137244
487.9395672
488.1898172
488.4705197
488.7877198
489.1474625
489.555793
490.0187572
490.5424008
491.130129
491.7742258
492.4640177
493.1888351
493.9380087
494.7008689
495.4667459
496.2249703
496.9648725
497.6757829
498.3470317
498.9679518
499.5281764
500.0249846
500.4637075
500.8500424
501.1896899
501.4883505
501.7517251
501.9855145
502.1954193
502.3871404
502.5663785
502.7388344
502.9102089
503.0862026
503.2725158
503.4747096
503.6947718
503.9309476
504.1813041
504.4439082
504.7168266
504.9981263
505.2858741
505.578137
505.8729817
506.1684752
506.4626844
506.7536761
507.0395174
507.3182763
507.5880696
507.8483525
508.0999821
508.3438785
508.580963
508.8121569
509.0383816
509.2605583
509.4796085
509.6964534
509.9120143
510.1272127
510.3429698
510.5602069
510.7798448
511.002784
511.2293756
511.4593926
511.6925828
511.9286934
512.1674717
512.4086649
512.6520201
512.8972847
513.1442057
513.3925304
513.6420061
513.8923799
514.1433989
514.3948106
514.6463547
514.8975913
515.147891
515.3966154
515.6431262
515.8867851
516.1269539
516.3629941
516.5942675
516.8201357
517.0399605
517.2531035
517.4589265
517.6567911
517.8460599
518.0261856
518.1989825
518.3687367
518.5398507
518.716728
518.9037717
519.1053851
519.3259714
519.5699339
519.8416757
520.1456001
520.4861103
520.8676095
521.2945004
521.7711795
522.3018113
522.8841349
523.5091516
524.1675645
524.8500706
525.5473661
526.2501474
526.9491111
527.6349534
528.2983708
528.9300596
529.5207154
530.0610324
530.5439797
530.9720571
531.350313
531.6837897
531.9775294
532.2365745
532.4659675
532.6707507
532.8559664
533.0266571
533.1878651
533.3446329
533.5020028
533.6650182
533.8387288
534.0271466
534.2300983
534.4462525
534.6742856
534.9128745
535.1606962
535.4164278
535.6787462
535.9463285
536.2178517
536.4919929
536.7674289
537.0428369
537.3168937
537.5882746
537.8558977
538.1196666
538.3797545
538.6363338
538.8895767
539.1396551
539.3867413
539.6310073
539.8726252
540.1117671
540.3486051
540.5833114
540.8160579
541.0470169
541.2763604
541.5041923
541.7303281
541.9545074
542.1764694
542.3959534
542.6126989
542.826445
543.0369313
543.2438971
543.4470816
543.6462242
543.8410644
544.0313414
544.2167944
544.3971625
544.5723697
544.743109
544.9102811
545.0747856
545.2375222
545.3993906
545.5612906
545.7241219
545.8887841
546.056177
546.2272004
546.4027539
546.5837372
546.7710504
546.9655963
547.1679011
547.3769797
547.5914277
547.8098431
548.0308247
548.2529709
548.4748802
548.6951514
548.9123828
549.1251731
549.3321208
549.5318246
549.7228829
549.903894
550.0734513
550.2310878
550.3801875
550.5251801
550.670492
550.8205494
550.9797781
551.152604
551.3434532
551.5567514
551.7969246
552.0683988
552.3755999
552.7229538
553.1148864
553.5558235
554.0481677
554.5857621
555.1601867
555.763022
556.3858481
557.0202452
557.6577938
558.290074
558.9086661
559.5051503
560.0711071
560.5981201
561.077999
561.5084397
561.8933389
562.236869
562.5432061
562.8165271
563.0610085
563.2808272
563.4801598
563.6631832
563.834074
563.997009
564.1561648
564.3157184
564.4798462
564.6526275
564.8356816
565.0280468
565.2286388
565.4363731
565.6501657
565.868932
566.0915879
566.3170491
566.5442313
566.7720502
566.9994215
567.2252609
567.4484841
567.6680073
567.8827621
568.0921104
568.2958635
568.4938533
568.6859124
568.8718729
569.0515672
569.2248276
569.3914865
569.5513761
569.7043289
569.850177
569.9887529
570.1198889
570.2434181
570.3591987
570.4677807
570.5704414
570.6684893
570.7632341
570.8559853
570.9480524
571.040745
571.1353728
571.2332451
571.3356718
571.4439621
571.5594258
571.6833724
571.817111
571.9618979
572.1176406
572.2828257
572.4558758
572.6352126
572.819258
573.0064337
573.1951614
573.3838631
573.5709603
573.754875
573.9340288
574.1068436
574.2717411
574.4271433
574.5715769
574.7062377
574.8351182
574.9623444
575.0920423
575.2283377
575.3753567
575.5372251
575.718069
575.9220142
576.1531867
576.4157123
576.7137172
577.0513265
577.4326615
577.8616358
578.3364775
578.8494623
579.3925957
579.9578794
580.5373144
581.1229021
581.7066437
582.2805405
582.8365937
583.3668046
583.8631742
584.3177041
584.7242834
585.0847811
585.4031793
585.6834588
585.9296005
586.1455853
586.3353943
586.5030084
586.6524086
586.7875757
586.9124909
587.031135
587.1474891
587.2655348
587.389257
587.5218625
587.6633837
587.8129832
587.9698282
588.1330866
588.301926
588.4755142
588.6530189
588.8336077
589.0164484
589.2007088
589.3855565
589.5701593
589.7536847
589.9352996
590.1142985
590.2904917
590.4638316
590.63427
590.8017587
590.9662492
591.1276932
591.2860423
591.4412482
591.5932625
591.7420369
591.887523
592.0296725
592.168437
592.3037679
592.4356748
592.5644085
592.6902846
592.8136183
592.9347252
593.0539207
593.1715201
593.2878388
593.4031923
593.517896
593.6322652
593.7466154
593.8612619
593.9765203
594.0927059
594.2100028
594.3280425
594.4463092
594.5642872
594.6814611
594.7973152
594.9113342
595.0230023
595.1318041
595.237224
595.3387465
595.435856
595.5280369
595.614773
595.6955442
595.7705353
595.8427834
595.9161126
595.994342
596.0812905
596.1807766
596.2966193
596.4326372
596.592649
596.7804734
596.9999293
597.2548353
597.5490101
597.8862737
598.2704591
598.7034598
599.1793226
599.6899371
600.2272029
600.7830214
601.349294
601.9179221
602.480807
603.0298502
603.5569532
604.0540178
604.5129507
604.9258578
605.2903384
605.6097472
605.8876967
606.1278043
606.3336878
606.5089646
606.6572526
606.7821692
606.8873321
606.976359
607.0528674
607.120475
607.1827994
607.2434567
607.3059995
607.3722773
607.4423468
607.5161863
607.5937726
607.6750824
607.7600921
607.8487785
607.941118
608.0370874
608.1366631
608.2398218
608.3465401
608.4567946
608.570562
608.6878197
608.8085734
608.9328576
609.0607082
609.1921612
609.3272524
609.4660178
609.6084934
609.754715
609.9047186
610.0585402
610.2162156
610.3777809
610.5432718
610.7127243
610.8861603
611.0632391
611.2432406
611.4254267
611.6090593
611.7934002
611.9777113
612.1612544
612.3432914
612.5230841
612.6998944
612.8729841
613.0416151
613.2050493
613.3625488
613.5133857
613.6571101
613.7935631
613.9225989
614.0440718
614.1578362
614.2637466
614.3616572
614.4514226
614.5328971
614.6059351
614.6703909
614.7261191
614.772974
614.8108114
614.8395611
614.861098
614.8793469
614.8983224
614.9220409
614.9545189
614.9997731
615.0618198
615.1446757
615.2523572
615.3888809
615.5582633
615.7645209
616.0116704
616.3037281
616.6444848
617.0320655
617.4586439
617.9161127
618.3963646
618.8912924
619.3927886
619.8927459
620.3830569
620.8556144
621.3023109
621.7150381
622.0856754
622.4080739
622.6840997
622.9178117
623.1132605
623.2744948
623.4055635
623.5105152
623.5933988
623.6582629
623.7091564
623.7501279
623.7852262
623.8185001
623.8539983
623.8957699
623.9470958
624.008014
624.0777043
624.1553464
624.2401201
624.3312051
624.4277812
624.5290282
624.6341258
624.7422539
624.8525921
624.9643203
625.0766182
625.1886655
625.2996416
625.4088753
625.5163148
625.6220756
625.7262724
625.8290201
625.9304336
626.0306277
626.1297171
626.2278167
626.3250414
626.4215059
626.5173251
626.6126137
626.7074867
626.8020588
626.8964421
626.9907365
627.0850391
627.1794468
627.2740565
627.3689652
627.4642698
627.5600671
627.6564542
627.7535279
627.8513853
627.9501232
628.0498386
628.1506284
628.2525901
628.3557154
628.4595612
628.5635671
628.6671724
628.7698169
628.8709403
628.9699822
629.0663822
629.1595802
629.2490156
629.3341283
629.4143578
629.4891439
629.5579261
629.6201443
629.675776
629.7270741
629.7768935
629.8280887
629.8835142
629.9460248
630.018475
630.1037194
630.2046126
630.3240093
630.4647641
630.6297316
630.8217664
631.0437243
631.2984663
631.5873754
631.9057754
632.2473371
632.6057394
632.974662
633.3477843
633.718786
634.0813467
634.4291458
634.755863
635.0551778
635.3207699
635.5465102
635.7310934
635.878276
635.9920547
636.0764264
636.1353876
636.1729352
636.1930659
636.1997764
636.1970634
636.1889236
636.1793537
636.1723506
636.1719106
636.1820289
636.206606
636.2469951
636.3018831
636.369834
636.4494105
636.5391752
636.6376907
636.7435196
636.8552246
636.9713683
637.0905132
637.2112221
637.3320575
637.4515821
637.5683594
637.6809835
637.7888876
637.892387
637.9918353
638.087587
638.1799967
638.2694191
638.3562087
638.4407201
638.5233079
638.6043268
638.6841313
638.763076
638.8415156
638.9198045
638.9982838
639.0769514
639.1554435
639.2333805
639.310382
639.3860681
639.4600585
639.5319733
639.6014322
639.6680552
639.7314622
639.7912729
639.8471074
639.8985856
639.9453272
639.9869746
640.0237364
640.0564151
640.0858415
640.1128464
640.1382605
640.1629147
640.1876396
640.2132661
640.2406249
640.2705468
640.3038626
640.341403
640.3839987
640.4324798
640.4876424
640.5493601
640.6165395
640.6880439
640.7627357
640.8394773
640.9171311
640.9945594
641.0706247
641.1441894
641.2141158
641.2792663
641.3385035
641.3906896
641.4346892
641.4694411
641.4959058
641.5171702
641.5364141
641.5568191
641.5815673
641.6138404
641.6568204
641.7136892
641.7876288
641.881821
641.9994477
642.1436909
642.3177325
642.5247537
642.767756
643.0452105
643.3508197
643.6780666
644.0204329
644.3714004
644.7244506
645.0730652
645.4107258
645.730914
646.0271113
646.2927983
646.5214426
646.7082293
646.8552535
646.9665205
647.0460251
647.0977606
647.1257202
647.1338968
647.1262838
647.1068741
647.079661
647.0486375
647.0177968
646.991132
646.9726363
646.9663052
646.9752828
646.9991631
647.0365911
647.0862129
647.1466746
647.2166225
647.2947029
647.3795621
647.4698462
647.5642016
647.6612745
647.7597112
647.8581579
647.9552609
648.0496662
648.1402902
648.2271851
648.3107057
648.3912062
648.4690411
648.5445646
648.6181311
648.6900948
648.7608102
648.8306315
648.899913
648.9690091
649.0382741
649.1080624
649.1787289
649.2505354
649.3233661
649.3970013
649.4712219
649.5458089
649.6205432
649.6952058
649.7695777
649.8434398
649.9165731
649.9887585
650.0597769
650.1294095
650.1974371
650.2636413
650.3277233
650.3890593
650.446936
650.5006405
650.5494601
650.5926821
650.6295936
650.659482
650.6816345
650.6953382
650.6998805
650.6945486
650.6786297
650.6514112
650.6121794
650.5609395
650.5007214
650.435357
650.3686786
650.304518
650.2467071
650.1990779
650.1654623
650.1496922
650.1555995
650.1870163
650.2477743
650.3417056
650.4726429
650.644421
650.859243
651.1125129
651.3978073
651.7087082
652.0387981
652.381659
652.7308733
653.0800232
653.422691
653.752459
654.0629092
654.3476244
654.6003555
654.819084
655.0062408
655.164464
655.2963923
655.4046644
655.4919191
655.5607952
655.6139315
655.6539668
655.6835397
655.7052892
655.721854
655.7358727
655.7499838
655.7667691
655.787335
655.8112438
655.8379848
655.8670469
655.8979191
655.9300904
655.9630497
655.996286
656.0292884
656.0615457
656.0925471
656.1217814
656.1487376
656.1729052
656.1937865
656.2112434
656.2255149
656.2368566
656.2455247
656.2517752
656.2558641
656.2580475
656.2585815
656.2577221
656.2557254
656.2528475
656.2493444
656.2454721
656.2414868
656.2376449
656.2342136
656.2314712
656.2296966
656.2291687
656.2301663
656.2329684
656.2378537
656.2451013
656.2549899
656.2677984
656.2838057
656.3032908
656.3265324
656.3538094
656.3853829
656.4210673
656.4602073
656.5021257
656.5461454
656.5915891
656.6377796
656.6840396
656.7296919
656.7740592
656.8164643
656.8562301
656.8926791
656.9251344
656.9529194
656.9754083
656.9933315
657.0088384
657.0241444
657.0414653
657.0630172
657.091016
657.1276777
657.1752183
657.2358536
657.3117998
657.4052727
657.5184884
657.6536624
657.8130071
657.9986136
658.2092228
658.4400576
658.6861872
658.9426771
659.2045928
659.4669994
659.7249624
659.973547
660.2078186
660.4228423
660.6136829
660.7754023
660.904314
661.0019167
661.0711101
661.1147888
661.135847
661.1371789
661.1216788
661.092241
661.0517597
661.0031292
660.9492437
660.8929975
660.8372849
660.7850007
660.7390439
660.7017217
660.6729648
660.6520445
660.6382365
660.6308169
660.6290619
660.6322477
660.6396505
660.6505464
660.6642115
660.6799222
660.6969545
660.7145847
660.7320888
660.7487424
660.7639456
660.7776103
660.789787
660.8005258
660.8098769
660.8178902
660.8246158
660.8301039
660.8344044
660.8375675
660.8396433
660.8406817
660.8407329
660.8398469
660.8380738
660.8355426
660.8327163
660.8301462
660.8283834
660.8279793
660.829485
660.8334519
660.8404312
660.8509741
660.8656319
660.8849559
660.9094972
660.9398073
660.9764374
661.0199405
661.0705203
661.1269492
661.1876093
661.2508848
661.3151597
661.3788184
661.440245
661.4978236
661.5499385
661.5949739
661.6313139
661.6573427
661.6714446
661.6720029
661.6573953
661.6268129
661.5827148
661.5284655
661.4674243
661.4029495
661.3383995
661.2771326
661.2225074
661.1778821
661.146615
661.1320646
661.1375892
661.1665473
661.2222972
661.3082027
661.4262945
661.5730829
661.7435943
661.9328571
662.1359005
662.3477538
662.5634462
662.7780069
662.9864652
663.1838503
663.3651917
663.5255224
663.6600011
663.7672416
663.849489
663.9091465
663.948621
663.9703199
663.9766501
663.9700191
663.952834
663.927502
663.8964304
663.8620263
663.826697
663.7928498
663.7628912
663.7391661
663.7224373
663.7118017
663.7062807
663.7048951
663.7066656
663.7106126
663.715757
663.7211193
663.7257201
663.7285802
663.7287202
663.7251606
663.7169222
663.7030256
663.682525
663.6553235
663.6222146
663.5840339
663.5416172
663.4958002
663.4474187
663.3973084
663.3463051
663.2952444
663.2449621
663.1962939
663.1500756
663.1071428
663.0683305
663.0344445
663.0054842
662.9806051
662.9589244
662.9395589
662.9216251
662.9042395
662.886519
662.8675799
662.8465391
662.822513
662.7946183
662.7619717
662.7236897
662.6788899
662.6267234
662.5672523
662.5014972
662.4305204
662.3553852
662.277155
662.196893
662.1156625
662.034527
661.9545498
661.8767942
661.8023236
661.7322012
661.6674904
661.6092544
661.5585204
661.5154081
661.4790816
661.4486613
661.4232672
661.4020193
661.3840376
661.3684422
661.354353
661.3408902
661.3271737
661.3123234
661.2954596
661.2757021
661.2521713
661.2240387
661.1917977
661.1573266
661.122569
661.089469
661.0599704
661.036017
661.019553
661.0125221
661.0168682
661.0345354
661.0674675
661.1176083
661.1869016
661.2772885
661.3906086
661.5258924
661.6792272
661.8465689
662.0238708
662.2070861
662.392168
662.5750696
662.7517441
662.9181447
663.0702245
663.2039365
663.3152335
663.4010817
663.4627124
663.5024919
663.5227848
663.5259557
663.5143693
663.4903904
663.4563834
663.4147132
663.3677443
663.3178414
663.2673693
663.2186925
663.1741762
663.1361882
663.1066107
663.0853611
663.0718142
663.0653487
663.0653434
663.071177
663.0822283
663.0978761
663.1174993
663.1404765
663.1661867
663.1940086
663.2233209
663.2535026
663.2839322
663.3140006
663.3431473
663.3708251
663.3964869
663.4195856
663.4395739
663.4559047
663.4680308
663.4754051
663.4774804
663.4737095
663.4635452
663.4464405
663.421848
663.3892204
663.348265
663.2997609
663.2447716
663.1843606
663.1195915
663.0515275
662.9812323
662.9097692
662.8382017
662.7675932
662.6990073
662.6335073
662.5721567
662.5160191
662.4661585
662.4233163
662.3868886
662.35591
662.3294165
662.3064437
662.2860277
662.2672041
662.2490089
662.2304778
662.2106467
662.1885515
662.1632279
662.1337117
662.0990384
662.0582404
662.0108157
661.9581383
661.9021012
661.8445944
661.7875074
661.7327295
661.6821504
661.6376595
661.6011462
661.5745001
661.5596106
661.5583673
661.5726595
661.6043771
661.6554152
661.726819
661.8161733
661.920118
662.0352961
662.1583516
662.2859283
662.4146702
662.5412212
662.6622251
662.7743259
662.8741678
662.9583972
663.0237498
663.0694336
663.0972488
663.1091103
663.1069355
663.0926419
663.068147
663.0353684
662.9962236
662.9526302
662.9065056
662.8597674
662.8143332
662.7721203
662.7350456
662.7049795
662.682578
662.6672176
662.6582184
662.6548998
662.6565807
662.6625802
662.6722175
662.6848116
662.6996816
662.7161465
662.7335256
662.7511378
662.7683023
662.7843381
662.7985668
662.8103706
662.8191955
662.8244907
662.8257052
662.822288
662.8136882
662.799355
662.7787374
662.7512844
662.7164451
662.6736686
662.622404
662.5621003
662.4922072
662.4122062
662.3224358
662.2241306
662.1185673
662.0070228
661.890774
661.7710978
661.6492711
661.5265709
661.404274
661.2836575
661.1659982
661.0525729
660.9446587
660.843531
660.7504231
660.6653929
660.5872646
660.5148085
660.4467936
660.3819887
660.3191627
660.2570845
660.194523
660.130247
660.0630255
659.9916272
659.9148212
659.8313764
659.7400625
659.6397229
659.5311048
659.4169607
659.3001326
659.183464
659.069798
658.9619782
658.862848
658.7752508
658.70203
658.646029
658.6100911
658.5970599
658.6097787
658.6510908
658.7236887
658.8264562
658.9542811
659.1018616
659.2638957
659.4350816
659.6101173
659.7837009
659.9505307
660.1053046
660.2427208
660.357477
660.4442632
660.4991417
660.5237886
660.5214063
660.4951927
660.4483446
660.384059
660.3055324
660.2159619
660.1185441
660.0164759
659.9129541
659.8111755
659.7143368
659.625635
659.5482667
659.4845895
659.4334102
659.392597
659.3600182
659.333542
659.3110368
659.2903707
659.269412
659.2460289
659.2180897
659.1834626
659.140016
659.0856179
659.0181362
658.9354367
658.8360428
658.7211829
658.5928216
658.4529197
658.3034379
658.1463371
657.983578
657.8171213
657.6489278
657.4809582
657.3151732
657.1535337
656.9980004
656.8505343
656.7130987
656.587348
656.4736967
656.3722155
656.2829771
656.2060547
656.1415213
656.08945
656.0499138
656.022986
656.0087396
656.0072475
656.0185831
656.0428192
656.0800292
656.1302875
656.1933068
656.2673031
656.3500894
656.4394795
656.5332872
656.6293265
656.7254112
656.8193552
656.9089725
656.9920771
657.0664828
657.1300035
657.1804531
657.2156454
657.2333946
657.232306
657.2143302
657.1823038
657.1390626
657.0874429
657.0302805
656.9704117
656.9106723
656.8538985
656.8029264
656.7605919
656.7297312
656.7131803
656.7137762
656.7343605
656.7767147
656.8382991
656.9153888
657.004266
657.1012131
657.2025125
657.3044468
657.4032984
657.4953497
657.5768834
657.6441818
657.6935276
657.7213051
657.7264817
657.7107326
657.675862
657.6236743
657.5559735
657.4745639
657.3812497
657.2778351
657.1661243
657.0479215
656.9250309
656.7992566
656.6724029
656.5462731
656.4226325
656.3022092
656.1846455
656.0695341
655.956467
655.8450364
655.734834
655.6254522
655.5164826
655.4075175
655.2981489
655.1879687
655.0765689
654.9635417
654.8484794
654.7309925
654.6111767
654.4896382
654.3670055
654.2439075
654.1209733
653.9988319
653.8781123
653.7594435
653.6434546
653.5307746
653.4220324
653.3178572
653.2188779
653.1257234
653.0389998
652.9587363
652.8843545
652.8152482
652.7508111
652.6904369
652.6335192
652.5794516
652.5276278
652.4774414
652.4282861
652.3795554
652.3306432
652.2809428
652.2298482
652.1767683
652.1215088
652.0642902
652.0053527
651.944937
651.8832832
651.8206318
651.7572232
651.6932978
651.6290959
651.5648579
651.5008242
651.4372352
651.3743313
651.312353
651.2515469
651.1923279
651.135287
651.0810229
651.0301348
650.9832216
650.9408824
650.9037162
650.872322
650.8472989
650.8292458
650.8187619
650.8164461
650.8228974
650.8387136
650.8644448
650.8993537
650.9413481
650.9882768
651.0379872
651.0883268
651.1371429
651.1822828
651.221594
651.2529238
651.2741195
651.2830279
651.2774929
651.255977
651.2194564
651.1695987
651.1080674
651.0365255
650.9566361
650.8700624
650.7784674
650.6835144
650.5868663
650.4901863
650.3951375
650.303383
650.2165863
650.1364139
650.0640811
649.9989828
649.9400118
649.8860635
649.8360336
649.7888182
649.7433128
649.6984135
649.6530161
649.6060163
649.55631
649.502793
649.4443612
649.3799105
649.3083358
649.2288865
649.1422943
649.049686
648.9521882
648.8509273
648.7470298
648.641622
648.5358305
648.4307817
648.327602
648.2274179
648.1313558
648.0405422
647.9561037
647.879167
647.8105337
647.7496434
647.6955714
647.6473939
647.6041871
647.5650272
647.5289902
647.4951524
647.46259
647.4303792
647.397596
647.3633167
647.3266174
647.286574
647.2422612
647.1929905
647.1390303
647.0809136
647.0191717
646.9543357
646.8869367
646.8175058
646.7465741
646.6746728
646.6023329
646.5300856
646.458462
646.3879931
646.3192103
646.2526458
646.1886464
646.1268051
646.0665081
646.0071429
645.9480967
645.8887569
645.8285111
645.7667465
645.7028506
645.6362109
645.5662146
645.4922493
645.4137024
645.3299612
645.2404129
645.1447738
645.0441472
644.940004
644.8338151
644.7270513
644.6211834
644.5176824
644.418019
644.323664
644.2360884
644.1567628
644.0871583
644.0287456
643.9829959
643.9513813
643.9348135
643.9318773
643.9405297
643.9587302
643.9844383
644.0156134
644.050215
644.0862026
644.1215356
644.1541734
644.1820756
644.2032016
644.2155549
644.2182432
644.2115346
644.1957519
644.1712175
644.1382543
644.097185
644.0483321
643.9920186
643.928567
643.8583001
643.7815405
643.698611
643.6098343
643.5155332
643.416037
643.3118492
643.2036553
643.0921494
642.9780257
642.8619784
642.7447016
642.6268896
642.5092364
642.3924363
642.2771834
642.1641718
642.0540958
641.9476495
641.8455267
641.7484085
641.6566251
641.5701388
641.4888955
641.4128408
641.3419204
641.2760797
641.2152643
641.1594199
641.1084921
641.0624263
641.0211683
640.9846635
640.9528575
640.9256959
640.9031119
640.8847269
640.8698337
640.8577101
640.8476342
640.8388836
640.8307362
640.8224697
640.813362
640.8026909
640.7897342
640.7737696
640.754075
640.7299283
640.7006071
640.6654175
640.6243749
640.5782393
640.5278059
640.4738701
640.4172271
640.3586723
640.299001
640.2390083
640.1794897
640.1212404
640.0650558
640.011731
639.9620614
639.9168419
639.8768418
639.8421475
639.8121304
639.7861289
639.7634811
639.7435249
639.7255983
639.7090393
639.693186
639.6773763
639.6609483
639.64324
639.6235894
639.6013345
639.5758136
639.5463748
639.5126366
639.4745014
639.4318839
639.3846992
639.3328624
639.2762887
639.2148931
639.1485907
639.0772966
639.000926
638.9193938
638.8326148
638.7406148
638.6438781
638.5430133
638.4386285
638.3313317
638.221731
638.1104345
637.9980501
637.8851859
637.7724501
637.6604505
637.5497954
637.4410927
637.3349508
637.2319793
637.132567
637.0362144
636.9421756
636.8497063
636.7580623
636.6664995
636.5742739
636.4806413
636.3848577
636.2861789
636.1838608
636.0771593
635.9653303
635.8476296
635.7233115
635.5919486
635.4544215
635.3119652
635.1658138
635.0172011
634.8673609
634.7175271
634.5689336
634.4228142
634.2804026
634.1429329
634.0116387
633.887754
633.7725126
633.6671483
633.5726038
633.48859
633.4144923
633.349696
633.2935864
633.2455488
633.2049686
633.1712311
633.1437216
633.1218255
633.1049281
633.0924147
633.0836707
633.0780815
633.0750329
633.0737892
633.0731165
633.0716447
633.0680047
633.0608272
633.0487429
633.0303826
633.0043772
632.9693573
632.9239538
632.8667974
632.7965189
632.711749
632.6111179
632.4932501
632.3575424
632.2064946
632.0434661
631.8718111
631.6948832
631.516036
631.3386229
631.1659976
631.0015134
630.8485239
630.7103827
630.5904433
630.4920591
630.4185838
630.3733754
630.358613
630.3715886
630.408281
630.4646714
630.5367412
630.6204721
630.7118455
630.806843
630.9014463
630.9916369
631.0733965
631.142709
631.1956398
631.2304845
631.2478834
631.2485788
631.2333154
631.202838
631.1578916
631.0992209
631.027571
630.9436867
630.8483128
630.7421943
630.626076
630.5007028
630.3668197
630.2251903
630.0770476
629.9241196
629.7681565
629.610909
629.4541274
629.2995625
629.1489646
629.0040843
628.8666723
628.738479
628.621255
628.5167508
628.4267168
628.3529036
628.2969811
628.2585691
628.2351391
628.2240604
628.222702
628.2284332
628.238623
628.2506407
628.2618553
628.2696361
628.2713522
628.2643728
628.2460669
628.2138041
628.1649551
628.0969673
628.00938
627.9039225
627.7824235
627.6467135
627.4986227
627.3399816
627.1726206
626.9983699
626.8190601
626.6365215
626.4525844
626.2690792
626.0878364
625.9106853
625.7394237
625.5749856
625.417396
625.2666407
625.1227043
624.9855716
624.8552271
624.7316556
624.6148417
624.5047701
624.4014254
624.3047923
624.2148555
624.1315997
624.0550094
623.9850559
623.9213746
623.8632473
623.8099396
623.7607169
623.7148446
623.6715881
623.6302128
623.5899843
623.5501679
623.5100291
623.4688332
623.4258457
623.3803322
623.331558
623.2788155
623.2220872
623.1620782
623.0995278
623.0351756
622.9697612
622.9040238
622.8387032
622.7745388
622.7122701
622.6526365
622.5963776
622.5442335
622.4967129
622.4533595
622.413459
622.3762973
622.3411604
622.3073344
622.2741053
622.2407591
622.2065818
622.1708595
622.1328781
622.0919238
622.0472824
621.9982401
621.9440828
621.8842597
621.818907
621.748344
621.6728895
621.5928624
621.5085815
621.4203658
621.328534
621.2334052
621.1352981
621.0345317
620.9314247
620.8262962
620.7194649
620.6112498
620.5019699
620.3919452
620.2814955
620.1709411
620.060602
619.9507984
619.8418502
619.7340776
619.6278006
619.5233393
619.4210139
619.3211443
619.2240507
619.1300532
619.039473
618.9525027
618.8688173
618.7879491
618.709431
618.6327962
618.5575778
618.4833087
618.4095222
618.3357513
618.2615291
618.1863887
618.1098632
618.0314857
617.9507893
617.8673068
617.7807558
617.6916296
617.6006277
617.5084496
617.4157946
617.3233622
617.2318518
617.1419627
617.0543943
616.9698461
616.8890176
616.8126079
616.7413166
616.6758432
616.6168876
616.564835
616.5187567
616.4773715
616.4393992
616.4035597
616.3685728
616.3331585
616.2960364
616.2559265
616.2115486
616.1616225
616.1048682
616.0400053
615.9657533
615.8808284
615.7844444
615.6778199
615.5627287
615.4409408
615.3142259
615.1843536
615.0530937
614.9222158
614.7934897
614.6686849
614.5495712
614.4379179
614.3354495
614.2427197
614.1590571
614.0837325
614.0160162
613.9551784
613.9004898
613.8512206
613.8066414
613.7660223
613.728634
613.6937467
613.660631
613.6285571
613.5967958
613.5646246
613.5315162
613.4971473
613.4612039
613.4233721
613.3833381
613.340788
613.2954079
613.246884
613.1949023
613.1391491
613.0793104
613.0150724
612.9461213
612.8721435
612.7928411
612.7083347
612.6191851
612.5259723
612.4292769
612.3296794
612.2277603
612.1241002
612.0192797
611.9138792
611.8084793
611.7036605
611.6000033
611.4980884
611.3984962
611.3017934
611.2081983
611.1175634
611.029724
610.9445152
610.8617723
610.7813304
610.7030248
610.6266906
610.5521632
610.4792776
610.4078691
610.3377729
610.2688243
610.2008583
610.1337084
610.0671623
610.0009594
609.9348369
609.8685321
609.8017823
609.7343246
609.6658964
609.5962349
609.5250772
609.4521607
609.3772225
609.3
609.2202305
609.1376515
609.052016
608.9634973
608.8727101
608.7802883
608.6868663
608.5930786
608.4995596
608.4069438
608.3158656
608.2269595
608.1408599
608.0582012
607.9796179
607.9057445
607.837215
607.7746368
607.7179277
607.6662782
607.6188467
607.574791
607.533269
607.4934385
607.4544574
607.4154834
607.3756744
607.3341882
607.2901827
607.2428156
607.1912449
607.1346282
607.0721514
607.0036995
606.9298925
606.8513848
606.7688309
606.6828854
606.5942027
606.5034375
606.4112442
606.3182774
606.2251915
606.1326412
606.041282
605.9516194
605.8635476
605.776794
605.6910867
605.6061538
605.5217235
605.4375238
605.353283
605.2687291
605.1835904
605.0975949
605.0104709
604.9219464
604.8317496
604.7396087
604.645412
604.5497258
604.4532954
604.3568663
604.2611839
604.1669936
604.0750407
603.9860708
603.9008292
603.8200613
603.7445125
603.6749283
603.612054
603.5566353
603.5094183
603.4708885
603.4404544
603.4172323
603.4003401
603.3888956
603.3820165
603.3788207
603.3784259
603.3799499
603.3825106
603.3852257
603.3872129
603.3875902
603.3854752
603.3799846
603.3703663
603.3563947
603.3379903
603.3150727
603.2875614
603.2553757
603.2184352
603.1766592
603.1299673
603.0782788
603.0215133
602.9595901
602.8924286
602.8199484
602.7420681
602.6588691
602.5711032
602.4797034
602.3856023
602.2897323
602.1930259
602.0964156
602.0008338
601.907213
601.8164857
601.7295844
601.6474415
601.5709894
601.5011607
601.4388878
601.3847735
601.3380262
601.2974853
601.2619906
601.2303817
601.2014981
601.1741796
601.1472658
601.1195962
601.0900106
601.0573485
601.0204495
600.9781533
600.9292993
600.8727253
600.8076513
600.7348621
600.65557
600.5709846
600.482316
600.3907738
600.2975678
600.2039078
600.1110036
600.020065
599.9323016
599.8489234
599.7711075
599.6992099
599.6327251
599.5711065
599.5138077
599.460282
599.4099832
599.3623645
599.3168796
599.2729819
599.2301249
599.1877621
599.1453471
599.1023333
599.0581745
599.0123359
598.9645972
598.9150665
598.8638674
598.8111233
598.756958
598.701495
598.6448579
598.5871703
598.5285559
598.4691382
598.4090409
598.3483875
598.2873017
598.225907
598.164327
598.1026807
598.0410828
597.9796476
597.9184897
597.8577233
597.7974629
597.7378228
597.6789176
597.6208616
597.5637693
597.5077549
597.452933
597.3994179
597.3473241
597.2967625
597.2477575
597.2002424
597.1541465
597.1093987
597.0659282
597.0236641
596.9825356
596.9424717
596.9034015
596.8652541
596.8279588
596.7914445
596.7556403
596.7204755
596.6858791
596.651784
596.6181263
596.5848424
596.5518687
596.5191417
596.4865977
596.4541732
596.4218045
596.389428
596.3569802
596.3243975
596.2916162
596.2585728
596.2252034
596.1914343
596.1569217
596.1210386
596.0831453
596.0426019
595.9987686
595.9510054
595.8986724
595.8411297
595.7777373
595.7078554
595.6308441
595.5460635
595.4528736
595.3506357
595.2387537
595.1177854
594.9895032
594.8557321
594.7182985
594.5790287
594.4397493
594.3022865
594.1684667
594.0401165
593.9190622
593.8071307
593.7061509
593.6174351
593.540186
593.4730286
593.4145912
593.363502
593.3183895
593.2778821
593.2406082
593.2051962
593.1702746
593.1344716
593.0964158
593.0547355
593.0080589
592.9550112
592.8945916
592.8273017
592.7540588
592.675778
592.5933738
592.5077611
592.4198543
592.3305681
592.2408172
592.1515162
592.0635798
591.9779225
591.895459
591.8171041
591.7437728
591.6761858
591.6142533
591.5576688
591.5061259
591.4593183
591.4169396
591.3786835
591.3442438
591.3133141
591.2855882
591.2607597
591.2385224
591.2185698
591.2005959
591.1842941
591.1693703
591.1555814
591.1426977
591.1304896
591.1187273
591.1071814
591.095622
591.0838196
591.0715446
591.0585672
591.0446578
591.0295869
591.0131246
590.9950414
590.975107
590.9531845
590.9295154
590.9044457
590.8783204
590.8514848
590.8242839
590.7970628
590.7701667
590.7439408
590.71873
590.6948797
590.6727348
590.6526406
590.6349422
590.6199864
590.607922
590.5980998
590.5896504
590.5817059
590.5733982
590.5638593
590.5522215
590.5376166
590.5191769
590.4960342
590.4673208
590.4321686
590.3897097
590.3390762
590.2793994
590.2102186
590.1327828
590.0487962
589.959963
589.8679868
589.7745718
589.6814217
589.5902404
589.5027319
589.4205999
589.3455484
589.27928
589.2234474
589.1783576
589.1429008
589.1159059
589.0962003
589.0826112
589.073966
589.0690918
589.066816
589.0659658
589.0653685
589.0638514
589.0602418
589.0533669
589.0420541
589.0251692
589.0025417
588.9750159
588.9434827
588.9088335
588.8719594
588.8337517
588.7951017
588.7569006
588.7200397
588.6854103
588.6539036
588.6264109
588.6038234
588.5870322
588.5769
588.573552
588.5763412
588.5845843
588.5975977
588.6146978
588.6352011
588.6584239
588.6836828
588.7102941
588.7375744
588.76484
588.7914074
588.8165931
588.8397141
588.8601089
588.8777061
588.8930535
588.9067261
588.9192998
588.9313503
588.9434533
588.9561846
588.9701199
588.985835
589.0039057
589.0249076
589.0494167
589.0780085
589.1112582
589.1497099
589.1930834
589.2402303
589.2899644
589.3410987
589.392446
589.4428193
589.4910313
589.5358951
589.5762234
589.6108293
589.6385255
589.6581249
589.6684405
589.6682852
589.6565175
589.6331359
589.5993383
589.5563785
589.5055105
589.4479881
589.3850653
589.317996
589.2480342
589.1764339
589.1044489
589.0333333
588.9643409
588.8987257
588.8377412
588.7826057
588.7336063
588.690056
588.6512219
588.6163708
588.5847695
588.5556848
588.5283836
588.5021328
588.476199
588.4498493
588.4223503
588.392969
588.3609722
588.3256275
588.2862296
588.2428167
588.1962081
588.1472571
588.096818
588.0457449
587.9948922
587.945114
587.8972646
587.8521982
587.8107692
587.7738318
587.7422406
587.7166247
587.696672
587.6818175
587.6714972
587.665147
587.6622029
587.6621008
587.6642766
587.6681662
587.6732056
587.6788307
587.6844773
587.6895816
587.6935791
587.6959051
587.6961031
587.6941528
587.6901548
587.6842089
587.6764148
587.6668723
587.6556811
587.6429408
587.6287512
587.6132121
587.5964231
587.578484
587.5594945
587.5395543
587.5187627
587.4972756
587.4754787
587.4538207
587.4327498
587.4127145
587.3941629
587.3775435
587.3633046
587.3518943
587.3437611
587.3393533
587.3391192
587.343507
587.3529651
587.3679419
587.3887042
587.4147516
587.4453812
587.4798896
587.5175737
587.5577304
587.5996564
587.6426488
587.6860041
587.7290195
587.7709915
587.8112172
587.8489933
587.8836165
587.914383
587.940828
587.9634766
587.9831212
588.0005533
588.0165646
588.0319463
588.0474901
588.0639874
588.0822297
588.1030085
588.1271152
588.1553414
588.1884785
588.2273185
588.2726558
588.3248948
588.3828725
588.4449909
588.509655
588.5752701
588.6402414
588.7029742
588.7618739
588.8153456
588.8617947
588.8996265
588.9272461
588.9430591
588.9454703
588.9328811
588.9043962
588.8620013
588.8084648
588.7465526
588.6790303
588.6086635
588.5382177
588.4704583
588.4081509
588.354061
588.3109539
588.281593
588.2686654
588.2727558
588.2922425
588.3254065
588.3705271
588.425883
588.4897531
588.5604163
588.6361515
588.7152375
588.7959534
588.8765778
588.9553898
589.0306682
589.1006925
589.163778
589.2191757
589.2671226
589.3078992
589.3417869
589.369067
589.3900207
589.4049295
589.4140747
589.4177377
589.4161997
589.4097422
589.3986464
589.3831937
589.3636656
589.3403568
589.3139049
589.2853071
589.2555772
589.2257296
589.1967783
589.1697372
589.1456207
589.1254427
589.1102174
589.1009588
589.098681
589.1043982
589.1191244
589.143873
589.1796181
589.2262762
589.282657
589.347519
589.4196204
589.4977188
589.5805724
589.6669392
589.7555771
589.8452441
589.9346981
590.0226972
590.1079993
590.1893624
590.2655458
590.3353463
590.3986062
590.4562658
590.509313
590.5587371
590.6055274
590.6506731
590.6951636
590.739988
590.7861358
590.8345962
590.8863585
590.942412
591.0037459
591.0713491
591.146169
591.2280871
591.3158623
591.4082029
591.5038167
591.6014116
591.6996951
591.797375
591.8931591
591.9857551
592.0738708
592.1562138
592.2314918
592.2984128
592.3556843
592.4020628
592.4375344
592.4633749
592.4809214
592.4915112
592.4964814
592.4971692
592.4949117
592.491046
592.4869095
592.4838391
592.4831721
592.4862476
592.4940644
592.5062248
592.521953
592.5404739
592.5610126
592.5827945
592.6050447
592.6269884
592.647851
592.6668575
592.6832332
592.6962033
592.7049931
592.7088278
592.7069326
592.6989729
592.6864765
592.6714633
592.6559534
592.6419667
592.6315232
592.626643
592.629346
592.6416521
592.6655815
592.7031541
592.7563899
592.8273089
592.9179317
593.0302822
593.1655099
593.3211798
593.493879
593.6801997
593.8767343
594.0800751
594.2868147
594.4935453
594.6968595
594.8933496
595.079608
595.2522272
595.4077995
595.5429164
595.6541623
595.7391214
595.7993945
595.8376956
595.8567318
595.8592093
595.8478345
595.8253135
595.7943525
595.7576578
595.7179356
595.6778921
595.6402335
595.607666
595.5828959
595.5686317
595.567026
595.5779305
595.6005781
595.6342026
595.6780381
595.7313188
595.7932788
595.8631522
595.9401732
596.0235759
596.1125945
596.2064631
596.3044158
596.4056868
596.5095102
596.615032
596.7210253
596.8261644
596.9291239
597.0285781
597.1232015
597.2116685
597.2926536
597.3648312
597.4268758
597.4774618
597.5152636
597.5389556
597.5472117
597.5387021
597.5128528
597.4721656
597.419987
597.3596583
597.2945207
597.2279153
597.1631831
597.1036652
597.0527028
597.0136369
596.9898086
596.9845588
597.0011243
597.0400959
597.0992907
597.1763935
597.2690892
597.3750627
597.4919989
597.6175828
597.7494993
597.8854332
598.0230696
598.1600933
598.2941892
598.4230425
598.5443392
598.6558247
598.7568562
598.8484781
598.9318118
599.0079797
599.0781043
599.1433083
599.204714
599.2634441
599.320621
599.3773673
599.4348054
599.494058
599.5562475
599.6224958
599.6939051
599.7710372
599.8538854
599.9424186
600.0366048
600.1364121
600.2418086
600.3527625
600.4692418
600.5912145
600.7186489
600.8515129
600.9897747
601.1334023
601.2823638
601.43661
601.5956565
601.7585605
601.9243585
602.0920868
602.2607815
602.4294788
602.5972151
602.7630264
602.9259491
603.0850194
603.2392734
603.3877475
603.5294778
603.6635007
603.7888909
603.9057058
604.0150323
604.1180063
604.2157637
604.3094405
604.4001725
604.4890957
604.5773461
604.6660595
604.7563719
604.8494192
604.9463374
605.0482621
605.1563279
605.2716094
605.3935382
605.5198249
605.6481026
605.776003
605.9011577
606.0211984
606.1337568
606.2364646
606.3269534
606.4028549
606.4618008
606.5014227
606.5193525
606.513225
606.4808002
606.4232148
606.3451589
606.2514776
606.1470193
606.0366328
605.9251668
605.81747
605.7183912
605.6327791
605.5654824
605.521351
605.5052406
605.5207744
605.5665633
605.6398414
605.7378505
605.8578333
605.9970324
606.1526904
606.3220499
606.5023534
606.6908436
606.8847632
607.0813546
607.2778606
607.4715232
607.6595803
607.8398727
608.0126697
608.1789117
608.3395351
608.4954759
608.6476701
608.7970536
608.9445625
609.0911327
609.2377002
609.385201
609.5345709
609.6867461
609.8426625
610.0032567
610.1691898
610.3399717
610.5148051
610.6928928
610.8734378
611.0556431
611.2387116
611.4218463
611.6042502
611.7851263
611.9636775
612.1391069
612.3106173
612.4774117
612.638693
612.7938971
612.9434396
613.0879973
613.2282464
613.3648633
613.4985242
613.6299054
613.7596832
613.8885339
614.0171338
614.1461591
614.2762862
614.4081913
614.542551
614.6800427
614.8211577
614.9656336
615.1130002
615.2627886
615.4145299
615.5677552
615.7219957
615.8767827
616.0316472
616.1861204
616.3397336
616.4920177
616.6425041
616.7907238
616.936206
617.0787275
617.2190654
617.3582722
617.4973988
617.6374961
617.7796149
617.924806
618.0741202
618.2286084
618.3893213
618.5573098
618.7336247
618.9193168
619.115437
619.3230369
619.542511
619.7714921
620.0068795
620.2455727
620.4844712
620.7204746
620.9504824
621.1713943
621.3801098
621.5735286
621.7485501
621.902074
622.0309998
622.1322266
622.2026518
622.2405157
622.2496636
622.2354447
622.2032039
622.1582861
622.1060362
622.0517989
622.0009192
621.958742
621.9306122
621.9218747
621.9378739
621.9838021
622.0610247
622.1668807
622.2985225
622.4531016
622.6277697
622.8196783
623.0259789
623.2438231
623.4703624
623.7027483
623.9381324
624.1736663
624.4065014
624.63379
624.8527514
625.0623662
625.2634577
625.4569364
625.6437133
625.8246992
626.000805
626.1729416
626.3420199
626.5089507
626.6746449
626.8400135
627.0059672
627.1734169
627.3432731
627.5164316
627.6933824
627.8741901
628.0589003
628.2475584
628.4402097
628.6368994
628.8376729
629.0425755
629.2516523
629.4649488
629.6825101
629.9043817
630.1306088
630.3612363
630.5962967
630.8354866
631.0781487
631.3236102
631.5711984
631.8202402
632.0700625
632.3199924
632.5693569
632.8174829
633.0636974
633.3073276
633.5477003
633.7841425
634.0159813
634.2425713
634.4639599
634.6809227
634.8942694
635.1048098
635.3133536
635.5207106
635.7276906
635.9351034
636.1437588
636.3544665
636.5680364
636.7852781
637.0070015
637.2340156
637.467077
637.7055492
637.9473379
638.1902806
638.4322141
638.6709755
638.9044018
639.1303298
639.3465966
639.5510391
639.7414943
639.9157992
640.0717907
640.2073061
640.3201857
640.4083847
640.4730328
640.5185914
640.549668
640.5708737
640.5868197
640.6021172
640.6213773
640.6492114
640.6902306
640.7490462
640.8302699
640.9385148
641.0772409
641.2450984
641.4394461
641.6576466
641.8970624
642.1550563
642.4289908
642.7162286
643.0141323
643.3200645
643.6313877
643.9454647
644.2596581
644.5713298
644.8778385
645.1770933
645.4692199
645.7549582
646.0350441
646.3102129
646.5812
646.8487408
647.1135707
647.376425
647.6380392
647.8991486
648.1604887
648.4227947
648.6868022
648.953248
649.2226557
649.4946812
649.7687435
650.0442622
650.3206573
650.5973487
650.8737563
651.1493001
651.4234
651.6954759
651.9649477
652.2312354
652.493759
652.7519383
653.0051932
653.2530951
653.4958558
653.7338562
653.9674774
654.1971003
654.4231059
654.6458754
654.8657896
655.0832297
655.2985766
655.5122113
655.7245149
655.9358683
656.1466526
656.3572487
656.5680836
656.7797758
656.9929953
657.2084123
657.4266965
657.6485179
657.8745465
658.1054522
658.3419049
658.5845746
658.8341311
659.0912445
659.3565848
659.6308223
659.9146314
660.2081323
660.50922
660.8151721
661.1232702
661.4307963
661.7350324
662.0332608
662.3227633
662.6008223
662.8647196
663.1117374
663.3391578
663.5442629
663.7243343
663.8766469
663.9997624
664.0975148
664.1751697
664.2379886
664.2912321
664.3401609
664.3900355
664.4461166
664.5136648
664.5979405
664.7042041
664.8377117
665.0035724
665.2028171
665.4321977
665.6882782
665.9676181
666.266777
666.5823139
666.9107885
667.2487599
667.5927875
667.9394308
668.285249
668.6268014
668.9606476
669.2833484
669.5915608
669.8844501
670.1638245
670.4316092
670.6897313
670.9401178
671.184696
671.4253931
671.6641364
671.9028529
672.14347
672.3879147
672.6381145
672.8959963
673.1634875
673.4424619
673.7334522
674.0355829
674.3479119
674.6694972
674.9993967
675.3366681
675.6803695
676.0295587
676.3832937
676.7406323
677.1006325
677.4623521
677.824849
678.1871815
678.5484235
678.9080717
679.2660657
679.6223655
679.9769313
680.3297232
680.6807014
681.0298262
681.3770577
681.7223561
682.0656817
682.4069945
682.7462549
683.0834229
683.4184592
683.7513342
684.0822938
684.4118736
684.7406215
685.0690859
685.3978152
685.7273576
686.0582616
686.3910755
686.7263476
687.0646265
687.4064603
687.7523975
688.1029864
688.4587747
688.8202629
689.1867253
689.5561451
689.9264476
690.2955575
690.6613994
691.0218977
691.3749771
691.718562
692.0505769
692.3689466
692.6715954
692.956448
693.2214289
693.4644626
693.6835832
693.8795849
694.0561579
694.2171299
694.3663288
694.5075824
694.6447182
694.7815642
694.9219481
695.0696976
695.2286405
695.4026049
695.5954232
695.8100604
696.0459255
696.301462
696.5751161
696.8653347
697.1705646
697.4892529
697.8198464
698.1607919
698.5105365
698.8675269
699.2302102
699.5970331
699.9664427
700.3368858
700.7070929
701.0769939
701.4468361
701.8168663
702.1873318
702.5584795
702.9305566
703.3038103
703.6784874
704.0548352
704.4331007
704.813531
705.1963732
705.5818744
705.9702821
706.3617412
706.7559744
707.1525894
707.5511946
707.9513985
708.3528095
708.7550359
709.1576862
709.5603688
709.962692
710.3642644
710.7646943
711.1635901
711.5605601
711.9552123
712.347222
712.7365362
713.1231771
713.5071663
713.8885254
714.2672762
714.6434401
715.017039
715.3880943
715.7566277
716.1226609
716.4862154
716.847313
717.2059751
717.5622231
717.916182
718.2684061
718.6195653
718.9703293
719.3213678
719.6733505
720.0269471
720.3828272
720.7416605
721.1041167
721.4708654
721.8425763
722.2199192
722.6035636
722.9941792
723.3918804
723.7944335
724.1989836
724.6026758
725.0026554
725.3960676
725.7800576
726.1517707
726.508352
726.8469467
727.1647001
727.4587574
727.7262636
727.9643629
728.1701928
728.3424217
728.4859695
728.6074674
728.7135373
728.8108004
728.9058781
729.0053915
729.1159618
729.2442104
729.3967584
729.5802272
729.8012378
730.0662097
730.3764682
730.7279948
731.1165169
731.5377621
731.9874579
732.4613316
732.9551109
733.4645232
733.9852962
734.5131571
735.0438337
735.5730535
736.096544
736.610035
737.1093557
737.5930497
738.0625007
738.5192226
738.9647313
739.4005424
739.8281717
740.2491349
740.6649477
741.0771261
741.4871855
741.8966419
742.3070109
742.7198083
743.1365486
743.5587092
743.9867431
744.4200262
744.857888
745.2996565
745.7446599
746.1922262
746.6416834
747.0923597
747.5435832
747.9946819
748.4449839
748.8938172
749.34051
749.7843906
750.2248144
750.6618334
751.0962325
751.5288299
751.9604442
752.3918938
752.8239973
753.2575733
753.6934403
754.132417
754.5753218
755.0229732
755.4761899
755.9357904
756.4025932
756.8773831
757.3600845
757.849721
758.3452728
758.8457202
759.3500436
759.8572234
760.3662398
760.8760733
761.3857041
761.8941127
762.4002793
762.9031843
763.4018083
763.8951325
764.3821819
764.8631785
765.3395969
765.8129687
766.2848265
766.7567026
767.2301297
767.7066403
768.1877669
768.6750419
769.169998
769.6741676
770.1890833
770.7162773
771.2572798
771.8135274
772.3839203
772.9646908
773.5519547
774.1418257
774.7304168
775.3138413
775.8882123
776.4496431
776.9942468
777.5181367
778.0174258
778.4882275
778.9266549
779.3288222
779.6910281
780.0142397
780.3043389
780.567433
780.8096307
781.0370407
781.2557719
781.471933
781.6916331
781.9209808
782.1660852
782.4330561
782.7280145
783.0556102
783.4145819
783.8020311
784.2150692
784.650809
785.106363
785.5788441
786.0653651
786.5630386
787.0689774
787.5802942
788.0941019
788.6075131
789.1176405
789.6215946
790.1171297
790.604672
791.0853652
791.5603515
792.0307734
792.497773
792.9624925
793.426074
793.8896598
794.3543921
794.821413
795.2918647
795.7668895
796.2476296
796.7352272
797.230509
797.7329702
798.2417527
798.7559989
799.274851
799.7974512
800.3229419
800.8504652
801.3791635
801.908179
802.436654
802.9637307
803.4885513
804.010258
804.5279913
805.0411767
805.5503971
806.056554
806.5605467
807.0632744
807.5656365
808.068532
808.5728604
809.0795207
809.5894124
810.1034347
810.6224867
811.1474677
811.6792772
812.2188154
812.7668369
813.3235075
813.888831
814.4628117
815.0454543
815.6367634
816.2367435
816.8453994
817.4627355
818.0887566
818.7234672
819.3668719
820.0189752
820.679782
821.3492983
822.0268731
822.709109
823.3918761
824.0710449
824.7424858
825.4020697
826.0456672
826.6691489
827.2683856
827.8392479
828.3776066
828.8793322
829.3402954
829.7563663
830.1234143
830.4393216
830.7104249
830.9453153
831.15258
831.3408059
831.5185801
831.6944898
831.8771219
832.0750635
832.2969019
832.5512242
832.8466159
833.1914251
833.5879821
834.0322805
834.5200241
835.046915
835.6086548
836.2009451
836.8194877
837.4599841
838.118136
838.7896451
839.470213
840.1555414
840.8413321
841.523287
842.1972075
842.86145
843.5170461
844.1651551
844.8069363
845.4435491
846.0761527
846.7059066
847.33397
847.9615021
848.5896624
849.2196102
849.8525047
850.4895053
851.1317703
851.7804249
852.4356754
853.0967657
853.7628964
854.4332674
855.1070785
855.7835296
856.4618205
857.141151
857.8207209
858.4997301
859.1773784
859.8528657
860.5253918
861.1941568
861.8583759
862.5176623
863.1720485
863.8215855
864.4663244
865.1063165
865.7416131
866.3722655
866.9983249
867.6198426
868.2368698
868.8494579
869.457658
870.0615216
870.6610999
871.2564745
871.848489
872.4387885
873.0290552
873.6209713
874.2162194
874.8164818
875.4234408
876.0387789
876.6641784
877.3013218
877.9518913
878.6175695
879.3000385
880.0009799
880.721953
881.4613375
882.2141849
882.9753887
883.7398421
884.5024383
885.2580706
886.001632
886.7280159
887.4321154
888.1088237
888.753034
889.3596396
889.9235343
890.4396177
890.9030219
891.315306
891.6847653
892.0199952
892.3295969
892.622172
892.9063221
893.190649
893.4837541
893.7942392
894.1307059
894.5017563
894.9159932
895.3799344
895.8913321
896.4456033
897.0381691
897.6644504
898.3198681
898.9998432
899.6997965
900.415149
901.1413216
901.8737351
902.6078106
903.3389689
904.0626299
904.7742081
905.4701401
906.151002
906.8185113
907.4743784
908.1203132
908.7580255
909.3892249
910.0156215
910.6389249
911.260845
911.8830915
912.5073742
913.1354031
913.768888
914.4095414
915.0587398
915.7165032
916.3824784
917.0563137
917.737658
918.4261599
919.1214681
919.8232316
920.5310989
921.244719
921.9637405
922.6878122
923.4165829
924.1497013
924.8868162
925.6275651
926.371538
927.1183124
927.8674656
928.6185751
929.3712183
930.1249726
930.8794155
931.6341244
932.3886767
933.1426499
933.8956213
934.6471685
935.3968687
936.144299
936.8893299
937.6330596
938.376915
939.1223223
939.8707074
940.6234964
941.3821154
942.1479905
942.9225477
943.7072131
944.5034128
945.3125728
946.1361193
946.9754794
947.8320869
948.7062809
949.593985
950.4899013
951.3887401
952.2852121
953.1740282
954.0498993
954.9075364
955.7416502
956.5469517
957.3181517
958.0499612
958.737091
959.3742509
959.956135
960.4797799
960.9517212
961.3810992
961.7770432
962.1486805
962.5051384
962.855544
963.2090247
963.5747075
963.9617197
964.3791879
964.8362332
965.341751
965.8984035
966.5023207
967.1493411
967.8352975
968.5560224
969.3073482
970.0851075
970.8851328
971.7032565
972.5353112
973.3771293
974.2245434
975.073386
975.9194918
976.7587829
977.5895305
978.4124781
979.2284778
980.0383834
980.8430491
981.6433293
982.4400781
983.2341498
984.0263985
984.8176784
985.6088439
986.4007492
987.1942483
987.9901957
988.7894219
989.5921687
990.3980581
991.2066836
992.0176383
992.8305155
993.6449083
994.46041
995.2766138
996.0931128
996.9095004
997.7253696
998.5403138
999.3539262
1000.1658
1000.975543
1001.783129
1002.58892
1003.393293
1004.196626
1004.999298
1005.801688
1006.604172
1007.407129
1008.210939
1009.015978
1009.822626
1010.63126
1011.442259
1012.256001
1013.07285
1013.89281
1014.715508
1015.540551
1016.367549
1017.19611
1018.025842
1018.856354
1019.687254
1020.518152
1021.348654
1022.17837
1023.006908
1023.833878
1024.658886
1025.481573
1026.30233
1027.122347
1027.94285
1028.765063
1029.590212
1030.419521
1031.254217
1032.095523
1032.944667
1033.802873
1034.671366
1035.551371
1036.444114
1037.350821
1038.272615
1039.208114
1040.153292
1041.104005
1042.056106
1043.005447
1043.947882
1044.879264
1045.795446
1046.692281
1047.565624
1048.411327
1049.225242
1050.003225
1050.74113
1051.435027
1052.086655
1052.70368
1053.294048
1053.865709
1054.426608
1054.984694
1055.547915
1056.124219
1056.721553
1057.347865
1058.011103
1058.719216
1059.478134
1060.285277
1061.135809
1062.024895
1062.947699
1063.899386
1064.875122
1065.870069
1066.879394
1067.898261
1068.921834
1069.945279
1070.963759
1071.972441
1072.966485
1073.942144
1074.900213
1075.842705
1076.771629
1077.688997
1078.596818
1079.497103
1080.391861
1081.283102
1082.172837
1083.063076
1083.955828
1084.853105
1085.756916
1086.669276
1087.591642
1088.52323
1089.462637
1090.40846
1091.3593
1092.313757
1093.27043
1094.227919
1095.184824
1096.139745
1097.091281
1098.038032
1098.978598
1099.911579
1100.835572
1101.749616
1102.654556
1103.551729
1104.442472
1105.32812
1106.210007
1107.08947
1107.967843
1108.846462
1109.726662
1110.609778
1111.497146
1112.390101
1113.289979
1114.198114
1115.115645
1116.042876
1116.979893
1117.92678
1118.88362
1119.850499
1120.827501
1121.814711
1122.812212
1123.82009
1124.838429
1125.867313
1126.906827
1127.957056
1129.018085
1130.089259
1131.166831
1132.246226
1133.322869
1134.392187
1135.449605
1136.49055
1137.510448
1138.504725
1139.468807
1140.398121
1141.288091
1142.134146
1142.931707
1143.676184
1144.365336
1145.006377
1145.609141
1146.183447
1146.73911
1147.285947
1147.833773
1148.392403
1148.971655
1149.581343
1150.231284
1150.93129
1151.690902
1152.51249
1153.390918
1154.320701
1155.296347
1156.312367
1157.363271
1158.44357
1159.547775
1160.670395
1161.805941
1162.948923
1164.093852
1165.235239
1166.367597
1167.485561
1168.587113
1169.673745
1170.747105
1171.808843
1172.860611
1173.904058
1174.940837
1175.972598
1177.000992
1178.02767
1179.054283
1180.082482
1181.113918
1182.15024
1183.193061
1184.242986
1185.299556
1186.362267
1187.430614
1188.504092
1189.582196
1190.66442
1191.750259
1192.839208
1193.930762
1195.024416
1196.119664
1197.216002
1198.312923
1199.409929
1200.506673
1201.602967
1202.69863
1203.793483
1204.887344
1205.980035
1207.071374
1208.161182
1209.249277
1210.335481
1211.419612
1212.50149
1213.580936
1214.657769
1215.731834
1216.803622
1217.874306
1218.945086
1220.017165
1221.091746
1222.17003
1223.25322
1224.342519
1225.439128
1226.544251
1227.659089
1228.784844
1229.92272
1231.073914
1232.239519
1233.417633
1234.603218
1235.791094
1236.976083
1238.153002
1239.316672
1240.46191
1241.583537
1242.676371
1243.735232
1244.754938
1245.73031
1246.656165
1247.527327
1248.338904
1249.093393
1249.801078
1250.472587
1251.118555
1251.749615
1252.376404
1253.009555
1253.659702
1254.337482
1255.053528
1255.818478
1256.642986
1257.535033
1258.491839
1259.50764
1260.576694
1261.69326
1262.851596
1264.045962
1265.270616
1266.519819
1267.787828
1269.068903
1270.357304
1271.647288
1272.933115
1274.209037
1275.470402
1276.717023
1277.949933
1279.17016
1280.378732
1281.576676
1282.765019
1283.94479
1285.117014
1286.28272
1287.442934
1288.598685
1289.750999
1290.900905
1292.049428
1293.197506
1294.345688
1295.49442
1296.64415
1297.795326
1298.948394
1300.103801
1301.261995
1302.423423
1303.588532
1304.75777
1305.931582
1307.110418
1308.294723
1309.484946
1310.681354
1311.88347
1313.090616
1314.302115
1315.517288
1316.735458
1317.955947
1319.178078
1320.401172
1321.624554
1322.847544
1324.069465
1325.289639
1326.507389
1327.722034
1328.933263
1330.142243
1331.350556
1332.559778
1333.771487
1334.987259
1336.208672
1337.437303
1338.674728
1339.922524
1341.182269
1342.455539
1343.743912
1345.048964
1346.37228
1347.714276
1349.070593
1350.435571
1351.803557
1353.168898
1354.525939
1355.869027
1357.192509
1358.490732
1359.758041
1360.988783
1362.177306
1363.317955
1364.405077
1365.433018
1366.398644
1367.309474
1368.175844
1369.008088
1369.816543
1370.611544
1371.403427
1372.202527
1373.01918
1373.863721
1374.746486
1375.677806
1376.667743
1377.719326
1378.828171
1379.989569
1381.198804
1382.451161
1383.741923
1385.066375
1386.4198
1387.797482
1389.194706
1390.606756
1392.028915
1393.456468
1394.884699
1396.308976
1397.726785
1399.137839
1400.541953
1401.938943
1403.328627
1404.71082
1406.085338
1407.451999
1408.810618
1410.161012
1411.502997
1412.83639
1414.161007
1415.476664
1416.783199
1418.081008
1419.37107
1420.65439
1421.931974
1423.204831
1424.473965
1425.740382
1427.005091
1428.269096
1429.533404
1430.799022
1432.066956
1433.338212
1434.613796
1435.894697
1437.181408
1438.473908
1439.772151
1441.076091
1442.385682
1443.700879
1445.021635
1446.347905
1447.679642
1449.016802
1450.359337
1451.707203
1453.060352
1454.41874
1455.782327
1457.151233
1458.525749
1459.906172
1461.292801
1462.685932
1464.085863
1465.492892
1466.907318
1468.329437
1469.759546
1471.197945
1472.644931
1474.100801
1475.565852
1477.040306
1478.522406
1480.00833
1481.494153
1482.975953
1484.449806
1485.911791
1487.357983
1488.78446
1490.187299
1491.562576
1492.906369
1494.214755
1495.483812
1496.709619
1497.88847
1499.022363
1500.119268
1501.187431
1502.2351
1503.270525
1504.301954
1505.337637
1506.385821
1507.454756
1508.552692
1509.687875
1510.868557
1512.100973
1513.382856
1514.709687
1516.076949
1517.480125
1518.914696
1520.376144
1521.859953
1523.361604
1524.876579
1526.400362
1527.928433
1529.456276
1530.979371
1532.493199
1533.994247
1535.483174
1536.961767
1538.431809
1539.895083
1541.35337
1542.808455
1544.26212
1545.716146
1547.172318
1548.632418
1550.098228
1551.571531
1553.05411
1554.547753
1556.053676
1557.570803
1559.097423
1560.631827
1562.172309
1563.717162
1565.264678
1566.81315
1568.360871
1569.906135
1571.447233
1572.98246
1574.510107
1576.028467
1577.53583
1579.031081
1580.51554
1581.991189
1583.46001
1584.923982
1586.385087
1587.845303
1589.306612
1590.770993