151.0947852
151.560391
151.9978162
152.410811
152.8031255
153.17851
153.5407145
153.8934898
154.24036
154.5830382
154.9223604
155.2591566
155.5942568
155.9284911
156.2626897
156.5976826
156.9343
157.273372
157.6157285
157.9621979
158.3144256
158.6805812
159.0719993
159.5000345
159.9760411
160.5113733
161.1173852
161.8054311
162.5868653
163.4730418
164.4753145
165.6050288
166.8703667
168.2536218
169.7246365
171.2531645
172.8089591
174.3617731
175.8813596
177.3374718
178.6998625
179.9382754
181.0261116
181.9659426
182.7744944
183.4685822
184.0650193
184.5806193
185.0321956
185.4365617
185.8105309
186.1709167
186.5345324
186.9181869
187.3370473
187.7928501
188.2808707
188.7963391
189.3344845
189.8905366
190.4597246
191.037278
191.6184263
192.1983987
192.772425
193.3357351
193.8840636
194.4172548
194.9371296
195.4455245
195.9442755
196.4352186
196.92019
197.4010256
197.8795615
198.3576339
198.8370786
199.3197325
199.8072611
200.2999713
200.79751
201.29952
201.805644
202.315525
202.8288057
203.3451291
203.8641379
204.385475
204.9087833
205.4337056
205.9598828
206.4869405
207.0144969
207.54217
208.0695778
208.5963386
209.1220704
209.6463912
210.1689192
210.6892724
211.2070689
211.7219262
212.2332904
212.7392005
213.23702
213.724107
214.1978198
214.6555167
215.0945559
215.5122956
215.9060942
216.2733099
216.6113012
216.9174263
217.1903537
217.4393588
217.6788297
217.923193
218.1868748
218.4843009
218.829897
219.238089
219.7233027
220.2999639
220.9824984
221.7853444
222.7197715
223.7719121
224.9156863
226.1249355
227.3735037
228.6352349
229.8839732
231.0935629
232.2378486
233.2906748
234.228763
235.0521469
235.7720924
236.3999513
236.9470735
237.4248086
237.8445064
238.2175164
238.5551883
238.8688717
239.1699163
239.4696754
239.778579
240.0997339
240.4326887
240.7769692
241.132102
241.4976136
241.8730306
242.2578797
242.6516873
243.05398
243.4642845
243.8821272
244.3069394
244.7373808
245.171739
245.6082986
246.0453447
246.4811621
246.9140355
247.3422501
247.7640905
248.1778416
248.5817885
248.9742164
249.3535699
249.7196007
250.0726876
250.4132147
250.7415655
251.058124
251.3632739
251.6573991
251.9408833
252.2141104
252.4774641
252.7313283
252.9760551
253.2117414
253.4383612
253.655887
253.8642919
254.0635486
254.25363
254.434509
254.6061584
254.7685511
254.9216599
255.0654542
255.2008917
255.3367813
255.4857459
255.6604323
255.8734867
256.1375553
256.4652843
256.8693199
257.3623084
257.9568957
258.665728
259.5014461
260.4735395
261.5658539
262.749874
263.9970009
265.2786347
266.5661758
267.8310243
269.0445806
270.1782446
271.2034042
272.094898
272.8549642
273.4991522
274.0430957
274.5024261
274.8927746
275.2297724
275.5290508
275.806241
276.0769743
276.3568817
276.6615917
277.004985
277.3867287
277.7996369
278.2364773
278.6900175
279.1530249
279.6182669
280.078511
280.5265247
280.9550754
281.3569309
281.7248614
282.0527199
282.3432295
282.603373
282.840166
283.0606243
283.2717633
283.4805985
283.6941455
283.9194199
284.163437
284.4332123
284.735764
285.0771406
285.4556421
285.8658165
286.3021854
286.7592711
287.2315961
287.7136828
288.2000537
288.6852311
289.1637377
289.6300958
290.0788267
290.5048471
290.9062231
291.2825498
291.6334315
291.9584726
292.2572775
292.5294504
292.7745956
292.9923176
293.1822206
293.343909
293.47699
293.5821583
293.6690003
293.7513805
293.8431935
293.9583342
294.1106975
294.3141785
294.582672
294.9300729
295.3702761
295.9171757
296.5846619
297.3834127
298.2979147
299.3000603
300.3616441
301.4544619
302.5503102
303.620985
304.6382825
305.5739996
306.3999406
307.0913156
307.6511567
308.0958863
308.4420203
308.7060758
308.9045697
309.0540189
309.1709404
309.271851
309.3732678
309.4917072
309.6436837
309.8441676
310.0955308
310.3940886
310.7361088
311.1178603
311.5356117
311.9856319
312.4641896
312.9675537
313.4919929
314.033776
314.5891729
315.1541455
315.7222055
316.2856763
316.836873
317.3681112
317.8717063
318.3399738
318.7652293
319.1397882
319.455966
319.7060781
319.8824379
319.9789677
320.002491
319.9660813
319.882852
319.7659158
319.6283859
319.4833751
319.3439962
319.2233623
319.1345863
319.0907807
319.1050536
319.1889462
319.3411514
319.5541884
319.8205312
320.1326535
320.4830292
320.8641319
321.2684354
321.6884135
322.11654
322.5452889
322.9671342
323.3756378
323.7731824
324.1663999
324.5619545
324.9665099
325.3867296
325.8292771
326.3008161
326.8080099
327.3575223
327.9560166
328.6101633
329.324896
330.0913696
330.8940458
331.7173427
332.54568
333.3634773
334.1551544
334.905131
335.5978275
336.2176644
336.751232
337.2027293
337.5848346
337.9102915
338.191842
338.4422284
338.6741924
338.9004763
339.1338221
339.3869717
339.6726671
340.0036565
340.3911325
340.8339448
341.3249482
341.8569579
342.422791
343.0152642
343.6271944
344.2513987
344.8806938
345.5078967
346.1258243
346.7272933
347.3058211
347.8605738
348.3934491
348.9063624
349.4012291
349.8799645
350.3444839
350.7967027
351.2385364
351.6719002
352.0987095
352.520879
352.9401488
353.3568231
353.7705171
354.1808404
354.5874031
354.9898149
355.3876857
355.7806254
356.1682437
356.5501505
356.9259557
357.295269
357.6577594
358.0135713
358.3630788
358.7066578
359.0446842
359.3775339
359.7055825
360.0292059
360.3487801
360.6646806
360.9772835
361.2869651
361.5939689
361.8974861
362.1961963
362.4887758
362.7739011
363.0502487
363.316495
363.5713165
363.8133896
364.0413909
364.2539968
364.449885
364.6286245
364.7970254
364.9653898
365.1440436
365.3433129
365.5735236
365.8450016
366.1680731
366.5530638
367.0102998
367.5501064
368.182803
368.9161871
369.7373934
370.6236337
371.5520432
372.4997575
373.4439122
374.361643
375.2300857
376.0263761
376.7276529
377.3137661
377.7865676
378.1585252
378.4421773
378.650063
378.7947214
378.8886913
378.9445119
378.9747222
378.9918611
379.0084674
379.0370771
379.0891289
379.1670667
379.2690149
379.3930649
379.5373083
379.6998364
379.8787407
380.0721128
380.2780441
380.4946262
380.7199505
380.9521082
381.1893399
381.4310827
381.6773526
381.9281699
382.1835545
382.4435267
382.7081063
382.9773136
383.2511685
383.5296911
383.8129015
384.1008197
384.3934492
384.6906604
384.992259
385.2980506
385.6078404
385.9214339
386.2386366
386.5592538
386.8830909
387.2099535
387.5396467
387.8719757
388.206556
388.5414562
388.8740003
389.2015071
389.5212954
389.830684
390.1269915
390.4075369
390.6696389
390.9106162
391.1277879
391.3184746
391.4810264
391.6221992
391.7527894
391.8836245
392.0255319
392.1893389
392.3858726
392.6259603
392.9204292
393.2801065
393.7158193
394.2384033
394.8561784
395.5574353
396.3207514
397.1246373
397.9476063
398.7681716
399.5648466
400.3161445
401.0005795
401.59667
402.0855755
402.4700368
402.7631657
402.9781545
403.1281946
403.2264773
403.2861938
403.3205355
403.3426935
403.3658592
403.4032236
403.4679828
403.5718998
403.7153221
403.893063
404.0998973
404.3306014
404.5799517
404.8427245
405.1136964
405.3876436
405.6593426
405.9235697
406.1751004
406.4092897
406.6261315
406.8278684
407.0167574
407.1950551
407.3650182
407.5289035
407.6889676
407.8474671
408.0066588
408.1687994
408.3361447
408.5106859
408.6922446
408.8795997
409.0715225
409.2667842
409.4641561
409.6624094
409.8603154
410.0566453
410.2501704
410.4396619
410.6238911
410.801712
410.9726498
411.1365528
411.2932719
411.442658
411.5845617
411.718834
411.8453256
411.9638874
412.07437
412.1766245
412.2704992
412.3564281
412.4394919
412.5270274
412.6263867
412.7449212
412.8899821
413.068921
413.2890891
413.5578378
413.8825185
414.2704826
414.7290821
415.2638808
415.8660379
416.5197446
417.2091473
417.9183923
418.631626
419.3329948
420.006645
420.6367232
421.207369
421.7044949
422.1280935
422.4849929
422.7820668
423.0261873
423.2242263
423.3830556
423.5095472
423.610573
423.693005
423.7637151
423.8295755
423.8970169
423.9689181
424.046439
424.1307285
424.2229355
424.3242089
424.4356978
424.5585509
424.6939172
424.8429456
425.006785
425.1865835
425.3832268
425.595447
425.820942
426.0574021
426.3025175
426.5539783
426.8094748
427.066697
427.3233353
427.5770798
427.8256207
428.0666481
428.2980476
428.5192829
428.7305792
428.9321676
429.1242788
429.3071436
429.4809927
429.6460569
429.802567
429.9507538
430.090848
430.2230805
430.3476389
430.464365
430.5729327
430.6730152
430.7642854
430.8464163
430.919081
430.9819523
431.0347035
431.0770074
431.108537
431.128966
431.1385895
431.1427398
431.1491808
431.1656926
431.2000554
431.2600494
431.3534546
431.4880513
431.6716196
431.9119397
432.2167911
432.5939487
433.0493017
433.5732761
434.1488733
434.7590376
435.3867136
436.0148457
436.6263786
437.2042569
437.7314252
438.1908293
438.5675001
438.8633445
439.0884192
439.2528349
439.3667023
439.4401322
439.4832353
439.5061223
439.5189041
439.5316915
439.5545947
439.5977216
439.6701071
439.7719882
439.8993776
440.0482556
440.2146025
440.3943989
440.5836251
440.7782614
440.9742885
441.1676866
441.3544363
441.5305173
441.6923091
441.8394021
441.9729385
442.0940719
442.2039555
442.3037425
442.3945861
442.4776395
442.5540559
442.6249885
442.6915906
442.7550153
442.8164103
442.8768792
442.937504
442.9993669
443.0635498
443.1311347
443.2032037
443.2808387
443.3651218
443.4571349
443.55796
443.6686786
443.79009
443.9206945
444.0578847
444.1990457
444.3415623
444.4828197
444.6202028
444.7510966
444.872886
444.9829561
445.0786921
445.1574808
445.2175408
445.2638952
445.3048363
445.3486813
445.4037477
445.4783526
445.5808132
445.7194466
445.9025702
446.138501
446.4355561
446.8020584
447.2444391
447.754037
448.3148786
448.9109389
449.5261947
450.1446231
450.7502011
451.3269059
451.8587149
452.3296095
452.7253652
453.0464468
453.3003743
453.4947225
453.6370657
453.7349783
453.7960344
453.8278084
453.8378745
453.8338069
453.8231799
453.8135696
453.8119047
453.819945
453.8369464
453.8621473
453.8947867
453.9341035
453.9793369
454.0297257
454.0845091
454.142926
454.2042154
454.2676163
454.3323935
454.3980183
454.4640621
454.530097
454.595695
454.6604282
454.7238686
454.7855884
454.8451594
454.9021538
454.9561437
455.0067013
455.0534592
455.0965447
455.1363228
455.1731605
455.2074244
455.2394815
455.2696986
455.2984424
455.3260799
455.3529777
455.3795028
455.4060221
455.4329699
455.4613304
455.4923522
455.5272857
455.5673816
455.6138904
455.6680626
455.7311488
455.8043996
455.8890655
455.9863969
456.097646
456.2236808
456.3623185
456.509896
456.6627399
456.8171773
456.9695354
457.1161414
457.2533223
457.3774052
457.4847174
457.5715858
457.6343366
457.6702615
457.6844038
457.6855609
457.6825542
457.6842046
457.6993333
457.7367615
457.8053102
457.9138006
458.0710537
458.2858903
458.5671256
458.9217139
459.3413427
459.8103656
460.3130822
460.8337916
461.3567931
461.8663858
462.3468691
462.7825421
463.1577014
463.4585052
463.6860373
463.8486119
463.9545894
464.0123298
464.030193
464.0165389
463.9797274
463.9281185
463.8700722
463.813948
463.7681034
463.7400474
463.730333
463.736171
463.7547478
463.7832494
463.818862
463.8587717
463.9001647
463.9402272
463.9761453
464.0051053
464.0242933
464.0312846
464.0268072
464.0131082
463.9924461
463.9670792
463.9392661
463.9112648
463.8853339
463.8637316
463.8487162
463.842546
463.8474807
463.8654739
463.8960529
463.9375665
463.9883557
464.0467618
464.1111261
464.1797899
464.2510946
464.3233815
464.3949919
464.464267
464.5295484
464.5892331
464.6421706
464.6874285
464.7240759
464.751182
464.7678159
464.7730468
464.7659438
464.745576
464.7110126
464.6613229
464.5955783
464.513595
464.4213003
464.3275559
464.2412457
464.1712536
464.1264636
464.1157595
464.1480253
464.2321449
464.3770022
464.5914806
464.8844667
465.2627846
465.7166556
466.2282839
466.7798137
467.3533914
467.9311631
468.4952753
469.0278742
469.5111066
469.9271253
470.2601312
470.5111345
470.6892168
470.8035208
470.863189
470.877364
470.8551886
470.8058052
470.7383566
470.6619853
470.5858337
470.5190453
470.4699041
470.4397666
470.4266455
470.4285284
470.4434038
470.46926
470.5040855
470.5458687
470.5925981
470.6422621
470.6928492
470.7423473
470.788856
470.8313588
470.8692689
470.9020024
470.928975
470.9496027
470.9633013
470.9694868
470.9675749
470.9569816
470.9371227
470.9074143
470.8674936
470.8187908
470.7636015
470.7042268
470.642968
470.5821265
470.5240035
470.4709004
470.4251183
470.3889587
470.3647227
470.3547104
470.3607798
470.3811656
470.4123627
470.4508525
470.4931164
470.535636
470.5748927
470.607368
470.6295433
470.6379003
470.6289206
470.5990833
470.5457701
470.4735841
470.3906229
470.3050092
470.2248649
470.1583118
470.1134719
470.0984667
470.1214183
470.1904484
470.313679
470.499237
470.7534913
471.0688122
471.4307743
471.8249092
472.2367494
472.6518277
473.0556766
473.4338288
473.7718173
474.055171
474.2711325
474.4206777
474.5114255
474.5510426
474.5471944
474.5075458
474.4397621
474.3515083
474.2504496
474.1442511
474.0405779
473.9470976
473.8707003
473.8120908
473.7689703
473.7390213
473.7199265
473.7093689
473.7050313
473.7045965
473.7057474
473.7061668
473.7035376
473.6955432
473.6801153
473.6572105
473.6277607
473.5927046
473.5529809
473.5095282
473.4632854
473.4151911
473.366184
473.3172027
473.2691861
473.2230726
473.1797282
473.1394248
473.1021489
473.067885
473.0366173
473.0083303
472.9830083
472.9606356
472.9411967
472.9246759
472.9110576
472.9003266
472.8923135
472.8856191
472.8782482
472.8682012
472.8534789
472.8320821
472.8020114
472.7612677
472.7078515
472.6397637
472.555005
472.4515745
472.3282745
472.19033
472.0460799
471.903883
471.7720975
471.6590819
471.5731945
471.5227937
471.516238
471.5618856
471.6680946
471.8432183
472.0937996
472.4115568
472.7810807
473.1869111
473.6135869
474.0456475
474.467632
474.8640798
475.2195297
475.5185171
475.747415
475.9072786
476.0062836
476.0526511
476.0546011
476.0203539
475.9581296
475.8761483
475.7826303
475.6857956
475.5938643
475.5150541
475.4567242
475.4192053
475.3994483
475.3943798
475.4009263
475.4160144
475.4365704
475.459521
475.4817927
475.5003119
475.5120052
475.5137993
475.5029086
475.4788861
475.4424101
475.3941677
475.334846
475.2651319
475.1857122
475.0972739
475.0005039
474.8960892
474.7847167
474.6670732
474.5438841
474.4161815
474.2851463
474.1519604
474.017806
473.8838648
473.7513188
473.6213499
473.49514
473.3738711
473.2587251
473.1508841
473.051331
472.9594471
472.8738387
472.7931069
472.715853
472.6406782
472.5661838
472.490971
472.4136411
472.3327954
472.2470351
472.1549631
472.0556917
471.9525128
471.8507258
471.755645
471.6725849
471.6068599
471.5637844
471.5486728
471.5668394
471.6235988
471.724265
471.8741528
472.0772527
472.3268455
472.6110485
472.91794
473.2355988
473.5521044
473.8555358
474.1339722
474.3754933
474.5681826
474.7015682
474.7770263
474.8016248
474.7824734
474.7266823
474.6413615
474.5336211
474.4105711
474.2793216
474.1469827
474.0206641
473.9074761
473.8137796
473.7398707
473.6831227
473.6408865
473.6105134
473.5893549
473.5747626
473.5640879
473.5546824
473.5438973
473.5290844
473.5075942
473.4769756
473.4363492
473.3855989
473.3246139
473.253283
473.1714949
473.0791387
472.976103
472.8622768
472.7375489
472.6018082
472.4549435
472.2969909
472.1291755
471.9532971
471.7711593
471.5845655
471.3953194
471.2052245
471.0160843
470.8297022
470.647882
470.4724271
470.3051406
470.1476996
470.0007467
469.8644279
469.7388853
469.6242609
469.520697
469.4283357
469.3473191
469.2777894
469.2198886
469.1737589
469.1395428
469.1171122
469.1041629
469.0973393
469.0932782
469.0886164
469.0799909
469.0640386
469.0373965
468.9967016
468.9385908
468.859701
468.7566659
468.6270471
468.4757765
468.3113668
468.1423527
467.9772688
467.8246495
467.6930291
467.5909421
467.5269228
467.5095057
467.5472249
467.6486121
467.8204563
468.0553714
468.3391381
468.6574907
468.996163
469.3408889
469.6774023
469.9914372
470.2687274
470.4950009
470.6575828
470.756476
470.7978427
470.7878842
470.7328008
470.6387925
470.5120595
470.3588018
470.1852198
469.9975133
469.8018826
469.6045271
469.4111493
469.2234138
469.0410379
468.8637256
468.6911812
468.5231085
468.3592118
468.199195
468.0427623
467.8896176
467.7394651
467.5920088
467.4469545
467.3040209
467.1629335
467.0234176
466.8851987
466.7480019
466.6115527
466.4755766
466.3397987
466.2039445
466.0677394
465.9309085
465.7932712
465.6554016
465.5182389
465.3827252
465.2498021
465.1204114
464.995495
464.8759947
464.7628522
464.6570094
464.559408
464.4709907
464.3924169
464.3220897
464.2573172
464.1954005
464.1336409
464.0693397
463.9997982
463.9223177
463.8341995
463.7327448
463.6152551
463.4790334
463.3220896
463.1482089
462.9639561
462.7759154
462.5906712
462.4148078
462.2549098
462.1175614
462.0093471
461.9368512
461.9066577
461.9253489
461.9981557
462.1192825
462.2776328
462.462069
462.6614539
462.8646506
463.0605221
463.2379313
463.3857413
463.4928182
463.5493302
463.5560753
463.5189695
463.443964
463.3370108
463.2040614
463.0510676
462.8839812
462.7087539
462.5313374
462.3576832
462.1937421
462.0448785
461.9116692
461.7923898
461.685298
461.5886518
461.5007094
461.4197287
461.3439677
461.2716846
461.2011372
461.1305837
461.0582816
460.9826224
460.9030626
460.8195757
460.7321385
460.6407277
460.5453201
460.4458923
460.3424212
460.2348834
460.1232557
460.0075148
459.8876373
459.7636419
459.6358827
459.5048765
459.3711413
459.235195
459.0975554
458.9587404
458.8192678
458.6796556
458.5404216
458.4020837
458.2651593
458.1300287
457.9959474
457.8616302
457.7257883
457.5871326
457.4443741
457.2962238
457.1413926
456.9785916
456.8065318
456.6239243
456.4294805
456.2225082
456.007162
455.7899292
455.5773154
455.3758255
455.1919646
455.0322378
454.9031501
454.8112065
454.7629122
454.7647719
454.8232971
454.9434301
455.1176625
455.3324396
455.5741666
455.8292503
456.0840976
456.3251153
456.5387102
456.7112897
456.8292622
456.880667
456.8668121
456.7953902
456.6741435
456.5108131
456.3131401
456.0888656
455.8457306
455.5914763
455.3338437
455.0805739
454.8394112
454.6172669
454.4144382
454.228011
454.0550501
453.8926209
453.7377887
453.5876191
453.4391776
453.2895295
453.1357403
452.9748755
452.8040002
452.6206313
452.4259188
452.222771
452.0141075
451.802848
451.5919119
451.3842188
451.1826883
450.99024
450.8097935
450.6442681
450.4965823
450.3692361
450.2613007
450.1701995
450.0933441
450.0281459
449.9720163
449.9223667
449.8766084
449.832153
449.7864118
449.7367962
449.6807176
449.615757
449.5408661
449.4556578
449.35975
449.2527604
449.1343068
449.0040069
448.8614785
448.7063393
448.5382069
448.3566993
448.1614323
447.952466
447.7333825
447.5094753
447.2860489
447.0684073
446.8618546
446.6716948
446.503232
446.3617703
446.2526137
446.1810663
446.1524315
446.1708998
446.2316555
446.325533
446.4433383
446.5758772
446.7139554
446.8483787
446.969953
447.069484
447.1377734
447.1666563
447.1561655
447.1103159
447.0331484
446.9287032
446.80102
446.654139
446.4920999
446.3189429
446.1387079
445.9554348
445.7731635
445.5955369
445.4229911
445.2544124
445.0886769
444.9246609
444.7612404
444.5972918
444.431691
444.2633144
444.0910381
443.9137383
443.7302917
443.5397368
443.3424408
443.1394087
442.9316504
442.7201758
442.5059948
442.2901173
442.0735531
441.8573122
441.6424043
441.4298395
441.2206276
441.0157157
440.8155445
440.6203101
440.430207
440.2454294
440.0661718
439.8926286
439.7249942
439.563463
439.4082294
439.2594878
439.117433
438.9821334
438.8526527
438.7275665
438.6054474
438.484868
438.3644009
438.2426189
438.1180944
437.9894002
437.8551089
437.7137931
437.5640258
437.4045319
437.2352736
437.0568095
436.8697023
436.6745146
436.4718091
436.2621485
436.0460955
435.8242127
435.5970629
435.3652088
435.1292136
434.8898694
434.649841
434.4126932
434.1819975
433.9613254
433.7542484
433.5643381
433.3951658
433.2503033
433.1333219
433.047793
432.9972905
432.984534
433.005416
433.0525238
433.118421
433.195672
433.2768413
433.3544935
433.421193
433.4695046
433.4919949
433.4820356
433.4395952
433.3678102
433.2698415
433.1488497
433.0079957
432.8504403
432.679344
432.4978678
432.3091722
432.1164181
431.9227666
431.7311542
431.5427173
431.3577214
431.1764255
430.999089
430.8259712
430.6573317
430.4934297
430.3345245
430.1808757
430.0327425
429.8903848
429.7539185
429.6223148
429.4939893
429.3673537
429.2408201
429.1128004
428.9817067
428.845951
428.7039452
428.5541013
428.3948314
428.2245481
428.0419663
427.8482668
427.6458179
427.4369959
427.2241773
427.0097387
426.7960565
426.5855072
426.3804674
426.1833135
425.996422
425.8221685
425.6624895
425.5157346
425.3785295
425.2474862
425.1192171
424.9903347
424.8574514
424.7171794
424.5661313
424.4009194
424.2181562
424.0144512
423.7872376
423.5405053
423.2814237
423.0171842
422.7549772
422.5019932
422.2654227
422.0524561
421.8702839
421.7260966
421.6270846
421.5804411
421.5919005
421.6555235
421.7597122
421.892833
422.0432526
422.1993377
422.3494552
422.4819717
422.5852542
422.6476652
422.6588614
422.6188118
422.5324845
422.4048824
422.2410067
422.045859
421.8244406
421.5817528
421.3227972
421.052575
420.7760876
420.4983374
420.2239334
419.9543439
419.6895138
419.4293785
419.1738734
418.922934
418.6764959
418.4344945
418.1968653
417.9635439
417.7344657
417.5095662
417.2888047
417.0723331
416.8603962
416.6532394
416.4511083
416.2542482
416.0629045
415.8773228
415.6977485
415.524427
415.3576038
415.1975242
415.0443636
414.8977268
414.7569446
414.6213452
414.4902573
414.3630092
414.2389296
414.1173468
413.9975893
413.8789857
413.7608645
413.6425541
413.5233717
413.4025444
413.2792553
413.1526874
413.0220235
412.8864465
412.7451395
412.5972853
412.4420667
412.2786669
412.1062686
411.9240545
411.7315209
411.5306845
411.3247823
411.1170589
410.910759
410.7091274
410.5154086
410.3328474
410.1646884
410.0141762
409.8845555
409.7790686
409.7002597
409.6449423
409.6071774
409.5810058
409.560468
409.5396045
409.5124561
409.4730631
409.4154662
409.3337052
409.2225688
409.0828601
408.9182942
408.7326049
408.5295259
408.312791
408.0861337
407.8532878
407.6179869
407.3839648
407.154955
406.9346901
406.7265547
406.5310776
406.3474161
406.1747171
406.0121278
405.8587951
405.713866
405.5764875
405.4458067
405.3209705
405.201126
405.0854201
404.9729409
404.8622992
404.7518757
404.6400494
404.5251994
404.4057046
404.2799442
404.146297
404.0031422
403.8488588
403.6818259
403.5004214
403.3032728
403.0909855
402.8651259
402.6272664
402.3789796
402.1218376
401.8574129
401.5872779
401.3130048
401.0361661
400.758334
400.4810809
400.2058848
399.9334613
399.6641577
399.3983189
399.1362896
398.8784148
398.6250393
398.3765079
398.1331656
397.8953571
397.6634273
397.4377213
397.2186438
397.0070888
396.8041857
396.6110654
396.428859
396.2586973
396.1017114
395.9590323
395.8317909
395.7211183
395.6281453
395.5540035
395.4994199
395.461867
395.4372449
395.4214425
395.4103489
395.3998531
395.3858443
395.3642116
395.3308442
395.2816325
395.2129055
395.1245899
395.0183401
394.8958237
394.7587079
394.6086604
394.4473485
394.2764397
394.0976015
393.9125014
393.7228067
393.5301851
393.3361666
393.1411722
392.9450878
392.7477951
392.5491762
392.3491129
392.1474872
391.9441809
391.7390761
391.5320546
391.3229985
391.1117893
390.8983668
390.68313
390.4667013
390.2497046
390.0327635
389.8165018
389.6015433
389.3885117
389.1780308
388.9707243
388.767216
388.5681296
388.3740274
388.1849749
388.0007977
387.8213197
387.6463649
387.4757573
387.3093209
387.1468795
386.9882572
386.833278
386.6817657
386.5335442
386.3883772
386.2455346
386.1040496
385.9629535
385.8212777
385.6780533
385.5323118
385.3830843
385.2294024
385.0702971
384.9048
384.7319416
384.5510202
384.3634764
384.1717875
383.9784381
383.7859126
383.5966954
383.4132709
383.2381235
383.0737376
382.9225975
382.7871878
382.6699946
382.5729135
382.4931409
382.4255911
382.3651643
382.3067608
382.245281
382.1756255
382.0926945
381.9913887
381.8666071
381.7139225
381.5343116
381.3313637
381.1086876
380.8698912
380.6185823
380.3583689
380.0928588
379.82566
379.5603803
379.3006276
379.0500114
378.8116978
378.5853288
378.3688349
378.1601362
377.9571525
377.757804
377.5600107
377.3616929
377.1607705
376.9551636
376.7427924
376.5215775
376.2897361
376.0479013
375.7978702
375.541448
375.2804397
375.0166504
374.7518854
374.4879497
374.2266486
373.9697871
373.7191703
373.476603
373.2436905
373.0204075
372.8059456
372.5994899
372.400226
372.2073391
372.0200147
371.8374382
371.6587949
371.4832703
371.3100497
371.1383184
370.9673161
370.7967177
370.6264086
370.4562761
370.286207
370.1160884
369.9458072
369.7752506
369.6043055
369.4328588
369.2607977
369.0880091
368.914368
368.739653
368.563596
368.3859285
368.2063822
368.0246885
367.8405792
367.6537857
367.4640396
367.2710725
367.0746161
366.8744024
366.670352
366.4639283
366.2573368
366.0527881
365.852493
365.658662
365.4735061
365.2992359
365.1380621
364.9921954
364.8638464
364.7552254
364.6680354
364.5998516
364.5462635
364.5028452
364.465171
364.428815
364.3893519
364.3423557
364.2834011
364.2080635
364.1124139
363.9965726
363.8626081
363.7126026
363.5486385
363.3727982
363.1871642
362.9938188
362.7948445
362.5923236
362.3883384
362.184971
361.984104
361.7859909
361.5901023
361.395903
361.2028573
361.0104301
360.818086
360.6252895
360.4315053
360.2361981
360.0388326
359.8388728
359.6359076
359.4305157
359.2237563
359.0166919
358.8103848
358.6058974
358.404292
358.206631
358.0139765
357.8273911
357.647937
357.4766768
357.3145045
357.1609622
357.014937
356.8753122
356.7409707
356.6107956
356.4836701
356.3584773
356.2341002
356.1094219
355.9833256
355.8546946
355.7224965
355.5863891
355.4463618
355.3024067
355.1545157
355.0026807
354.8468938
354.6871468
354.5234318
354.3557407
354.1840654
354.008398
353.8288057
353.6459674
353.4608561
353.2744473
353.0877163
352.9016385
352.7171892
352.5353439
352.3570777
352.1833663
352.0151847
351.8535093
351.6991111
351.5511337
351.4079305
351.2678494
351.1292387
350.9904466
350.8498215
350.7057114
350.5564649
350.4004302
350.2361838
350.0641553
349.8856663
349.7020453
349.5146207
349.3247207
349.1336736
348.942808
348.7534519
348.5669339
348.3845821
348.2077259
348.0374854
347.8733245
347.7139019
347.5578713
347.4038867
347.2506018
347.0966705
346.9407468
346.7814843
346.6175371
346.4475589
346.2702036
346.0843092
345.8901988
345.6889134
345.4814989
345.2690011
345.0524658
344.8329388
344.6114659
344.3890929
344.1668655
343.9458297
343.7270309
343.5114432
343.2994544
343.0911705
342.8866954
342.686133
342.4895873
342.2971622
342.1089616
341.9250895
341.7456498
341.5707463
341.4004832
341.2349148
341.0736972
340.9162939
340.762167
340.6107785
340.4615907
340.3140657
340.1676656
340.0218526
339.8760887
339.7298362
339.5825569
339.4337882
339.2836666
339.1326199
338.9810777
338.8294695
338.6782248
338.5277732
338.3785442
338.2309673
338.085472
337.9424879
337.8024445
337.6657521
337.5326658
337.4033654
337.2780305
337.1568405
337.0399748
336.9276131
336.8199348
336.7171192
336.6193469
336.5265576
336.4367809
336.3471187
336.2546669
336.1565217
336.0497791
335.9315351
335.7988859
335.6489276
335.4787563
335.285468
335.0661592
334.8185739
334.5456946
334.253034
333.9461217
333.6304871
333.3116598
332.9951692
332.6865448
332.3913162
332.1150129
331.8631641
331.6412971
331.4541754
331.3002969
331.1751512
331.0742048
330.9929242
330.9267762
330.8712273
330.8217441
330.7737934
330.7228415
330.6643554
330.593801
330.5069558
330.402099
330.2787185
330.1363112
329.9743738
329.7924028
329.5898948
329.3663465
329.1212544
328.854115
328.564425
328.2516794
327.9158411
327.5605915
327.1914182
326.81382
326.4332957
326.0553438
325.6854631
325.3291521
324.9919095
324.6792339
324.3966239
324.1495771
323.9429228
323.776055
323.645747
323.5487548
323.481834
323.4417402
323.4252291
323.4290563
323.4499775
323.4847482
323.5301243
323.5828612
323.6396901
323.6971431
323.7516562
323.7996649
323.8376047
323.8619108
323.8690188
323.855364
323.8173821
323.751509
323.6547715
323.5289914
323.3783035
323.206858
323.0188055
322.8182964
322.6094811
322.39651
322.1835337
321.9747024
321.7741665
321.5860752
321.4140841
321.2578052
321.1149087
320.9830495
320.8598831
320.7430646
320.6302493
320.5190923
320.407249
320.2923746
320.1721244
320.0441529
319.9064
319.7590895
319.6035504
319.4411195
319.2731335
319.1009291
318.9258427
318.749211
318.5723707
318.3966583
318.2234105
318.0539644
317.8894886
317.7298106
317.5741067
317.4215492
317.2713104
317.1225625
316.9744779
316.8262289
316.6769879
316.5259272
316.3722191
316.2150362
316.0536845
315.8885587
315.7205776
315.5506635
315.3797389
315.2087264
315.0385482
314.8701269
314.7043849
314.5422448
314.3846288
314.2324592
314.086534
313.9466359
313.8120598
313.6820967
313.5560377
313.4331739
313.3127965
313.1941965
313.0766651
312.9594934
312.8419724
312.7233932
312.6031066
312.4809409
312.3569563
312.2312141
312.103776
311.9747035
311.844058
311.7119011
311.5782942
311.443299
311.3069951
311.1696105
311.0314447
310.8927975
310.7539688
310.6152585
310.4769666
310.3393929
310.2028374
310.0675999
309.9339803
309.8022791
309.6726236
309.5437602
309.4137662
309.2807142
309.142677
308.9977275
308.8439384
308.6793825
308.5021327
308.3102617
308.1018423
307.8749461
307.628166
307.3642553
307.0879862
306.8041432
306.5175109
306.2328738
305.9550162
305.6887226
305.4387776
305.2099656
305.0070709
304.8348761
304.6974633
304.5931835
304.5176312
304.4663811
304.435008
304.4190865
304.4141913
304.415897
304.4197784
304.4214101
304.4163669
304.4002239
304.3689671
304.3219273
304.2600447
304.1842715
304.0955601
303.9948627
303.8831314
303.7613187
303.6303765
303.4912572
303.344913
303.1922963
303.0343248
302.8716421
302.7047584
302.5341834
302.3604264
302.1839969
302.0054044
301.8251584
301.6437684
301.4617439
301.2795944
301.0978294
300.9169051
300.7368498
300.5574843
300.3786281
300.2001009
300.0217221
299.8433115
299.6646885
299.4856727
299.3060837
299.1257411
298.9444649
298.7622126
298.5800686
298.3996591
298.2226141
298.0505637
297.885138
297.727967
297.5806809
297.4449097
297.322284
297.2140952
297.1189159
297.0340013
296.9565986
296.8839547
296.8133166
296.7419315
296.6670463
296.5859081
296.4957641
296.3938612
296.2774479
296.1442139
295.9954654
295.834247
295.6636159
295.4866293
295.3063445
295.1258187
294.9481091
294.776273
294.6133677
294.4624503
294.3265777
294.2083587
294.1067612
294.0190003
293.9422776
293.8737948
293.810754
293.7503569
293.6898054
293.6263016
293.5570471
293.479244
293.3900924
293.2872061
293.171479
293.0453982
292.9114613
292.7721656
292.6300082
292.4874864
292.3470974
292.2113384
292.0827066
291.9636992
291.8568136
291.7641867
291.6850524
291.6172405
291.5585714
291.5068659
291.4599445
291.4156278
291.3717365
291.3260912
291.2765124
291.2208209
291.1568382
291.0826731
290.9987916
290.9067921
290.8082811
290.7048655
290.5981518
290.4897467
290.3812571
290.2742896
290.1704509
290.0713476
289.9785867
289.8934061
289.8140637
289.7373803
289.6601656
289.5792297
289.4913826
289.3934345
289.2821954
289.1544757
289.0070869
288.837388
288.6472252
288.4406001
288.2215303
287.9940337
287.762128
287.5298308
287.30116
287.0801331
286.8707681
286.6770824
286.503094
286.3523669
286.2247937
286.1184973
286.0315872
285.9621731
285.9083647
285.8682719
285.8400044
285.8216719
285.8113844
285.8072515
285.8073825
285.8100102
285.814346
285.8200773
285.826894
285.8344863
285.8425444
285.8507583
285.8588181
285.8664138
285.8732357
285.8789738
285.8833181
285.8859121
285.8860217
285.8827304
285.8751207
285.8622749
285.8432753
285.8172044
285.7831445
285.740178
285.6873873
285.6238548
285.5486633
285.4610381
285.3613742
285.250628
285.1297604
284.9997319
284.8615035
284.7160359
284.5642897
284.4072259
284.245805
284.080988
283.9137355
283.7449567
283.5751451
283.4045931
283.2335918
283.0624323
282.8914058
282.7208032
282.5509158
282.3820346
282.2144507
282.0484553
281.8843393
281.7224332
281.5633816
281.4079817
281.2570315
281.1113292
280.9716728
280.8388605
280.7136903
280.5969602
280.4894685
280.391918
280.304242
280.2260026
280.1567591
280.0960711
280.0434977
279.9985985
279.9609328
279.9300601
279.9055397
279.8869311
279.8737954
279.8652196
279.856527
279.8412121
279.812758
279.7646481
279.6903656
279.583394
279.4372166
279.2453169
279.0011781
278.6982838
278.3301194
277.8919774
277.3938158
276.8526684
276.2856164
275.7097411
275.1421239
274.5998462
274.0999894
273.659635
273.2958642
273.0257575
272.8663875
272.8315677
272.9083963
273.071143
273.2939791
273.5510758
273.8166048
274.0647379
274.2696464
274.4055022
274.4464768
274.3667426
274.1404616
273.7462421
273.1983265
272.5281924
271.7674426
270.9476755
270.1004892
269.2574821
268.4502524
267.7103981
267.0695174
266.5592089
266.2110841
266.0525295
266.0773256
266.2629335
266.5867112
267.0260194
267.5582187
268.1606698
268.8107337
269.4857708
270.163142
270.8202082
271.4343349
271.9851675
272.4709415
272.8988466
273.276134
273.6100555
273.9078629
274.176808
274.4241427
274.6571187
274.8829909
275.1081645
275.3322959
275.5517633
275.7629241
275.9621362
276.1457578
276.3101467
276.451661
276.5666587
276.6514978
276.7025364
276.7161338
276.6894255
276.6258642
276.5319474
276.414193
276.2791194
276.133245
275.983088
275.8351666
275.6959991
275.572104
275.4699991
275.3962007
275.3563766
275.3492478
275.3701985
275.4145872
275.4777725
275.5551132
275.6419679
275.7336954
275.8256542
275.9132033
275.9917012
276.056505
276.103571
276.1336418
276.1497779
276.1550565
276.152554
276.1453469
276.1365114
276.1291241
276.1262614
276.1309997
276.1464154
276.1755861
276.2211596
276.282358
276.3567406
276.4418565
276.5352548
276.6344848
276.7370956
276.8406364
276.9426564
277.0407049
277.1323309
277.2150846
277.2868254
277.3479415
277.4000386
277.4447304
277.4836311
277.5183546
277.550515
277.5817263
277.6136025
277.6477577
277.6858058
277.7293605
277.779799
277.8365697
277.8981935
277.9631843
278.0300558
278.0973221
278.1634969
278.2270943
278.286628
278.3406121
278.3875604
278.4259859
278.4546761
278.4746025
278.4877964
278.4962962
278.5021399
278.5073657
278.5140116
278.5241158
278.5397164
278.5628508
278.5952677
278.636355
278.6843661
278.7375457
278.7941385
278.8523892
278.9105427
278.9668436
279.0195367
279.0668667
279.1070785
279.1384157
279.1594544
279.1714201
279.1768223
279.1781798
279.1780106
279.178833
279.1831652
279.1935255
279.212432
279.242403
279.2859568
279.3456122
279.4235277
279.5189812
279.629853
279.7540151
279.8893393
280.0336976
280.1849619
280.341004
280.4996959
280.6589096
280.816517
280.9703905
281.1186261
281.2611473
281.3987563
281.5322618
281.6624726
281.7901972
281.9162444
282.0414228
282.1665412
282.2924083
282.4198327
282.5496231
282.6825204
282.8187148
282.9581315
283.1006938
283.2463248
283.3949478
283.546486
283.7008626
283.8580009
284.017824
284.1802552
284.3452183
284.5124774
284.680528
284.8472495
285.0105175
285.1682075
285.3181951
285.4583559
285.5865655
285.7006995
285.7986334
285.878243
285.9374032
285.9744891
285.9918919
285.9939468
285.9850019
285.9694048
285.9515034
285.9356456
285.9261789
285.9274513
285.9438125
285.979081
286.0328522
286.1026725
286.1860743
286.2805904
286.3837539
286.4930976
286.6061546
286.7204577
286.8335401
286.9429345
287.0461735
287.1411171
287.2282514
287.3093345
287.3861327
287.4604122
287.5339393
287.6084801
287.6858008
287.7676677
287.8558469
287.9521046
288.0582063
288.1756662
288.3039381
288.4414859
288.5867666
288.7382367
288.8943528
289.0535717
289.2143501
289.3751446
289.534412
289.6906088
289.842192
289.9877481
290.1269181
290.2598508
290.3866989
290.5076149
290.6227513
290.7322608
290.8362959
290.9350091
291.0285531
291.1170804
291.2007425
291.279946
291.3571203
291.4356774
291.5190358
291.6106137
291.7138292
291.8321006
291.968846
292.1274838
292.311432
292.5241089
292.7689329
293.0484107
293.3576995
293.6884022
294.0320988
294.3803692
294.7247934
295.0569512
295.3684228
295.650788
295.8956267
296.0945194
296.2390503
296.3221825
296.3481942
296.3267977
296.2677458
296.1807914
296.0756875
295.9621871
295.8500432
295.7490087
295.6688372
295.6183998
295.599469
295.6103819
295.6494537
295.7149995
295.8053346
295.9187741
296.0536332
296.2082271
296.3808711
296.5698803
296.7735698
296.9902288
297.2179336
297.454658
297.6983751
297.9470583
298.1986806
298.4512153
298.7026355
298.9509143
299.194025
299.4299407
299.6566347
299.872241
300.0761963
300.2685651
300.4494167
300.6188204
300.7768453
300.9235605
301.0590354
301.1833391
301.2965407
301.3987095
301.489914
301.5703849
301.6416387
301.705817
301.765065
301.821528
301.8773514
301.9346803
301.9956601
302.0624359
302.1371532
302.2219571
302.3189928
302.4301764
302.5555706
302.6943429
302.8456551
303.0086688
303.1825456
303.3664473
303.5595354
303.7609717
303.9699178
304.1855353
304.4069856
304.6333329
304.8628442
305.0934034
305.3228918
305.5491905
305.7701808
305.9837437
306.1877606
306.3801125
306.5586807
306.7213465
306.8659903
306.9909765
307.0985619
307.1928834
307.2780918
307.3583376
307.4377711
307.5205426
307.6108025
307.7127011
307.8303874
307.9675388
308.1239652
308.2976193
308.4864396
308.6883646
308.9013329
309.1232832
309.352154
309.5858838
309.8224113
310.059675
310.2956134
310.5284223
310.7583759
310.9867507
311.214831
311.4439009
311.6752443
311.9101452
312.1498878
312.3957559
312.6490337
312.911005
313.1829548
313.465974
313.7596173
314.0626931
314.3740045
314.6923553
315.0165489
315.3453889
315.6776789
316.0122224
316.3478231
316.6832844
317.01741
317.3490418
317.6773325
318.0015846
318.3211017
318.6351874
318.9431453
319.2442791
319.5378922
319.8232884
320.0997711
320.3666442
320.6232117
320.868992
321.1052598
321.3341327
321.5577352
321.7781913
321.9976255
322.2181619
322.4419247
322.6710384
322.9076269
323.1538147
323.4117268
323.6829713
323.9650045
324.2532762
324.5432213
324.830275
325.1098728
325.3774502
325.6284425
325.8582852
326.0624137
326.2362634
326.3752663
326.4758931
326.5428729
326.5849456
326.6108764
326.6294298
326.6493703
326.6794625
326.7284709
326.8051596
326.918295
327.0756209
327.2766635
327.5169789
327.7920938
328.0975359
328.4288329
328.7815124
329.1511023
329.5331303
329.9231241
330.3166113
330.7091185
331.096513
331.4773682
331.8515722
332.2190212
332.5796116
332.9332393
333.2798005
333.6191915
333.9513082
334.2760469
334.5933037
334.9029747
335.2049915
335.4995717
335.7870709
336.0678459
336.3422532
336.6106496
336.8733917
337.1308362
337.3833397
337.6312589
337.8749504
338.1147712
338.3511739
338.5853942
338.8190443
339.0537391
339.2910938
339.5327232
339.7802423
340.0352661
340.2994096
340.5742878
340.8615156
341.1627086
341.4792236
341.8103443
342.1543518
342.5095199
342.8741225
343.2464336
343.6247273
344.0072776
344.3923585
344.778244
345.1632082
345.545524
345.923759
346.2988223
346.6727602
347.0476261
347.4254732
347.8083547
348.1983239
348.5974341
349.0077384
349.4312902
349.8701425
350.3263472
350.8012851
351.2908635
351.7883539
352.2870094
352.7800833
353.2608285
353.7224982
354.1583454
354.5616232
354.9255847
355.2434834
355.5085749
355.7154444
355.8695406
355.9815329
356.0621311
356.1220446
356.1719827
356.2226547
356.2847701
356.369038
356.4861657
356.6457748
356.848644
357.0912909
357.3702039
357.6818712
358.0227812
358.389422
358.7782819
359.1858491
359.608612
360.0430587
360.485678
360.9331615
361.3838614
361.8369274
362.2915154
362.7467814
363.2018812
363.6559708
364.108206
364.5577427
365.0037368
365.4453443
365.8817206
366.312151
366.7369568
367.1569611
367.5729903
367.985871
368.3964296
368.8054926
369.2138863
369.6224374
370.0319721
370.4433171
370.8572989
371.2746234
371.6950304
372.117791
372.5421735
372.9674463
373.3928776
373.8177358
374.241289
374.6628058
375.0815543
375.496803
375.9078207
376.314104
376.7170118
377.1187984
377.5217249
377.9280522
378.3400412
378.7599529
379.1900482
379.6325882
380.0898337
380.5640455
381.0574834
381.5717281
382.1028168
382.6441219
383.1889953
383.7307889
384.2628548
384.7785452
385.2712119
385.7342072
386.1608832
386.544592
386.8786807
387.1579107
387.3882962
387.5813098
387.7484612
387.901259
388.0512113
388.2098267
388.3886133
388.5990793
388.8527304
389.1598011
389.5201355
389.9285851
390.3799622
390.8690799
391.390751
391.9397886
392.5110057
393.0992153
393.6992305
394.3058642
394.9139282
395.5186078
396.1180645
396.7119021
397.2997348
397.8811763
398.4558401
399.02334
399.5832897
400.1353027
400.6789927
401.2139735
401.7398584
402.2563586
402.7639659
403.2635503
403.7559845
404.2421412
404.7228928
405.1991119
405.6716712
406.1414432
406.6093005
407.0761156
407.5427611
408.0100469
408.4782738
408.947497
409.4177703
409.8891475
410.3616821
410.8354279
411.3104386
411.7867678
412.2644694
412.7435969
413.2242042
413.706443
414.1912614
414.6799908
415.1739656
415.67452
416.1829884
416.700705
417.2290042
417.7692203
418.3226874
418.89074
419.4747147
420.0753085
420.6881358
421.3063441
421.9230643
422.5314279
423.1245663
423.6956113
424.2376944
424.743947
425.2075008
425.6214872
425.9790359
426.2748126
426.5158052
426.7149706
426.8853036
427.0397985
427.1914497
427.3532517
427.538199
427.7592858
428.0295117
428.3603756
428.7514323
429.1964436
429.6891315
430.2232197
430.7924318
431.3904915
432.0111224
432.6480481
433.2949925
433.945679
434.5938304
435.2337279
435.8641229
436.4859336
437.100092
437.7075299
438.3091791
438.9059712
439.4988382
440.0887119
440.6765239
441.2632062
441.8496899
442.4367472
443.0238457
443.6098257
444.1935231
444.7737739
445.3494138
445.9192788
446.4822046
447.0370273
447.5825825
448.1177064
448.6412348
449.1522382
449.6516902
450.1414809
450.6235073
451.0996665
451.5718554
452.0419708
452.5119099
452.9835694
453.4588464
453.9396377
454.4278407
454.9252907
455.4333334
455.9530767
456.4856267
457.0320898
457.5935722
458.1711802
458.7660201
459.3791983
460.0118209
460.6649944
461.3398253
462.037001
462.753837
463.4860169
464.2292137
464.9791009
465.7313514
466.4816385
467.2256355
467.9590154
468.6774515
469.3766171
470.0521879
470.7005969
471.3244925
471.9295081
472.5212997
473.1055231
473.6878342
474.2738887
474.8693426
475.4798518
476.1110731
476.7679535
477.4497479
478.1529538
478.8740511
479.60952
480.3558404
481.1094927
481.8669567
482.6247127
483.3792408
484.1270211
484.8645352
485.5887038
486.30005
487.0008282
487.693305
488.3797474
489.0624223
489.7435965
490.425537
491.1105106
491.8007843
492.498625
493.2062992
493.9258022
494.6569229
495.3983882
496.1489167
496.9072272
497.6720386
498.4420698
499.2160396
499.9926668
500.7706703
501.548769
502.3256813
503.1002283
503.872046
504.6411658
505.4076219
506.1714485
506.9326796
507.6913493
508.4474917
509.2011408
509.9523308
510.7010957
511.4474695
512.1916029
512.9345858
513.6779621
514.4232788
515.1720831
515.9259218
516.686342
517.4548908
518.233115
519.0225617
519.8247779
520.6413084
521.4730491
522.31557
523.1618827
524.0049799
524.8378545
525.653499
526.4449061
527.2050684
527.9269787
528.6036297
529.2280145
529.7931248
530.2935878
530.7372444
531.1383078
531.5110394
531.8696994
532.228548
532.6018452
533.003851
533.4488253
533.951023
534.5230523
535.1640129
535.8665153
536.6231222
537.4263957
538.2688984
539.1431924
540.0418402
540.9574042
541.8824466
542.80953
543.7312168
544.6407989
545.5374771
546.4232995
547.3003362
548.1706564
549.0363296
549.8994251
550.7620123
551.6261607
552.4939394
553.3674179
554.2486669
555.1394462
556.0390513
556.9455803
557.8571236
558.771772
559.6876162
560.6027467
561.5152544
562.4232299
563.3247639
564.2179472
565.1008704
565.9719324
566.8320189
567.6832177
568.5276246
569.3673352
570.2044453
571.0410505
571.8792465
572.7211291
573.568794
574.4243367
575.2898523
576.1672035
577.0563463
577.9563212
578.8661619
579.7849022
580.7115755
581.6452155
582.5848559
583.5295305
584.4782726
585.4301162
586.3840947
587.3392983
588.2952722
589.2517813
590.2085923
591.1654717
592.122186
593.0785019
594.034186
594.9890047
595.9427246
596.8951123
597.8459354
598.7946898
599.7387155
600.6743048
601.5977436
602.5053177
603.3933133
604.2580162
605.0957124
605.902688
606.6752289
607.4096211
608.1021515
608.7502431
609.3605229
609.9440614
610.5119583
611.0753138
611.6452279
612.2328005
612.8491317
613.5053215
614.2124753
614.9803419
615.8079083
616.6889336
617.6171428
618.5862624
619.5900186
620.6221377
621.6763462
622.7463705
623.8259368
624.9087715
625.9886013
627.0597055
628.1208326
629.1728903
630.2168005
631.2534852
632.2838661
633.3088653
634.3294045
635.3464058
636.3607911
637.3734821
638.3854008
639.3974082
640.4098697
641.4229122
642.4366608
643.4512408
644.4667772
645.4833954
646.5012203
647.5203774
648.5409916
649.5631883
650.5870925
651.6127696
652.6398007
653.6675333
654.6953132
655.7224863
656.7483984
657.7723953
658.793823
659.8120272
660.8263538
661.8361487
662.8407568
663.8397667
664.8347014
665.8280233
666.822201
667.8197028
668.8229972
669.8345525
670.856837
671.8923192
672.9434673
674.0127497
675.102634
676.2148303
677.3449043
678.4854564
679.6290676
680.7683185
681.8957898
683.0040621
684.0857163
685.133333
686.139493
687.0967773
687.997771
688.8366187
689.6202508
690.3617372
691.074195
691.7707412
692.4644928
693.1685665
693.8960793
694.6601481
695.4738889
696.3489083
697.2845971
698.2744465
699.3119088
700.3904361
701.5034805
702.6444943
703.8069297
704.9842387
706.1698736
707.3572867
708.539932
709.711873
710.8721741
712.0223006
713.1637364
714.2979651
715.4264705
716.5507363
717.6722461
718.7924838
719.9129329
721.0350773
722.1604008
723.2902834
724.4252706
725.5655044
726.711124
727.8622685
729.0190773
730.1816896
731.3502447
732.5248817
733.7057399
734.8929585
736.0866773
737.2869395
738.4930244
739.7038403
740.9182928
742.135288
743.3537316
744.5725295
745.7905876
747.0068117
748.2201078
749.4293818
750.6335399
751.831775
753.025609
754.2176871
755.4106619
756.6071861
757.8099125
759.0214937
760.2445825
761.4818316
762.7358938
764.0094215
765.3050651
766.6246251
767.9629342
769.3114794
770.6617219
772.005123
773.333144
774.6372462
775.9088911
777.1395399
778.3206541
779.4436953
780.5001207
781.4832548
782.4013829
783.2700271
784.1047618
784.92116
785.7347941
786.5612369
787.416061
788.3148385
789.2731369
790.3047492
791.408912
792.577873
793.8038266
795.078967
796.3954886
797.7455858
799.121453
800.5152846
801.9192749
803.3256186
804.7265089
806.1148012
807.4886701
808.8488611
810.196138
811.5312646
812.8550043
814.1681206
815.471377
816.7655371
818.0513643
819.3296221
820.6010739
821.8665308
823.1271836
824.3844071
825.6395777
826.8940715
828.1492648
829.4065337
830.6672543
831.932803
833.2045558
834.483889
835.7721784
837.0706144
838.3788767
839.6959171
841.0206825
842.3521195
843.6891751
845.0307959
846.3759287
847.7235205
849.0725179
850.4218678
851.7705177
853.1176583
854.4644739
855.8131064
857.1657048
858.5244183
859.891396
861.2687869
862.6587402
864.0634051
865.4849305
866.9254655
868.3871614
869.8712672
871.3718107
872.8793249
874.384318
875.877299
877.3487768
878.7892604
880.1892587
881.539281
882.8298361
884.0514329
885.1945733
886.2520357
887.2347083
888.1622736
889.0544693
889.9310321
890.8116982
891.716204
892.6642861
893.6756803
894.7701279
895.9647641
897.2558058
898.6293582
900.0714522
901.5681213
903.105399
904.669319
906.2459148
907.8212202
909.3812686
910.9120938
912.3997232
913.8319059
915.2100659
916.5422699
917.8366267
919.1012438
920.3442288
921.5736893
922.7977328
924.0244668
925.261999
926.5184368
927.8018862
929.1194965
930.4706344
931.8509144
933.255926
934.6812582
936.1225002
937.575241
939.0350698
940.4975756
941.9583477
943.4129753
944.8570494
946.2868773
947.7046352
949.1153177
950.5239411
951.9355216
953.3550755
954.787619
956.2381682
957.7117395
959.213349
960.7480127
962.3207496
963.9355579
965.5882736
967.2707814
968.974938
970.692601
972.4156283
974.1358774
975.845206
977.5354719
979.1985328
980.8262463
982.4104658
983.9444795
985.4329956
986.8862672
988.314582
989.7282273
991.13749
992.5526573
993.9840161
995.4418537
996.9364571
998.4781131
1000.077104
1001.741714
1003.463905
1005.227784
1007.017403
1008.816813
1010.610066
1012.381211
1014.114302
1015.793388
1017.402522
1018.925754
1020.347144
1021.653726
1022.856889
1023.979723
1025.045406
1026.077119
1027.09804
1028.131349
1029.200224
1030.327844
1031.537384
1032.849343
1034.262453
1035.764953
1037.345013
1038.990801
1040.690484
1042.43223
1044.204207
1045.994583
1047.791526
1049.583205
1051.35779
1053.104687
1054.823403
1056.518303
1058.193785
1059.854248
1061.504092
1063.147717
1064.789521
1066.433905
1068.085267
1069.748007
1071.426525
1073.124701
1074.842233
1076.576801
1078.326068
1080.087698
1081.859355
1083.638704
1085.423408
1087.211132
1088.99954
1090.786296
1092.569064
1094.345756
1096.116279
1097.881502
1099.642304
1101.399561
1103.154152
1104.906952
1106.65884
1108.410693
1110.163387
1111.917801
1113.674811
1115.435318
1117.200408
1118.971257
1120.749044
1122.534944
1124.330134
1126.135793
1127.953096
1129.783221
1131.627344
1133.486643
1135.362294
1137.254789
1139.159049
1141.067313
1142.971801
1144.864733
1146.73833
1148.58481
1150.396395
1152.165303
1153.883756
1155.543972
1157.138168
1158.660363
1160.118995
1161.529486
1162.907306
1164.267922
1165.626805
1166.999422
1168.401242
1169.847733
1171.354359
1172.934858
1174.588825
1176.309065
1178.08833
1179.919371
1181.794941
1183.707791
1185.650674
1187.616342
1189.597546
1191.587039
1193.577572
1195.562549
1197.540622
1199.512976
1201.480817
1203.445351
1205.407781
1207.369314
1209.331152
1211.294503
1213.260569
1215.230557
1217.20567
1219.187026
1221.175029
1223.169738
1225.171212
1227.17951
1229.194687
1231.216804
1233.245916
1235.282083
1237.325362
1239.375812
1241.433489
1243.498285
1245.568744
1247.642756
1249.71821
1251.792993
1253.864992
1255.932094
1257.992188
1260.043161
1262.0829
1264.109293
1266.120228
1268.114212
1270.094799
1272.067967
1274.039714
1276.016039
1278.002938
1280.006409
1282.032449
1284.087057
1286.17623
1288.305965
1290.482265
1292.709612
1294.980363
1297.281001
1299.597968
1301.917706
1304.226659
1306.51127
1308.757982
1310.953238
1313.08348
1315.135153
1317.094693
1318.951222
1320.715299
1322.407886
1324.050007
1325.662685
1327.266946
1328.883814
1330.534311
1332.239463
1334.0203
1335.895309
1337.862654
1339.910653
1342.027558
1344.201621
1346.421095
1348.674233
1350.949288
1353.234514
1355.518162
1357.788487
1360.033737
1362.243395
1364.416767
1366.557925
1368.670972
1370.76001
1372.829143
1374.882471
1376.924098
1378.958127
1380.988658
1383.019795
1385.05564
1387.100062
1389.155041
1391.221646
1393.300939
1395.393982
1397.501839
1399.625571
1401.766241
1403.924911
1406.102644
1408.300502
1410.519547
1412.760466
1415.020885
1417.296959
1419.584832
1421.880648
1424.180551
1426.480684
1428.777191
1431.066217
1433.343905
1435.606398
1437.84984
1440.071126
1442.273179
1444.461841
1446.642976
1448.822444
1451.006107
1453.199828
1455.409469
1457.640891
1459.899956
1462.192525
1464.524466
1466.900175
1469.312352
1471.748016
1474.194152
1476.637745
1479.06578
1481.465242
1483.823116
1486.126388
1488.362043
1490.517066
1492.57845
1494.535795
1496.400028
1498.192342
1499.933997
1501.646256
1503.350384
1505.067642
1506.819294
1508.626603
1510.510839
1512.490864
1514.566355
1516.72768
1518.965147
1521.269063
1523.62974
1526.037485
1528.482608
1530.955418
1533.446224
1535.945336
1538.443065
1540.93056
1543.40582
1545.870141
1548.324841
1550.771237
1553.210649
1555.644395
1558.073793
1560.500163
1562.924822
1565.349088
1567.774281
1570.201637
1572.631723
1575.064788
1577.501075
1579.94083
1582.384298
1584.831722
1587.283347
1589.739419
1592.200182
1594.665881
1597.13676
1599.612947
1602.093623
1604.577515
1607.063343
1609.549829
1612.035695
1614.519663
1617.000454
1619.476791
1621.947395
1624.410988
1626.866291
1629.31245
1631.752005
1634.189141
1636.628057
1639.072947
1641.52801
1643.99744
1646.485436
1648.996193
1651.533907
1654.102776
1656.706993
1659.349473
1662.022688
1664.714085
1667.411076
1670.101071
1672.771483
1675.409722
1678.003198
1680.539325
1683.005512
1685.389171
1687.67772
1689.861255
1691.951782
1693.971833
1695.944021
1697.890962
1699.835267
1701.79955
1703.806424
1705.878503
1708.038394
1710.306023
1712.679448
1715.146197
1717.693723
1720.30948
1722.98092
1725.695498
1728.440667
1731.203879
1733.972589
1736.73425
1739.476319
1742.187626
1744.868249
1747.523666
1750.159399
1752.780968
1755.393895
1758.0037
1760.615903
1763.236025
1765.869587
1768.52211
1771.199116
1773.905378
1776.639666
1779.397847
1782.175767
1784.969271
1787.774205
1790.586416
1793.401751
1796.216055
1799.025174
1801.824955
1804.611242
1807.38056
1810.134844
1812.878661
1815.616593
1818.35322
1821.093124
1823.840886
1826.601088
