71.31960491
71.79043741
72.26601134
72.74548746
73.22802654
73.71278933
74.19893655
74.68562897
75.17202736
75.65729246
76.14058504
76.62106582
77.09789558
77.57023492
78.03724278
78.49834355
78.9540908
79.40536105
79.85302959
80.29797154
80.74106197
81.18317596
81.62518857
82.06797491
82.51241004
82.95936905
83.40972702
83.86435901
84.32414011
84.78994555
85.26212517
85.73870475
86.21706652
86.69459264
87.16866532
87.63666677
88.09597917
88.54398472
88.97806563
89.39560409
89.79398234
90.17058252
90.52278675
90.84797624
91.14352846
91.40849462
91.64917836
91.87393463
92.09111065
92.30905331
92.53610956
92.78062632
93.05095055
93.35542919
93.70240921
94.10023756
94.55726115
95.08182717
95.68228585
96.36701415
97.14077665
97.99316723
98.90938323
99.8746486
100.8741905
101.8932362
102.917013
103.9307482
104.9196691
105.8690032
106.7639783
107.5898271
108.3321523
108.9872341
109.5629787
110.0678745
110.5104147
110.8990922
111.2423997
111.5488301
111.8268763
112.0850311
112.3317874
112.5756379
112.8250757
113.0885929
113.3746765
113.6916299
114.04225
114.4233151
114.8313204
115.2627547
115.7141065
116.1818642
116.6625164
117.1525516
117.6484582
118.1467247
118.6438396
119.1362914
119.6205687
120.0931609
120.5506389
120.9918391
121.4180823
121.830809
122.2314606
122.621479
123.002306
123.3753835
123.7421534
124.1040573
124.4625372
124.8190349
125.1749922
125.5318509
125.8910529
126.254007
126.6212228
126.9922286
127.3665023
127.7435222
128.1227664
128.5037131
128.8858404
129.2686264
129.6515494
130.0340874
130.4157187
130.7959214
131.1741736
131.5499538
131.9227566
132.2925465
132.6598001
133.0250194
133.3887065
133.7513637
134.113493
134.4755967
134.8381771
135.2017361
135.5667762
135.9337994
136.303308
136.675804
137.0517887
137.4317314
137.8151567
138.200555
138.5863681
138.9710371
139.3530028
139.730706
140.1025875
140.4670882
140.8226488
141.1677103
141.5007135
141.8200991
142.1243081
142.4117822
142.6810947
142.9344226
143.1778932
143.4178265
143.6605441
143.9123678
144.1796194
144.4686207
144.7856933
145.1371592
145.5293402
145.9685579
146.4611341
147.0133905
147.6316477
148.3219229
149.0818151
149.899749
150.7636807
151.6615656
152.5813599
153.5110192
154.4384995
155.3517567
156.2387466
157.0874252
157.8857478
158.62166
159.2858405
159.8808267
160.4124894
160.8866949
161.309308
161.6861933
162.0232155
162.3262394
162.6011297
162.853751
163.089968
163.3156454
163.536648
163.7588406
163.9880879
164.229204
164.4823601
164.746438
165.0203209
165.3028918
165.5930336
165.8896292
166.1915618
166.4977142
166.8069695
167.1182106
167.4303205
167.7421822
168.0526782
168.3606891
168.6655145
168.9682361
169.2704478
169.5737404
169.8797048
170.1899314
170.5060112
170.8295347
171.1620927
171.5052759
171.8606749
172.2298805
172.6144834
173.0160747
173.4362511
173.8758954
174.3328828
174.8042209
175.2869216
175.7779976
176.2744615
176.7733259
177.2716034
177.7663069
178.2544488
178.7330418
179.1990986
179.6496319
180.0816542
180.4921772
180.878765
181.2414061
181.5807643
181.8975031
182.1922859
182.465776
182.7186368
182.9515317
183.165124
183.3600771
183.5370543
183.6967191
183.8397346
183.966764
184.0784696
184.1764726
184.2665985
184.3558495
184.4512248
184.559724
184.6883465
184.8440917
185.0339591
185.2649481
185.5440582
185.8782888
186.2746394
186.7401097
187.2817022
187.9064407
188.6180533
189.406369
190.2571988
191.156378
192.0897445
193.0431363
194.0023911
194.9533471
195.8818421
196.773714
197.6148013
198.3909442
199.0883296
199.7028973
200.2412088
200.7103657
201.1174712
201.4696283
201.77394
202.0375091
202.2674387
202.4708317
202.654791
202.8264196
202.9928204
203.1610959
203.3383451
203.5315334
203.7436167
203.9731758
204.2185825
204.4782045
204.7504093
205.0335647
205.3260381
205.626197
205.9324091
206.2430419
206.556463
206.87104
207.1851405
207.4971327
207.8054184
208.1093591
208.4093678
208.7059075
208.9994422
209.2904356
209.5793517
209.8666544
210.1528075
210.4382749
210.7235206
211.0090084
211.2952022
211.5825659
211.8715635
212.1626511
212.4560775
212.7518645
213.0500226
213.3505621
213.6534936
213.9588274
214.2665739
214.5767436
214.8893468
215.204394
215.5218955
215.8418619
216.1643034
216.4892301
216.8166223
217.1456072
217.4743827
217.8011004
218.1239114
218.4409667
218.7504175
219.0504149
219.3391101
219.6146541
219.8751981
220.1188932
220.3438905
220.5483416
220.7304018
220.8883615
221.0245546
221.1457341
221.2588616
221.3709031
221.4888246
221.6195925
221.770173
221.9475321
222.1586363
222.4104517
222.7099445
223.0640809
223.479827
223.9641444
224.5236848
225.1564189
225.8507969
226.5948136
227.3764577
228.1837173
229.0045805
229.8270354
230.6390701
231.4286727
232.183831
232.8925307
233.5427372
234.1252122
234.6424712
235.1004346
235.5050021
235.8620709
236.1775381
236.4573009
236.7072564
236.9333018
237.141334
237.3372504
237.5269481
237.716324
237.911276
238.1177082
238.3403101
238.5785684
238.8304914
239.0940911
239.3673807
239.6483734
239.9350824
240.2255207
240.5177016
240.8096383
241.0993439
241.3848316
241.6641146
241.935206
242.1961192
242.4453576
242.6835976
242.9121167
243.1321925
243.3451025
243.5521242
243.7545352
243.9536129
244.150635
244.3468788
244.5436221
244.7421423
244.9437169
245.1496237
245.3611412
245.579285
245.8039392
246.0346659
246.2710286
246.512591
246.7589166
247.0095691
247.2641121
247.5221092
247.783124
248.0467203
248.3124615
248.5799113
248.8486335
249.1181929
249.3880064
249.6568691
249.9233961
250.1862033
250.4439071
250.6951237
250.9384694
251.1725603
251.3960128
251.607443
251.8054672
251.9887016
252.1557626
252.3052661
252.4358235
252.5472272
252.6443858
252.7336476
252.8213587
252.9138647
253.017511
253.138643
253.2836062
253.4587461
253.6704081
253.9249377
254.2286804
254.5879816
255.0091872
255.4986422
256.0599721
256.6847735
257.3613048
258.0778272
258.8226019
259.5838898
260.349952
261.1090495
261.8494432
262.5593941
263.2271632
263.8410145
264.3895026
264.8692104
265.2855225
265.6442507
265.9512105
266.2122179
266.4330891
266.6196402
266.7776872
266.9130463
267.0315335
267.1389649
267.2411566
267.3439248
267.4530852
267.5743466
267.7104678
267.8609911
268.0252943
268.2027554
268.3927522
268.5946626
268.8078646
269.0317361
269.265655
269.5089993
269.7611469
270.0214756
270.2893635
270.5641884
270.8453245
271.1320395
271.4234849
271.7188066
272.0171505
272.3176623
272.6194879
272.921773
273.2236634
273.524305
273.8228435
274.1184248
274.4101946
274.6972988
274.9788838
275.2541154
275.5227326
275.7851024
276.0416209
276.2926851
276.5386918
276.780038
277.0171205
277.2503363
277.4800824
277.7067556
277.9307527
278.1524709
278.3723069
278.5906577
278.8079159
279.0243574
279.2401306
279.4553774
279.6702397
279.8848596
280.0993787
280.3139392
280.528683
280.7437519
280.9592879
281.1754328
281.3923287
281.6101175
281.8289408
282.048919
282.2695655
282.4897333
282.7082418
282.9239101
283.1355574
283.342003
283.5420661
283.7345659
283.9183217
284.0921527
284.2548781
284.4053171
284.5422893
284.664617
284.7712272
284.8641847
284.948978
285.0312597
285.1166854
285.2109106
285.319591
285.4483824
285.6029404
285.7889207
286.0119789
286.2777708
286.591952
286.9601778
287.388098
287.8810957
288.4368942
289.0448195
289.6938017
290.3727638
291.0706282
291.7763173
292.4787533
293.1668586
293.8295555
294.4557663
295.0344107
295.5543933
296.0072345
296.3955203
296.7250285
297.0015183
297.2307468
297.4184711
297.5704485
297.6924361
297.7901912
297.8694709
297.9360324
297.995633
298.0540297
298.1169804
298.1902506
298.2785159
298.381837
298.4989498
298.6285955
298.7695167
298.9204556
299.0801547
299.2473564
299.4208032
299.5992374
299.7814014
299.9660378
300.1518889
300.337697
300.5222045
300.7043835
300.8842203
301.0619826
301.2379381
301.4123545
301.5854995
301.7576406
301.9290456
302.0999822
302.2707179
302.4415205
302.6126577
302.7843971
302.9570063
303.1307532
303.3058647
303.4823899
303.6603278
303.8396777
304.0204388
304.2026103
304.3861914
304.5711815
304.7575796
304.945385
305.134597
305.3252148
305.5172375
305.7106647
305.9054975
306.1015008
306.2974467
306.4918196
306.6831057
306.8697915
307.0503633
307.2233075
307.3871107
307.5402591
307.6812392
307.8085374
307.9206402
308.0160339
308.0932045
308.1506309
308.1880095
308.2102418
308.2237108
308.2347952
308.2498727
308.275321
308.3175178
308.3828406
308.4776672
308.6083752
308.7813422
309.002946
309.2795641
309.6175743
310.0233538
310.5005527
311.0407366
311.6321273
312.262947
312.9214176
313.5957609
314.2741989
314.9449535
315.5962466
316.2163001
316.7933362
317.3155821
317.7715562
318.1580199
318.480774
318.746049
318.9600819
319.1291104
319.2593719
319.3571044
319.4285452
319.4799323
319.5175031
319.5474953
319.5761466
319.6096947
319.6543772
319.7163003
319.7980021
319.898123
320.0151054
320.1473919
320.293425
320.451647
320.6205006
320.7984283
320.9838724
321.1752756
321.3710803
321.5697291
321.7696644
321.9693292
322.1671897
322.3623903
322.5548143
322.7443815
322.9310122
323.1146265
323.2951449
323.4724874
323.6465744
323.817326
323.9846625
324.1485042
324.3087713
324.4653841
324.6182632
324.7673444
324.9130118
325.0561394
325.1976245
325.3383649
325.4792583
325.6212025
325.7650952
325.9118342
326.0623173
326.2174423
326.3781068
326.5452088
326.7196459
326.9023152
327.0940589
327.2941932
327.5003614
327.710126
327.9210484
328.1306902
328.3366128
328.5363778
328.7275466
328.9076806
329.0743415
329.2250906
329.3574894
329.4690995
329.5574825
329.6203513
329.6595655
329.6815077
329.6927915
329.7000305
329.7098384
329.7288286
329.7636147
329.8208103
329.907029
330.0288841
330.1929894
330.4059583
330.6744036
331.0049323
331.4038747
331.8693627
332.390595
332.9563337
333.5553347
334.176354
334.8081475
335.439471
336.0590803
336.6557314
337.2181801
337.735182
338.195494
338.5904803
338.9230599
339.1993513
339.425472
339.6075394
339.7516711
339.8639848
339.9505981
340.0176285
340.0711936
340.1174112
340.1623986
340.2122738
340.2731553
340.3511678
340.4510029
340.571221
340.7086299
340.8600462
341.0222871
341.1921699
341.3665117
341.5421296
341.715841
341.884463
342.0448128
342.1937076
342.3279646
342.4444002
342.5398245
342.6119028
342.6618961
342.6921053
342.7048257
342.7023517
342.6869778
342.6609983
342.6267078
342.5864005
342.5423709
342.4969134
342.4523224
342.4108924
342.3749177
342.3466938
342.3281851
342.319913
342.321995
342.3345489
342.3576926
342.3915442
342.4362215
342.4918426
342.5585254
342.6363879
342.725548
342.8261237
342.938233
343.0619939
343.1975245
343.3445665
343.5012015
343.6650493
343.8337302
344.0048645
344.1760727
344.3449749
344.5091915
344.6663428
344.8140491
344.9499308
345.0716081
345.1767013
345.2628295
345.3276045
345.3699455
345.3943119
345.4067588
345.4133323
345.4200775
345.4330396
345.4582637
345.5017949
345.5696784
345.6679594
345.8026829
345.9798941
346.2056383
346.4859621
346.8269311
347.2320103
347.6936747
348.2012379
348.7440279
349.3113748
349.8926092
350.4770613
351.0540618
351.6129409
352.1430292
352.6336578
353.074164
353.4541368
353.7706799
354.0290917
354.235066
354.3943034
354.5125047
354.5953706
354.648602
354.6778995
354.6889641
354.6874965
354.6791974
354.6697678
354.664908
354.6703159
354.6915689
354.7307486
354.7861055
354.8557103
354.9376303
355.0299324
355.1306834
355.2379504
355.3498001
355.4642995
355.5795155
355.6935149
355.8043648
355.9101318
356.0088832
356.098734
356.1791049
356.2508459
356.3148779
356.3721223
356.4235005
356.4699337
356.5123434
356.5516509
356.5887775
356.6246445
356.6601734
356.6962854
356.7339019
356.773944
356.817314
356.8643753
356.9149051
356.9686506
357.0253591
357.0847778
357.1466539
357.2107347
357.2767674
357.3444992
357.4136773
357.484049
357.5553614
357.6273619
357.6997974
357.772409
357.8447611
357.9162247
357.9861617
358.0539338
358.1189027
358.1804302
358.2378778
358.2906074
358.3379807
358.3793593
358.4141049
358.4415793
358.4611441
358.4721629
358.4740798
358.4686464
358.4601439
358.4529734
358.451538
358.4602409
358.4834854
358.5256747
358.591212
358.6845006
358.8099438
358.9719448
359.1749068
359.4232331
359.7213269
360.0733599
360.4772312
360.9239844
361.4043159
361.9089223
362.4284999
362.9537452
363.4753546
363.9840245
364.4704514
364.9253317
365.3393607
365.703219
366.0098106
366.2614863
366.4633007
366.6202982
366.7375214
366.8200126
366.8728142
366.9009686
366.9095183
366.9035056
366.8879729
366.8679626
366.8485171
366.8346789
366.8314906
366.8430372
366.8691689
366.9085626
366.9598954
367.0218442
367.0930861
367.1722981
367.2581572
367.3493405
367.4445251
367.5423879
367.6416059
367.7408562
367.8388158
367.9341609
368.0257961
368.1136151
368.1977909
368.2784958
368.3559019
368.4301812
368.5015059
368.5700481
368.63598
368.6994736
368.760701
368.8198344
368.8770459
368.9325077
368.9863925
369.0388053
369.0895672
369.138417
369.185094
369.2293377
369.2708873
369.3094822
369.3448618
369.3767655
369.4049326
369.4291025
369.4490145
369.4644081
369.4750225
369.4805961
369.4810459
369.4770548
369.4695232
369.4593512
369.4474383
369.4346844
369.4219891
369.4102523
369.4003735
369.3932527
369.3897894
369.3908834
369.3974345
369.4103425
369.4305068
369.4584817
369.4932895
369.5335288
369.5777981
369.624696
369.6728212
369.7207721
369.7671474
369.8105457
369.8495655
369.8828054
369.908864
369.9263398
369.9338307
369.9299314
369.9141324
369.8897688
369.8612722
369.8330688
369.8095845
369.7952452
369.794477
369.8117057
369.8513573
369.9178577
370.0156329
370.1491088
370.3227115
370.5408686
370.8080229
371.1266105
371.4906366
371.8916655
372.3212757
372.7710471
373.2325602
373.6973952
374.1571324
374.6033521
375.0276346
375.4215606
375.7767143
376.0848771
376.3436131
376.556784
376.7285633
376.8631277
376.9646539
377.0373188
377.0852989
377.1127712
377.1239124
377.1228991
377.1139083
377.1011165
377.0887004
377.0808342
377.081611
377.0927123
377.1131803
377.1419335
377.1778881
377.2199596
377.2670638
377.3181165
377.3720333
377.4277301
377.4841225
377.5401262
377.5946571
377.6466308
377.6949631
377.7385853
377.7768475
377.8095595
377.8365534
377.8576616
377.8727164
377.8815502
377.8839952
377.8798839
377.8690485
377.8513214
377.826535
377.7945216
377.7551136
377.7081433
377.6534677
377.5916207
377.5238741
377.4515376
377.3759207
377.298333
377.2200841
377.1424836
377.0668411
376.9944661
376.9266683
376.8647572
376.8100424
376.7638333
376.7274385
376.7021218
376.6878213
376.6830302
376.6861713
376.6956665
376.7099375
376.7274062
376.7464944
376.7656237
376.7832161
376.7976932
376.807477
376.8109891
376.8066516
376.7928886
376.7682137
376.7337533
376.6934962
376.6515654
376.6120866
376.5791858
376.5569889
376.5496218
376.5612106
376.5958811
376.6577594
376.7509714
376.8796431
377.0479004
377.2598685
377.5194687
377.8250773
378.1689978
378.5432331
378.9397846
379.3506537
379.7678416
380.1833495
380.5891788
380.9773308
381.3398066
381.6686062
381.9557153
382.1949887
382.3881488
382.5391904
382.6520961
382.7308472
382.7794247
382.8018094
382.8019825
382.7839248
382.7516174
382.7090412
382.6601773
382.6090066
382.5595101
382.5156708
382.4807408
382.4547792
382.4369528
382.4264291
382.4223758
382.4239607
382.4303514
382.4407157
382.4542214
382.4700362
382.4873278
382.505264
382.5230125
382.5397409
382.5546171
382.5669269
382.5764771
382.5832196
382.587106
382.588088
382.5861173
382.5811455
382.5731243
382.5620053
382.5477403
382.5302809
382.5095788
382.4855856
382.4582529
382.4275321
382.3934309
382.3561962
382.316144
382.2735896
382.2288486
382.1822362
382.134068
382.0846594
382.0343257
381.9833825
381.9321452
381.880929
381.8300497
381.7798224
381.7305638
381.6824611
381.6351549
381.588129
381.5408677
381.4928554
381.4435766
381.3925157
381.3391574
381.282986
381.223486
381.1601419
381.0924381
381.0198591
380.9418895
380.858013
380.7683671
380.6759709
380.5846434
380.4982032
380.4204694
380.3552604
380.3063952
380.2776926
380.2729711
380.2960496
380.3507468
380.4408816
380.5702727
380.7427398
380.9621051
381.2303794
381.5416789
381.887898
382.2609381
382.6527007
383.0550871
383.4599989
383.8593376
384.2450044
384.6089009
384.9429284
385.2389888
385.4891816
385.6909657
385.8476644
385.9628946
386.0402739
386.0834199
386.0959502
386.0814826
386.0436346
385.9860239
385.9122682
385.8259851
385.7307922
385.6303072
385.528147
385.4278701
385.3313644
385.2386987
385.1498502
385.0647955
384.9835111
384.9059736
384.8321597
384.762046
384.6956091
384.6328257
384.5736724
384.5181257
384.4661623
384.4177589
384.372893
384.3315694
384.2938226
384.2596885
384.2292032
384.2024024
384.1793223
384.1599986
384.1444675
384.1327649
384.1249267
384.1209888
384.1209873
384.124958
384.1329367
384.1449466
384.1606568
384.1793479
384.2002821
384.2227212
384.2459273
384.269162
384.2916874
384.3127652
384.3316574
384.3476259
384.3599324
384.367839
384.3706074
384.3674996
384.3577874
384.3410139
384.3170184
384.2856555
384.2467795
384.2002449
384.145906
384.0836173
384.0132332
383.9346081
383.8475965
383.7520527
383.6478312
383.5347866
383.4127743
383.2817157
383.1434423
383.0018663
382.8610032
382.7248696
382.597482
382.482857
382.3850112
382.3079611
382.2557232
382.2323141
382.2417504
382.2880485
382.3752247
382.5072894
382.6880673
382.9158234
383.1827424
383.4807236
383.8016604
384.1374452
384.4799708
384.8211298
385.152815
385.4669189
385.7553342
386.0099524
386.2226606
386.3872029
386.5053617
386.5811949
386.6187516
386.6220806
386.5952306
386.5422504
386.4671887
386.3740943
386.2670159
386.1500024
386.0271026
385.9023651
385.7798396
385.663581
385.5568838
385.4598472
385.3716449
385.2914558
385.2184597
385.1518365
385.0907659
385.0344277
384.9820017
384.9326677
384.8856055
384.8399949
384.7950157
384.7498476
384.7036698
384.6558047
384.606193
384.5549499
384.5021904
384.4480294
384.3925816
384.3359619
384.2782853
384.2196664
384.1602202
384.1000615
384.0393053
383.9780661
383.9164591
383.8545989
383.7925978
383.7305561
383.6685705
383.6067382
383.5451561
383.4839211
383.4231302
383.3628803
383.3032684
383.2443914
383.1863464
383.1292303
383.0731399
383.0181724
382.9644252
382.9118945
382.8601433
382.8086104
382.7567355
382.7039584
382.6497188
382.5934563
382.5346107
382.4726215
382.4069286
382.3369716
382.2621903
382.1820242
382.0959127
382.0032909
381.9041274
381.8006324
381.6956647
381.5920794
381.4927313
381.4004748
381.3181647
381.2486557
381.1948022
381.1594591
381.1454809
381.1557222
381.1930377
381.2602822
381.360315
381.4945979
381.6585131
381.8457375
382.04995
382.2648302
382.4840577
382.701312
382.9102727
383.1046194
383.2780318
383.4241896
383.5367775
383.6096393
383.6413477
383.6356516
383.596542
383.5280152
383.4340679
383.3186969
383.1858989
383.0396708
382.8840092
382.7229109
382.5603726
382.4003911
382.2469632
382.1040848
381.9756615
381.8631138
381.7651386
381.6802995
381.6071594
381.5442809
381.4902266
381.4435593
381.4028415
381.366636
381.3335052
381.302012
381.2707188
381.2381885
381.2029837
381.1636968
381.1197416
381.0714269
381.0191073
380.9631375
380.9038721
380.8416658
380.7768731
380.7098488
380.6409473
380.5705235
380.4989317
380.4265269
380.3536634
380.2806956
380.2079666
380.1354821
380.0628801
379.9897808
379.9158041
379.8405699
379.7636982
379.6848088
379.6035217
379.5194568
379.4322339
379.3414731
379.2467942
379.1478171
379.0441623
378.9354692
378.8219319
378.7043519
378.5835596
378.4603855
378.3356606
378.2102156
378.0848813
377.9604886
377.8378681
377.7178507
377.6012673
377.4889486
377.3817254
377.2804283
377.185855
377.0979028
377.0154832
376.9374589
376.8626924
376.790046
376.7183821
376.6465633
376.5734519
376.4979104
376.4188011
376.3349865
376.245329
376.1486911
376.0439358
375.9299963
375.807787
375.6803798
375.5509566
375.4226991
375.2987895
375.1824095
375.0767412
374.9849665
374.9102673
374.8558255
374.8248232
374.8204422
374.845864
374.904266
374.9986775
375.1276755
375.2849782
375.464072
375.6584387
375.86156
376.0669176
376.267993
376.458268
376.6312242
376.7803432
376.899106
376.9809934
377.021074
377.0213953
376.9859545
376.9187444
376.8237582
376.704989
376.56643
376.4120744
376.2459153
376.0719459
375.8941593
375.7165487
375.5431073
375.377829
375.2247129
375.0869264
374.9641234
374.8549436
374.7580326
374.6720368
374.5956025
374.5273758
374.4660032
374.4101308
374.3584051
374.3094722
374.2619785
374.2145703
374.1658937
374.114593
374.0595777
374.0008813
373.9388598
373.8738677
373.8062593
373.7363891
373.6646114
373.5912806
373.5167509
373.4413768
373.3655125
373.2895125
373.2137311
373.1385226
373.0642414
372.9911556
372.9191519
372.8480113
372.7775147
372.7074432
372.6375776
372.5676991
372.4975885
372.427027
372.3557954
372.2836748
372.2104461
372.1358903
372.0597885
371.9819218
371.9019963
371.8193909
371.7333928
371.6432891
371.5483671
371.4479141
371.3412174
371.2275642
371.1062418
370.9765375
370.8377385
370.6891321
370.5300056
370.3596455
370.1773335
369.9830605
369.7798004
369.5713912
369.3616653
369.1544547
368.9535915
368.7629075
368.5862347
368.4274051
368.2902505
368.1786031
368.0962946
368.0471571
368.0350231
368.0637341
368.1355512
368.2459733
368.3885758
368.5569397
368.7446472
368.9452806
369.1524222
369.3596542
369.5605589
369.7487186
369.917716
370.0611378
370.1727089
370.2503097
370.2963595
370.3134924
370.3043468
370.2715617
370.2177758
370.1456279
370.0577568
369.9568013
369.8454002
369.7261925
369.6018168
369.4749118
369.3481157
369.2240152
369.1037561
368.986904
368.8729489
368.7613801
368.6516866
368.5433573
368.4358813
368.3287477
368.2214453
368.1134632
368.0042905
367.8934161
367.7803291
367.6645184
367.545486
367.423085
367.297552
367.169143
367.0381142
366.9047217
366.7692215
366.6318698
366.4929225
366.3526359
366.2112661
366.069069
365.9263008
365.7832176
365.6400754
365.4971308
365.3546507
365.2129134
365.0721978
364.9327828
364.7949473
364.6589702
364.5251304
364.3937069
364.2649785
364.1392241
364.0167227
363.8977532
363.7825944
363.6715247
363.5648079
363.4622695
363.3632551
363.2670881
363.1730913
363.0805876
362.9888997
362.8973504
362.8052625
362.7119588
362.6167621
362.5189951
362.4179808
362.3130418
362.2035015
362.088731
361.9694245
361.8477272
361.7258541
361.6060212
361.4904446
361.38134
361.2809237
361.1914115
361.1150195
361.0539636
361.0104599
360.9867243
360.9849728
361.0074212
361.056166
361.1300279
361.2242546
361.3339114
361.4540636
361.5797765
361.7061155
361.828146
361.9409332
362.0395426
362.1190394
362.1744888
362.2009498
362.1946837
362.1571248
362.0911715
361.9997191
361.8856617
361.7518937
361.6013095
361.4368032
361.2612693
361.077602
360.8886955
360.6974442
360.5067423
360.3194843
360.1385642
359.9663328
359.8027327
359.64704
359.4985311
359.356482
359.220169
359.0888683
358.9618561
358.8384086
358.717802
358.5993126
358.4822164
358.3657898
358.2493088
358.1320491
358.0134055
357.893283
357.7717326
357.6488043
357.5245484
357.3990148
357.2722538
357.1443153
357.0152495
356.8851065
356.7539364
356.6217892
356.4887152
356.3547642
356.2199859
356.0845078
355.9487866
355.8133744
355.6788224
355.5456819
355.4145041
355.2858405
355.1602422
355.0382606
354.9204468
354.8073523
354.6995283
354.597526
354.5018969
354.4131932
354.3316373
354.2560155
354.1847115
354.1161092
354.048593
353.980547
353.9103555
353.8364026
353.7570726
353.6707497
353.5758182
353.4706622
353.3536659
353.2232135
353.0776891
352.9162258
352.7412637
352.5561623
352.3642798
352.1689746
351.9736052
351.7815298
351.596107
351.4206951
351.2586526
351.1133378
350.9881091
350.8863251
350.8113453
350.7665361
350.753973
350.770252
350.8103926
350.8694233
350.9423733
351.0242721
351.1101487
351.1950325
351.2739529
351.341939
351.3940202
351.4252261
351.4307086
351.409001
351.3623221
351.2930793
351.2036797
351.0965307
350.9740396
350.8386135
350.6926598
350.5385856
350.3787983
350.2157052
350.0517133
349.8892299
349.7306608
349.5783597
349.4331258
349.294063
349.1601935
349.0305379
348.904117
348.7799514
348.6570618
348.5344688
348.4111931
348.2862554
348.1586765
348.0274768
347.8916772
347.7502991
347.6023924
347.4478384
347.2874292
347.1219996
346.9523854
346.7794222
346.6039458
346.4267921
346.2487967
346.0707955
345.8936242
345.7181185
345.5451143
345.3754473
345.2099532
345.0494387
344.8939243
344.7425696
344.5944914
344.4488064
344.3046313
344.1610826
344.0172771
343.8723314
343.7253621
343.575486
343.4218195
343.2634794
343.0995824
342.9292454
342.7516168
342.5667383
342.3756234
342.1793357
341.9789383
341.7754947
341.5700682
341.3637223
341.1575202
340.9525254
340.7498013
340.5504111
340.3554183
340.1658862
339.9828772
339.8074241
339.6396677
339.4787755
339.3238685
339.1740667
339.0284902
338.8862592
338.7464935
338.6083133
338.4708386
338.3331895
338.194486
338.0538481
337.9103961
337.7632508
337.6115785
337.4558378
337.2979044
337.1397212
336.9832318
336.8303802
336.6831104
336.5433663
336.4130919
336.2942312
336.1887279
336.0985263
336.02557
335.9718032
335.9391697
335.9295122
335.9419323
335.9725346
336.0172723
336.0720988
336.1329672
336.1958307
336.2566426
336.3113561
336.3559244
336.3863007
336.3984376
336.3882809
336.352772
336.293071
336.2115486
336.1105704
335.9925011
335.8597054
335.7145481
335.5593938
335.3966073
335.2285532
335.0575963
334.8861012
334.7164326
334.5509553
334.3920343
334.2415845
334.0995357
333.9652666
333.8381558
333.7175823
333.6029248
333.4935623
333.3888735
333.2882372
333.1910323
333.0966377
333.004432
332.9137943
332.8241033
332.7347378
332.6450879
332.5545927
332.4627051
332.3688779
332.2725641
332.1732164
332.0702879
331.9632312
331.8514994
331.7345452
331.6118215
331.4827813
331.3468773
331.2035622
331.0522868
330.8927534
330.7257215
330.5522565
330.3734222
330.1902821
330.0038996
329.8153383
329.6256617
329.4359332
329.2472163
329.0605745
328.8770713
328.6977702
328.5237348
328.3560306
328.19541
328.0412882
327.8926998
327.7486804
327.6082657
327.4704917
327.3343943
327.1990092
327.0633724
326.9265196
326.7874869
326.6453101
326.4990249
326.3476674
326.1902733
326.0263074
325.8571336
325.6846413
325.51072
325.3372594
325.1661489
324.999278
324.8385363
324.6858132
324.5429983
324.411981
324.2946511
324.1928978
324.1086115
324.0436842
323.9992053
323.972798
323.961102
323.960761
323.9684189
323.9807198
323.9943076
324.0058262
324.0119195
324.0092316
323.9944063
323.9640876
323.9150084
323.8463154
323.7597924
323.6573569
323.5409265
323.4124188
323.2737513
323.1268417
322.9736073
322.815966
322.6558351
322.4951323
322.3357751
322.1796811
322.028767
321.8849088
321.7487895
321.6197936
321.4972408
321.3804502
321.2687409
321.1614321
321.0578428
320.9572922
320.8590994
320.7625836
320.6670638
320.5718592
320.4762889
320.3796721
320.2813301
320.1806435
320.0770583
319.9700237
319.8589886
319.7434022
319.6227137
319.4963721
319.3638265
319.224526
319.0779198
318.9234569
318.7605865
318.5887577
318.4074199
318.2160528
318.0149718
317.8054091
317.5886413
317.3659452
317.1385977
316.9078758
316.6750565
316.4414167
316.2082334
315.9767835
315.748344
315.5241919
315.305604
315.0938574
314.8901869
314.6946787
314.5061658
314.3234169
314.1452011
313.9702872
313.7974441
313.6254408
313.4530461
313.2790291
313.1021586
312.9212035
312.7349328
312.5421156
312.3415221
312.1319862
311.914212
311.6909417
311.4650174
311.2392826
311.0165807
310.7997551
310.5916493
310.3951067
310.2129709
310.0480851
309.903293
309.7814379
309.685363
309.6179079
309.5817862
309.5759785
309.5953785
309.634689
309.6886084
309.7518348
309.8190665
309.8850015
309.944338
309.9917742
310.0220082
310.029737
310.0096532
309.9577556
309.8756504
309.7665425
309.6336291
309.4801071
309.3091733
309.1240245
308.9278577
308.7238695
308.515257
308.3052169
308.0969461
307.8936414
307.6985004
307.514727
307.3446926
307.1872712
307.0403248
306.9017206
306.769327
306.6410123
306.5146447
306.3880925
306.259224
306.1259075
305.9860113
305.8374037
305.677953
305.5055274
305.3179927
305.1138395
304.8942683
304.6612413
304.4167195
304.1626638
303.9010349
303.6337938
303.3629011
303.0903176
302.8180042
302.5479217
302.2820308
302.0222923
301.7706671
301.5291158
301.2993155
301.0816873
300.8763042
300.6832392
300.5025656
300.3343565
300.178685
300.0356242
299.9052472
299.7876272
299.6828373
299.5909507
299.5120404
299.4461799
299.3934445
299.3535596
299.3247638
299.3048685
299.2916874
299.2830345
299.2767238
299.2705692
299.2623847
299.2499842
299.2311817
299.2037911
299.1656265
299.1145016
299.04823
298.9646192
298.8622596
298.7430412
298.6098055
298.4653894
298.312629
298.1543605
297.9934199
297.8326434
297.674867
297.5229267
297.3796589
297.2478994
297.1304844
297.03025
296.9500345
296.891683
296.8526904
296.8293383
296.8179088
296.8146846
296.8159479
296.8179815
296.8170677
296.8094892
296.7915284
296.759468
296.709593
296.6382744
296.5444131
296.4296805
296.2958781
296.1448097
295.9782797
295.7980922
295.6060516
295.4039621
295.1936278
294.9768531
294.7554423
294.5311994
294.3059289
294.0814347
293.8594838
293.6408315
293.4251248
293.2119562
293.0009177
292.7916014
292.5835994
292.3765036
292.1699063
291.9633993
291.7565748
291.5490248
291.3403415
291.1301168
290.9179429
290.703429
290.4866597
290.2682376
290.0487918
289.8289513
289.6093451
289.3906025
289.1733523
288.9582238
288.7458458
288.5368476
288.3318581
288.1315065
287.9364217
287.7472322
287.5645476
287.3884105
287.2182448
287.0534448
286.8934041
286.7375164
286.5851754
286.4357747
286.2887082
286.1433694
285.9991521
285.8554499
285.7116565
285.5671656
285.4213712
285.2736807
285.1238893
284.972217
284.8189037
284.6641899
284.508316
284.3515224
284.1940496
284.0361379
283.8780278
283.7199597
283.5621741
283.4049113
283.2484119
283.0929161
282.9386706
282.7860858
282.6357518
282.4882678
282.3442326
282.2042455
282.0689054
281.9388115
281.8145628
281.6967584
281.5859974
281.4828788
281.3880017
281.3019651
281.2253676
281.1587635
281.1014447
281.0513283
281.006262
280.9640933
280.9226696
280.8798382
280.8334466
280.7813421
280.7213723
280.6513846
280.5692262
280.4727439
280.3603607
280.233035
280.0924304
279.94021
279.7780371
279.6075748
279.4304862
279.2484345
279.0630829
278.8760945
278.6891324
278.5038599
278.3219401
278.1450363
277.9748123
277.8125123
277.6575455
277.5088064
277.3651909
277.225595
277.0889145
276.9540452
276.8198832
276.6853241
276.549264
276.4105987
276.2682241
276.121036
275.9679299
275.8077993
275.6398849
275.4648923
275.283951
275.0981877
274.9087288
274.716701
274.5232307
274.3294444
274.1364685
273.9454296
273.7574542
273.5736686
273.3951996
273.2231736
273.0587194
272.9026482
272.7544207
272.6131114
272.4777961
272.3475513
272.221453
272.0985774
271.9780009
271.8587995
271.7400496
271.6208273
271.5002088
271.3772705
271.2510884
271.1207388
270.9855167
270.845685
270.7017751
270.554318
270.4038449
270.250887
270.0959754
269.9396413
269.7824159
269.6248302
269.4674155
269.310703
269.1552237
269.001509
268.8500905
268.7013252
268.5548139
268.409943
268.2661
268.1226725
267.9790477
267.8346133
267.6887566
267.5408652
267.3903264
267.2365278
267.0788568
266.9167007
266.7494469
266.5764801
266.3975105
266.2136155
266.0262687
265.8369414
265.6471043
265.4582284
265.2717846
265.0892438
264.9120767
264.7417545
264.5797478
264.4275276
264.2865648
264.1583304
264.0442983
263.9454024
263.8602576
263.7868214
263.7230529
263.6669116
263.6163569
263.5693485
263.5238458
263.4778084
263.4291957
263.3759673
263.316084
263.2475425
263.1694237
263.0819933
262.9855727
262.8804847
262.7670519
262.6455971
262.5164431
262.3799125
262.2363283
262.0860131
261.9292897
261.7664808
261.5979092
261.4238977
261.2447753
261.0610408
260.8733793
260.682485
260.4890519
260.2937745
260.0973468
259.9004631
259.7038176
259.5081045
259.3140181
259.1222525
258.9335021
258.7484609
258.5678232
258.3922707
258.2221422
258.0574024
257.8979969
257.7438713
257.5949714
257.4512427
257.3126308
257.1790814
257.0505401
256.9269526
256.8082644
256.6944213
256.5853688
256.4810523
256.3814069
256.2860609
256.1943089
256.1054289
256.0186988
255.9333964
255.8487996
255.7641863
255.6788342
255.5920212
255.5030253
255.4111242
255.3155959
255.2157181
255.1107695
255.0000521
254.8835635
254.7620626
254.6363438
254.5072024
254.3754339
254.2418334
254.1071964
253.9723182
253.8379942
253.7050196
253.57419
253.4463005
253.3221465
253.2025232
253.0882015
252.979286
252.8751504
252.7751333
252.6785727
252.5848068
252.4931735
252.403011
252.3136572
252.2244503
252.1347283
252.0438293
251.9510914
251.8558526
251.7574509
251.6552341
251.5488143
251.4380919
251.3229821
251.2034
251.0792608
250.9504796
250.8169715
250.6786518
250.5354356
250.3872381
250.2339743
250.0755589
249.9120128
249.743815
249.571574
249.3958978
249.2173947
249.0366727
248.8543399
248.6710044
248.4872744
248.3037579
248.121063
247.9397979
247.7605707
247.5839895
247.4106623
247.240994
247.0744897
246.9104054
246.747997
246.5865204
246.4252315
246.2633864
246.1002409
245.9350511
245.7670728
245.5955621
245.4197747
245.2389668
245.052394
244.8593107
244.6592762
244.4531537
244.2421789
244.0275861
243.8106089
243.5924814
243.3744375
243.1577109
242.9435358
242.7331458
242.5277749
242.328657
242.1370261
241.9541162
241.7811637
241.6191162
241.467708
241.3263221
241.1943437
241.0711581
240.9561507
240.848707
240.7482122
240.6540518
240.5656112
240.4822757
240.4034308
240.3284617
240.256754
240.1876933
240.1205507
240.0540967
239.9869622
239.9177778
239.8451743
239.7677827
239.6842337
239.5931582
239.493187
239.3829509
239.2610808
239.1262074
238.9769616
238.8119741
238.6298755
238.4300082
238.2148533
237.9877656
237.7520986
237.5112058
237.2684407
237.027157
236.7907083
236.562448
236.3457299
236.1439074
235.9603341
235.7983638
235.661351
235.5526566
235.4744981
235.4242443
235.3978681
235.3913504
235.4006728
235.421817
235.4507645
235.4834971
235.5159963
235.5442438
235.5642213
235.5719106
235.5633725
235.5368508
235.4929689
235.4324717
235.3561041
235.2646112
235.1587379
235.0392291
234.9068297
234.7622848
234.6063391
234.4397377
234.2632256
234.0775476
233.8834492
233.6816911
233.473496
233.2605895
233.044722
232.8276439
232.6111059
232.3968586
232.1866526
231.9822384
231.7853667
231.5977882
231.4212533
231.2575126
231.1083168
230.9754144
230.8604856
230.7632036
230.681043
230.6113752
230.5515696
230.4989956
230.4510222
230.4050187
230.3583543
230.3083982
230.2525197
230.1880879
230.1124721
230.0230415
229.9171656
229.7922889
229.6478963
229.4857068
229.3075503
229.1152574
228.9106583
228.6955836
228.4718635
228.2413287
228.0058095
227.7671365
227.5271399
227.2876502
227.0504979
226.8175132
226.5904962
226.3704006
226.1572581
225.9510535
225.7517716
225.559397
225.3739144
225.1953087
225.0235644
224.8586664
224.7005994
224.5493481
224.4048971
224.2672313
224.1363349
224.0121815
223.8944142
223.7823161
223.675153
223.5721905
223.4726941
223.3759291
223.2811612
223.1876557
223.0946783
223.0014943
222.9073693
222.8115688
222.7133582
222.6120036
222.5067946
222.3976953
222.2854097
222.1706768
222.0542359
221.9368268
221.8191889
221.7020618
221.586185
221.4722982
221.3611408
221.2534527
221.149975
221.0512228
220.9567561
220.8658592
220.777818
220.6919186
220.6074471
220.5236895
220.439932
220.3554606
220.2695614
220.1815205
220.090624
219.9961581
219.8974085
219.7936604
219.6843589
219.5696289
219.4497904
219.3251623
219.1960638
219.0628136
218.9257308
218.7851343
218.641343
218.4946758
218.3454518
218.1939898
218.0406088
217.8856277
217.7293655
217.5721412
217.4142749
217.2560866
217.0978965
216.9400248
216.7827915
216.6265169
216.471521
216.318124
216.1666461
216.0174073
215.8707279
215.726928
215.5863278
215.4492476
215.3158883
215.1859292
215.058903
214.9343429
214.8117821
214.6907536
214.5707907
214.4514265
214.3321941
214.2126268
214.0922577
213.97062
213.8472467
213.721671
213.5934244
213.4622207
213.3285393
213.1930811
213.0565456
212.9196325
212.7830411
212.6474709
212.5136214
212.382192
212.2538822
212.1293915
212.0094193
211.8946652
211.7858286
211.6836111
211.5884082
211.4993105
211.4150364
211.3343057
211.255838
211.1783535
211.100572
211.0212133
210.9389974
210.8526443
210.7608737
210.6624057
210.5559601
210.4402568
210.3140158
210.1764152
210.0286631
209.8725292
209.7097832
209.542195
209.3715341
209.1995705
209.0280738
208.8588138
208.6935603
208.5340829
208.3821506
208.2394922
208.1066928
207.9830832
207.8679351
207.760519
207.6601053
207.5659646
207.4773672
207.3935837
207.3138846
207.2375403
207.1638212
207.0919979
207.0213409
206.9511205
206.8806144
206.8092901
206.7368235
206.6629007
206.5872079
206.5094313
206.429257
206.3463714
206.2604606
206.1712108
206.0783082
205.981439
205.8802894
205.7745457
205.6638942
205.5480355
205.4270809
205.3015883
205.1721381
205.0393111
204.9036877
204.7658486
204.6263744
204.4858457
204.3448431
204.2039472
204.0637386
203.924798
203.7877058
203.6530424
203.5213765
203.3929352
203.2675716
203.1451215
203.0254203
202.908303
202.7936051
202.6811618
202.5708084
202.4623802
202.3557124
202.2506403
202.1469992
202.0446244
201.9433511
201.8430129
201.7433988
201.6442485
201.5452991
201.4462882
201.3469529
201.2470306
201.1462587
201.0443743
200.9411149
200.8362177
200.7294201
200.6204593
200.5090727
200.3949976
200.2779864
200.1582023
200.036257
199.912785
199.7884208
199.663799
199.539554
199.4163204
199.2947328
199.1754255
199.0590331
198.9461902
198.8375313
198.7336908
198.6353028
198.5429782
198.4566502
198.3755134
198.2987263
198.2254467
198.1548325
198.0860415
198.0182318
197.9505612
197.8821876
197.8122689
197.739963
197.6644277
197.5848212
197.5003019
197.4100515
197.3139379
197.2125796
197.1066305
196.996745
196.8835778
196.7677834
196.6500165
196.5309317
196.4111835
196.2914266
196.1723157
196.0545058
195.9385102
195.8242301
195.7113929
195.5997269
195.4889602
195.378821
195.2690377
195.1593383
195.0494511
194.9391044
194.8280263
194.7159451
194.602589
194.487686
194.3709631
194.252306
194.1322683
194.0115965
193.8910364
193.7713335
193.6532332
193.5374811
193.4248225
193.3160031
193.2117681
193.1128633
193.020034
192.9340257
192.8555839
192.7854554
192.7241373
192.6710507
192.6253127
192.586041
192.5523534
192.5233678
192.4982021
192.4759742
192.4558018
192.436803
192.4180955
192.3987973
192.3780261
192.3548998
192.3285365
192.2981743
192.2635851
192.2246885
192.1814039
192.1336509
192.0813491
192.0244178
191.9627768
191.8963453
191.8250431
191.7487896
191.6675043
191.5811067
191.4895163
191.3926518
191.2905881
191.1840677
191.0740244
190.9613906
190.8470989
190.732082
190.6172722
190.5036022
190.3920045
190.2834116
190.1787562
190.0789707
189.9849876
189.8977399
189.8181628
189.7468648
189.6830804
189.6256469
189.5734036
189.5251903
189.4798466
189.4362122
189.3931268
189.3494302
189.3039621
189.2555621
189.20307
189.1453255
189.0811682
189.0094367
188.9293303
188.8416192
188.747514
188.6482246
188.544961
188.4389329
188.3313502
188.2234229
188.1163607
188.0113734
187.9096711
187.8124625
187.7209296
187.6354494
187.5555175
187.4805887
187.4101164
187.3435543
187.2803559
187.2199749
187.1618648
187.1054792
187.0502716
186.9956957
186.941205
186.8862531
186.8302937
186.7727915
186.7135179
186.65258
186.5901014
186.5262057
186.4610165
186.3946577
186.3272528
186.2589256
186.1897997
186.1199988
186.0496467
185.978867
185.9077833
185.8365194
185.7651989
185.6939409
185.6228603
185.5520716
185.4816891
185.4118275
185.3426012
185.2741247
185.2065124
185.1398789
185.0743387
185.0100062
184.9469959
184.8854223
184.8253999
184.7670401
184.7103696
184.6553219
184.6018265
184.5498125
184.499209
184.4499453
184.4019506
184.355154
184.3094848
184.2648721
184.2212452
184.1785331
184.1366652
184.0955706
184.0551785
184.0154218
183.9762366
183.9375595
183.899327
183.8614755
183.8239414
183.7866614
183.749572
183.7126094
183.6757104
183.6388113
183.6018487
183.564759
183.5274787
183.4899345
183.4517897
183.4124188
183.371182
183.3274395
183.2805515
183.2298781
183.1747796
183.1146161
183.0487477
182.9765347
182.8973373
182.8105155
182.7154297
182.6114402
182.4979478
182.3754841
182.245813
182.1107607
181.9721538
181.8318188
181.6915821
181.5532702
181.4187097
181.289727
181.1681486
181.0558011
180.9545122
180.8656241
180.7883576
180.7213405
180.6632013
180.6125682
180.5680699
180.5283348
180.4919914
180.4576682
180.4239937
180.3895963
180.3531046
180.313147
180.268352
180.2173478
180.1591078
180.094124
180.0233117
179.9475856
179.8678606
179.7850512
179.7000722
179.6138384
179.5272645
179.4412651
179.3567551
179.274649
179.1958618
179.1213083
179.0519044
178.9883766
178.9306485
178.8784125
178.8313622
178.7891914
178.7515939
178.7182634
178.6888938
178.6631788
178.6408122
178.6214878
178.6048994
178.5907408
178.5787057
178.5684879
178.5597929
178.5523768
178.5460102
178.5404633
178.5355068
178.530911
178.5264463
178.5218833
178.5169924
178.5115439
178.5053084
178.4980563
178.4895581
178.4795841
178.4679047
178.4543771
178.4392403
178.4228396
178.4055202
178.3876273
178.3695062
178.3515021
178.3339601
178.3172256
178.3016436
178.2875595
178.2753185
178.2652657
178.2577465
178.2531064
178.2515068
178.2523051
178.2546327
178.2576219
178.2604047
178.2621134
178.26188
178.2588367
178.2521157
178.2408492
178.2241692
178.201208
178.1710976
178.1329698
178.0859538
178.0295795
177.9650656
177.8941194
177.8184453
177.7397473
177.6597292
177.5800951
177.502549
177.4287949
177.3605367
177.2994784
177.2473236
177.2057291
177.1750325
177.1541342
177.1418618
177.1370426
177.1385041
177.1450735
177.1555784
177.1688459
177.1837034
177.1989785
177.2134983
177.2260903
177.235582
177.2408016
177.2406091
177.2348116
177.2242501
177.209815
177.1923976
177.1728892
177.1521813
177.1311651
177.1107321
177.0917735
177.0751807
177.0618451
177.0526581
177.048511
177.0502945
177.0588744
177.0743955
177.0962123
177.123642
177.1560014
177.1926069
177.232775
177.2758223
177.3210654
177.3678207
177.4154048
177.4631342
177.5103255
177.5562952
177.6003598
177.6418573
177.6807015
177.7174365
177.7526383
177.7868825
177.8207451
177.8548019
177.8896288
177.9258015
177.9638961
178.0044882
178.0481538
178.0954687
178.1470088
178.2033494
178.265038
178.3318129
178.4025316
178.4760073
178.5510532
178.626482
178.7011069
178.7737408
178.8431967
178.9082876
178.9678264
179.0206263
179.0655
179.1012608
179.1267228
179.1407375
179.1432764
179.1355342
179.1187638
179.0942192
179.0631544
179.0268234
178.9864803
178.943379
178.8987738
178.8539185
178.8100674
178.7684742
178.7303932
178.6970778
178.6697493
178.6487198
178.6333045
178.6227711
178.6163866
178.6134179
178.613132
178.6147958
178.6176762
178.6210401
178.6241545
178.6262864
178.6267026
178.6246701
178.6194559
178.6103535
178.5973834
178.5813596
178.5631364
178.5435681
178.5235092
178.503814
178.4853368
178.4689319
178.4554537
178.4457565
178.4406949
178.4411245
178.4476819
178.4600688
178.4777202
178.5000718
178.5265598
178.55662
178.5896886
178.6252016
178.662595
178.7013048
178.740767
178.7804178
178.8196931
178.8580289
178.8948613
178.929726
178.9626007
178.9935851
179.022779
179.0502824
179.0761949
179.1006164
179.1236469
179.145386
179.1659335
179.1853894
179.2038535
179.2214255
179.2382053
179.2542925
179.2698401
179.2852314
179.3009152
179.3173399
179.3349538
179.3542054
179.3755432
179.3994155
179.4262707
179.4565573
179.4907236
179.5292182
179.5724894
179.6209858
179.6751572
179.7352738
179.80085
179.8711811
179.945564
180.0232955
180.1036727
180.1859925
180.2695519
180.3536477
180.4375769
180.5206365
180.6021235
180.6813347
180.757567
180.8301163
180.8985078
180.9632542
181.0251482
181.0849813
181.1435451
181.2016313
181.2600315
181.3195373
181.3809401
181.4450317
181.5126037
181.5844475
181.6613549
181.7441174
181.8335265
181.9300154
182.032429
182.1391725
182.2486515
182.3592712
182.4694371
182.5775546
182.6820291
182.781266
182.8736705
182.9576483
183.0316046
183.0939448
183.1430738
183.1773939
183.1959782
183.2007759
183.1945569
183.1800869
183.1601317
183.1374569
183.114828
183.0950107
183.0807706
183.0748733
183.0800846
183.0991699
183.1348194
183.1876691
183.256112
183.3384272
183.4328936
183.5377903
183.6513961
183.7719901
183.8978513
184.0272586
184.1584912
184.2898279
184.4195478
184.5459299
184.6672539
184.7818307
184.8888906
184.988665
185.0814347
185.1674812
185.2470861
185.3205306
185.3880963
185.4500647
185.5067172
185.5583353
185.6052004
185.647594
185.6857975
185.7200928
185.7507731
185.7784671
185.8041717
185.8289006
185.8536679
185.8794879
185.9073748
185.9383428
185.9734061
186.0135789
186.0598755
186.11331
186.1748967
186.2456498
186.326583
186.418673
186.5218644
186.6349707
186.7567506
186.8859622
187.0213637
187.1617131
187.3057685
187.4522881
187.6000298
187.7477519
187.8942123
188.0381692
188.1783807
188.313605
188.4426373
188.5652954
188.6825116
188.7952754
188.9045762
189.0114035
189.1167466
189.2215949
189.3269379
189.433765
189.5430655
189.6558289
189.7730446
189.8957018
190.0247892
190.16126
190.3050198
190.4548333
190.6094089
190.7674546
190.9276783
191.0887877
191.2494907
191.4084951
191.5645089
191.7162399
191.8623959
192.0016847
192.1328144
192.2544939
192.3654732
192.465707
192.5564694
192.6390963
192.7149249
192.7852924
192.851536
192.9149932
192.9770011
193.0388971
193.1020184
193.1677027
193.2372886
193.3117898
193.3908275
193.4736247
193.5594068
193.647399
193.7368268
193.8269154
193.9168902
194.0059765
194.0933998
194.1783852
194.2601582
194.3379441
194.4109679
194.4784512
194.5400523
194.5972637
194.6521091
194.7066089
194.7627833
194.8226524
194.8882364
194.9615554
195.0446294
195.1394786
195.2481231
195.372583
195.5148785
195.6770297
195.8610598
196.0681643
196.2959435
196.5409882
196.7998906
197.0692431
197.3456383
197.6256687
197.9059268
198.1830052
198.4534964
198.713993
198.9610874
199.1913722
199.4014398
199.5878827
199.7482135
199.8840104
199.9979808
200.0928308
200.1712669
200.2359953
200.2897224
200.3351546
200.3749982
200.4119594
200.4487448
200.4880607
200.5326133
200.5851096
200.648259
200.7242337
200.8129205
200.9135497
201.0253553
201.1475716
201.2794328
201.4201732
201.5690271
201.7252287
201.8880124
202.0566123
202.2302628
202.4081981
202.5896526
202.7738612
202.9599717
203.1467641
203.3329123
203.5170909
203.6979744
203.8742374
204.0445544
204.2076
204.3620488
204.5065754
204.6398543
204.7605601
204.8673674
204.9589507
205.0339829
205.0918447
205.1350136
205.1668316
205.1906401
205.2097804
205.2275937
205.2474213
205.2726043
205.306484
205.3524016
205.4136982
205.4937125
205.5956951
205.7203051
205.8653634
206.0285581
206.2075747
206.400098
206.6038131
206.8164052
207.0355591
207.2589602
207.4842932
207.7092433
207.9314956
208.1487351
208.3586473
208.5589749
208.7490331
208.9298591
209.102575
209.2683035
209.4281672
209.5832887
209.7347907
209.8837958
210.0314268
210.1788061
210.3270566
210.4773009
210.6306615
210.7882611
210.9512033
211.1200623
211.2948359
211.4754922
211.6619996
211.8543262
212.0524403
212.2563101
212.4659038
212.6811897
212.902136
213.1287108
213.3608825
213.5986193
213.8418889
214.0906449
214.344413
214.6022525
214.8632002
215.1262924
215.3905655
215.6550558
215.9187998
216.1808336
216.4401939
216.6959168
216.9470388
217.1925962
217.4316254
217.6631637
217.8862813
218.10101
218.3084355
218.5096928
218.7059177
218.8982464
219.0878149
219.2757593
219.4632157
219.6513202
219.8412087
220.0340174
220.2308824
220.4329397
220.6413252
220.8571158
221.0797856
221.307054
221.5365533
221.7659154
221.9927718
222.2147546
222.4294956
222.6346264
222.827779
223.0065852
223.1686768
223.3116855
223.4332434
223.5309833
223.602655
223.6493188
223.6756402
223.6864674
223.6866494
223.681035
223.6744732
223.6718128
223.6779027
223.6975917
223.7357288
223.7971629
223.8867452
224.0081747
224.1601012
224.3397662
224.5444122
224.7712819
225.017618
225.2806633
225.5576605
225.8458524
226.1424817
226.4447912
226.7500236
227.0554217
227.358228
227.655685
227.9455929
228.2282044
228.5044568
228.7752862
229.0416288
229.3044207
229.5645979
229.8230967
230.080853
230.3388031
230.5978832
230.8590291
231.1231772
231.3912639
231.664227
231.9427352
232.2263181
232.5141768
232.8055141
233.0995331
233.3954371
233.692429
233.9897121
234.2864895
234.5819642
234.8753395
235.1658184
235.4526041
235.7348995
236.0119061
236.2830541
236.5487431
236.809651
237.0664543
237.3198296
237.5704532
237.8190017
238.0661514
238.3125789
238.5589604
238.8059726
239.0542918
239.3045945
239.5575571
239.8138562
240.0739958
240.3377184
240.6045554
240.8740379
241.1456974
241.4190652
241.6936724
241.9690506
242.244731
242.5202449
242.7951237
243.0688986
243.341101
243.6112621
243.8789128
244.1438148
244.4067368
244.6687308
244.9308475
245.1941381
245.4596534
245.7284445
246.0015622
246.2800577
246.5649819
246.8573856
247.15832
247.4688361
247.7899853
248.1228238
248.4677601
248.8224773
249.18387
249.5488372
249.9142787
250.2770942
250.6341835
250.9824463
251.3187824
251.6400914
251.9432733
252.2252276
252.4828541
252.713052
252.9127123
253.0800322
253.2187744
253.3342905
253.4319266
253.5170278
253.5949393
253.671006
253.750573
253.8389853
253.9415879
254.0637257
254.2107396
254.3878458
254.5965
254.8340534
255.0976619
255.3844773
255.6916512
256.0163354
256.3556817
256.7068416
257.066967
257.4332094
257.8027207
258.1726524
258.5401565
258.9023858
259.2565535
259.6015933
259.9383254
260.2676593
260.5905058
260.9077759
261.2203807
261.5292312
261.8352386
262.1393137
262.4423677
262.7453116
263.0490564
263.3545133
263.6625932
263.9741925
264.2898116
264.6095179
264.9333568
265.2613738
265.5936142
265.9301237
266.2709476
266.6161314
266.9657205
267.3197605
267.6782967
268.0413747
268.4090398
268.7813374
269.1583013
269.5396357
269.924686
270.3127795
270.7032432
271.0954043
271.4885901
271.8821277
272.2753442
272.6675668
273.0581227
273.4463391
273.8315432
274.213062
274.5902237
274.9623787
275.3295577
275.6925351
276.0521197
276.4091216
276.7643508
277.1186171
277.4727305
277.827501
278.1837385
278.542253
278.9038545
279.2693529
279.639558
280.0152792
280.3972772
280.7849529
281.1762157
281.5689038
281.9608544
282.3499048
282.733892
283.1106533
283.4780256
283.8338463
284.1759524
284.502181
284.8103695
285.0983547
285.363974
285.6051786
285.8230209
286.0219402
286.2065478
286.3814552
286.5512738
286.720615
286.8940901
287.0763106
287.2718877
287.485433
287.7215582
287.9848823
288.2789032
288.6023416
288.9525548
289.3269046
289.7227538
290.137465
290.5684011
291.012925
291.4683994
291.9321871
292.4016509
292.8741536
293.3470581
293.817727
294.2835232
294.7423164
295.1942209
295.6399722
296.0803059
296.5159576
296.9476628
297.3761571
297.8021761
298.2264553
298.6497304
299.0727368
299.4962101
299.920886
300.3475001
300.7767886
301.2092867
301.6446598
302.082327
302.5217084
302.9622241
303.4032942
303.8443388
304.2847781
304.7240321
305.161521
305.5966649
306.0288839
306.4575981
306.8822275
307.302191
307.7170576
308.127027
308.5324816
308.9338028
309.3313718
309.7255697
310.1167779
310.5053774
310.8917495
311.2762754
311.6593363
312.0413135
312.422588
312.8035411
313.1845538
313.5660515
313.9486503
314.3330206
314.7198324
315.109756
315.5034615
315.9016189
316.3048985
316.7139703
317.1295045
317.5521711
317.9826404
318.4215825
318.8696675
319.3275654
319.7954375
320.2711899
320.7521049
321.2354648
321.7185519
322.1986484
322.6730366
323.1389988
323.5938173
324.0347743
324.4591521
324.864233
325.2472992
325.6056321
325.9365091
326.238432
326.5151697
326.7719903
327.0141548
327.2469241
327.4755589
327.7053199
327.941468
328.1892641
328.4539687
328.7408428
329.0551471
329.4019958
329.7825199
330.1934999
330.6314954
331.0930659
331.5747709
332.07317
332.5848228
333.1062888
333.6341275
334.1648986
334.6951615
335.2214758
335.7404013
336.2484989
336.7424144
337.2212574
337.6868204
338.1410297
338.5858127
339.0230967
339.4548094
339.8828779
340.3092297
340.7357923
341.164493
341.5972593
342.0360185
342.4826981
342.9392238
343.4074779
343.8880264
344.3799966
344.8824482
345.3944394
345.9150283
346.443273
346.9782316
347.5189622
348.0645229
348.6139718
349.1663671
349.7207669
350.2762291
350.8318123
351.3865893
351.9400463
352.4921213
353.0427745
353.5919664
354.1396572
354.6858075
355.2303776
355.7733279
356.3146188
356.8542107
357.3920641
357.9281393
358.4623967
358.9947967
359.5253097
360.0541752
360.5819269
361.1091132
361.6362829
362.1639844
362.6927663
363.2231772
363.7557656
364.2910802
364.8296695
365.3720822
365.9188666
366.4705713
367.0277441
367.5908917
368.1593164
368.7310083
369.3038929
369.8758951
370.4449395
371.008951
371.5658542
372.113574
372.6500351
373.1731622
373.6808803
374.1711138
374.641788
375.0908302
375.5162593
375.9187999
376.3021379
376.6700981
377.0265082
377.3751962
377.7199902
378.0647179
378.4132075
378.7692869
379.1367841
379.5195278
379.921349
380.3452536
380.7906945
381.2561142
381.7399594
382.2406773
382.756715
383.2865198
383.8285386
384.3812186
384.943007
385.5123508
386.0876972
386.6674933
387.250186
387.83422
388.4183215
389.0023977
389.5866982
390.1714707
390.7569624
391.3434207
391.9310929
392.5202262
393.111068
393.7038655
394.2988662
394.8963173
395.4964661
396.0995599
396.7058466
397.315476
397.9281757
398.543554
399.1612196
399.780781
400.4018469
401.0240259
401.6469266
402.2701577
402.8933279
403.5160457
404.1379198
404.7585588
405.3775714
405.9945662
406.609214
407.2214605
407.8313275
408.4388369
409.0440106
409.6468705
410.2474383
410.845736
411.4417854
412.0356084
412.6272269
413.2166626
413.8039376
414.3890735
414.9720917
415.5531135
416.1326873
416.7114837
417.2901725
417.8694238
418.4499074
419.0322932
419.6172512
420.2054512
420.7975631
421.3942569
421.9962024
422.6040696
423.2185289
423.8402547
424.4693713
425.103689
425.7403493
426.3764968
427.0092771
427.6358355
428.2533176
428.8588688
429.4496346
430.0227603
430.5753915
431.1046736
431.6077522
432.0817723
432.5238746
432.9326433
433.3129413
433.6713929
434.01462
434.3492445
434.6818876
435.019171
435.3677162
435.7341445
436.1250775
436.5471363
437.0069372
437.5109285
438.0605647
438.6518354
439.2804746
439.9422103
440.6327704
441.3478825
442.0832745
442.8346741
443.5978091
444.3684073
445.1421963
445.9149039
446.682258
447.4399871
448.183916
448.9125164
449.6271618
450.3293669
451.0206474
451.7025194
452.3764987
453.0441015
453.7068437
454.3662413
455.0238103
455.6810667
456.3395265
457.0007057
457.6661201
458.3372494
459.0145707
459.697468
460.3852698
461.0773043
461.7728999
462.4713849
463.1720876
463.8743363
464.5774594
465.2807853
465.9836422
466.6853584
467.3852624
468.0826831
468.7769725
469.4681666
470.1570475
470.8444335
471.5311432
472.2179956
472.9058094
473.5954035
474.2875966
474.9832076
475.6830553
476.3879585
477.098736
477.8162066
478.5411883
479.2744705
480.0160002
480.7648023
481.5198583
482.2801491
483.0446551
483.8123569
484.5822352
485.3532706
486.1244437
486.8947351
487.6631254
488.4285952
489.1901252
489.9466962
490.6973318
491.4422226
492.1828382
492.9207109
493.6573734
494.3943586
495.1331992
495.875428
496.6225777
497.3761811
498.1377712
498.9088805
499.6910419
500.4857881
501.2946516
502.1190755
502.9580184
503.8077322
504.6643304
505.5239264
506.3826338
507.2365658
508.081836
508.9145579
509.730845
510.5268106
511.2985683
512.0422316
512.7539143
513.4297341
514.0659624
514.6634589
515.2280871
515.7659519
516.2831622
516.7858271
517.2800557
517.7719572
518.2676406
518.7732152
519.29479
519.8384744
520.4103774
521.0152545
521.6518787
522.3173615
523.0088159
523.7233552
524.4580923
525.2101402
525.976612
526.7546207
527.5412793
528.3337008
529.1289983
529.9242848
530.7166727
531.5032715
532.2818138
533.0526852
533.8170326
534.5759989
535.3307264
536.0823577
536.8320352
537.5809014
538.3300988
539.0807699
539.8340571
540.591103
541.3530499
542.1210407
542.8962203
543.6794219
544.4701651
545.26759
546.0708389
546.8790544
547.6913791
548.5069554
549.3249259
550.1444331
550.9646196
551.784628
552.6036009
553.4206806
554.2350099
555.0457305
555.8522511
556.6551458
557.4553145
558.2536568
559.0510722
559.8484604
560.6467209
561.4467531
562.2494567
563.0557312
563.8664761
564.682591
565.5049754
566.3345289
567.172151
568.0186066
568.8740658
569.7385333
570.6120139
571.4945127
572.3860345
573.2865842
574.1961667
575.1147869
576.0424498
576.9791602
577.924923
578.8797433
579.8436264
580.8165815
581.7979761
582.7844594
583.7718973
584.7561605
585.7331199
586.6986465
587.6486112
588.5788851
589.4853391
590.3638442
591.2102713
592.0204916
592.7903759
593.5157939
594.192601
594.8186316
595.4000803
595.9455473
596.4636221
596.9628921
597.4519447
597.9393674
598.4337474
598.9436723
599.4777294
600.0445056
600.6525829
601.3103452
602.0202608
602.7783492
603.5803175
604.421868
605.2987024
606.2065229
607.1410313
608.0979297
609.07292
610.0617042
611.0599842
612.063462
613.0678397
614.0688217
615.0621977
616.0462573
617.0220291
617.9906698
618.9533389
619.9111958
620.8654003
621.8171119
622.7674904
623.7176954
624.6688865
625.6222233
626.5788654
627.5399726
628.5067043
629.4801871
630.4606515
631.4473463
632.4394721
633.436229
634.4368171
635.4404366
636.4462877
637.4535705
638.4614853
639.469232
640.4760109
641.4810221
642.4834659
643.4825425
644.477466
645.467841
646.4536975
647.435087
648.4120611
649.3846713
650.3529694
651.3170069
652.2768354
653.2325064
654.1840717
655.1315827
656.0750912
657.0146487
657.9503076
658.8821453
659.8109877
660.7384776
661.666297
662.5961286
663.5296551
664.4685593
665.4145237
666.3692312
667.3343645
668.3116063
669.3026393
670.3091462
671.3328097
672.3753097
673.438219
674.5200018
675.615715
676.7202556
677.8285173
678.9353936
680.0357783
681.1245646
682.1966464
683.246917
684.27027
685.2615989
686.2157974
687.1277589
687.9923774
688.8047784
689.5663573
690.2853723
690.9704243
691.6301152
692.2730468
692.9078212
693.5430402
694.187306
694.8492203
695.5373854
696.2604044
697.026896
697.8434253
698.7078957
699.6157143
700.5623005
701.5430753
702.55346
703.5888759
704.6447442
705.7164863
706.7995232
707.8892765
708.9811672
710.0706167
711.1530462
712.223875
713.279475
714.3203932
715.3483407
716.3650278
717.3721649
718.3714619
719.3646291
720.3533767
721.3394147
722.3244534
723.310203
724.2983735
725.2906752
726.2888183
727.2945132
728.3091589
729.3327859
730.3650427
731.4055784
732.4540421
733.510083
734.5733502
735.6434927
736.7201597
737.8030003
738.8916637
739.985799
741.0850553
742.1890817
743.2975275
744.4100308
745.5261828
746.6455611
747.7677437
748.8923082
750.0188326
751.1468945
752.2760717
753.4059422
754.5360836
755.6660738
756.7954906
757.9239118
759.0509149
760.1760757
761.299257
762.4215378
763.5443462
764.6691091
765.7972528
766.9302038
768.0693885
769.2162334
770.372165
771.5386096
772.7169938
773.908744
775.1152866
776.3380481
777.5784561
778.8369248
780.1094049
781.3906073
782.6752431
783.9580236
785.23366
786.4968635
787.7423455
788.9648172
790.1589899
791.3195749
792.4412833
793.5188265
794.5469147
795.520256
796.4357449
797.2998338
798.1216576
798.9103439
799.6750203
800.4248143
801.1688534
801.9162654
802.6761778
803.4577182
804.2700143
805.1221929
806.0231571
806.9757294
807.976075
809.0200283
810.1034222
811.2220896
812.3718636
813.548577
814.7480626
815.9661533
817.1986821
818.4414819
819.6903855
820.941226
822.1898368
823.4321332
824.6663337
825.893165
827.1134815
828.3281378
829.5379885
830.7438883
831.9466918
833.1472536
834.3464284
835.5450707
836.7440352
837.9441766
839.1463494
840.3514076
841.5601861
842.7729407
843.989296
845.2088462
846.4311847
847.6559054
848.8826018
850.1108675
851.3402962
852.5704814
853.8010169
855.0314961
856.2615129
857.4906606
858.7185334
859.9447376
861.169239
862.3923974
863.6145909
864.8361983
866.0575982
867.2791694
868.5012904
869.72434
870.9486968
872.1747395
873.4028468
874.6333974
875.8667699
877.1033431
878.3434825
879.5872017
880.8341291
882.0838733
883.3360435
884.5902486
885.8460973
887.1031986
888.3611614
889.6195946
890.8781071
892.1363079
893.3938058
894.6502097
895.9051289
897.1581985
898.4097956
899.661105
900.913352
902.1677625
903.4255622
904.6879767
905.9562318
907.2315533
908.5151668
909.808298
911.1121727
912.4280166
913.7570552
915.1005116
916.459527
917.8327773
919.2162466
920.6057914
921.9972655
923.3865225
924.7694161
926.1418001
927.4995279
928.8384534
930.1544302
931.4433119
932.7009522
933.923205
935.1059279
936.2451727
937.342526
938.4056436
939.4424685
940.4609484
941.4690315
942.474666
943.4858002
944.5103822
945.5563603
946.6316829
947.7442999
948.9021742
950.1112786
951.3691884
952.6710527
954.0120351
955.3873008
956.7920149
958.2213426
959.6704491
961.1344996
962.6086592
964.0880932
965.5679666
967.0434448
968.5096921
969.9618662
971.3961866
972.8133784
974.2154583
975.6044378
976.9823276
978.3511381
979.7128801
981.0695639
982.4232003
983.7757997
985.1293727
986.4859299
987.8474818
989.2160391
990.5936127
991.9816994
993.3795288
994.7857008
996.1988156
997.6174736
999.0402749
1000.46582
1001.892709
1003.319541
1004.744918
1006.16744
1007.585707
1008.998318
1010.403875
1011.800977
1013.188638
1014.567686
1015.939459
1017.305292
1018.666522
1020.024483
1021.380513
1022.735946
1024.092118
1025.450365
1026.812023
1028.178428
1029.550916
1030.930821
1032.319483
1033.718043
1035.126821
1036.545902
1037.975371
1039.415311
1040.865808
1042.326948
1043.798814
1045.281492
1046.775067
1048.279625
1049.795248
1051.322024
1052.860037
1054.409376
1055.969412
1057.536443
1059.105893
1060.673188
1062.233754
1063.783017
1065.316405
1066.829345
1068.317261
1069.775583
1071.199735
1072.585145
1073.927239
1075.221444
1076.463186
1077.650056
1078.789218
1079.890489
1080.963685
1082.018622
1083.065118
1084.112988
1085.172048
1086.252116
1087.363007
1088.514538
1089.716519
1090.978518
1092.303095
1093.68513
1095.119143
1096.599643
1098.121143
1099.678152
1101.265182
1102.876744
1104.507348
1106.151506
1107.803729
1109.458526
1111.11041
1112.753892
1114.383602
1115.997439
1117.596875
1119.183562
1120.75915
1122.32529
1123.883635
1125.435836
1126.983544
1128.52841
1130.072087
1131.616226
1133.162477
1134.712494
1136.267925
1137.830389
1139.400512
1140.977844
1142.561881
1144.152118
1145.748051
1147.349174
1148.954983
1150.564974
1152.178641
1153.795481
1155.414988
1157.036657
1158.659985
1160.284466
1161.909602
1163.535041
1165.160596
1166.786088
1168.411336
1170.03616
1171.660382
1173.283822
1174.906299
1176.527634
1178.147647
1179.766159
1181.382991
1182.997961
1184.610892
1186.221625
1187.830638
1189.439098
1191.048209
1192.659174
1194.273195
1195.891475
1197.515217
1199.145624
1200.783898
1202.431244
1204.088863
1205.757959
1207.439735
1209.135393
1210.846028
1212.569815
1214.301735
1216.036608
1217.769252
1219.494489
1221.207137
1222.902016
1224.573946
1226.217747
1227.828239
1229.400241
1230.928572
1232.408053
1233.833508
1235.20001
1236.509895
1237.773397
1239.001149
1240.203787
1241.391946
1242.576261
1243.767367
1244.9759
1246.212494
1247.487786
1248.812409
1250.197003
1251.649735
1253.167885
1254.745714
1256.37748
1258.057443
1259.779862
1261.538998
1263.329109
1265.144456
1266.979298
1268.827895
1270.684506
1272.543392
1274.39881
1276.24502
1278.077307
1279.895441
1281.700455
1283.493377
1285.275234
1287.047054
1288.809865
1290.564696
1292.312574
1294.054527
1295.791584
1297.524771
1299.255118
1300.983652
1302.711402
1304.439306
1306.167921
1307.897695
1309.629075
1311.362509
1313.098444
1314.837329
1316.579612
1318.325739
1320.076159
1321.83132
1323.591669
1325.357655
1327.129725
1328.908328
1330.693739
1332.485492
1334.282908
1336.085312
1337.892026
1339.702372
1341.515674
1343.331255
1345.148438
1346.966546
1348.784901
1350.602827
1352.419647
1354.234684
1356.047261
1357.857039
1359.665182
1361.473266
1363.282869
1365.095569
1366.912944
1368.73657
1370.568027
1372.408891
1374.260739
1376.125151
1378.003702
1379.897972
1381.809538
1383.73998
1385.689778
1387.654623
1389.628859
1391.606833
1393.582892
1395.551382
1397.506652
1399.443048
1401.354917
1403.236607
1405.082466
1406.886839
1408.644074
1410.348517
1411.994493
1413.578828
1415.108837
1416.594877
1418.047288
1419.476405
1420.892565
1422.306104
1423.727359
1425.166664
1426.634358
1428.140775
1429.696249
1431.310872
1432.987829
1434.722787
1436.511031
1438.347848
1440.228521
1442.148334
1444.102574
1446.086524
1448.095469
1450.124695
1452.169484
1454.225124
1456.286897
1458.350092
1460.410064
1462.46425
1464.512355
1466.554196
1468.589589
1470.61835
1472.640298
1474.655248
1476.663019
1478.663427
1480.656289
1482.641422
1484.618644
1486.587771
1488.548621
1490.50103
1492.44538
1494.382649
1496.313844
1498.239971
1500.162038
1502.081051
1503.998018
1505.913946
1507.829841
1509.746712
1511.665565
1513.587407
1515.513245
1517.444087
1519.380921
1521.324256
1523.274073
1525.230326
1527.192971
1529.161962
1531.137255
1533.118804
1535.106563
1537.100489
1539.100534
1541.106656
1543.118807
1545.136944
1547.161021
1549.190998
1551.226993
1553.269297
1555.318207
1557.374023
1559.437042
1561.507563
1563.585884
1565.672304
1567.767122
1569.870635
1571.983142
1574.104943
1576.236333
1578.377612
1580.529009
1582.688821
1584.853228
1587.01831
1589.180144
1591.334809
1593.478381
1595.60694
1597.716562
1599.803325
1601.863308
1603.892587
1605.887242
1607.843349
1609.75699
1611.624443
1613.447555
1615.234281
1616.992866
1618.731559
1620.458609
1622.182266
1623.910779
1625.652399
1627.415375
1629.207956
1631.038394
1632.914954
1634.843912
1636.823157
1638.848158
1640.914395
1643.017352
1645.152512
1647.315358
1649.501372
1651.706038
1653.924839
1656.153259
1658.386779
1660.620884
1662.851055
1665.072769
1667.282479
1669.480786
1671.669478
1673.850341
1676.025157
1678.19571
1680.363784
1682.531162
1684.699627
1686.870963
1689.046955
1691.229384
1693.420034
1695.62069
1697.833135
1700.058626
1702.296102
1704.543856
1706.800182
1709.063372