186.7182204
187.2215158
187.7262133
188.2328151
188.7418234
189.2537403
189.7690677
190.2882949
190.8111427
191.3361495
191.861757
192.386406
192.9085374
193.4265919
193.9390105
194.4442338
194.9407028
195.4268583
195.9011411
196.361992
196.8078519
197.237163
197.6484157
198.0430377
198.4269776
198.8065542
199.1880892
199.5779043
199.9823213
200.4076619
200.8602479
201.3464012
201.8724433
202.4446963
203.0694817
203.7531212
204.5019334
205.3221247
206.2130559
207.1635529
208.1615781
209.1950878
210.252038
211.3203846
212.3880833
213.4430901
214.4733609
215.4668514
216.4115167
217.2953022
218.1079534
218.850654
219.5292635
220.1496482
220.7176729
221.2392022
221.720101
222.1662338
222.5834654
222.9776605
223.3546837
223.7203997
224.0806733
224.4413694
224.8083568
225.1868027
225.5774146
225.9790777
226.3906744
226.8110874
227.2391999
227.6738947
228.1140549
228.5585633
229.0063031
229.4561571
229.9070083
230.3577397
230.8072341
231.254373
231.6983098
232.1399275
232.5808161
233.0225664
233.4667692
233.9150151
234.3688949
234.8299993
235.2999189
235.7802444
236.2725665
236.778476
237.2995635
237.8374199
238.3936384
238.9693527
239.5627717
240.1709093
240.7907779
241.41939
242.0537583
242.6908954
243.327814
243.9615267
244.5890461
245.2073849
245.8135557
246.4045711
246.9774437
247.5291841
248.0571691
248.5611086
249.0416645
249.4995006
249.9352803
250.3496669
250.7433238
251.1169143
251.4711018
251.8065496
252.123921
252.4238795
252.7070884
252.9742108
253.2259065
253.4634711
253.6922489
253.9192373
254.1514363
254.3958452
254.6594636
254.9492909
255.2723266
255.63557
256.0460207
256.510678
257.0365415
257.6306106
258.2998856
259.0513769
259.8899741
260.8070417
261.7884249
262.8199598
263.8874843
264.9768363
266.0738536
267.1643743
268.2342362
269.2692772
270.2553355
271.1782521
272.023999
272.7864759
273.4717754
274.0869937
274.6392335
275.1355975
275.5831887
275.9891101
276.3604646
276.704355
277.0278845
277.3381559
277.642272
277.9473359
278.2604491
278.5886595
278.9357583
279.3005282
279.6813394
280.0765598
280.4845568
280.903698
281.3323509
281.7688833
282.2116625
282.6590562
283.1094318
283.5611571
284.0125995
284.462127
284.9081202
285.3497416
285.7873553
286.2214246
286.6524134
287.0807855
287.5070049
287.9315353
288.3548408
288.7773851
289.1996322
289.6220459
290.0450902
290.4692289
290.8949258
291.322642
291.7526694
292.18504
292.6197644
293.0568528
293.4963158
293.9381638
294.3824071
294.8290562
295.2781214
295.7296132
296.183542
296.6399182
297.0987522
297.5600541
298.0238225
298.489363
298.9549152
299.4186305
299.8786603
300.3331557
300.7802677
301.2181474
301.644946
302.0588147
302.4579044
302.8403663
303.2043516
303.5480114
303.8694979
304.167018
304.4420655
304.7011865
304.951345
305.199507
305.4526387
305.7177063
306.001676
306.311514
306.6541865
307.0366597
307.4658999
307.9488732
308.4925456
309.1038812
309.789726
310.5498495
311.3731444
312.2476037
313.1612158
314.1019688
315.0578507
316.0168498
316.9669539
317.8961513
318.7924299
319.6437774
320.4381745
321.165388
321.8266445
322.4278333
322.9748527
323.4736
323.9299722
324.3498666
324.7391802
325.1038101
325.4496535
325.7826075
326.1085693
326.4334359
326.7631047
327.103476
327.4596641
327.8317381
328.2177146
328.6156061
329.023426
329.4391872
329.8609031
330.2865866
330.7142511
331.1419097
331.5675755
331.9892617
332.4049815
332.8127479
333.2105729
333.5967935
333.9718362
334.3369771
334.6934939
335.0426641
335.3857653
335.7240749
336.0588705
336.3914295
336.7230297
337.0549483
337.3884631
337.7248514
338.0653909
338.4113597
338.7638653
339.1229182
339.4880826
339.8589222
340.2350005
340.6158812
341.0011278
341.3903039
341.7829733
342.1786994
342.5770459
342.9775764
343.3798545
343.7834439
344.1879085
344.592718
344.9967355
345.3985777
345.7968608
346.190201
346.5772146
346.9565177
347.3267266
347.6864575
348.0343267
348.3689504
348.6889449
348.9929262
349.2795105
349.5473116
349.7957111
350.0290408
350.2536423
350.4758616
350.702044
350.938535
351.1916801
351.4678247
351.7733142
352.1144941
352.4977099
352.929307
353.4156308
353.9630273
354.5778473
355.2646464
356.0163959
356.8213662
357.6678172
358.5440099
359.4382052
360.3386642
361.2336479
362.1114171
362.960233
363.7683565
364.5240501
365.2156865
365.8381863
366.3965249
366.8965152
367.3439732
367.7447148
368.1045561
368.4293133
368.7248024
368.9968396
369.2512408
369.4938222
369.7303999
369.9667899
370.2088079
370.4622289
370.7304265
371.0130871
371.3095898
371.6193125
371.9416332
372.2759297
372.6215801
372.9779621
373.3444538
373.720433
374.1052777
374.4983658
374.8990752
375.3067837
375.7208679
376.1406176
376.5651896
376.9937299
377.4253843
377.8592984
378.2946182
378.7304893
379.1660577
379.6004691
380.0328692
380.4624039
380.888219
381.3094603
381.7252736
382.1348127
382.5376981
382.9342667
383.3249152
383.7100405
384.0900395
384.4653091
384.8362462
385.2032478
385.5667106
385.9270317
386.2846079
386.6398361
386.9931133
387.3448363
387.6954004
388.0451058
388.3941066
388.7425448
389.0905623
389.438301
389.7859027
390.1335096
390.4812633
390.8293059
391.1777793
391.5268254
391.876586
392.2272032
392.5788187
392.931566
393.2850851
393.6382589
393.9899066
394.3388475
394.6839007
395.0238857
395.3576214
395.6839273
396.0016224
396.309526
396.6064573
396.8912356
397.16268
397.4196102
397.660889
397.8879299
398.10606
398.3209341
398.5382079
398.763537
399.002577
399.2609837
399.5444127
399.8585196
400.2089602
400.60139
401.0414649
401.5348403
402.0871712
402.7040063
403.3846508
404.1188322
404.8954744
405.7035
406.5318313
407.3693906
408.2051002
409.0278825
409.8266597
410.5903542
411.3078882
411.9681815
412.561814
413.0901659
413.5589842
413.9740265
414.3410498
414.6658114
414.9540685
415.2115782
415.4440977
415.6573842
415.8571949
416.049287
416.2394176
416.433344
416.6368242
416.8549252
417.0882127
417.3354336
417.5953301
417.8666446
418.1481196
418.4384973
418.7365204
419.040931
419.3504717
419.6638849
419.9799129
420.2972982
420.6147831
420.93111
421.2451711
421.5568379
421.8663769
422.1740558
422.4801424
422.7849042
423.0886089
423.3915242
423.6939177
423.9960571
424.29821
424.6006441
424.9036271
425.2074266
425.5123102
425.8185193
426.1261229
426.4351202
426.7455105
427.0572931
427.3704671
427.6850318
428.0009863
428.3183299
428.6370618
428.9571812
429.2786873
429.6015794
429.9258566
430.2515183
430.5784151
430.9054264
431.2310396
431.553741
431.8720171
432.1843544
432.4892391
432.7851576
433.0705965
433.3440421
433.6039808
433.848899
434.077283
434.2876194
434.478394
434.6488679
434.8033693
434.9482704
435.089949
435.2347828
435.3891493
435.5594263
435.7519913
435.9732221
436.2294962
436.5271913
436.8726851
437.2723551
437.7325792
438.2597355
438.8584206
439.5215707
440.2374202
440.9941909
441.7801046
442.5833834
443.392249
444.1949234
444.9796286
445.7345864
446.4480187
447.1081475
447.7033104
448.2285697
448.6892915
449.0917132
449.4420725
449.7466069
450.0115542
450.2431519
450.4476378
450.6312495
450.8002246
450.9608007
451.1192156
451.2817067
451.4545119
451.6438187
451.8529048
452.08059
452.3253168
452.5855278
452.8596654
453.1461721
453.4434903
453.7500627
454.0643315
454.3847395
454.7097289
455.0377424
455.3672224
455.6966113
456.0243613
456.3494758
456.6718035
456.9912647
457.3077797
457.6212686
457.9316516
458.2388491
458.5427812
458.8433682
459.1405302
459.4341876
459.7242605
460.0106691
460.2933338
460.5721809
460.8475021
461.1201475
461.3910151
461.6610025
461.9310075
462.2019278
462.4746613
462.7501057
463.0291587
463.3127181
463.6016816
463.896947
464.199412
464.5099745
464.8295108
465.1576515
465.49212
465.8304775
466.1702856
466.5091058
466.8444995
467.1740281
467.4952532
467.8057361
468.1030385
468.3847217
468.6483471
468.8914764
469.1116708
469.3065498
469.4771131
469.6295348
469.7704289
469.9064088
470.0440882
470.1900806
470.3509994
470.5334583
470.7440708
470.9894504
471.2762107
471.6109651
472.0003273
472.4509111
472.9692153
473.5550707
474.1981003
474.887059
475.6107027
476.3577871
477.1170683
477.877302
478.6272441
479.3556505
480.0512771
480.7028797
481.2992158
481.8307377
482.299061
482.7102902
483.0705424
483.3859354
483.6625868
483.906614
484.1241347
484.3212664
484.5041269
484.6788335
484.8515041
485.028256
485.215207
485.4184736
485.643265
485.8888097
486.151932
486.4294493
486.7181788
487.0149376
487.316543
487.6198121
487.9215621
488.2186103
488.5077737
488.7858696
489.0497151
489.2961276
489.5219247
489.7244584
489.9046033
490.0646495
490.2068913
490.3336231
490.4471393
490.5497343
490.6437025
490.7313383
490.8149361
490.8967902
490.9791952
491.0644453
491.154835
491.2526585
491.3599976
491.4775345
491.6053888
491.7436785
491.8925216
492.0520361
492.2223398
492.4035508
492.595787
492.7991664
493.0138068
493.2398263
493.4773429
493.7264743
493.9873384
494.2598092
494.5421546
494.8319966
495.1269558
495.4246523
495.7227066
496.0187388
496.3103694
496.5952185
496.8709066
497.1350539
497.3852807
497.6192073
497.8344542
498.0286428
498.200215
498.3530329
498.4931349
498.6265659
498.759371
498.8975954
499.0472841
499.2144824
499.4052353
499.6255879
499.8815855
500.1792731
500.5246958
500.9238987
501.3829243
501.9061881
502.4873514
503.1157579
503.7807386
504.4716239
505.1777443
505.8884301
506.5930118
507.2808197
507.9411844
508.5634361
509.1369047
509.6510257
510.1013497
510.4927797
510.8310181
511.1217659
511.3707238
511.5835927
511.7660732
511.9238661
512.0626723
512.1881925
512.3061275
512.422178
512.5420448
512.6714291
512.8159826
512.9785052
513.1574361
513.3508414
513.5567877
513.7733422
513.9985715
514.2305426
514.4673224
514.7069777
514.9475755
515.1871827
515.423866
515.6556925
515.8807288
516.0970601
516.3038382
516.5018449
516.6920022
516.8752311
517.0524532
517.2245897
517.392562
517.5572914
517.7196992
517.8807069
518.0412356
518.2022068
518.3645417
518.5291618
518.6969808
518.868474
519.0434457
519.2216432
519.4028135
519.5867039
519.7730617
519.9616339
520.1521679
520.3444108
520.5381098
520.7330123
520.9288653
521.1254161
521.322412
521.5195976
521.7165737
521.9127208
522.1074005
522.2999745
522.4898045
522.6762523
522.8586794
523.0364476
523.2089185
523.375454
523.5354155
523.688165
523.8330639
523.9694738
524.0967888
524.2162864
524.3321238
524.4487049
524.570433
524.7017113
524.846943
525.0105313
525.1968796
525.410391
525.6554688
525.9365162
526.2579364
526.6241328
527.0395093
527.5083809
528.0299419
528.595558
529.1959238
529.8217354
530.4636893
531.112482
531.7588097
532.393369
533.0068563
533.5899679
534.1334006
534.6278535
535.0654195
535.447426
535.7789034
536.0648936
536.310439
536.520582
536.7003648
536.85483
536.9890198
537.1079768
537.2167431
537.3203614
537.4238738
537.5323228
537.6507493
537.7835764
537.9311292
538.0920901
538.2651364
538.4489451
538.6421932
538.8435578
539.0517158
539.2653442
539.4831202
539.7037207
539.9258227
540.1481032
540.3692393
540.5879084
540.8029329
541.0140978
541.2215739
541.4255334
541.6261482
541.8235906
542.0180326
542.2096462
542.3986038
542.5850772
542.7692387
542.9512603
543.1313142
543.3095724
543.4862069
543.6613478
543.8348465
544.0064426
544.1758756
544.3428847
544.5072094
544.668589
544.8267629
544.9814703
545.1324508
545.2794435
545.4221879
545.5604234
545.6938892
545.822325
545.9455831
546.0642627
546.1792626
546.2914824
546.4018219
546.5111808
546.6204588
546.7305556
546.8423709
546.9568045
547.0747561
547.1971254
547.3248121
547.4587159
547.5997361
547.7485484
547.9043473
548.0657332
548.2313048
548.3996606
548.5693993
548.7391194
548.9074194
549.072898
549.2341537
549.389785
549.5383906
549.6785689
549.8089187
549.9280398
550.0350977
550.1330095
550.2261962
550.3190837
550.4160976
550.5216641
550.6402091
550.7761584
550.933938
551.1179738
551.3326917
551.5825178
551.8718779
552.2051977
552.5869005
553.0201622
553.4998893
554.0176727
554.5650932
555.1337311
555.7151667
556.3009803
556.882752
557.4520623
558.0004913
558.5196192
559.0010257
559.436372
559.8220256
560.161548
560.4591177
560.7189115
560.9451063
561.1418787
561.3134055
561.4638634
561.5974292
561.7182796
561.8305913
561.9385412
562.0463059
562.1580624
562.2779537
562.4081572
562.5478454
562.6959334
562.8513368
563.0129713
563.1797527
563.3505966
563.5244188
563.700135
563.8766609
564.0529122
564.2278047
564.400254
564.5691758
564.7334917
564.8924659
565.0458857
565.1935838
565.3353925
565.471144
565.6006707
565.723805
565.8403791
565.9502254
566.0531763
566.149064
566.2377208
566.3189792
566.3926714
566.4586391
566.5172761
566.5698199
566.6175802
566.6618666
566.7039887
566.745256
566.7869782
566.8304647
566.8770252
566.9279692
566.9846064
567.0482462
567.1201982
567.2017722
567.2942592
567.3978713
567.5111713
567.6325805
567.7605207
567.8934136
568.0296811
568.167745
568.3060269
568.4429487
568.5769321
568.7063989
568.8297709
568.9454699
569.0519173
569.1475716
569.2330222
569.3121166
569.3889816
569.4677432
569.5525273
569.6474598
569.7566666
569.8842738
570.0344073
570.211193
570.4187568
570.6612247
570.9427227
571.2673773
571.6392365
572.0578189
572.5157171
573.0049311
573.517462
574.045311
574.5804793
575.1149683
575.6407792
576.1499133
576.6343718
577.0861561
577.4972696
577.8608808
578.1778673
578.4522004
578.6878606
578.8888289
579.0590863
579.2026137
579.3233921
579.4254025
579.5126259
579.5890432
579.6586354
579.7253835
579.7932683
579.8662701
579.9479008
580.0385749
580.1374642
580.2437366
580.3565597
580.4751012
580.5985289
580.7260105
580.8567138
580.9898064
581.1244561
581.2598307
581.3950977
581.529425
581.6619804
581.7920081
581.9192566
582.0436769
582.1652206
582.2838394
582.399485
582.512109
582.621663
582.7280988
582.8313679
582.931422
583.0282128
583.1216919
583.211811
583.2985217
583.3818113
583.4619009
583.5391055
583.6137406
583.6861215
583.7565638
583.8253828
583.8928939
583.9594125
584.0252541
584.090734
584.1561677
584.2218705
584.2881579
584.3553452
584.4236666
584.4928221
584.5622967
584.631575
584.7001413
584.7674801
584.8330759
584.8964131
584.9569762
585.0142497
585.067718
585.1168655
585.1611768
585.2001363
585.233229
585.2603624
585.2842317
585.3086524
585.3374431
585.3744224
585.4234092
585.4882221
585.57268
585.6806015
585.8158053
585.9821103
586.1833351
586.4232986
586.7058192
587.0347146
587.4126397
587.8345855
588.2924626
588.7781726
589.2836169
589.8006971
590.3213144
590.8373704
591.3407664
591.8234039
592.2771843
592.6940087
593.0658538
593.3890715
593.6667101
593.9023879
594.0997227
594.2623319
594.3938334
594.4978447
594.5779835
594.6378674
594.681114
594.711341
594.732166
594.7472066
594.7600806
594.7743822
594.7923461
594.8141257
594.8396973
594.8690377
594.9021234
594.938931
594.9794371
595.0236184
595.0714513
595.1229126
595.1779789
595.2366266
595.2988325
595.3645732
595.4338256
595.5065888
595.582896
595.6627831
595.746286
595.8334407
595.924283
596.018849
596.1171745
596.2192956
596.3252481
596.4350679
596.5487911
596.6664536
596.7880913
596.9137352
597.0431272
597.1755668
597.3103157
597.4466359
597.5837892
597.7210374
597.8576425
597.9928662
598.1259705
598.2562172
598.3828681
598.5051851
598.6224301
598.7338649
598.8387553
598.936588
599.0271888
599.110412
599.1861121
599.2541436
599.3143607
599.3666179
599.4107696
599.4466701
599.4741741
599.4931357
599.5034094
599.5048496
599.4973107
599.4806739
599.456374
599.428226
599.4002464
599.3764519
599.3608588
599.3574838
599.3703434
599.4034541
599.4608324
599.546495
599.6644582
599.8187387
600.0133531
600.2523177
600.5395713
600.8745269
601.249664
601.6568753
602.0880533
602.5350909
602.9898806
603.4443152
603.8902872
604.3196892
604.7244141
605.0963544
605.4274024
605.7106429
605.9469687
606.1404201
606.2950458
606.4148946
606.5040154
606.5664567
606.6062674
606.6274963
606.634192
606.6304034
606.6201792
606.6075681
606.596619
606.5913807
606.5954243
606.6091939
606.6318726
606.6626402
606.7006765
606.7451611
606.795274
606.8501948
606.9091033
606.9711794
607.0356028
607.1015532
607.1682106
607.2347545
607.3003649
607.3643131
607.4264713
607.4869536
607.5458748
607.6033498
607.6594934
607.7144204
607.7682457
607.8210841
607.8730504
607.9242595
607.9748261
608.0248651
608.0744914
608.1238198
608.1729633
608.2220235
608.2710974
608.3202819
608.369674
608.4193705
608.4694685
608.5200649
608.5712566
608.6231405
608.6758136
608.7293728
608.7839151
608.8395374
608.8963367
608.9543454
609.0131738
609.0722621
609.1310501
609.1889772
609.2454833
609.300008
609.351991
609.4008719
609.4460904
609.4870863
609.5232991
609.5541686
609.5791344
609.5976357
609.6094483
609.6165391
609.6217606
609.6279675
609.6380144
609.654756
609.6810467
609.7197414
609.7736945
609.8457607
609.9387947
610.055651
610.1991842
610.3722492
610.5777018
610.8174932
611.0876885
611.3819729
611.6940258
612.0175266
612.3461549
612.6735904
612.9935126
613.299601
613.5855352
613.8449948
614.07166
614.2592761
614.4054381
614.5136465
614.5878969
614.6321859
614.6505103
614.6468668
614.6252522
614.5896631
614.5440963
614.4925486
614.4390166
614.3874971
614.3419868
614.3064822
614.2849452
614.2793105
614.288402
614.3107828
614.3450157
614.3896632
614.4432881
614.5044529
614.5717202
614.6436527
614.7188131
614.7957639
614.8730677
614.9492873
615.0229852
615.0927357
615.1577812
615.2183903
615.2749175
615.3277172
615.3771442
615.4235529
615.4672981
615.5087343
615.5482161
615.5860982
615.6227351
615.6584815
615.693692
615.7287211
615.7639188
615.7993609
615.8347026
615.8695638
615.9035644
615.9363244
615.9674637
615.9966021
616.0233595
616.0473559
616.068211
616.0855449
616.0989774
616.1081284
616.1126179
616.1120735
616.1065745
616.0968935
616.0838613
616.0683086
616.0510661
616.0329646
616.014835
615.9975079
615.9818142
615.9685846
615.95865
615.952841
615.9519885
615.9569232
615.9684631
615.9866925
616.0105679
616.0389522
616.0707077
616.1046969
616.1397821
616.1748258
616.2086904
616.2402383
616.2683318
616.2918334
616.3096055
616.3205105
616.3234111
616.3171974
616.3023701
616.2819046
616.2589818
616.2367837
616.2184922
616.2072891
616.2063565
616.2188762
616.2480301
616.2970002
616.3689684
616.4671166
616.5946266
616.7546796
616.9503957
617.1812773
617.4412702
617.7238579
618.0225221
618.3307445
618.6420067
618.9497904
619.2475772
619.5288486
619.7870864
620.015772
620.2083833
620.3594437
620.4702071
620.5446617
620.5868012
620.6006187
620.5901074
620.5592604
620.5120709
620.452532
620.3846369
620.3123786
620.2397504
620.1707453
620.1093567
620.0595796
620.0248769
620.0052885
619.9994633
620.0060471
620.0236863
620.051027
620.0867157
620.1293984
620.1777216
620.2303315
620.2858743
620.3429963
620.4003438
620.456563
620.5102996
620.5603692
620.606681
620.6495884
620.689446
620.726608
620.7614288
620.7942627
620.825464
620.8553871
620.8843863
620.912816
620.9410303
620.9693838
620.9982307
621.0279256
621.0587659
621.0906821
621.1234554
621.1568666
621.1906969
621.2247272
621.2587383
621.2925114
621.3258273
621.3584671
621.3902117
621.420842
621.4501391
621.4778839
621.5038575
621.5277921
621.5491034
621.567079
621.5810062
621.5901721
621.593864
621.5913692
621.5819749
621.5649684
621.5396369
621.5052676
621.4611479
621.4065649
621.3408058
621.2631558
621.1733541
621.0740468
620.9690641
620.8622382
620.757401
620.6583846
620.5690207
620.4931415
620.4345787
620.3971643
620.3847303
620.4011086
620.4501311
620.5356302
620.6614424
620.8303799
621.0386997
621.2799882
621.5478267
621.8357976
622.1374831
622.4464654
622.7563268
623.0606495
623.3530159
623.6270082
623.8762099
624.0942606
624.2781761
624.4301645
624.552862
624.648907
624.7209385
624.7715951
624.8035158
624.8193392
624.8217042
624.8132495
624.7966139
624.7744362
624.7493553
624.7240093
624.7010173
624.6818238
624.6660676
624.6532386
624.6428258
624.6343183
624.6272051
624.6209751
624.6151174
624.6091208
624.6024745
624.5946674
624.5851884
624.5735267
624.5591712
624.5416158
624.5206404
624.4964645
624.4693439
624.4395348
624.4072931
624.372875
624.3365366
624.2985338
624.2591228
624.2185597
624.1771004
624.1350011
624.0925179
624.0499068
624.007424
623.9653343
623.9239155
623.8834464
623.8442059
623.8064729
623.7705263
623.7366449
623.7051078
623.6761937
623.6501815
623.6273501
623.6079784
623.5923453
623.5807296
623.573404
623.570285
623.5707408
623.5740945
623.5796688
623.5867866
623.5947705
623.6029435
623.6106281
623.6171473
623.6218238
623.6239803
623.6229397
623.6180247
623.6085586
623.5938823
623.5744153
623.5522364
623.5295605
623.5086036
623.4915816
623.4807105
623.4782062
623.4862848
623.5071621
623.5430543
623.5961772
623.6687468
623.762979
623.8810887
624.0252467
624.1949588
624.3856292
624.5923258
624.8101139
625.0340591
625.2592265
625.4806816
625.6934896
625.8927158
626.0734257
626.2306841
626.3595518
626.4558764
626.520506
626.5563325
626.5662509
626.5531555
626.5199406
626.4695004
626.4047293
626.3285215
626.2437712
626.1533729
626.0602206
625.9672087
625.8772317
625.7931859
625.717604
625.650708
625.591775
625.5400809
625.4949018
625.4555141
625.4211937
625.391217
625.36486
625.341399
625.3201102
625.3002697
625.2811538
625.2620385
625.2421996
625.2209906
625.1982594
625.1740557
625.1484298
625.1214316
625.0931113
625.063519
625.0327047
625.0007186
624.9676106
624.9334309
624.8982295
624.8620566
624.8249621
624.7869958
624.7482581
624.709169
624.6702797
624.6321415
624.5953057
624.5603235
624.5277462
624.498125
624.4720112
624.4499561
624.432511
624.420227
624.4136555
624.4133478
624.4198565
624.4335161
624.4532774
624.4775252
624.5046436
624.5330166
624.5610285
624.5870635
624.6095058
624.6267395
624.6371489
624.6391182
624.6310316
624.6112732
624.578227
624.530274
624.4662964
624.3883516
624.2997967
624.2039906
624.1042917
624.0040583
623.9066489
623.8154219
623.7337356
623.6649483
623.6124186
623.5795047
623.5695651
623.5859585
623.6320488
623.7103603
623.8181008
623.9503018
624.1019916
624.2681994
624.4439544
624.624286
624.8042233
624.9787956
625.1430322
625.2919624
625.4206169
625.5240711
625.6001501
625.6509125
625.6787626
625.6861073
625.675354
625.6489099
625.6091821
625.5585779
625.4995045
625.4343691
625.3655791
625.2955416
625.2266637
625.1613522
625.1019929
625.0497099
625.0036838
624.9629365
624.9264889
624.8933616
624.8625752
624.8331505
624.8041079
624.7744683
624.7432522
624.7094804
624.6721733
624.6303518
624.5830368
624.5292604
624.4687309
624.4021984
624.3304979
624.2544651
624.1749357
624.0927455
624.0087302
623.9237255
623.8385672
623.754091
623.6711327
623.590528
623.5131127
623.4397221
623.3711812
623.3076744
623.2483995
623.1924737
623.1390138
623.0871364
623.0359582
622.9845956
622.9321655
622.8777843
622.8205687
622.7596354
622.694101
622.623082
622.5456956
622.4610705
622.369061
622.2706385
622.1668656
622.0588056
621.9475217
621.8340774
621.719536
621.6049608
621.4914152
621.3799626
621.2716662
621.1675895
621.0687957
620.9763478
620.891297
620.8139703
620.7435794
620.6792453
620.6200879
620.5652273
620.5137836
620.4648767
620.4176268
620.3711537
620.3245776
620.2770185
620.2275963
620.1754312
620.1196438
620.0593717
619.994805
619.9277543
619.8601623
619.7939729
619.73113
619.6735775
619.6232594
619.5821195
619.5521019
619.5351503
619.5332088
619.5482212
619.5821315
619.6368823
619.7143801
619.8142988
619.9328744
620.0660627
620.209817
620.3600905
620.5128363
620.6640078
620.8095579
620.94544
621.0676072
621.1720123
621.2546043
621.3119788
621.3448231
621.3555002
621.3463755
621.3198138
621.2781796
621.2238378
621.159153
621.0864898
621.0082129
620.9266871
620.8442769
620.763347
620.6862623
620.6153895
620.552794
620.4986359
620.4522946
620.4131486
620.3805768
620.3539578
620.3326706
620.316094
620.3036066
620.2945875
620.2884153
620.2844688
620.2821269
620.2807683
620.2797719
620.2785238
620.2764576
620.273026
620.2676818
620.259878
620.2490674
620.2347028
620.2162371
620.193123
620.1648135
620.1307614
620.0904194
620.0432406
619.9886776
619.9261821
619.8553685
619.7768787
619.691776
619.6011238
619.5059856
619.4074251
619.3065055
619.2042904
619.1018432
619.0002273
618.9005064
618.8037437
618.7110028
618.6233473
618.5418419
618.4673469
618.3994288
618.3371238
618.2794674
618.2254957
618.1742443
618.1247491
618.0760461
618.0271709
617.9771595
617.9250477
617.8698713
617.8106662
617.7464681
617.6763109
617.5995163
617.5172273
617.4313326
617.3437222
617.2562854
617.1709118
617.0894909
617.0139121
616.946065
616.887839
616.8411236
616.8078084
616.7897828
616.7889365
616.8071626
616.8458251
616.9029401
616.9751529
617.0591067
617.1514456
617.2488133
617.3478538
617.4452111
617.5375291
617.6214515
617.6936226
617.7506871
617.789322
617.8081698
617.8088985
617.7934238
617.763663
617.7215336
617.6689532
617.6078392
617.5401093
617.467681
617.3924719
617.3163993
617.241381
617.1693344
617.1021766
617.0418088
616.9891638
616.9436837
616.9046884
616.8714973
616.8434293
616.8198037
616.7999394
616.7831556
616.7687714
616.7561059
616.7444782
616.7332073
616.7216124
616.7090127
616.6947279
616.6781265
616.6586514
616.6357516
616.6088763
616.5774744
616.5409952
616.4988875
616.4506006
616.3955836
616.3332854
616.2631552
616.1846421
616.0971951
616.0002637
615.8933084
615.7764711
615.6509421
615.5179978
615.378915
615.2349705
615.0874414
614.9376046
614.786737
614.6361155
614.4870171
614.3407186
614.1984971
614.0616295
613.9313921
613.8090463
613.6949183
613.5878958
613.4867487
613.3902458
613.2971562
613.2062486
613.1162921
613.0260554
612.9343075
612.8398172
612.7413535
612.6376852
612.5275813
612.4098114
612.2831699
612.1479702
612.0068626
611.862689
611.7182927
611.5765172
611.4402059
611.3122023
611.1953496
611.0924914
611.0064711
610.940132
610.8963177
610.8778714
610.8876352
610.9284014
610.9999258
611.0972929
611.2152035
611.348356
611.4914485
611.6391792
611.786246
611.9273473
612.0571811
612.1704454
612.2618381
612.3260527
612.3586353
612.3605626
612.3350286
612.2852308
612.2143661
612.1256313
612.0222233
611.9073389
611.7841748
611.655928
611.5257951
611.3969731
611.2726587
611.156049
611.0503436
610.958208
610.878902
610.8102958
610.7502573
610.6966545
610.6473559
610.6002295
610.5531438
610.503967
610.4505673
610.3908129
610.3225723
610.2437135
610.1521048
610.0456122
609.9225119
609.7836961
609.6311241
609.4667569
609.2925553
609.1104801
608.9224921
608.730552
608.5366206
608.3426586
608.1506268
607.962486
607.780197
607.6057205
607.4410182
607.287863
607.1468207
607.017965
606.901369
606.7971058
606.7052483
606.6258698
606.5590433
606.504842
606.4633389
606.4346071
606.4187197
606.4157499
606.4257707
606.4488564
606.4848552
606.5321707
606.5886177
606.6520099
606.7201612
606.7908856
606.8619969
606.9313092
606.9966363
607.0557921
607.1065907
607.1468459
607.1743716
607.1869816
607.1824876
607.159203
607.1186534
607.0636729
606.997098
606.9217646
606.840509
606.7561671
606.671575
606.5895687
606.5129844
606.4446581
606.3874259
606.3441238
606.3175881
606.3106576
606.3255173
606.3601589
606.4108678
606.4739259
606.5456159
606.62222
606.7000209
606.775301
606.8443428
606.9034287
606.9488414
606.9768639
606.9838137
606.9680672
606.9311654
606.874911
606.8011083
606.7115613
606.6080744
606.4924516
606.3664974
606.2320157
606.090811
605.9446873
605.7954489
605.6449
605.4948445
605.3470727
605.2025498
605.0609734
604.9219361
604.7850298
604.6498467
604.5159788
604.383018
604.2505565
604.1181862
603.9854992
603.8520875
603.7175431
603.581458
603.4434244
603.303041
603.1602929
603.0157598
602.8700704
602.7238537
602.5777388
602.4323547
602.2883305
602.1462951
602.0068775
601.8707069
601.7384123
601.6106226
601.487967
601.3710742
601.2605656
601.1566015
601.0586347
600.966059
600.8782682
600.7946559
600.7146158
600.6375414
600.5628265
600.4898647
600.4180497
600.346775
600.2754344
600.2034216
600.1301301
600.0549592
599.9776236
599.8983232
599.8172982
599.7347891
599.6510361
599.5662797
599.4807604
599.3947184
599.3083942
599.2220281
599.1358607
599.0501322
598.965083
598.8809536
598.7979867
598.7165586
598.6372514
598.5606638
598.4873951
598.4180441
598.35321
598.2934918
598.2394885
598.1917991
598.1510228
598.1177585
598.0926053
598.0761621
598.069028
598.0717843
598.0839861
598.1036127
598.1285121
598.1565314
598.1855183
598.21332
598.2377839
598.2567574
598.2680879
598.2696227
598.2592092
598.2346939
598.1943009
598.1387003
598.0695531
597.9885226
597.8972718
597.797464
597.6907622
597.5788295
597.4633291
597.3459241
597.2282776
597.1120528
596.9989127
596.8905205
596.78854
596.6943611
596.6075998
596.5271535
596.4519179
596.3807888
596.3126622
596.2464338
596.1809996
596.1152553
596.0480967
595.9784199
595.9051205
595.8270944
595.7432375
595.6524452
595.5538332
595.4479479
595.3359142
595.2188589
595.0979083
594.9741889
594.8488271
594.7229494
594.5976823
594.4741523
594.3534857
594.2368091
594.1252489
594.0199315
593.9219838
593.8323303
593.7505803
593.6758112
593.6070992
593.5435203
593.4841509
593.4280671
593.374345
593.3220609
593.2702909
593.2181112
593.1645981
593.1088276
593.049876
592.9868193
592.9188768
592.8462014
592.7693234
592.6887739
592.605084
592.5187849
592.4304077
592.3404835
592.2495434
592.1581186
592.0667401
591.9759392
591.8862469
591.7981944
591.7123129
591.6290211
591.5480035
591.4686485
591.3903433
591.3124755
591.2344323
591.1556013
591.0753698
590.9931254
590.9082553
590.8201471
590.7281882
590.6317659
590.5302678
590.423081
590.3097977
590.1913474
590.0691997
589.9448254
589.8196953
589.6952804
589.5730515
589.4544794
589.3410349
589.234189
589.1354124
589.0461761
588.9679508
588.9022075
588.8504172
588.813706
588.7909454
588.7800972
588.7791208
588.7859758
588.7986216
588.8150177
588.8331235
588.8508987
588.8663025
588.8772944
588.8818341
588.8778961
588.8643371
588.8413657
588.8093044
588.7684761
588.7192033
588.6618089
588.5966155
588.5239459
588.4441227
588.3574688
588.2643068
588.1649594
588.0597493
587.9489994
587.8330346
587.7123187
587.587528
587.4593566
587.3284987
587.1956485
587.0615001
586.9267478
586.7920858
586.6582082
586.5258091
586.3955828
586.2682235
586.1444253
586.0248825
585.9102843
585.8010408
585.6971337
585.5985087
585.5051114
585.4168873
585.333782
585.2557413
585.1827105
585.1146354
585.0514615
584.9931345
584.9395999
584.8908034
584.8466904
584.8072024
584.7720313
584.7404874
584.7118484
584.6853921
584.6603964
584.6361391
584.611898
584.5869509
584.5605756
584.5320499
584.5006517
584.4656588
584.426349
584.3820001
584.3318996
584.2759018
584.2147283
584.1491744
584.0800354
584.0081068
583.9341837
583.8590616
583.7835356
583.7084011
583.6344535
583.5624879
583.4932998
583.4276845
583.3664372
583.3103439
583.2596464
583.2137536
583.1720033
583.1337336
583.0982825
583.0649879
583.0331881
583.0022209
582.9714244
582.9401366
582.9076955
582.8734392
582.8367057
582.796833
582.7531628
582.7052524
582.6529888
582.5962872
582.5350627
582.4692305
582.3987056
582.3234031
582.2432381
582.1581259
582.0679814
581.9727199
581.8722564
581.7665739
581.6561006
581.5414442
581.4232127
581.3020142
581.1784566
581.0531482
580.9266969
580.7997108
580.672798
580.5465666
580.4216246
580.2985801
580.1780411
580.0606155
579.9467795
579.8361395
579.7279523
579.621474
579.5159604
579.4106675
579.3048511
579.1977672
579.0886716
578.9768204
578.8614693
578.7418743
578.6172914
578.4869764
578.3501855
578.2063676
578.0562439
577.9010468
577.74201
577.5803674
577.4173528
577.2542001
577.0921432
576.932416
576.7762522
576.6248857
576.4795504
576.3414801
576.2119088
576.0920698
575.983017
575.8846146
575.7962494
575.7173068
575.6471722
575.5852309
575.5308682
575.4834695
575.4424201
575.4071055
575.3769108
575.3512216
575.329423
575.3109005
575.2950393
575.2811512
575.2680624
575.2544044
575.2388079
575.2199038
575.1963228
575.1666958
575.1296535
575.0838266
575.0278461
574.9603426
574.8799471
574.7852901
574.6750027
574.5477165
574.4025222
574.2415501
574.0681499
573.8856749
573.6974788
573.5069149
573.3173369
573.1320983
572.9545527
572.7880535
572.6359543
572.5016086
572.38837
572.2995919
572.2386265
572.2081094
572.2059316
572.2280806
572.2705383
572.3292863
572.4003063
572.4795797
572.5630883
572.6468135
572.7267369
572.7988402
572.8591047
572.9035426
572.9299456
572.9388261
572.9309297
572.9070012
572.8677857
572.8140279
572.7464728
572.6658653
572.5729503
572.4684727
572.3531773
572.2278091
572.093113
571.9498338
571.7987229
571.6409074
571.4780887
571.3120174
571.1444443
570.9771197
570.8117944
570.6502188
570.4941435
570.3453191
570.2054961
570.0764251
569.9598566
569.8575413
569.7712298
569.7026446
569.6518712
569.6164926
569.5938776
569.5813951
569.5764144
569.5763046
569.5784349
569.5801745
569.5788925
569.5719581
569.5567405
569.5306089
569.4909325
569.4350801
569.3604495
569.2661056
569.1536607
569.0249458
568.8817914
568.726028
568.5594859
568.3839954
568.2013871
568.0134912
567.8221383
567.6291586
567.4363825
567.2456406
567.0587632
566.877569
566.7031868
566.5356915
566.3750675
566.2212994
566.0743719
565.9342698
565.8009777
565.6744802
565.5547621
565.441808
565.3356026
565.2361306
565.1433767
565.0573256
564.9779573
564.9049832
564.8377039
564.7753846
564.7172909
564.6626882
564.610842
564.5610175
564.5124804
564.4644961
564.41633
564.3672475
564.3165141
564.2633953
564.2071563
564.1470722
564.0829686
564.0155129
563.945445
563.8735043
563.8004304
563.7269627
563.6538409
563.5818043
563.5115926
563.4439451
563.3796015
563.3193009
563.2636414
563.2122854
563.1645202
563.1196318
563.0769063
563.0356298
562.9950882
562.9545676
562.9133541
562.8707337
562.8259925
562.7784164
562.7272915
562.671904
562.61154
562.545586
562.4740937
562.3973809
562.3157665
562.2295694
562.1391086
562.0447029
561.9466711
561.8453323
561.7410053
561.634009
561.5246622
561.4132839
561.300193
561.1857083
561.070149
560.9538347
560.8370855
560.7202216
560.6035631
560.48743
560.3721424
560.2580205
560.1453844
560.034554
559.9258496
559.8195913
559.7160991
559.615693
559.5186932
559.425343
559.3353793
559.248336
559.1637461
559.0811428
559.0000592
558.9200284
558.8405835
558.7612577
558.6815839
558.6010954
558.5193253
558.4358067
558.3500726
558.2616565
558.170205
558.0761155
557.9800864
557.8828171
557.785007
557.6873556
557.5905622
557.4953262
557.4023472
557.3123245
557.2259575
557.1439456
557.0669883
556.9957849
556.9310346
556.8732439
556.8216454
556.7749606
556.7319094
556.6912117
556.6515873
556.6117561
556.570438
556.5263528
556.4782204
556.4247606
556.3646934
556.2967385
556.2196158
556.1320457
556.0330454
555.9235943
555.8054598
555.6804113
555.5502188
555.4166517
555.2814799
555.146473
555.0134007
554.8840328
554.7601389
554.6434889
554.5358363
554.4380013
554.3493761
554.2692309
554.196836
554.1314618
554.0723789
554.0188575
553.9701681
553.9255812
553.8843672
553.8457965
553.8091394
553.7736666
553.7386482
553.7033575
553.6672228
553.62991
553.5911053
553.5504949
553.5077648
553.4626014
553.4146906
553.3637187
553.3093719
553.2513361
553.1892977
553.1229428
553.0519575
552.9760279
552.894846
552.8084376
552.7173398
552.6221333
552.5233986
552.4217162
552.3176668
552.2118307
552.1047887
551.9971213
551.889409
551.7822324
551.676172
551.5718084
551.4697221
551.370489
551.2744064
551.1813458
551.0911425
551.0036315
550.9186482
550.8360277
550.7556053
550.6772163
550.6006958
550.525879
550.4526012
550.3806977
550.3100036
550.2403542
550.171584
550.1034911
550.0358176
549.9683006
549.9006774
549.8326853
549.7640616
549.6945434
549.6238681
549.5517729
549.4779951
549.4022719
549.3243406
549.2439385
549.1608028
549.0746766
548.9856378
548.8942773
548.8012298
548.7071296
548.6126112
548.5183091
548.4248577
548.3328915
548.243045
548.1559527
548.0722489
547.9925683
547.9175451
547.847814
547.7839999
547.7261765
547.6735732
547.6253478
547.5806583
547.5386623
547.4985178
547.4593827
547.4204147
547.3807717
547.3396116
547.2960921
547.2493713
547.1986068
547.1429565
547.0815879
547.0142272
546.9414565
546.8639302
546.782303
546.6972294
546.6093639
546.5193611
546.4278755
546.3355616
546.2430741
546.1510675
546.0601962
545.9710241
545.8835199
545.7974122
545.7124293
545.6282993
545.5447505
545.4615109
545.3783087
545.2948722
545.2109293
545.1262084
545.0404377
544.9533451
544.864659
544.7741073
544.6815183
544.587373
544.4924162
544.3973933
544.3030499
544.2101312
544.1193828
544.03155
543.9473784
543.8676132
543.793
543.7242842
543.6622112
543.6075264
543.5609754
543.5231437
543.493572
543.4713792
543.455683
543.4456013
543.4402518
543.4387524
543.440221
543.4437752
543.448533
543.4536121
543.4581304
543.4612057
543.4619557
543.4594983
543.45303
543.442262
543.4271132
543.4075032
543.3833513
543.3545771
543.3211
543.2828395
543.239715
543.191646
543.1385521
543.0803525
543.0169669
542.9483146
542.8743151
542.7949874
542.7110007
542.6232868
542.5327784
542.4404078
542.3471076
542.2538102
542.1614482
542.0709539
541.98326
541.8992989
541.820003
541.746305
541.6791372
541.6194325
541.5679173
541.5239754
541.4864477
541.4541738
541.4259933
541.400746
541.3772713
541.3544091
541.3309989
541.3058805
541.2778933
541.2458771
541.2086716
541.1651163
541.1140505
541.0545475
540.9872006
540.9132181
540.8338101
540.7501861
540.6635562
540.57513
540.4861174
540.3977282
540.3111721
540.227659
540.1483985
540.0745893
540.0067747
539.9444926
539.8871968
539.8343408
539.785378
539.7397621
539.6969465
539.6563848
539.6175305
539.5798371
539.5427581
539.505747
539.4682574
539.4297428
539.389661
539.3477199
539.3040108
539.2586573
539.211783
539.1635115
539.1139665
539.0632716
539.0115505
538.9589266
538.9055238
538.8514655
538.7968755
538.7418774
538.6865947
538.6311511
538.5756667
538.5202563
538.4650345
538.4101155
538.355614
538.3016442
538.2483206
538.1957576
538.1440697
538.0933713
538.0437768
537.9954007
537.9483574
537.9027612
537.8587255
537.8162944
537.7754059
537.7359891
537.6979732
537.6612873
537.6258606
537.5916221
537.558501
537.5264265
537.4953276
537.4651335
537.4357733
537.4071762
537.3792713
537.3519878
537.3252575
537.2990166
537.2732014
537.2477484
537.2225941
537.1976748
537.1729269
537.148287
537.1236914
537.0990765
537.0743789
537.0495348
537.0244808
536.9991531
536.9734847
536.9471932
536.9196664
536.8902645
536.8583476
536.8232759
536.7844094
536.7411082
536.6927325
536.6386424
536.5781979
536.5107593
536.4356865
536.3523398
536.2600795
536.1582814
536.0472409
535.9286668
535.8043848
535.6762214
535.5460031
535.4155562
535.2867072
535.1612824
535.0411084
534.9280116
534.8238185
534.7303568
534.6491352
534.5796164
534.5204301
534.4702045
534.4275679
534.391149
534.359576
534.3314773
534.3054815
534.280217
534.2543121
534.2263953
534.195095
534.1590396
534.1168564
534.0674014
534.0109925
533.9485436
533.8809695
533.8091848
533.7341043
533.6566425
533.5777141
533.4982338
533.4191163
533.3412762
533.2656281
533.1930868
533.1245669
533.0609837
533.0031303
532.9510192
532.9043444
532.8627996
532.8260785
532.7938749
532.7658825
532.7417949
532.721306
532.7041093
532.6898987
532.6783679
532.6692106
532.6621204
532.6567912
532.6529242
532.6502698
532.6485983
532.6476802
532.6472858
532.6471855
532.6471497
532.6469487
532.646353
532.6451328
532.6430586
532.6399008
532.6354297
532.6294157
532.6216288
532.6118968
532.6004147
532.5875275
532.5735803
532.5589182
532.5438866
532.5288304
532.5140948
532.5000251
532.4869663
532.4752636
532.4652622
532.4573071
532.4517437
532.4489177
532.4490532
532.4515992
532.4556882
532.4604521
532.4650231
532.4685332
532.4701145
532.4688991
532.4640191
532.4546065
532.4397935
532.4187121
532.3904944
532.3542724
532.3091766
532.2545961
532.1915627
532.1217795
532.0469506
531.96878
531.8889716
531.8092293
531.731257
531.6567587
531.5874382
531.5249994
531.4711459
531.4275633
531.3948653
531.3720156
531.3578424
531.3511731
531.350835
531.3556553
531.3644615
531.3760808
531.3893405
531.4030678
531.4160902
531.4272348
531.4353291
531.4392006
531.4376896
531.4304058
531.4181425
531.4017905
531.3822408
531.3603848
531.3371138
531.3133191
531.2898919
531.2677235
531.2477052
531.2307284
531.2176842
531.209464
531.2069587
531.2110498
531.2220318
531.2392955
531.2621581
531.2899361
531.3219459
531.357504
531.3959269
531.436531
531.4786328
531.5215488
531.5645954
531.6070891
531.6483463
531.6876839
531.7244261
531.7583666
531.7900217
531.8199666
531.8487772
531.8770291
531.9052982
531.9341602
531.9641909
531.9959661
532.0300616
532.0670532
532.1075166
532.1520275
532.2011616
532.2554834
532.3149007
532.3783098
532.4445243
532.5123571
532.5806212
532.6481294
532.7136947
532.7761301
532.8342483
532.8868623
532.9327851
532.9708296
532.9998086
533.0185357
533.0258389
533.0214563
533.0065264
532.9823022
532.9500377
532.9109868
532.8664034
532.8175416
532.7656552
532.7119984
532.657825
532.604389
532.5529444
532.5047451
532.4610447
532.4230848
532.3913662
532.3652499
532.3440033
532.3268935
532.3131873
532.3021515
532.2930531
532.2851587
532.2777355
532.2700501
532.2613694
532.2509603
532.2380897
532.2220248
532.2020422
532.1780105
532.1507089
532.120991
532.0897111
532.0577233
532.0258821
531.9950416
531.9660561
531.9397799
531.9170672
531.8987725
531.8857509
531.8787146
531.8774705
531.8814551
531.890104
531.9028533
531.9191389
531.9383967
531.9600626
531.9835728
532.008363
532.0338692
532.0595274
532.0847736
532.1090436
532.131773
532.1524642
532.1710434
532.18761
532.202264
532.215105
532.2262328
532.2357472
532.243748
532.2503347
532.2556073
532.2596654
532.2626089
532.2645373
532.2655506
532.2657481
532.2652646
532.2644573
532.2637742
532.2636639
532.2645747
532.2669549
532.2712529
532.2779169
532.2873953
532.3001365
532.3165888
532.3372005
532.3624201
532.3926957
532.4284767
532.4700959
532.5171515
532.5689406
532.62476
532.6839064
532.7456768
532.8093681
532.8742771
532.9397007
533.0049357
533.069279
533.1320275
533.192478
533.2499274
533.3036714
533.3531568
533.398784
533.4413442
533.481629
533.5204299
533.5585385
533.5967463
533.6358448
533.6766254
533.7198798
533.7663994
533.8169758
533.8724004
533.9334649
534.0009624
534.0754454
534.1559433
534.2408622
534.328607
534.4175831
534.5061957
534.5928502
534.6759519
534.7539061
534.8251181
534.8879933
534.9409368
534.9823541
535.0106502
535.0242275
535.0219282
535.0053771
534.9773388
534.9405791
534.8978638
534.8519582
534.8056281
534.7616389
534.7227561
534.6917454
534.6713721
534.6644011
534.6735696
534.6999432
534.7420127
534.7980588
534.8663606
534.9451969
535.0328468
535.1275891
535.2277027
535.3314666
535.4371596
535.5430606
535.6474486
535.7486025
535.8448017
535.9343375
536.0162477
536.090719
536.158032
536.2184681
536.2723086
536.3198348
536.3613281
536.39707
536.4273417
536.4524247
536.4726003
536.4881499
536.4993549
536.5064968
536.5098616
536.5100083
536.5079163
536.5045996
536.5010723
536.4983484
536.4974421
536.4993675
536.5051388
536.51577
536.5322754
536.5556689
536.5869649
536.6271773
536.6773198
536.7383925
536.8105545
536.8926704
536.9834992
537.081799
537.1863276
537.2958433
537.4091038
537.5248673
537.6418917
537.7589351
537.8747554
537.9881107
538.097759
538.2024586
538.3009817
538.3929319
538.4791928
538.5607529
538.6386016
538.7137281
538.7871217
538.8597717
538.9326675
539.0067985
539.0831538
539.1627229
539.246495
539.3354594
539.4306051
539.5329071
539.6424898
539.7581693
539.878654
540.0026517
540.1288703
540.2560175
540.382801
540.5079287
540.6301082
540.7480473
540.8604539
540.9660356
541.0635003
541.1515561
541.2289274
541.2953186
541.3519421
541.4001344
541.4412325
541.4765735
541.5074948
541.5353335
541.5614267
541.5871116
541.6137256
541.6426058
541.6750905
541.7123063
541.7540301
541.7994878
541.8479046
541.8985056
541.950516
542.0031612
542.0556665
542.1072569
542.1571579
542.2045946
542.2487923
542.2889762
542.3243715
542.3542021
542.3779716
542.3969705
542.4132176
542.4287332
542.4455374
542.4656503
542.4910917
542.5238818
542.5660406
542.6195881
542.6865443
542.7689293
542.8687631
542.9880659
543.1288604
543.2926261
543.4773722
543.6796933
543.8961815
544.1234289
544.3580283
544.5965718
544.8356521
545.0718615
545.3017925
545.5220376
545.7291891
545.9198395
546.090581
546.2380032
546.359307
546.4556031
546.5295953
546.5839903
546.6214944
546.6448139
546.656655
546.659724
546.656727
546.6503705
546.6433605
546.6384034
546.6382055
546.645473
546.6629138
546.6928889
546.7355383
546.7900976
546.8558008
546.9318819
547.0175753
547.112115
547.2147351
547.32467
547.4411537
547.5634205
547.6907045
547.8222398
547.9572608
548.0950017
548.2346412
548.3749997
548.5147519
548.6525722
548.7871352
548.9171153
549.0411869
549.1580246
549.2663028
549.3646961
549.4518787
549.5265253
549.5873103
549.6329081
549.6619914
549.6736976
549.6701513
549.6546915
549.6306597
549.6013969
549.5702443
549.540543
549.5156341
549.4988588
549.4935582
549.5030733
549.5307449
549.579878
549.6516684
549.7440715
549.8547733
549.981459
550.1218134
550.2735215
550.4342683
550.6017388
550.7736178
550.9475904
551.1213414
551.2925558
551.4589187
551.6181152
551.7678522
551.9071186
552.0368725
552.1582357
552.2723308
552.3802803
552.4832068
552.5822328
552.6784809
552.7730736
552.8671334
552.961783
553.0581449
553.1573417
553.2604957
553.3687222
553.4827058
553.60247
553.727983
553.859213
553.9961282
554.1386966
554.2868863
554.4406656
554.6000025
554.7648652
554.9352217
555.1110402
555.2922889
555.4789358
555.6709431
555.8679253
556.0689634
556.2730938
556.4793528
556.6867766
556.8944015
557.1012637
557.3063996
557.5088453
557.7076371
557.9018113
558.0904041
558.2724519
558.4469909
558.6130708
558.7705247
558.9203876
559.0637953
559.2018837
559.3357886
559.4666462
559.5955923
559.723763
559.8522941
559.9823217
560.1149817
560.25141
560.3927427
560.5401155
560.694642
560.8561283
561.0223746
561.1910131
561.3596754
561.5259933
561.6875985
561.8421226
561.9871974
562.1204546
562.2395259
562.3420429
562.4256375
562.4879413
562.5265863
562.5392504
562.5263044
562.4922496
562.441934
562.3802065
562.3119157
562.2419105
562.1750396
562.1161517
562.0700957
562.0417203
562.0358743
562.0574074
562.1104203
562.1941323
562.3057909
562.4426387
562.6019182
562.7808721
562.976743
563.1867736
563.4082066
563.6382845
563.87425
564.1133457
564.3528143
564.5898984
564.8218404
565.0462457
565.2630909
565.4733094
565.6778375
565.8776111
566.0735662
566.2666388
566.4577649
566.6478806
566.8379218
567.0288246
567.221525
567.4169589
567.6160624
567.8197716
568.0288524
568.2429579
568.4612923
568.6830586
568.9074598
569.1336988
569.3609787
569.5885025
569.8154733
570.041094
570.2645677
570.4850973
570.7018859
570.9141365
571.1210521
571.3219801
571.5172144
571.7074303
571.8933041
572.0755121
572.2547307
572.4316362
572.606905
572.7812132
572.9552374
573.1296537
573.3051386
573.4823683
573.6620193
573.8447677
574.0311778
574.221078
574.4140002
574.6094757
574.8070357
575.0062114
575.2065339
575.4075346
575.6087445
575.809695
576.0099171
576.2089422
576.4063013
576.6015258
576.7941469
576.9838445
577.1712752
577.3574887
577.5435359
577.7304677
577.9193349
578.1111883
578.3070788
578.5080573
578.7151746
578.9294816
579.1520291
579.383868
579.6260492
579.8796231
580.1452349
580.4208607
580.7034033
580.9897624
581.2768375
581.5615284
581.8407346
582.1113557
582.3702914
582.6144413
582.8407051
583.0459822
583.2271725
583.3811755
583.5048917
583.5960455
583.6577924
583.6954708
583.7144255
583.7200013
583.7175431
583.712396
583.7099047
583.7154143
583.7342697
583.7718158
583.8333978
583.9243078
584.0467783
584.1983595
584.3762021
584.5774579
584.7992784
585.0388151
585.2932195
585.5596434
585.8352383
586.1171557
586.4025472
586.6885645
586.972359
587.2510822
587.52191
587.783422
588.0363463
588.281594
588.5200761
588.7527035
588.9803872
589.204038
589.4245669
589.6428848
589.8599026
590.0765312
590.2936816
590.5122647
590.7331914
590.9573671
591.1853738
591.417299
591.653188
591.8930861
592.1370386
592.3850909
592.6372882
592.8936759
593.1542994
593.419204
593.688435
593.9620377
594.2400575
594.5225397
594.809525
595.1007859
595.3956844
595.6935475
595.9937022
596.2954755
596.5981944
596.9011861
597.2037776
597.5052958
597.8050678
598.1024207
598.3966816
598.6871773
598.973235
599.2541912
599.5299364
599.801208
600.0688161
600.3335705
600.5962811
600.8577576
601.1188099
601.3802478
601.6428811
601.9075197
602.1749733
602.4460519
602.7215651
603.0023231
603.2891165
603.5816254
603.877832
604.1755728
604.4726849
604.7670051
605.0563707
605.3386185
605.6115855
605.8731089
606.1210255
606.3531725
606.5673867
606.7615053
606.9333648
607.0808458
607.2043598
607.3081873
607.3969403
607.4752303
607.5476685
607.6188661
607.6934345
607.7759847
607.8711282
607.9834761
608.1176396
608.2782285
608.4691485
608.6896394
608.9370697
609.2088026
609.5022005
609.8146261
610.1434423
610.4860115
610.8396964
611.2018598
611.5698643
611.9410725
612.3128471
612.6825509
613.0475471
613.4055267
613.7563517
614.1007549
614.4394714
614.7732367
615.1027862
615.4288554
615.7521796
616.0734943
616.393535
616.7130371
617.032736
617.3533671
617.6756658
618.0003674
618.3280792
618.6585618
618.9912362
619.3255226
619.6608409
619.9966111
620.332253
620.6671868
621.0008324
621.3326098
621.6619388
621.9882396
622.3109321
622.6294362
622.9431722
623.2516536
623.5550125
623.8536293
624.1478849
624.4381603
624.7248367
625.0082952
625.2889167
625.5670823
625.8431731
626.1175702
626.3906546
626.6628075
626.9344097
627.2058425
627.477515
627.7500225
628.0240346
628.3002214
628.5792528
628.8617987
629.1485293
629.4401144
629.737224
630.0405282
630.3506969
630.6684001
630.9943078
631.3290898
631.6734157
632.0276255
632.3898786
632.7574601
633.1276521
633.4977369
633.8649965
634.2267131
634.5801687
634.9226456
635.2514259
635.5637916
635.8570249
636.128408
636.3752231
636.5947537
636.7850591
636.9493333
637.0928306
637.2208112
637.3385358
637.4512649
637.5642593
637.6827796
637.8120865
637.9574404
638.1241023
638.3173329
638.5423371
638.8010693
639.090513
639.4072266
639.7477696
640.1087013
640.486581
640.8779683
641.2794224
641.6875029
642.0987691
642.5097803
642.9170961
643.3172757
643.7068784
644.0824981
644.4427338
644.7892511
645.1239778
645.4488412
645.7657686
646.0766873
646.3835244
646.6882073
646.9926632
647.2988194
647.6086031
647.9239415
648.246762
648.5789919
648.92254
649.2782434
649.6452999
650.022767
650.4097027
650.805165
651.2082118
651.617901
652.0332907
652.4534387
652.8774029
653.3042415
653.7330122
654.1627731
654.5925821
655.0215029
655.4489363
655.8747986
656.2990501
656.721651
657.1425616
657.5617422
657.979153
658.3947542
658.8085061
659.2203689
659.6303028
660.0382682
660.4442252
660.8481341
661.2499589
661.6498833
662.0484271
662.4461387
662.8435666
663.2412591
663.6397647
664.0396318
664.4414088
664.845644
665.252886
665.6636832
666.0785838
666.4981365
666.9228895
667.3533745
667.7891433
668.2282479
668.6686128
669.1081625
669.5448216
669.9765148
670.4011666
670.8167016
671.2210445
671.6121197
671.987852
672.3461659
672.684986
673.0022368
673.295881
673.5660847
673.8163899
674.0506243
674.2726158
674.4861921
674.6951812
674.9034108
675.1147088
675.3329028
675.5618209
675.8052907
676.06714
676.3506695
676.6557227
676.9807504
677.3241995
677.684517
678.0601498
678.4495449
678.8511492
679.2634098
679.6847735
680.1136873
680.5485981
680.987953
681.4301989
681.8737826
682.3173278
682.7606141
683.2038875
683.647395
684.0913838
684.5361011
684.9817939
685.4287095
685.8770949
686.3271973
686.7792639
687.2335417
687.6902779
688.1497197
688.6121142
689.0776459
689.5460891
690.0170526
690.4901451
690.9649748
691.4411503
691.9182801
692.3959725
692.8738361
693.3514793
693.8285105
694.3045384
694.7791712
695.2520175
695.7226857
696.1908249
696.6563493
697.1192805
697.5796401
698.0374498
698.4927312
698.9455061
699.3957961
699.8436229
700.2890083
700.7319739
701.1725413
701.6107323
702.0465686
702.4800718
702.9113273
703.3408364
703.7692683
704.197293
704.62558
705.0547992
705.4856202
705.9187127
706.3547465
706.7943914
707.238317
707.6871931
708.1416894
708.6024756
709.0702223
709.5452515
710.0256254
710.5084913
710.9909943
711.4702797
711.9434928
712.4077788
712.860283
713.2981507
713.7185271
714.1185576
714.4953873
714.8461616
715.1680255
715.4581222
715.7145326
715.9414118
716.1453758
716.3330465
716.5110449
716.6859926
716.8645107
717.0532206
717.2587436
717.4877009
717.7467139
718.0424031
718.3813203
718.7659539
719.1925537
719.656849
720.1545676
720.681437
721.2331848
721.8055384
722.3942256
722.9949739
723.6035109
724.2155641
724.826861
725.4331294
726.0300973
726.613529
727.1813478
727.7347926
728.2753779
728.8046196
729.3240334
729.8351351
730.3394405
730.8384655
731.3337258
731.8267372
732.3190156
732.8120767
733.3074364
733.8066102
734.3111
734.8215919
735.3375186
735.8582086
736.3829902
736.9111915
737.4421405
737.9751655
738.5095946
739.0447559
739.5799776
740.1145877
740.6479145
741.179286
741.7080306
742.2334859
742.7555453
743.2749561
743.7925368
744.3091059
744.825482
745.3424837
745.8609297
746.3816385
746.9054288
747.4331191
747.9655282
748.5034746
749.0477769
749.5992535
750.1587114
750.7262722
751.3010038
751.8818873
752.4679029
753.0580311
753.6512523
754.246547
754.8428955
755.4392783
756.0346757
756.6280681
757.2184361
757.8047599
758.3860204
758.9612141
759.5302891
760.0946565
760.6558481
761.2153965
761.7748343
762.3356941
762.8995083
763.4678097
764.0421307
764.624004
765.2149622
765.8165377
766.4302633
767.0576706
767.7002581
768.3575037
769.0257783
769.7011968
770.3798727
771.057919
771.7314492
772.3965764
773.049414
773.6860751
774.302673
774.8953211
775.4601325
775.9932206
776.4907001
776.9487474
777.3672651
777.7518872
778.1087195
778.4438708
778.7634498
779.0735655
779.3803268
779.6898426
780.0082219
780.3415734
780.6960066
781.0776352
781.4916706
781.9375754
782.4124656
782.9134532
783.4376509
783.9821716
784.5441279
785.1206329
785.7087991
786.3057396
786.908567
787.5143942
788.120334
788.723499
789.3209998
789.9103515
790.4916436
791.0660169
791.6346141
792.1985775
792.7590493
793.3171719
793.8740874
794.4309381
794.9888663
795.5490142
796.1125241
796.6805384
797.2541992
797.8346501
798.4228334
799.0184142
799.6205355
800.2283394
800.8409681
801.4575641
802.0772696
802.699227
803.3225786
803.9464667
804.5700337
805.1924219
805.8127736
806.430231
807.0439354
807.653205
808.2584796
808.860658
809.4606397
810.0593241
810.6576104
811.2563981
811.8565863
812.4590745
813.064762
813.674548
814.2893318
814.9100129
815.5374905
816.1726646
816.816345
817.4687702
818.1299452
818.7998745
819.4785629
820.166015
820.8622355
821.5672291
822.2810004
823.0035541
823.7348949
824.4750274
825.2239565
825.9816868
826.7482259
827.5231644
828.3034544
829.0849677
829.8635745
830.6351457
831.3955519
832.1406639
832.8663525
833.5684883
834.2429422
834.8855849
835.492287
836.0589195
836.5813523
837.0554477
837.4783505
837.8553212
838.1949436
838.5058064
838.7964969
839.075602
839.3517092
839.6334054
839.9292779
840.2479138
840.5979001
840.9878215
841.4261845
841.9166935
842.455659
843.0387878
843.6617822
844.3203438
845.0101743
845.7269756
846.4664492
847.2242971
847.9962208
848.7779221
849.5651027
850.3534645
851.1387102
851.9165757
852.6848309
853.4443772
854.196372
854.9419743
855.6823437
856.4186394
857.1520209
857.8836476
858.6146788
859.346274
860.0795926
860.8157938
861.5560371
862.3014816
863.0532743
863.8118321
864.5764475
865.3463212
866.1206532
866.8986433
867.6794914
868.4623975
869.2465615
870.0311833
870.8154627
871.5985998
872.3797943
873.1582463
873.9331558
874.703728
875.4694855
876.2304395
876.9866408
877.7381408
878.4849909
879.2272424
879.9649467
880.6981551
881.4269189
882.1512896
882.8713183
883.5870566
884.2985557
885.0058674
885.7090531
886.4087824
887.1066606
887.8043695
888.5035915
889.2060092
889.9133048
890.627161
891.3492602
892.0812848
892.8249174
893.5818402
894.3537359
895.1422868
895.9491741
896.7760377
897.6219874
898.4822372
899.3516832
900.2252189
901.0977375
901.9641323
902.8192966
903.6581237
904.4755068
905.2663393
906.0255144
906.7479254
907.4284659
908.0620315
908.6436016
909.1732642
909.6589731
910.1093245
910.5329198
910.9383606
911.3342486
911.7291856
912.1317731
912.550613
912.9943069
913.4714573
913.9906743
914.5592399
915.1760226
915.8364468
916.5359321
917.2698995
918.0337697
918.822964
919.6329033
920.4590085
921.2967006
922.1414007
922.9885298
923.8335088
924.6717584
925.4986956
926.3103709
927.1068494
927.8898394
928.6610514
929.4221953
930.174981
930.9211185
931.6623174
932.4002879
933.1367397
933.8733827
934.6119268
935.354082
936.1015581
936.8560664
937.6191106
938.3908783
939.1710191
939.9591816
940.7550145
941.5581667
942.3682871
943.1850245
944.0080277
944.8369456
945.6714271
946.5111209
947.3556759
948.204741
949.0579651
949.9149898
950.7754114
951.6388073
952.5047551
953.3728322
954.2426162
955.1136847
955.985615
956.8579847
957.7303714
958.6023525
959.4735056
960.3434082
961.2116377
962.0777706
962.9415689
963.8039758
964.6664169
965.5303185
966.3971067
967.2682078
968.1450478
969.029053
969.9216494
970.8242632
971.7383207
972.6652479
973.606471
974.5634165
975.537514
976.5295201
977.5358996
978.5513658
979.5706289
980.5884001
981.5993902
982.5983103
983.5798713
984.5387841
985.4697598
986.3675094
987.2267437
988.0421738
988.8085101
989.5204565
990.1741598
990.7749839
991.3320507
991.8544885
992.3514249
992.831987
993.3053023
993.7804979
994.2667011
994.7730394
995.3086398
995.882628
996.5040472
997.1769837
997.8979031
998.6626416
999.4670321
1000.306907
1001.178099
1002.076441
1002.997765
1003.937905
1004.892691
1005.857958
1006.829538
1007.803262
1008.774966
1009.740512
1010.697638
1011.646959
1012.589327
1013.525598
1014.456624
1015.383261
1016.306363
1017.226785
1018.145379
1019.063002
1019.980507
1020.898748
1021.81858
1022.740857
1023.666425
1024.59566
1025.528217
1026.463688
1027.401666
1028.341746
1029.28352
1030.226581
1031.170524
1032.11494
1033.059425
1034.00357
1034.946969
1035.889216
1036.829904
1037.768631
1038.705288
1039.640216
1040.573794
1041.506399
1042.43841
1043.370205
1044.302163
1045.234662
1046.16808
1047.102796
1048.039188
1048.977635
1049.918514
1050.862204
1051.809079
1052.759225
1053.712286
1054.667873
1055.625594
1056.585056
1057.545869
1058.507642
1059.469982
1060.432499
1061.394801
1062.356496
1063.317193
1064.276502
1065.234029
1066.189395
1067.142821
1068.095455
1069.048523
1070.003249
1070.960859
1071.922579
1072.889633
1073.863247
1074.844647
1075.835058
1076.835705
1077.847814
1078.872609
1079.911317
1080.965128
1082.03323
1083.111732
1084.196491
1085.283358
1086.368187
1087.446832
1088.515146
1089.568982
1090.604194
1091.616635
1092.602157
1093.556615
1094.475862
1095.355752
1096.192215
1096.985695
1097.743558
1098.47375
1099.184219
1099.882913
1100.57778
1101.276767
1101.987823
1102.718895
1103.477932
1104.272881
1105.111692
1106.001054
1106.939456
1107.92207
1108.944061
1110.000594
1111.086833
1112.197943
1113.329089
1114.475436
1115.632148
1116.794391
1117.95733
1119.116128
1120.265951
1121.401964
1122.520003
1123.620301
1124.704862
1125.775699
1126.834819
1127.884234
1128.925955
1129.96199
1130.994351
1132.025047
1133.056089
1134.089488
1135.127252
1136.171392
1137.22392
1138.286509
1139.358647
1140.438934
1141.525971
1142.618358
1143.714694
1144.81358
1145.913615
1147.013399
1148.111533
1149.206615
1150.297246
1151.382026
1152.459555
1153.528432
1154.587525
1155.63746
1156.679571
1157.715192
1158.745659
1159.772308
1160.796474
1161.819492
1162.842698
1163.867427
1164.895015
1165.926796
1166.964107
1168.008283
1169.060658
1170.122448
1171.194059
1172.275578
1173.367089
1174.468678
1175.580427
1176.702423
1177.83475
1178.977491
1180.130733
1181.294559
1182.469053
1183.654302
1184.850388
1186.057396
1187.274957
1188.499703
1189.727064
1190.952468
1192.17134
1193.379106
1194.571192
1195.743026
1196.890033
1198.007639
