511.7764645
512.035257
512.436691
512.9700995
513.609883
514.3303451
515.1057897
515.9105207
516.7188419
517.5050571
518.2434702
518.908385
519.4741065
519.9149503
520.209082
520.3662598
520.4114127
520.3695836
520.2658159
520.1251527
519.9726373
519.8333128
519.7322226
519.6944098
519.7449166
519.9087904
520.2070156
520.6278267
521.1436513
521.7267983
522.34958
522.9843093
523.6032987
524.178861
524.6833088
525.0889548
525.3681117
525.4930722
525.4414105
525.2326151
524.9065386
524.5031631
524.062467
523.6244283
523.2290251
522.9162354
522.7260374
522.6984092
522.8733284
523.2907644
523.9838536
524.9302436
526.0808155
527.3862711
528.7973109
530.2646354
531.738945
533.1709403
534.5113216
535.7107702
536.7250442
537.550187
538.2018152
538.6956701
539.0474893
539.2730102
539.38797
539.4081062
539.3491561
539.2268571
539.0569464
538.8551614
538.6372318
538.4188235
538.2155723
538.0431134
537.9170823
537.8531144
537.866845
537.9739095
538.1899433
538.5305817
539.0114592
539.648202
540.4531234
541.4113756
542.4950692
543.6762142
544.9268209
546.2188999
547.5244618
548.815517
550.0640761
551.2421496
552.3217488
553.2748764
554.0768648
554.7297107
555.2483113
555.6476569
555.9427346
556.1485312
556.2800337
556.3522288
556.3801036
556.3786448
556.3628394
556.3476773
556.3471528
556.3673362
556.4104507
556.478695
556.5742686
556.699371
556.8562015
557.0469595
557.2738445
557.5390559
557.8447932
558.1932553
558.5865103
559.0255546
559.5108689
560.0429303
560.6222159
561.2492027
561.9243678
562.6481884
563.4211414
564.2437039
565.1163526
566.0395622
567.0124512
568.0230642
569.0541235
570.0883097
571.1083041
572.0967881
573.0364431
573.9099503
574.6999915
575.3892535
575.9629568
576.4269906
576.7971977
577.0894892
577.3197774
577.5039742
577.6579917
577.7977419
577.9391369
578.0980886
578.2905083
578.5323033
578.8368765
579.1971682
579.5962856
580.0172593
580.4431208
580.8569017
581.2416337
581.5803484
581.8560774
582.0518524
582.1507055
582.1356564
581.9932811
581.7384815
581.399893
581.0062459
580.5862668
580.1686825
579.7822193
579.4556039
579.2175628
579.0968225
579.1221098
579.3221597
579.7212127
580.3075555
581.0520445
581.9254254
582.8984459
583.9418533
585.0263951
586.1228188
587.2018718
588.2343017
589.1908565
590.0422937
590.7627965
591.3546129
591.8334816
592.2152389
592.5157216
592.7507669
592.9362115
593.0878925
593.2216468
593.3533114
593.4987226
593.6737162
593.892347
594.1541992
594.4518909
594.7779869
595.1250526
595.485654
595.8523566
596.2177263
596.5743288
596.9147299
597.2314954
597.517185
597.7659011
597.9839916
598.1837504
598.3775111
598.5776055
598.7963655
599.0461231
599.3392101
599.6879585
600.1047
600.6017667
601.1914913
601.8835415
602.6661111
603.5170075
604.4139711
605.3347422
606.2570614
607.158669
608.0173054
608.8107113
609.5166159
610.1156256
610.6111896
611.0178479
611.3502143
611.6228999
611.8505156
612.0476723
612.2289809
612.4090523
612.6024974
612.8239273
613.0879537
613.4073104
613.7796106
614.1951524
614.6441865
615.1169637
615.603735
616.0947513
616.5802635
617.0505224
617.4957792
617.9062849
618.2722947
618.5854111
618.8482927
619.0689081
619.2552655
619.415373
619.5572389
619.6888717
619.8182794
619.9534704
620.102453
620.2732351
620.4738258
620.7111585
620.9834827
621.2848589
621.6093161
621.9508838
622.303592
622.6614705
623.0185491
623.3688575
623.7064256
624.0252833
624.3194586
624.5834187
624.8151155
625.0141934
625.1803079
625.313114
625.4122668
625.4774213
625.5082326
625.5043557
625.4654456
625.3911575
625.2811474
625.13605
624.9644369
624.7787102
624.5912976
624.4146267
624.2611252
624.1432208
624.0733413
624.0639143
624.1273676
624.2761282
624.522618
624.8771401
625.3326262
625.8736668
626.4847882
627.150517
627.85538
628.5839036
629.3206147
630.05004
630.7567065
631.4258858
632.0488762
632.6198863
633.1331439
633.5828768
633.9633128
634.2686798
634.4932056
634.631118
634.676645
634.6240147
634.4674599
634.2028972
633.8400545
633.3952909
632.8850165
632.3256412
631.7335749
631.1252274
630.5170087
629.9253287
629.366597
628.8572234
628.4136209
628.0505728
627.7697875
627.566652
627.4365069
627.3746947
627.3765575
627.4374378
627.5526779
627.7176202
627.9276071
628.177981
628.464083
628.7815716
629.1286249
629.5046449
629.9090413
630.3412237
630.8006016
631.2865845
631.7985819
632.3360033
632.8982584
633.4847565
634.0949059
634.7275113
635.3764562
636.0332535
636.6894001
637.3363926
637.9657276
638.5689015
639.1374111
639.662753
640.1364237
640.5499204
640.894744
641.1644221
641.3690541
641.5267018
641.6554886
641.7735375
641.8989714
642.0499131
642.2444853
642.500811
642.8370129
643.2712134
643.8215462
644.5027609
645.3026334
646.1958657
647.1570685
648.1608561
649.181843
650.1946435
651.1738723
652.0941444
652.9300804
653.6589764
654.2800195
654.8029134
655.2374432
655.5933933
655.8805482
656.1086922
656.2876094
656.4270844
656.5369013
656.6268444
656.7066996
656.7857861
656.8697035
656.9622487
657.0672059
657.1883601
657.3294961
657.4943985
657.6868523
657.9106423
658.1695533
658.4673701
658.8078796
659.1939851
659.6215343
660.0829526
660.570644
661.0770125
661.5944625
662.1153981
662.6322234
663.1373428
663.6231605
664.0820807
664.5065101
664.889738
665.2322782
665.5381186
665.811272
666.0557513
666.2755694
666.4747395
666.6572743
666.827187
666.9884904
667.1451974
667.3013204
667.4603385
667.6213906
667.7815276
667.937784
668.0871948
668.2267948
668.3536189
668.4647022
668.5570794
668.6277856
668.6738558
668.6923204
668.6813468
668.64813
668.6042476
668.5613063
668.530912
668.5246705
668.5541872
668.6310681
668.7669188
668.973345
669.2619525
669.6443489
670.1296673
670.7071459
671.3563928
672.0569544
672.7883777
673.5302095
674.2619966
674.9632857
675.613624
676.1925492
676.6819717
677.0826523
677.4045007
677.6574883
677.8515839
677.9967567
678.1029754
678.1802089
678.2384261
678.287596
678.3376874
678.3986703
678.4794771
678.5807073
678.6989256
678.830671
678.9724826
679.1208996
679.2724611
679.4237062
679.5711741
679.7114038
679.8409348
679.9563074
680.0545061
680.1361583
680.2036407
680.2593431
680.3056556
680.3449679
680.3796701
680.4121519
680.4448033
680.4800142
680.5201745
680.567674
680.6246117
680.6907318
680.7646433
680.8449466
680.9302423
681.0191311
681.1102135
681.2020902
681.2933619
681.3826291
681.4684926
681.5495517
681.6247149
681.6953433
681.763989
681.8332121
681.9055724
681.9836294
682.0699431
682.167073
682.277579
682.4040207
682.5489579
682.7149499
682.9038927
683.1123148
683.3341522
683.5633238
683.7937485
684.0193452
684.2340327
684.4317299
684.6063558
684.7518292
684.8620693
684.9309997
684.9540791
684.9393619
684.9009502
684.8529924
684.8096365
684.7850309
684.7933236
684.848663
684.9651971
685.157074
685.4384414
685.8234527
686.3232582
686.924887
687.6037114
688.3350177
689.094095
689.8562326
690.59672
691.2908465
691.9139021
692.4411852
692.8509589
693.1458132
693.3400191
693.4479359
693.4839231
693.4623402
693.3975467
693.3039018
693.1957651
693.087496
692.9934535
692.9279994
692.9039344
692.9215051
692.9748938
693.058238
693.1656765
693.2913481
693.4293917
693.5739462
693.7191506
693.8591438
693.9880645
694.1000494
694.1899066
694.2577785
694.3063988
694.3385179
694.3568853
694.3642507
694.3633639
694.3569745
694.3478323
694.3386868
694.3322878
694.3313846
694.3384698
694.3539483
694.3772186
694.4076724
694.4447015
694.4876973
694.5360516
694.589156
694.6464021
694.7071815
694.770886
694.8369067
694.9044966
694.9717749
695.0363165
695.0956921
695.1474724
695.189228
695.2185297
695.2329481
695.230054
695.207418
695.1626109
695.0932008
694.9977272
694.8824901
694.7575481
694.6329861
694.5188884
694.425339
694.362422
694.3402213
694.3688212
694.4583057
694.6187589
694.8602703
695.1907945
695.6012576
696.0743232
696.5926025
697.1387081
697.6952523
698.2448475
698.7701061
699.2536409
699.6780591
700.0279215
700.3034084
700.5122615
700.6622763
700.7612467
700.8169662
700.8372285
700.8298272
700.8025559
700.7632083
700.7195779
700.6794602
700.6499753
700.6328601
700.6272391
700.63222
700.6469111
700.6704207
700.701857
700.7403283
700.7849428
700.8348087
700.8890344
700.9467281
701.0070386
701.0694454
701.1335868
701.1991023
701.2656315
701.332814
701.4002893
701.467697
701.5346765
701.6008675
701.6659095
701.729442
701.7911079
701.8505766
701.9075305
701.9616517
702.0126228
702.060126
702.1038437
702.1434583
702.1786521
702.2091075
702.2345068
702.2545326
702.2688237
702.2766718
702.2772003
702.2695312
702.2527868
702.2260892
702.1885606
702.1393232
702.0774992
702.0022108
701.9125801
701.8077283
701.6875333
701.5579405
701.4278349
701.3061198
701.2016989
701.1234754
701.0803528
701.0812345
701.1350238
701.2506242
701.4369386
701.702864
702.0551852
702.4833693
702.9685624
703.4918494
704.0343149
704.5770438
705.1011205
705.5876299
706.0176564
706.3722808
706.634954
706.8081077
706.903372
706.9324356
706.9069864
706.8387125
706.7393016
706.6204418
706.4938211
706.3711272
706.264048
706.1842675
706.1421801
706.1376103
706.1653022
706.2199635
706.2963012
706.3890225
706.4928348
706.602445
706.7125605
706.8178883
706.913136
706.9930108
707.0528134
707.0926585
707.1149787
707.1222248
707.116847
707.1012955
707.0780205
707.0494722
707.0181009
706.9863566
706.9566898
706.9315515
706.9131164
706.9013615
706.8951969
706.8935257
706.8952513
706.8992768
706.9045057
706.9098413
706.9141869
706.9164458
706.9155213
706.9103169
706.8997539
706.8829005
706.8588959
706.8268794
706.7859907
706.7353693
706.6741546
706.6014863
706.5165037
706.4183466
706.3061544
706.179069
706.0369201
705.8851857
705.7320557
705.5857403
705.4544501
705.3463954
705.2697865
705.2328339
705.2437479
705.3107389
705.4420168
705.6457941
705.9283089
706.2798883
706.6831788
707.1207697
707.5752519
708.0292163
708.465254
708.8659561
709.2139138
709.4917248
709.6840339
709.7922889
709.8260066
709.7947642
709.7081392
709.5757092
709.4070514
709.2117435
708.9993628
708.7794867
708.5616926
708.3555585
708.1697928
708.0060864
707.8627441
707.7380452
707.6302697
707.5376977
707.4586094
707.3912848
707.334004
707.2850472
707.2426944
707.2052252
707.1710298
707.139373
707.1099449
707.0824384
707.0565462
707.0319611
707.0083757
706.9854829
706.9629754
706.9405459
706.9178871
706.8946919
706.870706
706.8461053
706.821273
706.7965938
706.7724523
706.7492333
706.7273213
706.7071011
706.6889573
706.6732746
706.6604376
706.6508305
706.6446549
706.6406169
706.6367038
706.6308979
706.6211812
706.6055357
706.5819437
706.5483871
706.502848
706.4433087
706.3677512
706.2741562
706.1612117
706.0332754
705.8974473
705.7608474
705.630595
705.5138093
705.4176095
705.3491149
705.3154447
705.3237181
705.3810543
705.4945777
705.6697991
705.8993923
706.1697976
706.4674163
706.7786506
707.0899026
707.3875744
707.6580682
707.8877866
708.0631283
708.1721355
708.2160304
708.202408
708.13891
708.0331765
707.8928473
707.7255625
707.538962
707.3406857
707.1383736
706.9396658
706.7522045
706.5828806
706.4326082
706.2993992
706.181247
706.0761453
705.9820881
705.8970693
705.8190829
705.7461226
705.6761824
705.6072561
705.5373383
705.4646662
705.3894572
705.3128826
705.2361202
705.1603479
705.0867437
705.0164854
704.9507509
704.890718
704.8375648
704.7924689
704.7566078
704.7309041
704.7141972
704.704326
704.6991213
704.6964141
704.6940356
704.6898167
704.6815884
704.6671817
704.6444278
704.6111576
704.5652013
704.5047043
704.4303279
704.3439526
704.2474674
704.1427611
704.0317221
703.9162393
703.7982013
703.6794967
703.5620142
703.4476426
703.338271
703.2354775
703.1383526
703.0447802
702.9526368
702.8597989
702.764143
702.6635457
702.5558833
702.4390326
702.3108699
702.1692721
702.0121174
701.8379917
701.6512708
701.4591145
701.2687026
701.087215
700.9218317
700.7797327
700.6680979
700.5941073
700.5649408
700.587778
700.6697973
700.8165528
701.0203862
701.2672808
701.5431713
701.8339927
702.1256806
702.4041703
702.6553973
702.8652971
703.0198099
703.1065802
703.1271992
703.0899663
703.0032286
702.8753333
702.714628
702.5294601
702.328177
702.1191261
701.9106548
701.7111104
701.5288391
701.3712799
701.238482
701.12694
701.0331208
700.9534918
700.8845205
700.8226745
700.7644212
700.7062281
700.6445626
700.5758924
700.4966833
700.4038274
700.297604
700.1799363
700.0527583
699.918004
699.7776071
699.6335012
699.4876203
699.341898
699.1982681
699.0586643
698.9250207
698.7990394
698.6805593
698.5685174
698.4618449
698.3594732
698.2603334
698.1633568
698.0674747
697.9716184
697.874719
697.775708
697.6735166
697.5671223
697.45588
697.3393257
697.216997
697.0884314
696.9531664
696.8107395
696.6606881
696.5025499
696.3358621
696.1601626
695.9749887
695.780395
695.5806207
695.381922
695.1905709
695.0128385
694.8549963
694.7233154
694.6240673
694.5635232
694.5479545
694.5836323
694.6768341
694.832325
695.0428774
695.2954365
695.5769103
695.8742077
696.174238
696.4639103
696.7301339
696.9598181
697.1398722
697.2587166
697.3170128
697.3213206
697.2782452
697.1943905
697.0763604
696.9307588
696.7641895
696.5832564
696.3945633
696.2047142
696.0203158
695.8472427
695.685561
695.532515
695.3853309
695.2412354
695.0974553
694.9512173
694.7997482
694.6402747
694.4700235
694.2862216
694.0860956
693.8673519
693.6315698
693.3822004
693.1227067
692.8565522
692.5871999
692.3181131
692.0527551
691.7945891
691.5470783
691.3136858
691.0978737
690.9026838
690.7277125
690.5709015
690.4301799
690.303477
690.1887218
690.0838436
689.9867715
689.8954348
689.8077625
689.7216839
689.6351281
689.5460781
689.4529505
689.3543713
689.2489681
689.1353685
689.0122001
688.8780903
688.7316668
688.5715571
688.3963888
688.2047893
687.9953838
687.7674679
687.5256616
687.2771712
687.0292194
686.7890285
686.563821
686.360819
686.1872448
686.0503207
685.9572691
685.9153121
685.9316692
686.011882
686.147843
686.3248643
686.5282135
686.7431581
686.9549653
687.1489023
687.3102366
687.4242353
687.476159
687.4531121
687.3568353
687.1961807
686.9800454
686.7173248
686.4169148
686.0877111
685.7386091
685.3785047
685.0162934
684.6608709
684.3211317
684.00515
683.7143358
683.4468848
683.2009713
682.974769
682.7664521
682.5741945
682.3961703
682.2305533
682.0755177
681.9292373
681.7898864
681.6557007
681.5254194
681.3980242
681.2724984
681.1478251
681.0229878
680.8969697
680.7687541
680.6373243
680.5016636
680.3607553
680.2135823
680.0593283
679.898785
679.7335225
679.5651164
679.395142
679.2251748
679.0567901
678.8915634
678.7310699
678.5768852
678.4305845
678.2937445
678.167535
678.0498872
677.9371597
677.8257015
677.7118617
677.5919894
677.4624338
677.319544
677.159669
676.9791581
676.7743604
676.5416274
676.2782495
675.9891881
675.6830966
675.3686541
675.0545402
674.7494342
674.4620157
674.2009642
673.974959
673.7926796
673.662805
673.5940118
673.5932896
673.653858
673.7623175
673.9052171
674.0691065
674.2405355
674.4060538
674.5522112
674.6655577
674.7326465
674.7416151
674.6935266
674.5956682
674.4553701
674.2799631
674.0767776
673.8531445
673.6163943
673.3738578
673.1328656
672.900748
672.6848342
672.4915891
672.32042
672.1673419
672.0283436
671.8994142
671.7765428
671.6557187
671.5329309
671.4041685
671.2654208
671.1126769
670.9419241
670.7497243
670.5372178
670.3077642
670.0647389
669.8115164
669.5514713
669.2879781
669.0244114
668.7641458
668.5105559
668.2670161
668.036902
667.8231746
667.6254822
667.4418669
667.2703605
667.108995
666.9558026
666.8088152
666.6660649
666.5255837
666.3854037
666.2435568
666.0980757
665.9471376
665.790108
665.6269228
665.4575226
665.2818476
665.0998382
664.9114348
664.7165776
664.5152072
664.3072638
664.0926879
663.87142
663.6437616
663.4129443
663.1836106
662.9604137
662.748007
662.5510433
662.3741757
662.2220575
662.0993416
662.0106811
661.9607291
661.9541435
661.994345
662.0749344
662.1847439
662.3125742
662.447227
662.5775043
662.6922079
662.7801397
662.830102
662.8308979
662.7727186
662.657047
662.4907992
662.2809334
662.0344071
661.7581776
661.4592024
661.1444387
660.820844
660.4953756
660.1749909
659.8666499
659.5765723
659.3050945
659.0496975
658.8078428
658.5769928
658.3546099
658.1381565
657.9250951
657.7128881
657.4989978
657.2808868
657.0560171
656.8221511
656.5794646
656.3293016
656.0730134
655.8119515
655.5474672
655.2809119
655.0136371
654.746994
654.4823341
654.2210087
653.9643686
653.7135709
653.4681822
653.2270058
652.988839
652.7524793
652.5167241
652.2803708
652.0422167
651.8010593
651.555696
651.3049242
651.0475414
650.782503
650.5100446
650.2310185
649.9462819
649.6566919
649.3631055
649.0663796
648.7673713
648.4669376
648.1659355
647.865222
647.5656546
647.2679693
646.9719383
646.6768656
646.3820521
646.0867989
645.7904069
645.4921774
645.1914112
644.8874095
644.5794734
644.2669038
643.9490022
643.6256098
643.300939
642.9813124
642.6730669
642.3825393
642.1160665
641.8799852
641.6806323
641.5243447
641.4174591
641.366312
641.3772353
641.4549243
641.590647
641.7692247
641.9754292
642.1940324
642.4098064
642.6075231
642.7719546
642.8878728
642.9400506
642.9151265
642.8148239
642.6481545
642.4241775
642.1519523
641.8405383
641.4989949
641.1363814
640.7617574
640.3841821
640.0127147
639.6564114
639.3232871
639.0128121
638.7203538
638.4412486
638.1708327
637.9044427
637.6374148
637.3650854
637.0827908
636.7858675
636.4696519
636.1294794
635.7612859
635.3658342
634.9462187
634.5055515
634.0469439
633.5735071
633.0883526
632.5945915
632.0953353
631.5936952
631.0927825
630.5957084
630.1056197
629.6259461
629.1602546
628.7121132
628.2850897
627.8827521
627.5086682
627.1664061
626.8595335
626.5916183
626.3662285
626.1869305
626.056371
625.9697169
625.9185286
625.8943426
625.8886947
625.8931211
625.8991578
625.8983408
625.8822061
625.8422898
625.7701283
625.657261
625.4965609
625.2918238
625.0520913
624.7864458
624.5039691
624.2137433
623.9248502
623.646372
623.3873903
623.1569873
622.9642446
622.8182484
622.7265347
622.6842534
622.6805568
622.7045544
622.7453573
622.7920766
622.8338237
622.8597097
622.8588462
622.8203474
622.7345347
622.6016188
622.4265592
622.2143523
621.9699944
621.6984815
621.4048097
621.0939753
620.7709742
620.4408026
620.1084566
619.7789335
619.4567484
619.142559
618.835156
618.5333166
618.2358187
617.94144
617.6489584
617.3571515
617.0647972
616.7706734
616.4735577
616.1722275
615.8656157
615.5538943
615.2378364
614.9182194
614.5958201
614.2714156
613.945783
613.6196993
613.2939415
612.9692867
612.6465118
612.3263937
612.0096283
611.6962499
611.3859745
611.0785156
610.7735871
610.4709025
610.1701757
609.8711202
609.5734497
609.276878
608.9811187
608.6858854
608.3908817
608.095727
607.8000006
607.5032814
607.2051485
606.9051809
606.6029573
606.2980569
605.9900586
605.6785414
605.3630842
605.0432648
604.7189987
604.3928879
604.0688378
603.7507626
603.4425761
603.1481922
602.8715247
602.6164875
602.3869944
602.1869592
602.020296
601.8909202
601.8016584
601.7466151
601.7156674
601.698666
601.6854618
601.6659054
601.6298478
601.5671398
601.4676325
601.3211718
601.1190458
600.8640292
600.5644659
600.2287379
599.8652262
599.4823114
599.0883743
598.6917956
598.300956
597.9242363
597.5700172
597.2466815
596.9615663
596.7136467
596.4978431
596.3090506
596.1421645
595.9920802
595.8536929
595.7218979
595.5915907
595.4576666
595.3150209
595.1585506
594.9836818
594.7901752
594.5798756
594.3546427
594.1163365
593.8668166
593.6079432
593.3415759
593.0695747
592.7937993
592.5161097
592.2383656
591.9622352
591.6878316
591.4145191
591.1416563
590.8686018
590.5947143
590.3193526
590.0418753
589.761641
589.4780084
589.1903364
588.8979832
588.6003727
588.2974486
587.9894067
587.6764446
587.3587597
587.0365496
586.7100117
586.3793436
586.0447427
585.7064065
585.3645326
585.0193183
584.6712067
584.3226195
583.9769358
583.6375405
583.3078189
582.9911561
582.6909371
582.4105472
582.1533712
581.9227945
581.722202
581.554976
581.4236643
581.3239652
581.2482871
581.189014
581.1385297
581.0892181
581.0334632
580.9636487
580.8721585
580.7513757
580.5945678
580.4021092
580.1778144
579.9255204
579.6490638
579.3522812
579.0390092
578.7130846
578.3783441
578.0386241
577.6977613
577.3595914
577.0276017
576.7024244
576.3833199
576.0695386
575.7603308
575.4549466
575.1526365
574.8526507
574.5542394
574.256653
573.9591417
573.6609558
573.3614359
573.0606525
572.7590283
572.4569887
572.1549587
571.8533638
571.552629
571.2531798
570.9554412
570.6598385
570.3667969
570.0767422
569.7899857
569.5059319
569.2235445
568.9417847
568.6596135
568.375992
568.0898814
567.8002427
567.506037
567.2062256
566.8997694
566.5856297
566.2629517
565.9323696
565.5952364
565.2529102
564.9067489
564.5581104
564.2083526
563.8588336
563.5109112
563.1659435
562.8252883
562.4903028
562.1621224
561.8400609
561.5225577
561.2080454
560.8949565
560.5817239
560.2667801
559.9485579
559.6254898
559.2960085
558.9585468
558.6115368
558.2538184
557.8875118
557.5163218
557.143965
556.7741576
556.4106156
556.0570554
555.7171929
555.3947445
555.0934261
554.8169541
554.5690473
554.3526401
554.1644345
553.9981054
553.8473082
553.7056991
553.5669341
553.4246694
553.2725612
553.1042657
552.913438
552.6944604
552.4475682
552.1758229
551.8823072
551.5701029
551.242292
550.9019565
550.5521781
550.196039
549.8366209
549.4770059
549.1202768
548.7692305
548.4243926
548.0851848
547.7510221
547.4213197
547.0954926
546.772956
546.4531251
546.1354149
545.8192407
545.5040174
545.1891604
544.8741266
544.5587128
544.2428795
543.9265883
543.6098009
543.2924791
542.9745844
542.6560785
542.336923
542.0170798
541.6965103
541.3751765
541.0531089
540.7309012
540.409417
540.0895224
539.7720834
539.4579659
539.1480359
538.8431593
538.5442021
538.2520302
537.9675096
537.6915068
537.424607
537.1651418
536.9103522
536.6574714
536.403733
536.1463706
535.8826175
535.6097074
535.3248739
535.0253503
534.7083703
534.3711655
534.011613
533.632731
533.2400333
532.8390492
532.4353079
532.0343385
531.6416701
531.2628318
530.9033526
530.5687618
530.2645881
529.9963586
529.7686206
529.5779254
529.4169746
529.2784434
529.1550065
529.0393385
528.9241143
528.8020086
528.6656961
528.507849
528.321953
528.1079654
527.8689863
527.6081356
527.3285323
527.033296
526.7255458
526.408401
526.084981
525.7584051
525.4317925
525.1082618
524.7906428
524.4794076
524.173893
523.8734279
523.5773413
523.2849621
522.9956192
522.7086415
522.4233578
522.1390971
521.8551883
521.5709602
521.2857434
520.9988809
520.709722
520.4176157
520.1219113
519.821958
519.5171051
519.2067016
518.890097
518.5666402
518.2356807
517.896567
517.5488084
517.1931932
516.8311299
516.4640311
516.0933095
515.7203776
515.346648
514.9735332
514.6024457
514.2347982
513.8720032
513.5154737
513.1664343
512.8246053
512.4889773
512.1585363
511.8322685
511.5091599
511.1881966
510.8683648
510.5486504
510.2280397
509.9055188
509.5800745
509.2509769
508.9198151
508.5892929
508.2621221
507.9410148
507.6286828
507.3278381
507.0411926
506.7714584
506.5213473
506.2935711
506.0908412
505.9152065
505.7633294
505.6292796
505.5071071
505.3908621
505.274595
505.1523559
505.0181952
504.8661633
504.6903125
504.485442
504.2524624
503.9952234
503.7175958
503.4234507
503.1166589
502.8010914
502.4806191
502.159113
501.840444
501.5284829
501.2271001
500.9396782
500.6656274
500.402447
500.1476218
499.8986365
499.6529759
499.408125
499.1615685
498.9107914
498.6532785
498.3865146
498.1079836
497.8154627
497.509061
497.1900193
496.859586
496.5190095
496.1695378
495.8124191
495.4489015
495.0802334
494.7076627
494.3324378
493.9558067
493.5790168
493.2033087
492.8299196
492.4600869
492.0950479
491.7360398
491.3842999
491.0410656
490.707574
490.3850625
490.0747683
489.7779278
489.4954672
489.2257701
488.9659985
488.7133054
488.4648437
488.2177664
487.9692264
487.7163766
487.4563702
487.1863598
486.9034987
486.6049397
486.2883521
485.9555859
485.6105057
485.2569916
484.8989234
484.5401807
484.1846433
483.8361907
483.4987028
483.1760592
482.8721395
482.5908264
482.3352766
482.1028895
481.8882674
481.6859947
481.4906563
481.2968371
481.099122
480.8920959
480.6703441
480.4284515
480.1616512
479.8704317
479.5578123
479.2268322
478.8805297
478.5219435
478.154112
477.7800737
477.4028672
477.0255308
476.6511032
476.282624
475.9228104
475.5718199
475.2285665
474.891956
474.5608949
474.2342892
473.9110452
473.5900692
473.2702674
472.950546
472.6298113
472.3069695
471.9811061
471.6527528
471.3231408
470.9935053
470.6650821
470.3391066
470.0168144
469.6994409
469.3882218
469.0843925
468.7891886
468.5038446
468.2293303
467.9644397
467.7069224
467.45452
467.2049742
466.9560264
466.7054184
466.4508918
466.1901881
465.9210491
465.6412164
465.3484312
465.0407969
464.7193348
464.3864748
464.0446572
463.6963223
463.3439099
462.9898603
462.6366135
462.2866095
461.9422885
461.6060904
461.2804566
460.9675292
460.6670772
460.3777167
460.0980563
459.8267051
459.5622719
459.3033657
459.0485954
458.7965701
458.5458985
458.2951897
458.0430528
457.7882175
457.5303936
457.2697634
457.0065124
456.7408263
456.4728907
456.2028911
455.9310131
455.6574423
455.3823651
455.1057795
454.8261919
454.5413834
454.2491307
453.9472104
453.6333993
453.3054741
452.9612117
452.5983887
452.2147819
451.808168
451.3763244
450.9176435
450.4355053
449.9356967
449.4240207
448.9062805
448.3882792
447.8758198
447.3747055
446.8907394
446.4297245
445.9974639
445.5997582
445.2416058
444.9214238
444.6344692
444.3759748
444.1411733
443.9252979
443.7235812
443.5312562
443.3435558
443.1557129
442.9629604
442.7605304
442.5441013
442.3129339
442.0680207
441.810367
441.5409775
441.2608571
440.9710106
440.6724427
440.3661583
440.053162
439.7344588
439.4110534
439.0839547
438.7542036
438.4228571
438.0909719
437.759605
437.4298131
437.1026532
436.7791821
436.4604567
436.1475338
435.8414704
435.5433226
435.2538976
434.9719698
434.6953343
434.4217799
434.149095
433.875068
433.5974876
433.3141421
433.0228201
432.72131
432.4074006
432.0788812
431.7339696
431.3743872
431.0035386
430.6248416
430.2417137
429.8575725
429.4758355
429.0999202
428.7332443
428.3792252
428.0412805
427.7228293
427.4267863
427.1520427
426.8955403
426.6542074
426.4249723
426.2047638
425.9905106
425.7791412
425.5675844
425.3527695
425.1318919
424.9043269
424.6704963
424.4308304
424.1857593
423.9357129
423.6811215
423.422415
423.1600235
422.8943772
422.625906
422.3550401
422.0821643
421.8072993
421.5302899
421.2509793
420.9692113
420.684829
420.3976761
420.107596
419.8144322
419.5180281
419.2182271
418.9148726
418.6078925
418.2978893
417.9857934
417.6725369
417.3590522
417.0462713
416.7351265
416.42655
416.1214741
415.8208309
415.5255527
415.2365711
414.9546124
414.6787236
414.4071437
414.1381062
413.8698443
413.6005912
413.3285803
413.0520449
412.7692182
412.4783336
412.1776244
411.8653245
411.5399744
411.2026177
410.8555015
410.5008821
410.1410158
409.7781588
409.4145674
409.0524977
408.694206
408.3419484
407.9979813
407.6645618
407.3436663
407.0350373
406.7373335
406.4492062
406.1693072
405.8962879
405.6288001
405.3654954
405.1050255
404.8460419
404.5871964
404.3271405
404.0645825
403.7986856
403.5288336
403.2544115
402.9748044
402.6893973
402.3975752
402.0987233
401.7922267
401.4774696
401.1540304
400.8230307
400.4863404
400.1458346
399.8033884
399.4608765
399.120174
398.7831558
398.4516969
398.127672
397.8129563
397.5094251
397.2186971
396.940338
396.6729179
396.4150007
396.1651504
395.9219309
395.6839063
395.4496405
395.2176975
394.9866413
394.7550358
394.5214455
394.2845647
394.0441532
393.800483
393.5538295
393.3044685
393.0526756
392.7987263
392.5428964
392.2854614
392.026697
391.7668789
391.5062826
391.245168
390.983667
390.7218499
390.4597867
390.1975471
389.9352011
389.6728184
389.410469
389.1482227
388.8861493
388.6243188
388.362801
388.1016478
387.8407671
387.5799968
387.3191746
387.0581378
386.7967242
386.5347713
386.2721166
386.0085977
385.7440521
385.4783175
385.2112314
384.942589
384.6718448
384.3982885
384.1212085
383.8398934
383.5536317
383.261712
382.9634227
382.6580525
382.3448898
382.0232233
381.6923423
381.3518054
381.0033793
380.6498912
380.2941764
379.9390702
379.5874076
379.2420241
378.9057548
378.581435
378.2719002
377.9796024
377.7039104
377.4427005
377.1938395
376.9551941
376.7246313
376.5000177
376.2792203
376.0601058
375.840541
375.6183929
375.3915288
375.1580242
374.9176595
374.6710345
374.4187549
374.1614267
373.8996554
373.6340471
373.3652075
373.0937423
372.8202574
372.5453586
372.2696517
371.9937259
371.7180372
371.4429768
371.1689358
370.8963051
370.6254756
370.3568384
370.0907842
369.8277042
369.5679892
369.3120301
369.0602185
368.8128371
368.5693077
368.3286341
368.089817
367.8518574
367.6137563
367.3745148
367.1331337
366.8886141
366.639957
366.3861632
366.126234
365.8592855
365.585366
365.304974
365.0186109
364.726778
364.429977
364.128709
363.8234757
363.5147785
363.2031186
362.8889977
362.5729173
362.2554138
361.9373109
361.6195701
361.3031541
360.9890253
360.6781462
360.3714796
360.0699878
359.7746335
359.4863793
359.2061876
358.9350212
358.6736777
358.4216237
358.1776837
357.940677
357.7094234
357.4827425
357.259454
357.0383774
356.8183325
356.5981391
356.3766855
356.1534214
355.9280658
355.7003401
355.4699654
355.2366631
355.0001542
354.7601601
354.516402
354.268601
354.0164785
353.7597555
353.4982098
353.2320747
352.961803
352.6878496
352.4106692
352.1307164
351.8484458
351.5643121
351.27877
350.9922742
350.7052793
350.4182401
350.1315874
349.8455623
349.5603135
349.2759893
348.992738
348.7107078
348.4300468
348.1509035
347.873426
347.5977625
347.3240614
347.0524708
346.7830805
346.5155075
346.2491403
345.9833658
345.7175713
345.4511437
345.18347
344.9139374
344.6419327
344.3668432
344.0880559
343.8049582
343.5171247
343.2256603
342.9324056
342.6392064
342.3479087
342.0603584
341.7784016
341.5038842
341.238652
340.9845512
340.7434274
340.5171277
340.3070991
340.1115863
339.9272849
339.7508791
339.5790538
339.4084936
339.2358832
339.0579075
338.8712511
338.6725989
338.4586354
338.2260437
337.9720787
337.6985441
337.4094532
337.1088328
336.8007095
336.48911
336.1780609
335.8715887
335.5737201
335.2884823
335.0194778
334.7668966
334.5292795
334.3051553
334.0930529
333.8915015
333.6990302
333.5141681
333.3354443
333.1613878
332.9905278
332.8213933
332.6525265
332.4825732
332.3102296
332.1341923
331.9531578
331.7658226
331.5708834
331.3670366
331.1529788
330.9274066
330.6890164
330.4365055
330.1688816
329.8876826
329.5956655
329.2955958
328.9902389
328.6823601
328.3747251
328.0700992
327.7712479
327.4809366
327.2019307
326.9369948
326.6885433
326.4561232
326.2379043
326.0320456
325.8367065
325.6500461
325.4702236
325.2953983
325.1237294
324.953376
324.7824974
324.6092524
324.4319737
324.2503842
324.0648801
323.8758621
323.6837311
323.4888877
323.2917327
323.0926666
322.8920904
322.6904046
322.4880099
322.2853071
322.0827083
321.8807168
321.6798804
321.4807469
321.2838645
321.089781
320.8990443
320.7122026
320.5298036
320.3523954
320.180526
320.0147426
319.8553448
319.7006077
319.5478322
319.394312
319.2373411
319.0742134
318.9022227
318.7186629
318.5208279
318.3060116
318.071508
317.8146117
317.5331534
317.2293347
316.9074586
316.5718446
316.2268119
315.8766796
315.5257671
315.1783933
314.8388775
314.5115379
314.2002941
313.9058109
313.6271865
313.3635078
313.1138619
312.8773358
312.6530165
312.4399909
312.2373462
312.0441692
311.859547
311.6825666
311.5123113
311.3478334
311.1881707
311.0323608
310.8794412
310.7284497
310.5784236
310.4284008
310.2774186
310.1245148
309.9687269
309.8090922
309.6447603
309.4757766
309.3026207
309.1257754
308.9457231
308.7629465
308.5779279
308.3911501
308.2030955
308.0142467
307.8250863
307.6360968
307.4477054
307.2598949
307.0724327
306.8850849
306.6976175
306.5097966
306.3213882
306.1321585
305.9418736
305.7502994
305.557202
305.3623478
305.1655642
304.9671807
304.7677679
304.5678984
304.3681446
304.1690789
303.9712739
303.7753019
303.5817355
303.3911471
303.2041091
303.0211938
302.8428052
302.6679765
302.4950818
302.3224898
302.1485696
301.97169
301.7902201
301.6025288
301.406985
301.2019577
300.9858159
300.7569271
300.5140182
300.2586684
299.9938419
299.7225119
299.4476516
299.172234
298.8992319
298.6316185
298.3723667
298.124449
297.8905116
297.6705418
297.4632479
297.2673281
297.081481
296.9044052
296.7347992
296.5713615
296.4127907
296.2577853
296.1050439
295.9532645
295.8012658
295.6488225
295.4961738
295.3435621
295.1912295
295.0394181
294.8883702
294.738328
294.5895334
294.4422289
294.2966564
294.1530583
294.0116277
293.8721649
293.7342794
293.59758
293.461675
293.326173
293.1906825
293.054812
292.9181702
292.7803655
292.6410063
292.4997015
292.3560798
292.2099377
292.0611518
291.9095994
291.7551577
291.5977041
291.4371159
291.2732702
291.1060444
290.9353159
290.7609617
290.5828594
290.4009713
290.2159505
290.0287823
289.8404549
289.6519564
289.4642748
289.2783981
289.0953143
288.9160114
288.7414776
288.5727008
288.4106701
288.2561343
288.1079393
287.964006
287.8222493
287.6805846
287.5369269
287.3891916
287.2352938
287.0731487
286.9006715
286.7157775
286.5163819
286.3008554
286.0712451
285.8313749
285.5850808
285.3361983
285.0885632
284.8460112
284.612378
284.3914994
284.1872127
284.0029221
283.8385935
283.692523
283.5629959
283.4482975
283.3467134
283.2565293
283.1760306
283.1035028
283.0372317
282.9755025
282.916601
282.8589167
282.8016771
282.7445157
282.687068
282.6289698
282.569857
282.5093652
282.4471303
282.382788
282.3159741
282.2463242
282.1734744
282.0970833
282.016997
281.9331521
281.8454854
281.753934
281.6584349
281.5589252
281.4553418
281.3476218
281.2357021
281.1195198
280.999012
280.8741367
280.7450227
280.6118811
280.4749237
280.3343621
280.190408
280.0432731
279.8931691
279.7403078
279.5849008
279.4271598
279.2672963
279.1055947
278.94292
278.780419
278.6192404
278.4605326
278.3054443
278.155124
278.0107203
277.8733818
277.744257
277.6244945
277.5152426
277.4173088
277.328741
277.2462541
277.1665547
277.0863489
277.0023431
276.9112437
276.8097569
276.694589
276.5624464
276.4100356
276.2340649
276.0319111
275.806436
275.5631347
275.3075226
275.045115
274.781427
274.5219741
274.2722714
274.0378342
273.8241776
273.6361756
273.4735206
273.3334017
273.2129914
273.1094622
273.0199867
272.9417374
272.8718868
272.8076075
272.746072
272.684453
272.6199238
272.5499481
272.4743707
272.3941799
272.3103727
272.223946
272.1358966
272.0472216
271.9589179
271.8719824
271.787412
271.7062036
271.6293544
271.5577186
271.4909995
271.4283452
271.3688994
271.3118059
271.2562086
271.2012514
271.1460783
271.089833
271.0316594
270.9707015
270.9061027
270.8371214
270.7639287
270.6871389
270.6073694
270.5252372
270.4413595
270.3563534
270.2708362
270.1854249
270.1007367
270.0173887
269.9359981
269.857123
269.7808436
269.7070094
269.6354685
269.566069
269.4986587
269.4330858
269.3691982
269.306844
269.2458712
269.1861278
269.1274621
269.0697933
269.013624
268.9597368
268.9089161
268.8619469
268.8196136
268.7827009
268.7519936
268.7282762
268.7123334
268.7049499
268.706911
268.7186723
268.7380469
268.7615699
268.7857668
268.8071637
268.8222866
268.8276616
268.8198145
268.7952716
268.7505586
268.6822018
268.5867246
268.4614571
268.3101481
268.1396628
267.9568863
267.7687029
267.581997
267.4036532
267.2405558
267.0995892
266.9876394
266.9107516
266.8682241
266.8560934
266.8703721
266.9070736
266.9622113
267.0317987
267.1118492
267.1983763
267.2873934
267.374914
267.4569504
267.529875
267.5929248
267.6467279
267.6919212
267.7291411
267.7590244
267.7822077
267.7993276
267.8110206
267.8179234
267.8206727
267.8199049
267.8162219
267.8099429
267.8012512
267.7903287
267.7773577
267.7625203
267.7459987
267.7279749
267.7086313
267.6881498
267.6667127
267.6445021
267.6216651
267.5980638
267.5734236
267.5474683
267.5199222
267.4905094
267.4589539
267.4249799
267.3883114
267.3486727
267.3057878
267.2593803
267.2093376
267.1568529
267.103752
267.0518656
267.0030237
266.9590566
266.9217946
266.8930678
266.8747066
266.8685412
266.8764018
266.90012
266.9409887
266.9960043
267.0600782
267.1281086
267.1949942
267.2556334
267.3049248
267.337767
267.3490586
267.333698
267.2865841
267.202618
267.0777647
266.9166843
266.7282207
266.521247
266.3046369
266.087264
265.8780017
265.6857236
265.5193035
265.3876178
265.2984813
265.2512509
265.2411779
265.2634877
265.3134063
265.3861598
265.476974
265.5810751
265.693689
265.8100417
265.9253593
266.0348689
266.1342596
266.2229931
266.3023471
266.3736121
266.4380786
266.497037
266.5517779
266.6035919
266.6537695
266.7036011
266.7543773
266.8073884
266.8638044
266.923813
266.9871299
267.0534669
267.122536
267.1940492
267.2677185
267.3432558
267.4203732
267.4987825
267.5781959
267.6583251
267.7389342
267.820205
267.9025213
267.9862686
268.0718322
268.1595973
268.2499493
268.3432735
268.4399552
268.5403797
268.6449323
268.7539984
268.8679858
268.9874831
269.1131665
269.2457131
269.3857995
269.5341026
269.6912992
269.8580662
270.0350803
270.2230184
270.4225573
270.6343724
270.8586496
271.0915669
271.3273749
271.5603106
271.7846107
271.9945121
272.1842516
272.3480659
272.4801919
272.5748664
272.6263265
272.6288105
272.5779107
272.4802391
272.34771
272.1922786
272.0258992
271.8605263
271.7081143
271.5806176
271.4899903
271.4481827
271.4656442
271.5405452
271.6651495
271.831679
272.0323553
272.2594002
272.505035
272.7614816
273.0209613
273.275696
273.5179074
273.7398182
273.9344381
274.1011933
274.2425951
274.3611789
274.4594797
274.5400325
274.6053722
274.6580338
274.7005524
274.7354628
274.7653
274.7925993
274.8198228
274.8488511
274.8812828
274.9187143
274.9627424
275.0149636
275.0769748
275.1503724
275.2367533
275.3377141
275.4548513
275.5897624
275.7436327
275.9143477
276.0981934
276.291446
276.4903816
276.6912764
276.8904066
277.0840484
277.2684779
277.4399714
277.5948051
277.7292571
277.840202
277.9294071
278.0009904
278.0590871
278.1078327
278.1513626
278.193812
278.2393164
278.2920111
278.3560315
278.4355128
278.53459
278.6566542
278.7990571
278.9562425
279.1226319
279.2926471
279.4607101
279.6212428
279.7686671
279.8974049
280.0018783
280.076509
280.1157147
280.1150669
280.0792976
280.0175873
279.9391461
279.8531829
279.7689063
279.6955253
279.6422487
279.6182849
279.6328417
279.6939262
279.7997799
279.9439453
280.1199284
280.3212357
280.5413739
280.77385
281.0121705
281.2498422
281.4803719
281.6972663
281.8940288
282.0650415
282.211665
282.3386479
282.4507612
282.5527752
282.64946
282.7455861
282.8459234
282.9552423
283.0783131
283.2199058
283.3847915
283.5770219
283.79487
284.0338115
284.2893041
284.5568055
284.8317736
285.1096661
285.3859409
285.6560558
285.9154685
286.159637
286.3840212
286.5847342
286.7632481
286.9236095
287.0698837
287.2061364
287.3364332
287.4648398
287.5954217
287.7322444
287.8793736
288.0408748
288.2208136
288.4227681
288.6463691
288.889345
289.1494095
289.4242771
289.7116619
290.0092783
290.3148405
290.6260627
290.9406593
291.2563446
291.5708326
291.8818587
292.1873253
292.4852159
292.7735145
293.0502054
293.3132725
293.5606999
293.7904717
294.0005719
294.1889847
294.3536941
294.4926843
294.6045535
294.6928595
294.7635569
294.8226161
294.8760072
294.9297007
294.9896669
295.061876
295.1522983
295.2669072
295.4109276
295.5836468
295.7814686
296.0007776
296.2379592
296.4893988
296.7514817
297.0205935
297.2931194
297.565445
297.8339555
298.0950363
298.3455585
298.586308
298.8199642
299.0492188
299.2767635
299.5052899
299.7374896
299.9760544
300.2236758
300.4830456
300.7568553
301.0477951
301.3581145
301.6864441
302.0296771
302.3846935
302.7483735
303.1175968
303.4892437
303.860194
304.227328
304.5875256
304.9376668
305.2746316
305.5957301
305.9017497
306.1951546
306.4784218
306.754028
307.0244497
307.2921635
307.5596462
307.8293743
308.1038244
308.3854732
308.6767986
308.9799063
309.2939453
309.6166286
309.9456601
310.2787436
310.6135834
310.9478833
311.2793476
311.6056802
311.9245852
312.2337667
312.530929
312.8141516
313.0845515
313.3447127
313.5972288
313.8446933
314.0896999
314.3348422
314.5827139
314.8359085
315.0970196
315.3686408
315.6533643
315.953269
316.2662266
316.5880882
316.9146896
317.2418666
317.5654548
317.8812901
318.1852082
318.473045
318.7406363
318.9838179
319.1984244
319.3811474
319.5355692
319.6686012
319.7871795
319.8982393
320.0087158
320.1255442
320.2556597
320.4059973
320.5834902
320.7944153
321.0396631
321.3175376
321.6263235
321.9643054
322.3297679
322.7209955
323.1362728
323.5738845
324.0321152
324.5092495
325.0035719
325.5132968
326.0360707
326.5692662
327.1102537
327.6564039
328.2050874
328.7536746
329.2995361
329.8400426
330.3725646
330.8944726
331.4031361
331.8962276
332.3738236
332.8371688
333.2875154
333.7261155
334.1542208
334.5730835
334.9839553
335.3880883
335.7867344
336.1811456
336.5725736
336.9622197
337.3508727
337.7391221
338.1275567
338.5167649
338.9073351
339.2998559
339.6949157
340.093103
340.4950064
340.9012142
341.3123149
341.7288615
342.151116
342.5792009
343.0132378
343.453348
343.899653
344.3522743
344.8113332
345.2769513
345.74925
346.2283506
346.7143754
347.2071018
347.703543
348.1993752
348.6902654
349.1718803
349.6398872
350.089953
350.5177448
350.9189296
351.2891745
351.6241464
351.9195089
352.1719714
352.3865562
352.572323
352.7383573
352.8937435
353.0475665
353.2089106
353.3868606
353.5905009
353.8289177
354.1102225
354.4346927
354.7988208
355.1990715
355.63191
356.0938018
356.5812125
357.0906074
357.6184521
358.161212
358.7153526
359.2773389
359.8437878
360.4125242
360.9819598
361.55051
362.1165899
362.6786149
363.2350002
363.7841611
364.3245128
364.8544706
365.3724498
365.876866
366.3664083
366.8419879
367.3055879
367.7591983
368.2048094
368.6444112
369.0799941
369.5135482
369.9470636
370.3825306
370.8219394
371.2672796
371.7203609
372.1815167
372.6503717
373.1265452
373.6096562
374.0993242
374.5951683
375.0968078
375.6038618
376.1159497
376.6326907
377.1537038
377.6787423
378.2086363
378.7447368
379.2883984
379.8409759
380.4038238
380.9782967
381.5657492
382.167536
382.7850115
383.4195306
384.0724497
384.7444805
385.4312027
386.1257038
386.821056
387.5103317
388.1866031
388.8429427
389.472423
390.0681163
390.623095
391.1304317
391.5832021
391.9760021
392.3158294
392.6156539
392.8884868
393.1473396
393.4052239
393.6751512
393.9701331
394.3031812
394.6873123
395.1339374
395.6416998
396.2030422
396.810368
397.4560818
398.1325881
398.8322914
399.5475961
400.270907
400.9946285
401.7111651
402.4129228
403.0930589
403.7508487
404.3885159
405.0083043
405.6124579
406.2032206
406.7828364
407.3535492
407.9176031
408.477242
409.0347099
409.5922502
410.1519306
410.7143765
411.2795215
411.8472934
412.4176201
412.9904296
413.5656499
414.1432089
414.7230347
415.3050551
415.8891982
416.4753919
417.0635422
417.6533765
418.2445363
418.8366624
419.4293958
420.0223771
420.6152473
421.2076471
421.7992176
422.3895994
422.9784334
423.5653598
424.1502554
424.7348815
425.3219144
425.9140361
426.5139283
427.1242729
427.7477518
428.3870468
429.0448398
429.7238126
430.426647
431.1560227
431.91378
432.6948993
433.4910596
434.2939171
435.0951274
435.8863462
436.6592294
437.4054327
438.1166119
438.7844227
439.4005213
439.9565664
440.4458135
440.8745568
441.255358
441.6008273
441.9235745
442.2362089
442.5513403
442.8815781
443.2395319
443.6378084
444.0877193
444.5900139
445.1403544
445.7343678
446.3676809
447.0359207
447.7347137
448.459687
449.2064671
449.970681
450.7479556
451.5339181
452.3244812
453.1178891
453.9135059
454.7107047
455.5088586
456.3073403
457.1055229
457.9027793
458.6984824
459.4920051
460.2827205
461.0700012
461.8532598
462.6322239
463.4067741
464.176792
464.9421593
465.7027576
466.4584685
467.2091735
467.9547543
468.6950926
469.4300699
470.1595677
470.8835349
471.6024589
472.3170882
473.0281731
473.7364637
474.4427102
475.1476629
475.8520719
476.5566875
477.2622597
477.969539
478.6792756
479.3923008
480.1101067
480.8345037
481.567304
482.3103202
483.0653646
483.8342497
484.6187879
485.4207918
486.2420736
487.0844457
487.9497194
488.8389415
489.7469247
490.6654841
491.5864115
492.5014991
493.4025392
494.2813239
495.1296455
495.9392961
496.7020681
497.4097538
498.0541391
498.62881
499.1416744
499.6075873
500.0414514
500.4581674
500.872636
501.2997577
501.7544334
502.2515631
502.8060443
503.4310452
504.1256074
504.8819839
505.6923746
506.5489802
507.4440014
508.3696389
509.3180935
510.281566
511.252257
512.2223675
513.1840958
514.1303745
515.0599882
515.9745578
516.8757242
517.7651273
518.6444071
519.5152036
520.3791568
521.2379066
522.093093
522.9463561
523.799336
524.6535493
525.5095243
526.3673098
527.2269519
528.0884962
528.9519888
529.8174756
530.6850026
531.5546157
532.4263608
533.3002839
534.1764309
535.054844
535.9355349
536.8185005
537.7037379
538.5912438
539.4810152
540.373049
541.2673422
542.1638914
543.0626938
543.9637462
544.8670456
545.7725641
546.6800748
547.5892544
548.499779
549.4113246
550.3235674
551.2361834
552.1488488
553.0612397
553.9730321
554.8839022
555.7935252
556.7018142
557.610573
558.5225229
559.4403913
560.3669055
561.3047928
562.2567804
563.2255957
564.2139657
565.2246177
566.2602792
567.3236788
568.4164818
569.5318273
570.6587238
571.7861535
572.9030989
573.9985424
575.0614665
576.0808537
577.0456864
577.9449472
578.7676191
579.5026918
580.1415621
580.6953601
581.1846986
581.6302595
582.0527251
582.4727778
582.9111
583.3883741
583.9252825
584.5425123
585.2582936
586.0712039
586.9702925
587.9445487
588.9829626
590.0745243
591.2082237
592.3730509
593.557996
594.7520492
595.9442005
597.1234427
598.2797186
599.4107492
600.5179954
601.6029448
602.6670856
603.7119057
604.7388929
605.7495354
606.7453211
607.7277381
608.6982741
609.6584175
610.6097693
611.5548502
612.4966232
613.438055
614.3821119
615.3317605
616.2899673
617.2596986
618.2439211
619.2456012
620.2677053
621.3132019
622.384538
623.4800178
624.5959346
625.7285683
626.8741993
628.029108
629.1895748
630.3518801
631.5123043
632.6671278
633.812631
634.9450937
636.0614006
637.1632935
638.2548665
639.3402284
640.4234881
641.5087546
642.6001365
643.7017428
644.8176825
645.9520642
647.1089966
648.2925856
649.5059311
650.743885
651.9973363
653.2571449
654.5141707
655.7592732
656.9833123
658.1771477
659.3316393
660.4376467
661.4860302
662.4676502
663.3752876
664.2172992
665.0095443
665.7679397
666.5084011
667.2468439
667.9991836
668.7813357
669.6092153
670.4987321
671.4638548
672.502648
673.6055318
674.7628707
675.9650289
677.2023707
678.4652604
679.7440621
681.0291402
682.3108588
683.5795825
684.8256765
686.0406723
687.2255824
688.3859827
689.527484
690.6556967
691.7762311
692.8946976
694.0167064
695.1478676
696.2937918
697.460089
698.6523724
699.8755149
701.1285103
702.4074987
703.7086008
705.0279381
706.3616323
707.705805
709.0565777
710.410072
711.7624095
713.109712
714.4481005
715.7740501
717.0868781
718.3872778
719.675951
720.9535999
722.2209264
723.4786325
724.7274203
725.9679917
727.2010487
728.4272934
729.6474281
730.8622714
732.0735957
733.2836314
734.4946123
735.7087722
736.9283449
738.1555643
739.3926641
740.6418783
741.9054407
743.1855849
744.4845447
745.8038113
747.1388592
748.4822643
749.8265798
751.1643598
752.4881584
753.7905297
755.0640276
756.3012062
757.4946196
758.636822
759.7203604
760.7395375
761.702584
762.6244964
763.5203149
764.4050784
765.2938259
766.2015959
767.1434274
768.1343586
769.1894273
770.3218627
771.5302044
772.8059204
774.140424
775.5251296
776.9514517
778.410805
779.894604
781.3942632
782.9011973
784.4068208
785.9025451
787.3806152
788.839894
790.2824582
791.7104056
793.1258333
794.5308382
795.9275173
797.3179678
798.7042866
800.0885708
801.4729173
802.8594234
804.250046
805.6456158
807.046418
808.4527344
809.8648469
811.2830372
812.7075872
814.1387787
815.5768937
817.0222138
818.4750209
819.9355965
821.4040805
822.8794535
824.360139
825.8445563
827.3311249
828.818264
830.304393
831.7879314
833.2672984
834.7409135
836.2071961
837.6645657
839.1118515
840.5512028
841.9863686
843.4211103
844.859189
846.3043655
847.7604009
849.2310563
850.7200926
852.2312709
853.7683521
855.3351019
856.9341165
858.5587155
860.1977121
861.83989
863.4740342
865.0889295
866.6733608
868.216113
869.705971
871.1317198
872.4821443
873.7460294
874.9145598
875.9982871
877.0171252
877.9910492
878.9400338
879.8840539
880.8430844
881.8371001
882.886076
884.0099961
885.2264628
886.5341724
887.9226404
889.3813216
890.8996731
892.4671521
894.0732156
895.7073209
897.3589252
899.0174856
900.6724593
902.3133028
903.9305908
905.5238978
907.0971522
908.6543111
910.1993311
911.736169
913.2687813
914.801125
916.3371566
917.8808329
919.4361106
921.0069447
922.5968094
924.2052298
925.8298344
927.4682376
929.1180541
930.776898
932.4423839
934.1121262
935.7837393
937.4548377
939.1230357
940.785948
942.4414702
944.0897758
945.7321361
947.3698306
949.0041389
950.6363404
952.2677143
953.8995402
955.5330975
957.1696657
958.810524
960.4569527
962.1100376
963.7693213
965.4335967
967.1016521
968.7722758
970.4442563
972.1163817
973.7874407
975.4562214
977.1215123
978.7821018
980.4367783
982.0846904
983.7278963
985.3698597
987.0140541
988.6639525
990.3230282
991.9947544
993.6826043
995.3900511
997.1205682
998.8776284
1000.664702
1002.484242
1004.330361
1006.193164
1008.062727
1009.929127
1011.782439
1013.612738
1015.4101
1017.164602
1018.86632
1020.505328
1022.071702
1023.557558
1024.971492
1026.330048
1027.649832
1028.947448
1030.2395
1031.542592
1032.873328
1034.24831
1035.684138
1037.195467
1038.781036
1040.431939
1042.13921
1043.893884
1045.686998
1047.509585
1049.352682
1051.207324
1053.064546
1054.915384
1056.750872
1058.562994
1060.351407
1062.119463
1063.870547
1065.608039
1067.335321
1069.055775
1070.772783
1072.489727
1074.209987
1075.936946
1077.673988
1079.424203
1081.18838
1082.966187
1084.757285
1086.561335
1088.377998
1090.206935
1092.047807
1093.900276
1095.764003
1097.638649
1099.523874
1101.419282
1103.323999
1105.236921
1107.156944
1109.082963
1111.013873
1112.948569
1114.885947
1116.824902
1118.764329
1120.703123
1122.640181
1124.574723
1126.508637
1128.445088
1130.387254
1132.33831
1134.301434
1136.2798
1138.276586
1140.294967
1142.338121
1144.409222
1146.511449
1148.64679
1150.807638
1152.98176
1155.156884
1157.320743
1159.461068
1161.56559
1163.622041
1165.618151
1167.541653
1169.380277
1171.121744
1172.756427
1174.295726
1175.761257
1177.174702
1178.557742
1179.932058
1181.319329
1182.741235
1184.219457
1185.775674
1187.429177
1189.179906
1191.018477
1192.935432
1194.921319
1196.966681
1199.062065
1201.198016
1203.365081
1205.553805
1207.754732
1209.958407
1212.156145
1214.345393
1216.526576
1218.700141
1220.866533
1223.026195
1225.179572
1227.32711
1229.469252
1231.606445
1233.739131
1235.867757
1237.992801
1240.115022
1242.235312
1244.354565
1246.473676
1248.593538
1250.715045
1252.839091
1254.966569
1257.098375
1259.235401
1261.378541
1263.528482
1265.684223
1267.84395
1270.005845
1272.168089
1274.328863
1276.486347
1278.638723
1280.784172
1282.920876
1285.047014
1287.160768
1289.260878
1291.350604
1293.435384
1295.520674
1297.61193
1299.714606
1301.834157
1303.976039
1306.145707
1308.348616
1310.59022
1312.875982
1315.209783
1317.582976
1319.980828
1322.388565
1324.791415
1327.174607
1329.523369
1331.822929
1334.058516
1336.215357
1338.278681
1340.233718
1342.068705
1343.796207
1345.440539
1347.026096
1348.577271
1350.118457
1351.674047
1353.268436
1354.926017
1356.671194
1358.525598
1360.488859
1362.549917
1364.697644
1366.920914
1369.2086
1371.549577
1373.932718
1376.346898
1378.780991
1381.223871
1383.664412
1386.092441
1388.505487
1390.9048
1393.291654
1395.667322
1398.033081
1400.390202
1402.739962
1405.083634
1407.422492
1409.75781
1412.090864
1414.422941
1416.755452
1419.089865
1421.427648
1423.77027
1426.119199
1428.475903
1430.841851
1433.218512
1435.607354
1438.009844
1440.427453
1442.861314
1445.309867
1447.770249
1450.239589
1452.715015
1455.193655
1457.672639
1460.149095
1462.620151
1465.082936
1467.534578
1469.972204
1472.39355
1474.801187
1477.200039
1479.595041
1481.991131
1484.393245
1486.80632
1489.235292
1491.685098
1494.160675
1496.666959
1499.208887
1501.79001
1504.402692
1507.033893
1509.670535
1512.299542
1514.907836
1517.482341
1520.00998
1522.477676
1524.872352
1527.180933
1529.390349
1531.490334
1533.493613
1535.423951
1537.305194
1539.161192
1541.015791
1542.892839
1544.816185
1546.809676
1548.897161
1551.099622
1553.414939
1555.829818
1558.330892
1560.904798
1563.538168
1566.217637
1568.92984
1571.66141
1574.398982
1577.129191
1579.838675
1582.515476
1585.159145
1587.774762
1590.367446
1592.94232
1595.504503
1598.059116
1600.611281
1603.166117
1605.728745
1608.304286
1610.897862
1613.514025
1616.152739
