168.2803579
168.6302757
169.0054524
169.4172423
169.8769996
170.3960785
170.9858333
171.6576181
172.4227872
173.2926947
174.2786948
175.3921543
176.6411934
178.0081595
179.4628854
180.9751208
182.5146187
184.0511322
185.5544142
186.994218
188.3402976
189.5624093
190.6339074
191.5574151
192.3496388
193.0273943
193.6074953
194.1067551
194.5419873
194.9300052
195.2876223
195.631652
195.9789078
196.3462094
196.7486928
197.1881213
197.6597659
198.1588543
198.6806159
199.22028
199.7730761
200.3342336
200.8989819
201.4625504
202.0201686
202.5670655
203.0989799
203.6157509
204.1192018
204.6111687
205.0934878
205.567995
206.0365264
206.5009181
206.963006
207.4246264
207.8876151
208.3538077
208.8248734
209.3011157
209.7821823
210.2677162
210.7573601
211.2507569
211.7475494
212.2473806
212.7498931
213.25473
213.7615339
214.2699478
214.7796127
215.2901539
215.8011898
216.3123383
216.8232176
217.3334458
217.8426409
218.350421
218.8564041
219.3602085
219.8614521
220.3597538
220.8545558
221.3439007
221.8251511
222.2956649
222.7528004
223.193916
223.6163698
224.01752
224.3947251
224.7453431
225.0667324
225.3562525
225.6125711
225.8449609
226.0678136
226.2955549
226.5426105
226.8234063
227.1523681
227.5439216
228.0124928
228.5725073
229.2383902
230.0245585
230.9423481
231.977828
233.104935
234.297513
235.5294058
236.7744575
238.0065123
239.1994142
240.3270074
241.3631382
242.2845298
243.0912066
243.7944436
244.4055902
244.9359959
245.3970104
245.7999833
246.1562645
246.4772033
246.7741496
247.0584527
247.3414596
247.63362
247.9380218
248.2542188
248.5817374
248.920104
249.2688454
249.627488
249.9955585
250.3725834
250.7580892
251.1516027
251.5526504
251.9606632
252.3743011
252.7918516
253.2115994
253.6318295
254.0508267
254.4668759
254.8782619
255.2832697
255.680184
256.0672898
256.4428714
256.8053767
257.154554
257.4907833
257.8144484
258.1259332
258.4256214
258.7138969
258.9911434
259.2577448
259.5140848
259.7605473
259.9975159
260.2253432
260.4441258
260.6538375
260.8544511
261.0459395
261.2282756
261.4014322
261.5653821
261.7200983
261.8655535
262.0017209
262.1285753
262.2470564
262.3659915
262.4979975
262.6557211
262.8518084
263.0989058
263.4096593
263.7967152
264.2727196
264.8503188
265.5421584
266.3608951
267.3159772
268.3912819
269.5582925
270.7884057
272.0530217
273.3235406
274.5713627
275.7678883
276.8845186
277.8926614
278.7670894
279.5101067
280.1372428
280.6641301
281.1064
281.4796838
281.7996126
282.0818177
282.3419304
282.5955818
282.8584029
283.1460305
283.472324
283.8369663
284.2327711
284.652504
285.0889324
285.5348237
285.9829453
286.4260648
286.8569495
287.268367
287.6530845
288.0038671
288.3145859
288.5879451
288.8309337
289.0505677
289.2538625
289.4478338
289.6394971
289.8358678
290.0439615
290.2707937
290.5233797
290.8087325
291.1329151
291.4942157
291.8871836
292.3063416
292.746212
293.2013175
293.6661803
294.1353229
294.6032678
295.0645375
295.5136544
295.9451415
296.35391
296.7380318
297.0970998
297.4307186
297.7384924
298.0200255
298.2749224
298.5027873
298.7032245
298.8758383
299.0202332
299.1360091
299.223881
299.2934179
299.3584872
299.4329848
299.5308058
299.6658451
299.8519976
300.1031582
300.4332219
300.8560836
301.3856382
302.0357833
302.8171671
303.7143116
304.6990939
305.7433097
306.8187553
307.8972268
308.9505204
309.9504325
310.8687594
311.6772842
312.3512776
312.8937203
313.3210424
313.6497645
313.8964035
314.0774766
314.2095005
314.3089924
314.3924689
314.4764472
314.5774442
314.7119784
314.8950041
315.1289118
315.410009
315.7345642
316.0988461
316.4991235
316.9316653
317.3927402
317.878617
318.3855645
318.9098514
319.4477455
319.9952147
320.5457655
321.0917223
321.6254006
322.1391158
322.6251835
323.0759192
323.4836384
323.8406564
324.139289
324.371852
324.5306605
324.6096269
324.6155882
324.561611
324.4608095
324.3262968
324.1711858
324.0085894
323.8516205
323.713392
323.6070169
323.5456081
323.5422847
323.6085546
323.743141
323.9385564
324.1872732
324.481765
324.8145055
325.1779687
325.5646282
325.9669577
326.3774311
326.788522
327.192705
327.5835436
327.963416
328.3389577
328.716832
329.1037026
329.506233
329.9310868
330.3849273
330.8744183
331.4062232
331.9870052
332.6234226
333.3204459
334.0691954
334.8541415
335.6597037
336.4703016
337.2703551
338.0442839
338.7765075
339.4514459
340.0535193
340.5693245
341.0030487
341.3673781
341.6750546
341.9388203
342.1714171
342.3855872
342.5940724
342.809615
343.0449568
343.3128395
343.6260005
343.9956653
344.420653
344.8938256
345.408
345.9559932
346.5306219
347.124703
347.7310536
348.3424904
348.9518304
349.5518906
350.1354869
350.6961376
351.2330097
351.7479991
352.2430218
352.7199933
353.1808288
353.6274438
354.0617535
354.4856735
354.901119
355.3100053
355.7142486
356.1155849
356.5143223
356.9100747
357.3024519
357.6910638
358.0755202
358.4554309
358.8304058
359.2000547
359.5639875
359.921814
360.2731441
360.6176464
360.9554655
361.2869757
361.6125527
361.9325725
362.2474108
362.5574434
362.8630461
363.1645949
363.4624655
363.7570336
364.0486749
364.3376355
364.623104
364.9037607
365.1782821
365.4453446
365.7036246
365.9517987
366.1885432
366.4125348
366.6224497
366.8169647
366.9947535
367.1553949
367.3056918
367.4559464
367.6164857
367.7976357
368.0097224
368.2630717
368.5680096
368.9348622
369.3739554
369.8956152
370.5101742
371.2253858
372.0284298
372.8965037
373.8067419
374.7362802
375.6622541
376.5617994
377.4120519
378.1901475
378.8732146
379.441129
379.8957249
380.2494686
380.514902
380.7045641
380.8309941
380.906731
380.9443137
380.9562813
380.9551729
380.9535274
380.9638869
380.99767
381.057341
381.141018
381.246792
381.3727544
381.5169969
381.6776108
381.8526876
382.0403189
382.2385961
382.4456108
382.6594548
382.8783668
383.1017853
383.3297264
383.56221
383.7992562
384.0408851
384.2871167
384.537971
384.7934682
385.0536282
385.3184712
385.5880171
385.8622697
386.1410991
386.424311
386.711711
387.0031045
387.2982968
387.5970934
387.8992997
388.2047211
388.5131631
388.8244309
389.1383308
389.454475
389.770935
390.0850342
390.3940913
390.695425
390.9863541
391.2641974
391.5262736
391.7699015
391.9923999
392.1910875
392.3632817
392.5073446
392.6300186
392.7421054
392.8544323
392.9778266
393.1231156
393.3011264
393.5226864
393.7986226
394.1397624
394.5569324
395.0609523
395.6601888
396.3428918
397.0876458
397.8729648
398.6773618
399.4793503
400.2574435
400.9901547
401.6559972
402.2334801
402.703797
403.0696513
403.3441687
403.5405413
403.6719602
403.7516167
403.7927022
403.8084079
403.811925
403.8164448
403.8351582
403.8812524
403.9665161
404.0912746
404.2503449
404.4385036
404.6505271
404.8811918
405.1252741
405.3775505
405.6327972
405.8857908
406.1313078
406.3641247
406.5795915
406.7777082
406.9607149
407.1308686
407.290426
407.4416438
407.5867788
407.7280876
407.8678268
408.0082533
408.1516236
408.3001956
408.4559549
408.618728
408.7872927
408.9604202
409.1368816
409.3154481
409.4948911
409.6739817
409.8514911
410.0261908
410.1968518
410.3622454
410.521226
410.6733181
410.8183705
410.956234
411.0867594
411.2097974
411.3251989
411.4328147
411.5324955
411.6240922
411.7074558
411.7824388
411.8494628
411.9136197
411.982244
412.0626871
412.1623001
412.2884347
412.448442
412.6496735
412.8994806
413.2052145
413.5742262
414.0138694
414.5297079
415.1128961
415.7476306
416.418056
417.1083186
417.8025648
418.484941
419.1395935
419.7506693
420.30232
420.7804217
421.1850002
421.5228764
421.800922
422.026009
422.2050093
422.3447949
422.4522377
422.5342096
422.5975824
422.6492282
422.6960191
422.7443866
422.7972078
422.8556438
422.9208434
422.9939553
423.0761286
423.168512
423.2722545
423.3885052
423.5184127
423.6631262
423.8237955
424.0013006
424.1943791
424.4007274
424.6180357
424.8439941
425.0762927
425.3126217
425.5506714
425.788132
426.0226935
426.2520462
426.4738806
426.6860815
426.8881129
427.0802003
427.2625746
427.4354665
427.5991067
427.7537261
427.8995554
428.0368254
428.1657668
428.2866104
428.3995869
428.5048845
428.6023443
428.6916407
428.7724464
428.8444347
428.9072785
428.9606507
429.0042244
429.0376727
429.0606685
429.0728849
429.0739934
429.0642939
429.0491158
429.0362225
429.0333947
429.0484126
429.0890564
429.1631062
429.2783423
429.4425446
429.6634935
429.9489691
430.3067572
430.7427108
431.2472922
431.8034918
432.3942532
433.002521
433.6112396
434.2033538
434.761808
435.2695473
435.7095115
436.0667444
436.3431461
436.5487704
436.6937302
436.7881363
436.8420997
436.8657309
436.8691408
436.8624402
436.8557397
436.8591502
436.8827858
436.9356604
437.0180318
437.1259068
437.255265
437.4020868
437.5623526
437.7320429
437.9071381
438.0836186
438.2574648
438.4246573
438.5811771
438.7234001
438.8509192
438.9648769
439.0664262
439.1567203
439.2369125
439.3081559
439.3716037
439.4284092
439.4797255
439.5267058
439.5705034
439.6122659
439.6530969
439.6940785
439.7362927
439.7808215
439.8287469
439.881151
439.9391157
440.003723
440.076055
440.1571935
440.2482217
440.3499347
440.4608359
440.5783179
440.6997652
440.8225627
440.9440956
441.0617488
441.1729071
441.2749557
441.3652795
441.4412635
441.5002909
441.5405928
441.5671791
441.5883465
441.6124126
441.6476945
441.7025095
441.7851747
441.9040073
442.0673245
442.2834436
442.5606813
442.9073495
443.3299107
443.8196776
444.36068
444.9368955
445.5323012
446.1308739
446.7165908
447.2734289
447.7853651
448.2363726
448.6122553
448.9134482
449.1474814
449.3219299
449.4443679
449.5223697
449.5635096
449.5753618
449.5655005
449.5415001
449.5109347
449.4813768
449.4597653
449.4478514
449.4448924
449.4501272
449.462795
449.4821346
449.5073853
449.5377858
449.5725754
449.6109929
449.6522773
449.6956678
449.7404288
449.786032
449.8320486
449.8780507
449.9236103
449.9682995
450.0116904
450.053355
450.0928653
450.1297934
450.1637114
450.1941911
450.2208662
450.243863
450.2635469
450.2802846
450.2944431
450.306389
450.3164893
450.3251108
450.3326203
450.3393845
450.3457703
450.3521446
450.3589422
450.3671466
450.3780065
450.3927727
450.4126955
450.4390256
450.4730135
450.5159098
450.5689649
450.6334295
450.710554
450.8015878
450.9074066
451.0258209
451.1531687
451.2857774
451.4199739
451.5520854
451.6784391
451.795362
451.8991813
451.9862241
452.0528179
452.0952891
452.1109253
452.1047763
452.0856357
452.0623254
452.0436666
452.0384805
452.055588
452.1038104
452.1919687
452.3288841
452.5233776
452.7842778
453.1184986
453.5177648
453.9664214
454.4487658
454.9490974
455.4517152
455.9409186
456.4010069
456.8162796
457.1710355
457.4514218
457.658537
457.8006879
457.8862359
457.9235409
457.9209629
457.8868619
457.8295978
457.7575305
457.6790198
457.6024258
457.5361118
457.4875687
457.457366
457.4427108
457.4407886
457.4487855
457.4638875
457.4832809
457.5041518
457.5236863
457.5390707
457.5474909
457.5461335
457.5325742
457.5075394
457.4732775
457.4320467
457.3861053
457.3377118
457.2891244
457.2426014
457.2004013
457.1647822
457.1380024
457.1223195
457.1196935
457.1296457
457.1505263
457.1806767
457.2184381
457.2621519
457.3101593
457.3608017
457.4124205
457.4633568
457.5119521
457.5565476
457.5955406
457.6277806
457.652335
457.6682731
457.674664
457.6705768
457.6550807
457.6272447
457.5861381
457.5308299
457.4603893
457.3738828
457.2711421
457.1580795
457.0435607
456.9364702
456.845692
456.7801098
456.7486077
456.7600695
456.8233791
456.9474205
457.1410774
457.4132299
457.7707167
458.2037508
458.6945335
459.2252118
459.7779319
460.3348401
460.8780827
461.3898061
461.8521565
462.2472728
462.5593994
462.7895048
462.9466817
463.0400743
463.0788251
463.0720768
463.028972
462.9586533
462.8702633
462.7729446
462.6758398
462.58809
462.5179842
462.4668763
462.4327779
462.4136773
462.4075632
462.4124239
462.4262479
462.4470235
462.4727393
462.5013837
462.5309451
462.5594122
462.5848823
462.6063412
462.6232014
462.6348789
462.6407895
462.6403491
462.6329736
462.6180789
462.5950807
462.563395
462.5224377
462.4716239
462.4105931
462.3407739
462.2644618
462.1839582
462.1015644
462.0195818
461.9403117
461.8660552
461.7991138
461.7417887
461.6963812
461.6651938
461.6500766
461.6492724
461.6592734
461.6765609
461.6976165
461.7189215
461.7369576
461.7482061
461.7491486
461.7362665
461.7060414
461.6549573
461.5803835
461.4869325
461.3827015
461.2758117
461.1743853
461.0865439
461.0204094
460.9841035
460.9857482
461.0334653
461.135376
461.2995998
461.5325321
461.8265151
462.1671331
462.5399178
462.9304016
463.3241172
463.7065973
464.0633745
464.3799816
464.6419556
464.8365182
464.9646612
465.0340027
465.0522075
465.0269406
464.9658672
464.8766524
464.7669613
464.644459
464.5168107
464.3916812
464.2767344
464.178873
464.0987887
464.034187
463.9827506
463.9421623
463.9101047
463.8842609
463.8623136
463.8419458
463.8208402
463.7966797
463.7671462
463.7301755
463.6857208
463.6347146
463.5780956
463.5168028
463.4517748
463.3839502
463.3142678
463.2436663
463.1730844
463.1034608
463.0357343
462.9707699
462.9088405
462.8499323
462.7940297
462.741117
462.6911786
462.6441988
462.6001621
462.5590528
462.5208552
462.4855537
462.4531322
462.423424
462.3950276
462.365948
462.334186
462.2977424
462.2546177
462.2028129
462.1403286
462.0651655
461.9753244
461.8688062
461.7436119
461.5985363
461.4388133
461.2727779
461.1087892
460.9552055
460.8203852
460.7126868
460.6404686
460.6120889
460.6359062
460.7202787
460.8735723
461.1022929
461.3981917
461.745853
462.1298144
462.5346147
462.9447934
463.3448896
463.7194425
464.0529917
464.3300776
464.5370535
464.674997
464.7520749
464.7765087
464.7565185
464.7003246
464.6161471
464.5122062
464.3967219
464.2779146
464.1640042
464.0632144
463.9828872
463.9233685
463.8816061
463.8545258
463.839054
463.8321173
463.830642
463.8315547
463.8317819
463.8282501
463.8178857
463.7976153
463.7646548
463.7185548
463.6599951
463.5896624
463.5082438
463.4164262
463.3148965
463.2043416
463.0854485
462.958904
462.8253952
462.685609
462.5402701
462.3904113
462.2372134
462.0818583
461.9255279
461.7694042
461.614669
461.4625044
461.3140921
461.1706142
461.0332526
460.9031892
460.7814076
460.667288
460.5594374
460.4564568
460.3569474
460.2595106
460.1627475
460.0652593
459.9656474
459.8625129
459.7544571
459.6400793
459.5185026
459.3930088
459.2688997
459.1514902
459.0460947
458.9580276
458.8926033
458.8551362
458.8509406
458.8853311
458.963622
459.0911261
459.2718364
459.499035
459.7608357
460.045318
460.340561
460.6346439
460.9156459
461.1716463
461.3907241
461.560953
461.671892
461.7248886
461.7270172
461.6853893
461.6071149
461.499304
461.3690667
461.2235131
461.0697532
460.9148971
460.7660548
460.6303357
460.514101
460.4176486
460.3383496
460.2735555
460.2206177
460.1768877
460.1397171
460.1064574
460.0744598
460.0410761
460.0036577
459.9595565
459.9063174
459.8430648
459.7696817
459.6860569
459.5920795
459.487638
459.3726216
459.2469188
459.1104187
458.96301
458.8045817
458.6350221
458.4543682
458.2638447
458.0652512
457.8603914
457.6510688
457.4390869
457.2262493
457.0143595
456.805221
456.6006374
456.4024123
456.2123495
456.0321236
455.8623797
455.703263
455.5549155
455.4174794
455.2910969
455.17591
455.0720608
454.9796916
454.8989444
454.8299614
454.7728841
454.7275867
454.6917636
454.6620588
454.6351095
454.6075526
454.5760251
454.5371638
454.4876057
454.4239878
454.342947
454.2411205
454.1151472
453.9625716
453.7883428
453.6009681
453.4089821
453.2209193
453.045314
452.8907007
452.7656136
452.6785873
452.6381561
452.6528541
452.7312214
452.8800248
453.0918954
453.3526128
453.647909
453.9635179
454.2851735
454.5986095
454.8895598
455.1437589
455.3469442
455.48641
455.5621898
455.5804366
455.5473512
455.4691337
455.3519843
455.202103
455.0256901
454.8289456
454.6180696
454.3992622
454.1787251
453.962155
453.7512208
453.5456397
453.3451152
453.1493514
452.9580522
452.7709218
452.5876643
452.4079836
452.2315839
452.0581691
451.8874434
451.7191125
451.5528952
451.3885169
451.225703
451.0641788
450.9036696
450.7439008
450.5845978
450.425486
450.2662907
450.1067372
449.9465512
449.7855508
449.624311
449.4637712
449.304873
449.1485583
448.9957688
448.8474463
448.7045327
448.5679697
448.438699
448.3176626
448.2058017
448.1037798
448.0099958
447.9217593
447.8363713
447.7511332
447.6633461
447.5703116
447.4693307
447.3577048
447.2327352
447.0917233
446.9319675
446.7514905
446.5540667
446.3462625
446.1346631
445.9258529
445.7264162
445.5429375
445.3820011
445.2501915
445.1540931
445.1002901
445.0953686
445.1445451
445.2420405
445.3767515
445.5375411
445.713272
445.8928073
446.06501
446.2187431
446.3428697
446.4262478
446.4590676
446.4421089
446.3812901
446.2825643
446.1518833
445.9951987
445.8184624
445.627626
445.4286412
445.2274599
445.0300338
444.8423153
444.669662
444.5126583
444.369577
444.2386759
444.1182129
444.0064463
443.9016339
443.8020338
443.705904
443.6115026
443.5170876
443.4209174
443.321381
443.2179372
443.1105588
442.9992227
442.8839056
442.7645841
442.641235
442.513835
442.3823609
442.2467893
442.107097
441.9632608
441.8152988
441.6635656
441.5085781
441.3508539
441.1909111
441.0292674
440.8664408
440.7029491
440.5393102
440.376042
440.2136623
440.0526896
439.8935012
439.7353552
439.576966
439.4170444
439.2543015
439.0874482
438.9151955
438.7362543
438.5493357
438.3531507
438.1464103
437.9278253
437.6967065
437.4572042
437.2158081
436.9790234
436.753355
436.545308
436.3613874
436.2080983
436.0919457
436.0194346
435.9970697
436.0313514
436.1272549
436.2772416
436.4677637
436.685228
436.9160413
437.1466106
437.3633425
437.5526441
437.7009219
437.7945828
437.8216757
437.7834954
437.6877416
437.5421552
437.3544774
437.1324494
436.883812
436.6163066
436.337674
436.0556554
435.7779917
435.5124214
435.2658732
435.0386284
434.8277765
434.6303831
434.4435135
434.2642333
434.0896079
433.9167027
433.7425832
433.5643149
433.3789632
433.1835934
432.9757212
432.7564987
432.5288327
432.2956433
432.0598499
431.8243722
431.5921296
431.3660419
431.1490285
430.944009
430.7539029
430.5816316
430.4296861
430.2971459
430.1814325
430.0799571
429.9901309
429.9093655
429.8350722
429.7646624
429.6955475
429.625139
429.5508482
429.4700867
429.3804351
429.280845
429.1709299
429.0503074
428.9185951
428.7754109
428.6203726
428.4530977
428.2732041
428.0803095
427.8740317
427.6539897
427.4202342
427.1763563
426.9276471
426.6794107
426.4369511
426.2055724
425.9905786
425.797274
425.6309623
425.4969478
425.4005343
425.3470284
425.3406137
425.3764781
425.4454576
425.538357
425.6459819
425.7591382
425.8686315
425.9652678
426.039853
426.0831958
426.0871096
426.0516477
425.9808199
425.8786661
425.7492265
425.5965409
425.4246493
425.2375917
425.039408
424.8341382
424.6258222
424.4185007
424.2158149
424.0182015
423.8245475
423.6337287
423.4446212
423.2561012
423.0670448
422.8763282
422.6828276
422.4854192
422.2829791
422.0743829
421.8586726
421.636212
421.408007
421.1750677
420.938404
420.6990256
420.4579426
420.2161646
419.9747018
419.7345639
419.4967607
419.2623021
419.0321357
418.8067016
418.5861962
418.3708137
418.1607486
417.9561952
417.7573481
417.5644014
417.3775497
417.1969874
417.0229088
416.8555079
416.6948557
416.5400133
416.3895571
416.2420597
416.0960938
415.9502319
415.8030467
415.6531108
415.4989969
415.3392777
415.1725256
414.997313
414.8123667
414.6176474
414.4137137
414.2011286
413.9804547
413.7522547
413.5170912
413.275527
413.0281247
412.775447
412.5180565
412.2565155
411.9916196
411.7260299
411.4633123
411.2070385
410.9607799
410.728108
410.5125944
410.3178105
410.1473279
410.004718
409.8935522
409.8173998
409.7789929
409.774214
409.7956513
409.8358694
409.887433
409.9429064
409.9948542
410.0358409
410.0584309
410.0551868
410.0194942
409.9513073
409.8537672
409.7300348
409.5832709
409.4166364
409.2332918
409.036398
408.8291156
408.6146055
408.3960282
408.176544
407.9590923
407.744807
407.5339539
407.3267922
407.1235814
406.9245809
406.73005
406.540248
406.3554344
406.1758684
406.0018096
405.8335169
405.6711086
405.5135536
405.3592681
405.2066639
405.0541531
404.9001477
404.7430597
404.581301
404.4132836
404.2374195
404.0521207
403.8557981
403.6471716
403.4274178
403.1989055
402.9640115
402.7251122
402.4845842
402.244804
402.008148
401.7769928
401.5537149
401.3406908
401.1402975
400.9544664
400.7815529
400.6181802
400.4609607
400.3065067
400.1514307
399.9923449
399.8258619
399.6485939
399.4571534
399.248153
399.0182074
398.7647345
398.4917376
398.2063837
397.915863
397.6273661
397.3480835
397.0852056
396.8459228
396.6374256
396.4669044
396.3415494
396.2685508
396.253655
396.2909082
396.368719
396.4754531
396.5994772
396.729158
396.8528622
396.9589567
397.0358084
397.0717879
397.0565289
396.9900202
396.8772265
396.7231492
396.5327895
396.3111488
396.0632285
395.79403
395.5085547
395.2118039
394.908779
394.6044812
394.3035235
394.0073695
393.7159662
393.4292488
393.1471527
392.8696134
392.5965663
392.3279471
392.0636911
391.8037338
391.5480108
391.2964575
391.0490334
390.8058901
390.5672725
390.3334261
390.1045962
389.8810284
389.662968
389.4506606
389.2443516
389.0442863
388.8507103
388.663869
388.4839373
388.3105207
388.1429495
387.9805521
387.8226571
387.6685929
387.517688
387.3692709
387.2226701
387.077214
386.9322312
386.7870501
386.640988
386.4932719
386.3430848
386.1896097
386.0320296
385.8695273
385.7012858
385.526488
385.3443167
385.1539549
384.9545857
384.7453915
384.525868
384.2980334
384.0651234
383.8303831
383.5970572
383.3683903
383.147627
382.9380121
382.7427902
382.565206
382.4085041
382.275932
382.1700186
382.0875915
382.0227084
381.9694093
381.9217348
381.8737254
381.8194217
381.7528643
381.6680939
381.5591506
381.4208202
381.2539105
381.0621337
380.8492243
380.6189158
380.3749421
380.1210368
379.8609335
379.5983659
379.3370677
379.0807726
378.8332157
378.5977738
378.374983
378.1639986
377.9639676
377.7740368
377.5933532
377.4210639
377.2563158
377.0982559
376.9460314
376.7987891
376.6556759
376.5157801
376.3777125
376.2398536
376.1005825
375.9582781
375.8113197
375.6580861
375.4969563
375.3263095
375.1445246
374.9499808
374.7410577
374.5163775
374.2765506
374.0231421
373.7577243
373.4818696
373.1971504
372.9051388
372.6074074
372.3055285
372.0010744
371.6956173
371.39073
371.0878899
370.7878128
370.4908461
370.1973346
369.9076232
369.6220566
369.3409798
369.0647375
368.7936747
368.5281361
368.2684667
368.015011
367.768175
367.5288516
367.2981704
367.0772625
366.8672587
366.66929
366.4844875
366.3139822
366.1589049
366.0203868
365.8995586
365.7975507
365.7150933
365.6496566
365.5971407
365.5534347
365.5144278
365.4760091
365.4340676
365.3844925
365.3231729
365.2459962
365.1493006
365.0330041
364.8987633
364.748246
364.5831198
364.405052
364.2157101
364.0167615
363.8098738
363.5967143
363.3789505
363.1582497
362.9361426
362.7130499
362.4888571
362.2634464
362.0366995
361.8084985
361.5787251
361.3472615
361.1139894
360.8787908
360.6415477
360.4021421
360.1605125
359.9170591
359.672404
359.427171
359.1819837
358.937466
358.6942415
358.452934
358.2141673
357.9785651
357.7467512
357.5193494
357.2969216
357.0795336
356.867011
356.6591777
356.4558577
356.2568748
356.0620532
355.8712166
355.6841892
355.5007947
355.3208574
355.1442012
354.9705886
354.7992908
354.6293407
354.4597695
354.2896084
354.1178888
353.943642
353.7658993
353.5836919
353.3960512
353.2020086
353.0005959
352.791108
352.5749882
352.3547135
352.1327682
351.9116367
351.6938035
351.4817528
351.2779691
351.0849367
350.9051401
350.7410635
350.5951904
350.4694257
350.360956
350.2646989
350.1755546
350.0884235
349.998206
349.8998025
349.7881134
349.6580392
349.5044819
349.3230067
349.1145959
348.8828388
348.6313434
348.3637173
348.0835686
347.794505
347.5001346
347.2040652
346.9099046
346.6212607
346.3417406
346.074518
345.819227
345.5738009
345.3361596
345.1042231
344.8759115
344.6491448
344.4218431
344.1919266
343.9573153
343.7159293
343.4656877
343.204812
342.9339318
342.6548445
342.3693557
342.0792704
341.7863939
341.4925311
341.1994874
340.9090677
340.6230773
340.3433213
340.0716051
339.8095314
339.5570779
339.3134349
339.0777878
338.849322
338.6272227
338.4106755
338.1988656
337.9909786
337.7861997
337.5837143
337.3827081
337.1824198
336.982525
336.7829092
336.5834593
336.3840624
336.1846055
335.9849754
335.7850594
335.5847443
335.3839171
335.1824648
334.9802745
334.7772212
334.5730834
334.367593
334.1604815
333.9514805
333.7403217
333.5267365
333.3104565
333.0912134
332.8687386
332.6427638
332.4130197
332.1794308
331.9434571
331.7073046
331.4731842
331.2433067
331.0198828
330.8051232
330.6012385
330.4104396
330.2349372
330.0769419
329.9386646
329.821805
329.7239429
329.6406654
329.5675469
329.5001616
329.434084
329.3648883
329.2881489
329.1994402
329.0943345
328.9689119
328.8232848
328.6595231
328.4797095
328.2859265
328.0802566
327.864782
327.6415853
327.4127487
327.1803547
326.9464856
326.7132241
326.4824505
326.254421
326.0286051
325.8044673
325.5814725
325.3590851
325.1367699
324.9139914
324.6902144
324.4649034
324.237523
324.0075384
323.7745358
323.5390961
323.3022781
323.0651442
322.8287566
322.5941776
322.3624697
322.1346951
321.9119161
321.6951952
321.4855945
321.2841764
321.0918359
320.9081138
320.7318979
320.5620713
320.397517
320.2371181
320.0797576
319.9243187
319.7696844
319.614738
319.4583623
319.2994403
319.1369411
318.9705211
318.8001701
318.62588
318.447643
318.2654508
318.0792955
317.889169
317.6950632
317.4969702
317.2948819
317.0887901
316.8787626
316.6654775
316.4499084
316.2330305
316.0158192
315.7992499
315.5842978
315.3719384
315.163147
314.958899
314.7601696
314.5679337
314.3829665
314.2044077
314.0306115
313.8599262
313.6907
313.5212811
313.3500178
313.1752582
312.9953508
312.8086437
312.6137143
312.4109907
312.2017955
311.9874569
311.7693033
311.5486629
311.3268641
311.1052353
310.8851047
310.6678007
310.4546515
310.2469849
310.0459256
309.8509331
309.6606674
309.4737823
309.2889316
309.1047692
308.9199489
308.7331247
308.5429503
308.3480795
308.1471664
307.9388646
307.722012
307.4969323
307.2646658
307.0262588
306.7827569
306.5352059
306.2846516
306.0321399
305.7787164
305.5254271
305.2733177
305.0234342
304.7767493
304.533652
304.2942481
304.0586414
303.8269357
303.5992351
303.3756434
303.1562647
302.9412027
302.7305614
302.5244447
302.3229566
302.1261517
301.9336858
301.7450225
301.5596238
301.376952
301.196469
301.0176371
300.8399183
300.6627749
300.4856689
300.3080625
300.129418
299.9492713
299.7677604
299.5853127
299.4023576
299.2193248
299.0366436
298.8547437
298.6740545
298.4950056
298.3180265
298.1435468
297.9719959
297.8037841
297.6391664
297.4783229
297.3214329
297.1686759
297.0202314
296.876279
296.7369979
296.6025677
296.4731671
296.3487409
296.2273139
296.1059893
295.9818631
295.8520316
295.7135906
295.5636363
295.3992648
295.2175721
295.0156545
294.790608
294.5395273
294.2601602
293.9554871
293.6310201
293.2922892
292.944824
292.594154
292.2458086
291.9053173
291.5782098
291.2700154
290.9862637
290.7324866
290.5134324
290.327614
290.1705166
290.0376063
289.9243498
289.8262136
289.7386643
289.6571686
289.5771932
289.4942044
289.4036691
289.3010545
289.1821352
289.0451922
288.8897137
288.7151962
288.5211363
288.3070305
288.0723756
287.8166679
287.5394042
287.240081
286.9181951
286.5732439
286.2051819
285.8176991
285.4162803
285.0064244
284.59363
284.1833957
283.7812201
283.392602
283.0230398
282.6780323
282.363078
282.0836776
281.8446521
281.6454017
281.4826998
281.3533012
281.2539616
281.1814365
281.1324816
281.1038526
281.0923051
281.0945948
281.1074772
281.1277081
281.1520183
281.1769401
281.1989096
281.2143621
281.2197331
281.211458
281.1859722
281.1397111
281.0691102
280.9706032
280.8412231
280.6827871
280.49943
280.2953026
280.0745556
279.8413393
279.5998043
279.3541008
279.1083794
278.8667904
278.6334844
278.4126129
278.2078231
278.0187357
277.843018
277.6783251
277.5223121
277.3726344
277.2269471
277.0829054
276.9381646
276.79038
276.6372068
276.4763009
276.3055985
276.1253263
275.9368131
275.7413953
275.5404096
275.3351925
275.1270808
274.9174109
274.7075195
274.4987432
274.2924185
274.0898819
273.8923045
273.6995111
273.5106789
273.3249802
273.1415872
272.9596723
272.7784077
272.5969658
272.414519
272.2302394
272.0432995
271.852871
271.6582622
271.4598659
271.2586011
271.0553903
270.851156
270.6468206
270.4433067
270.2415366
270.0424327
269.8469176
269.6559137
269.4703436
269.2910036
269.1176783
268.9496619
268.7862453
268.6267197
268.4703763
268.316506
268.1644001
268.0133496
267.8626456
267.7115792
267.5594418
267.405583
267.2498323
267.0922494
266.9328959
266.7718332
266.6091228
266.4448262
266.2790049
266.1117205
265.9430343
265.7730264
265.6019244
265.4300278
265.2576366
265.0850507
264.9125698
264.7404939
264.569123
264.3987569
264.2296954
264.0622385
263.8966856
263.7331668
263.5704262
263.4065413
263.2395851
263.0676303
262.8887496
262.701016
262.5025022
262.291281
262.0654251
261.8230076
261.5621016
261.2812938
260.9833446
260.6730232
260.3551145
260.0344029
259.7156729
259.4037089
259.1032955
258.819217
258.556258
258.3192027
258.1128386
257.9412341
257.802752
257.6929847
257.607506
257.5418907
257.4917133
257.4525486
257.4199712
257.3895558
257.356877
257.3175094
257.2670277
257.2014207
257.1200154
257.0237537
256.9135879
256.79047
256.6553524
256.5091872
256.3529267
256.1875231
256.0139285
255.8330953
255.6459755
255.4534875
255.2562743
255.0548464
254.8497132
254.6413842
254.4303689
254.2171767
254.0023171
253.7862997
253.5696338
253.352829
253.1363948
252.9207875
252.7060351
252.4919586
252.2783776
252.0651115
251.8519799
251.6388024
251.4253986
251.2115881
250.9971903
250.7820248
250.5659108
250.3488085
250.1317998
249.9165113
249.7045733
249.4976158
249.2972689
249.1051627
248.9229272
248.7521924
248.5945885
248.451409
248.3212236
248.2012891
248.0888522
247.9811599
247.8754594
247.7689975
247.6590215
247.5427783
247.4175149
247.2804785
247.1289142
246.960521
246.7765968
246.5801879
246.3743521
246.1621464
245.9466282
245.7308548
245.5178832
245.3107709
245.112575
244.9263528
244.7551612
244.6016077
244.4646626
244.3415394
244.2294398
244.1255659
244.0271195
243.9313024
243.8353165
243.7363638
243.631646
243.5183652
243.3937245
243.2553287
243.1040801
242.9424636
242.7729765
242.5981161
242.4203795
242.2422639
242.0662666
241.8948847
241.7306155
241.575956
241.433404
241.3050962
241.1902658
241.0867434
240.9923494
240.9049042
240.8222285
240.7421428
240.6624679
240.5810243
240.4956325
240.4041133
240.3042861
240.1942658
240.0745128
239.9466267
239.8122144
239.6728827
239.5302382
239.3858876
239.2414376
239.0984949
238.9586663
238.8235582
238.6947771
238.5735621
238.4581709
238.3454233
238.2321296
238.1150998
237.9911439
237.8570721
237.7096944
237.545821
237.3622597
237.1563812
236.9300206
236.6871822
236.4318842
236.1681443
235.8999803
235.63141
235.3664509
235.1091208
234.8634375
234.6334186
234.4230814
234.2359906
234.0720394
233.9293495
233.8060306
233.7001927
233.6099454
233.5333986
233.4686619
233.4138451
233.3670581
233.3264106
233.2900127
233.2560945
233.2238701
233.1930259
233.163252
233.1342384
233.1056754
233.0772529
233.0486611
233.01959
232.9897297
232.9587703
232.9264019
232.8922678
232.8556339
232.8155839
232.7712001
232.7215648
232.6657604
232.6028693
232.5319738
232.4521564
232.3624992
232.2620849
232.1499951
232.0254582
231.8888662
231.7411764
231.5833496
231.4163466
231.2411281
231.0586549
230.8698876
230.6757871
230.4773141
230.2754293
230.0710933
229.8652158
229.6582898
229.4506077
229.2424608
229.03414
228.8259366
228.6181415
228.4110459
228.2049408
228.0001174
227.7968668
227.5954801
227.3962872
227.1999333
227.0072153
226.8189313
226.6358795
226.4588578
226.2886644
226.1260973
225.9719546
225.8270342
225.6920395
225.5669035
225.4511882
225.344453
225.2462572
225.1561604
225.0737217
224.9985008
224.9300568
224.8679493
224.8117375
224.7609797
224.7147721
224.6684288
224.615447
224.5493101
224.4635013
224.351504
224.2068015
224.0228772
223.7932145
223.5112968
223.1706076
222.7646252
222.2886601
221.7526576
221.1736509
220.5687233
219.9549563
219.3494312
218.7692295
218.2314326
217.7531218
217.3513785
217.0432844
216.8459294
216.773068
216.8118583
216.9365515
217.1213176
217.3403282
217.5677548
217.7777691
217.9445426
218.042247
218.0450538
217.9271353
217.6626743
217.2302244
216.6440695
215.9356857
215.1366699
214.2786205
213.3931355
212.5118132
211.6662518
210.8880494
210.2088042
209.6601131
209.273568
209.0766238
209.0629895
209.2101501
209.4954642
209.8962921
210.3899947
210.9539326
211.5654665
212.2019571
212.8407652
213.4592517
214.034769
214.5469982
214.9941458
215.3834047
215.722029
216.0172708
216.2763817
216.5066137
216.7152185
216.9094476
217.0965513
217.28295
217.4682846
217.6489383
217.8212685
217.9816333
218.1263907
218.2518986
218.354515
218.4305979
218.4765055
218.4885956
218.4632236
218.3975358
218.2949764
218.1620434
218.0052559
217.8311322
217.6461908
217.4569496
217.2699272
217.0916417
216.9286114
216.7873547
216.6743915
216.5953765
216.5490443
216.5307747
216.5359259
216.5598566
216.5979256
216.6454914
216.6979128
216.7505485
216.7987572
216.8378976
216.86333
216.8710015
216.8616623
216.838372
216.804207
216.7622436
216.7155582
216.6672273
216.6203272
216.5779344
216.5431253
216.5189761
216.5085629
216.514539
216.5361204
216.5708688
216.6163331
216.6700623
216.7296059
216.7925128
216.8563322
216.9186134
216.9769056
217.0287578
217.0717182
217.1036517
217.124942
217.1371952
217.1420256
217.1410472
217.1358742
217.1281204
217.1193999
217.1113267
217.1055149
217.1035784
217.1071315
217.1175491
217.1342822
217.1558507
217.1807683
217.207549
217.2347067
217.2607553
217.2842086
217.3035805
217.317385
217.3241359
217.322348
217.3108035
217.2904787
217.2634038
217.2316169
217.1971561
217.1620595
217.1283652
217.0981112
217.0733356
217.056077
217.0480805
217.0487378
217.0563009
217.0690145
217.0851233
217.1028719
217.1205053
217.136268
217.1484048
217.1551605
217.1547799
217.1455087
217.1259171
217.0972355
217.0619729
217.0226472
216.9817767
216.9418797
216.9054743
216.8750787
216.8532111
216.8423898
216.8451328
216.8639582
216.9010281
216.9556158
217.0256039
217.1088639
217.2032677
217.3066872
217.4169943
217.5320609
217.6497589
217.7679603
217.8845369
217.9973597
218.104529
218.2059643
218.3024688
218.3948513
218.4839204
218.5704849
218.6553535
218.7393348
218.8232375
218.9078703
218.9940419
219.0825609
219.1741679
219.2690536
219.367143
219.4683592
219.5726256
219.6798652
219.7900013
219.9029571
220.0186558
220.1370206
220.2579748
220.381441
220.5071865
220.6337039
220.7588732
220.8805702
220.9966703
221.1050492
221.2035824
221.2901455
221.3626141
221.4188638
221.4567703
221.4742087
221.4695526
221.4451957
221.4054717
221.3547286
221.2973145
221.237577
221.179864
221.1285232
221.0879022
221.0623473
221.0556875
221.0675088
221.0953595
221.1367724
221.1892805
221.2504168
221.3177142
221.3887056
221.460924
221.5319023
221.5991736
221.6602705
221.7130515
221.758005
221.7968877
221.8314662
221.8635067
221.8947754
221.9270384
221.962062
222.0016124
222.0474557
222.1013581
222.1650869
222.2401509
222.3260087
222.4211234
222.5239514
222.6329493
222.7465737
222.8632813
222.9815289
223.099773
223.2164704
223.3300776
223.4390515
223.541979
223.6385004
223.7287649
223.8129252
223.8911337
223.9635429
224.0303054
224.0915738
224.1475006
224.1982384
224.2439397
224.2847579
224.3210941
224.3553827
224.3910346
224.4314678
224.4801007
224.5403513
224.6156378
224.7093785
224.8249916
224.9658952
225.1355073
225.3372475
225.5736212
225.8397844
226.1273425
226.4278744
226.7329601
227.0341794
227.3231124
227.5913389
227.830439
228.0319925
228.1875794
228.2887745
228.3285704
228.3112172
228.2464345
228.1439761
228.0135951
227.8650442
227.7080766
227.5524452
227.4079026
227.2842029
227.1902182
227.1277177
227.0950413
227.0905035
227.1124193
227.1591039
227.2288725
227.3200402
227.4309224
227.559834
227.7050904
227.8650068
228.0378718
228.2217621
228.4146515
228.6145131
228.8193201
229.0270457
229.2356629
229.443145
229.6474651
229.8465964
230.038512
230.2211853
230.3927501
230.5526429
230.7009287
230.8376765
230.9629556
231.076835
231.1793841
231.2706718
231.3507675
231.4197403
231.4776594
231.5245945
231.5607727
231.5877139
231.6075587
231.6224523
231.6345399
231.6459668
231.6588783
231.6754196
231.6977359
231.7279725
231.7682746
231.8207881
231.8874275
231.9682563
232.0624424
232.1691471
232.2875322
232.4167592
232.5559898
232.7043857
232.8611084
233.0253196
233.1961811
233.3728546
233.5544025
233.7390936
233.9248114
234.1094369
234.2908514
234.4669361
234.635572
234.7946403
234.9420223
235.075599
235.1932517
235.2928626
235.372792
235.4352992
235.4845216
235.5246093
235.5597128
235.5939824
235.6315683
235.6766211
235.733291
235.8057301
235.897606
236.0087382
236.1370765
236.2805593
236.4371251
236.6047125
236.7812599
236.964706
237.1529893
237.3440484
237.5358219
237.7262487
237.9135234
238.0979207
238.2807175
238.463198
238.6466459
238.8323455
239.0215805
239.2156352
239.4157933
239.623339
239.8395561
240.0657283
240.3029504
240.5507734
240.8080064
241.073453
241.3459167
241.624201
241.9071095
242.1934458
242.4820133
242.7716156
243.0610563
243.3491389
243.6347055
243.9169085
244.1950506
244.4684353
244.7363662
244.9981469
245.2530809
245.5004719
245.7396234
245.969839
246.1904223
246.4006762
246.6001232
246.7900336
246.9725266
247.1497265
247.3237575
247.4967437
247.6708096
247.8480793
248.030677
248.2207269
248.4203533
248.6316792
248.8563181
249.0917223
249.3333415
249.5766112
249.8169667
250.0498434
250.2706768
250.4749022
250.6579551
250.8152708
250.9422851
251.0344352
251.088174
251.108249
251.1033939
251.0823738
251.0539533
251.0268967
251.0099688
251.0119338
251.0415563
251.1075985
251.2178135
251.3717215
251.5648777
251.79281
252.0510463
252.3351142
252.6405414
252.9628556
253.2975845
253.6402559
253.9863974
254.3315375
254.6715372
255.0049763
255.3317407
255.6517267
255.9648305
256.2709482
256.5699758
256.8618096
257.1463456
257.42348
257.6931088
257.9551282
258.2094698
258.4563511
258.6961277
258.9291564
259.1557937
259.3763963
259.5913208
259.8009238
260.0055621
260.2055923
260.4013709
260.5932544
260.7816969
260.9679327
261.1535743
261.3402367
261.5295349
261.7230839
261.9224986
262.1293939
262.3453849
262.5720865
262.8111136
263.0640805
263.3323474
263.6151954
263.9109057
264.2177523
264.5340093
264.8579505
265.1878501
265.5219819
265.8586201
266.1960386
266.5325114
266.866313
267.1960063
267.5225051
267.8478541
268.1741065
268.5033158
268.837535
269.1788175
269.5292163
269.8907848
270.2655761
270.6556434
271.0630425
271.4891431
271.9298617
272.3784685
272.8282158
273.2723568
273.7041444
274.1168316
274.5036716
274.8579175
275.1728222
275.4416387
275.6576185
275.8153629
275.9203026
275.9831136
276.0145057
276.0251881
276.0258702
276.0272612
276.0400705
276.0750073
276.1427847
276.2530084
276.4064698
276.5996851
276.8291414
277.091327
277.38273
277.6998386
278.0391411
278.3971257
278.7702805
279.155094
279.5480537
279.9458544
280.346845
280.7501763
281.1550042
281.5604847
281.9657736
282.3700267
282.7724
283.1720493
283.5681304
283.9597994
284.3462124
284.7266525
285.1014428
285.4714061
285.8373687
286.200157
286.5605976
286.9195168
287.277741
287.6360968
287.9954104
288.3565084
288.720217
289.0872434
289.4573258
289.829736
290.2037421
290.5786126
290.9536156
291.3280194
291.7010924
292.0721027
292.4403188
292.8050089
293.1654404
293.5211143
293.8733853
294.2245089
294.5767461
294.9323578
295.293605
295.6627487
296.0420497
296.433769
296.8401674
297.2635061
297.7060464
298.1693622
298.6494986
299.1398248
299.6336927
300.1244543
300.6054617
301.0700669
301.511622
301.9234791
302.2989902
302.6315077
302.9143879
303.1423651
303.3214773
303.4631926
303.5790191
303.680465
303.7790388
303.8862487
304.0136031
304.1726104
304.3747805
304.6303324
304.9391273
305.2960101
305.6957935
306.1332903
306.6033135
307.1006762
307.6201914
308.1566719
308.7049308
309.2597811
309.816037
310.368877
310.9164682
311.4584136
311.9943268
312.5238215
313.0465112
313.5620097
314.0699305
314.5698873
315.0614938
315.5443635
316.0181102
316.4824441
316.9378578
317.3852212
317.8254068
318.2592873
318.6877351
319.1116228
319.531823
319.9492082
320.364651
320.779024
321.1931999
321.6079877
322.0236889
322.4403587
322.8580509
323.2768189
323.6967165
324.1177974
324.5401152
324.9637236
325.3886763
325.8150269
326.2428291
326.6722352
327.1041924
327.5400326
327.98109
328.4286989
328.8841935
329.3489082
329.8241772
330.3113347
330.8117151
331.3266524
331.8574791
332.404905
332.9645328
333.5295124
334.0929755
334.6480534
335.1878778
335.7055802
336.194292
336.6471449
337.0572703
337.4178002
337.7218651
337.9641238
338.1515746
338.2971683
338.4139008
338.5147663
338.6127594
338.7208745
338.852106
339.0194478
339.23589
339.5129597
339.8501868
340.2413376
340.680136
341.1603056
341.6755701
342.219653
342.786278
343.3691688
343.962049
344.5586423
345.1526724
345.7384162
346.3146304
346.8822307
347.4421493
347.995318
348.5426687
349.0851329
349.6236425
350.1591293
350.6925251
351.2247615
351.756771
352.2893224
352.8218861
353.3533019
353.8824055
354.4080328
354.9290195
355.4442015
355.9524146
356.4524948
356.9432777
357.4235994
357.8922955
358.3484375
358.7929975
359.2278664
359.6549411
360.0761185
360.4932956
360.9083692
361.3232363
361.7397937
362.1599385
362.5855675
363.0185775
363.4608051
363.9135949
364.3780548
364.8552912
365.3464103
365.8525184
366.3747217
366.9141265
367.4718391
368.0489658
368.6466126
369.2658864
369.9074751
370.5686925
371.2452235
371.9327409
372.6269179
373.3234276
374.0179432
374.7061378
375.3836847
376.0462569
376.6895276
377.3091671
377.9016247
378.4695336
379.0185309
379.5542731
380.0824162
380.6086158
381.1385279
381.6778082
382.2321125
382.807097
383.4077121
384.0332078
384.6800842
385.3448207
386.0238976
386.7137947
387.4109922
388.1119701
388.8132086
389.5111877
390.2023876
390.8832864
391.5508144
392.2054861
392.8495577
393.4852963
394.1149688
394.7408421
395.3651831
395.9902586
396.6183354
397.2516806
397.8925609
398.5432431
399.2057214
399.8797864
400.5641637
401.2575722
401.9587308
402.6663583
403.3791734
404.095895
404.815242
405.5359331
406.2566872
406.9762234
407.6933607
408.4077369
409.1193831
409.8283333
410.5346215
411.2382819
411.9393484
412.6378552
413.3338362
414.0273255
414.7183573
415.4069653
416.0933003
416.7784523
417.463965
418.1513854
418.8422605
419.5381374
420.2405629
420.9510842
421.6712481
422.4026016
423.1466918
423.905068
424.6786123
425.4629075
426.2509621
427.0357682
427.8103184
428.5676055
429.300622
430.0023605
430.6658138
431.2839745
431.8498353
432.3563912
432.7982639
433.1832949
433.5257011
433.8397421
434.1396782
434.4397692
434.7542753
435.0974565
435.4835729
435.926891
436.4399837
437.0219833
437.6654927
438.3630727
439.1072857
439.8906939
440.7058596
441.5453452
442.401713
443.2675253
444.1353444
444.9977334
445.847984
446.6852951
447.511717
448.329319
449.1401705
449.9463407
450.7498989
451.5529146
452.357457
453.1655955
453.9793993
454.8009369
455.6319748
456.471802
457.3185185
458.1702147
459.0249814
459.8809092
460.7360888
461.5886108
462.4365659
463.2780448
464.1111382
464.9339361
465.7448385
466.5447308
467.3357002
468.1198427
468.8992539
469.6760295
470.4522652
471.2300567
472.0114995
472.7986895
473.5937222
474.3986942
475.2154632
476.0439899
476.8833136
477.7324677
478.590486
479.4564018
480.3292489
481.208061
482.0918715
482.9797142
483.8706226
484.7636304
485.6578275
486.5527591
487.4481902
488.3438875
489.2396174
490.1351463
491.0302409
491.9246677
492.8181932
493.710584
494.6016064
495.4910263
496.3783452
497.2608975
498.1349771
498.99687
499.842862
500.6692391
501.4722873
502.2482924
502.9935406
503.7043176
504.3769096
505.0075995
505.5938197
506.142191
506.663783
507.1696967
507.6710324
508.1788899
508.7043692
509.2585703
509.8525928
510.4975332
511.2031682
511.968458
512.7871687
513.6530263
514.5597573
515.5010878
516.4707442
517.4624527
518.4699399
519.4869318
520.5071551
521.5243348
522.5327531
523.5311573
524.520454
525.5015658
526.4754145
527.442922
528.4050101
529.3626008
530.3166158
531.2679772
532.2176066
533.1664263
534.1152962
535.0645828
536.0144124
536.9649103
537.9162016
538.8684115
539.821665
540.7760873
541.7318036
542.6889389
543.6476185
544.6079674
545.570051
546.5334505
547.497513
548.4615845
549.4250108
550.3871376
551.3473108
552.3048763
553.2591797
554.209567
555.1553839
556.095977
557.03093
557.9617704
558.8909595
559.8209655
560.7542568
561.6933018
562.6405687
563.5985258
564.5696416
565.5563843
566.5612221
567.5866256
568.6342973
569.6998083
570.775759
571.8547296
572.9293005
573.9920525
575.0355662
576.0524222
577.0352013
577.976484
578.868851
579.7048788
580.4787402
581.197337
581.8737479
582.5210905
583.1524816
583.7810383
584.4198772
585.0821152
585.7808691
586.5292593
587.338882
588.209134
589.1335082
590.1054553
591.1184271
592.1658758
593.2412536
594.3380126
595.4496049
596.5694826
597.6910978
598.8079008
599.9139671
601.0083491
602.0925157
603.1679508
604.2361381
605.2985614
606.3567042
607.4120502
608.4660832
609.5202867
610.5761445
611.63514
612.6986542
613.7672317
614.8410146
615.9201421
617.0047533
618.0949875
619.1909839
620.2928816
621.4008199
622.514938
623.635375
624.76227
625.8956681
627.0348468
628.1787146
629.3261775
630.4761412
631.6275116
632.7791944
633.9300956
635.0791209
636.2251762
637.3671674
638.5039993
639.6348683
640.7612937
641.8859205
643.0114018
644.1403902
645.2755385
646.4194992
647.5749252
648.744469
649.9307834
651.136521
652.3643368
653.6160161
654.8864068
656.1669911
657.44923
658.7245845
659.9845162
661.2204862
662.4239559
663.5863866
664.6992396
665.7539764
666.7420633
667.6568009
668.5064926
669.3066597
670.0728742
670.8207086
671.5657357
672.3235281
673.1096582
673.9396988
674.8292277
675.7920037
676.8272974
677.9273465
679.0843442
680.290485
681.5379631
682.8189729
684.1257087
685.4503649
686.7851359
688.122216
689.4538012
690.7727402
692.0772122
693.3679628
694.6457551
695.9113528
697.1655191
698.4090175
699.6426115
700.8670647
702.0831403
703.2916019
704.4932131
705.6887841
706.8795063
708.0667546
709.251905
710.4363337
711.6214169
712.8085306
713.999051
715.1943543
716.3958165
717.6048139
718.8227232
720.0507322
721.2885224
722.5350456
723.7892483
725.0500772
726.3164789
727.5874004
728.8617882
730.1385892
731.41675
732.6952175
733.9729377
735.2491056
736.5249012
737.8024675
739.0839537
740.3715089
741.6672821
742.9734223
744.2920787
745.6254003
746.9755361
748.3446351
749.7348438
751.1474239
752.5763929
754.012285
755.4456092
756.8668746
758.26659
759.6352643
760.9634067
762.2415259
763.460131
764.6097316
765.6808395
766.6661981
767.5767324
768.4321122
769.2520751
770.0563576
770.8646961
771.6968269
772.5724864
773.5114108
774.5333299
775.6554076
776.8738399
778.1747316
779.544117
780.9680297
782.432503
783.9235708
785.4272663
786.9296233
788.4166753
789.8744563
791.289003
792.648034
793.9530042
795.2119704
796.4330409
797.6243232
798.7939248
799.9499534
801.1005163
802.253721
803.4176751
804.600486
805.8102644
807.0541468
808.3315096
809.637967
810.9691068
812.3205181
813.68779
815.0665115
816.4522716
817.8406595
819.2272641
820.6076746
821.9774785
823.3329946
824.6763869
826.0126541
827.3468124
828.6838781
830.0288673
831.3867962
832.7626809
834.1615376
835.5883825
837.0482315
838.546098
840.085995
841.6637465
843.2712385
844.9003289
846.5428752
848.1907351
849.8357664
851.4698265
853.0847732
854.6724642
856.2247574
857.7335122
859.1919957
860.6049384
861.9825854
863.3352246
864.673143
866.0066277
867.3459657
868.7014439
870.0833494
871.5019693
872.9675903
874.4905072
876.078969
877.7249676
879.4126052
881.125931
882.8489958
884.5658511
886.2605477
887.917137
889.5196702
891.0521983
892.4987725
893.8434398
895.0732741
896.199622
897.2455881
898.2343522
899.1890931
900.1329898
901.0892211
902.0809659
903.131403
904.2637206
905.498381
906.8341454
908.2592512
909.7618635
911.33015
912.9522784
914.6164168
916.310733
918.023395
919.7425705
921.4564275
923.1531314
924.8221062
926.4628407
928.0797041
929.6770958
931.2594153
932.8310619
934.3964348
935.9599334
937.5259569
939.0989048
940.6831761
942.2831688
943.9027689
945.5416704
947.197552
948.868078
950.5509124
952.2437194
953.944163
955.6499073
957.3586165
959.0679547
960.775586
962.4791749
964.1766312
965.8678633
967.5537411
969.235142
970.9129431
972.5880216
974.2612547
975.9335196
977.6056934
979.2786534
980.9532768
982.6304406
984.3110454
985.9961774
987.687013
989.384729
991.0905025
992.8055104
994.5309296
996.2679372
998.0177101
999.7814251
1001.560259
1003.355391
1005.167304
1006.990929
1008.818501
1010.64224
1012.454366
1014.247099
1016.012659
1017.743266
1019.43114
1021.068501
1022.647568
1024.160567
1025.601489
1026.978797
1028.307908
1029.60429
1030.883411
1032.160741
1033.451746
1034.771897
1036.136661
1037.561511
1039.060156
1040.632222
1042.270502
1043.967748
1045.716712
1047.510146
1049.340801
1051.201431
1053.084787
1054.98362
1056.890683
1058.798731
1060.701158
1062.596622
1064.48631
1066.371426
1068.253175
1070.132761
1072.01139
1073.890266
1075.770593
1077.653577
1079.540422
1081.432333
1083.330427
1085.235108
1087.146435
1089.064467
1090.989262
1092.920877
1094.85937
1096.804799
1098.757222
1100.716696
1102.683281
1104.657033
1106.637842
1108.624253
1110.614157
1112.605441
1114.595993
1116.5837
1118.56645
1120.542129
1122.508626
1124.463828
1126.405622
1128.331894
1130.241159
1132.136962
1134.025285
1135.912125
1137.80348
1139.705347
1141.623725
1143.564609
1145.533999
1147.537892
1149.582284
1151.673169
1153.815055
1156.000277
1158.215322
1160.446633
1162.680652
1164.903823
1167.102589
1169.263393
1171.372677
1173.416885
1175.382461
1177.255848
1179.02614
1180.703931
1182.310165
1183.86587
1185.392069
1186.909786
1188.440045
1190.003871
1191.622287
1193.31631
1195.104466
1196.984885
1198.945891
1200.975738
1203.062678
1205.194965
1207.360851
1209.54859
1211.746434
1213.942636
1216.125449
1218.283128
1220.405137
1222.490802
1224.544187
1226.569395
1228.570529
1230.551692
1232.516985
1234.470511
1236.416372
1238.35867
1240.301508
1242.248988
1244.204978
1246.171458
1248.149499
1250.14016
1252.144506
1254.163599
1256.1985
1258.250272
1260.319977
1262.408679
1264.517438
1266.647319
1268.799003
1270.970122
1273.156828
1275.355266
1277.561579
1279.771911
1281.982405
1284.189206
1286.388458
1288.576303
1290.748887
1292.902354
1295.03359
1297.145527
1299.244006
1301.334888
1303.424035
1305.517309
1307.620572
1309.739686
1311.880511
1314.048911
1316.250746
1318.491878
1320.776721
1323.097955
1325.442607
1327.797662
1330.150104
1332.486918
1334.795089
1337.061603
1339.273445
1341.417599
1343.481051
1345.450776
1347.316423
1349.088878
1350.789339
1352.439071
1354.059336
1355.671399
1357.296521
1358.955967
1360.670997
1362.462873
1364.35049
1366.333489
1368.402251
1370.547082
1372.758292
1375.02619
1377.341085
1379.693286
1382.073102
1384.470842
1386.876815
1389.281328
1391.675544
1394.05745
1396.428342
1398.789541
1401.142364
1403.488129
1405.828155
1408.163761
1410.496264
1412.826984
1415.157238
1417.488345
1419.821541
1422.157394
1424.496152
1426.838059
1429.18336
1431.532298
1433.885119
1436.242068
1438.603388
1440.969326
1443.340124
1445.716028
1448.097165
1450.482718
1452.87141
1455.261963
1457.6531
1460.043542
1462.432009
1464.817226
1467.197912
1469.572789
1471.94058
1474.300007
1476.65021
1478.993735
1481.334766
1483.677499
1486.026132
1488.384859
1490.757879
1493.149386
1495.563579
1498.004652
1500.476803
1502.984233
1505.529833
1508.106097
1510.700467
1513.300353
1515.893167
1518.466319
1521.00722
1523.503282
1525.941915
1528.310531
1530.596541
1532.787353
1534.873094
1536.865735
1538.787823
1540.66197
1542.51079
1544.356896
1546.222901
1548.131418
1550.10506
1552.166451
1554.335473
1556.61022
1558.978214
1561.426906
1563.943749
1566.516196
1569.1317
1571.777714
1574.441693
1577.111088
1579.773353
1582.41594
1585.027698
1587.608683
1590.164382
1592.700316
1595.222005
1597.73497
1600.244731
1602.756809
1605.276726
1607.81
1610.362154
1612.938704
1615.544435
1618.178109
1620.835592
1623.512731
1626.205373
1628.909362
1631.620545
1634.334769
1637.047879
1639.755721
1642.454142
1645.138989
1647.806777
1650.459451
1653.101575
1655.737729
1658.372494
1661.010453
1663.656186
1666.314274
1668.9893
1671.685843
1674.408485
1677.161811
1679.949554
1682.768678
1685.612864
1688.475771
1691.351057
1694.232383
1697.113408
1699.98779
1702.849189
1705.691266
1708.507678
1711.292084
1714.039236
1716.752666
1719.440156
1722.109517
