208.3725085
209.1338001
209.7810741
210.3285235
210.7903413
211.1807205
211.513854
211.8039349
212.0651562
212.3117109
212.5577918
212.817596
213.1043044
213.4230317
213.7749763
214.1613106
214.5832076
215.0418409
215.5383837
216.0740092
216.6498909
217.2672021
217.927116
218.6308064
219.3787459
220.1657628
220.983955
221.8254025
222.6821856
223.5463845
224.4100793
225.2653502
226.1042774
226.9189412
227.7014219
228.4438025
229.1390514
229.7874032
230.3925817
230.9583371
231.4884195
231.9865791
232.4565661
232.9021306
233.3270227
233.7349926
234.1297905
234.5151665
234.8946464
235.2699417
235.641889
236.0113181
236.3790591
236.7459423
237.1127976
237.4804551
237.8497451
238.2214976
238.5965426
238.9757073
239.36064
239.7595083
240.1836467
240.6444102
241.1531529
241.7212292
242.3599933
243.0807993
243.8950015
244.8139541
245.8490111
247.0115234
248.3096552
249.7257181
251.2295487
252.7909008
254.3795273
255.9651813
257.5176158
259.006584
260.4018389
261.6731193
262.7938383
263.7665589
264.6080069
265.3349988
265.9643481
266.5128683
266.9973729
267.4346752
267.8415887
268.234927
268.6315032
269.0481295
269.4999632
269.9887503
270.5097637
271.0582328
271.6293871
272.2184561
272.8206691
273.4312555
274.0454449
274.6584666
275.2655502
275.8619265
276.443328
277.0096006
277.5625652
278.1040579
278.6359148
279.159972
279.6780655
280.1920315
280.7037058
281.2149247
281.7275242
282.2433405
282.7640405
283.2899298
283.8206557
284.3558611
284.8951887
285.4382814
285.984782
286.5343334
287.0865784
287.6411599
288.1977208
288.7559038
289.3153499
289.8756847
290.4365263
290.9974928
291.5582023
292.118273
292.6773228
293.2349698
293.7908322
294.3445281
294.8956755
295.4438921
295.9886233
296.5279091
297.0591123
297.5795913
298.0867043
298.5778097
299.0502655
299.5014302
299.928662
300.3293191
300.7007602
301.040346
301.3467373
301.6292164
301.9021699
302.1800243
302.4772054
302.808139
303.187251
303.6289671
304.1477132
304.757915
305.4739982
306.3103988
307.2783953
308.3641091
309.5414655
310.7843052
312.0664722
313.3618105
314.6441643
315.8873777
317.0652957
318.1517683
319.1235005
319.9805403
320.7341512
321.395684
321.9764883
322.487914
322.9413106
323.3480279
323.7194153
324.0668227
324.4015995
324.7350984
325.0777524
325.4326645
325.7993851
326.1774399
326.5663553
326.965658
327.3748744
327.7935313
328.2211551
328.6572725
329.10141
329.5530944
330.0117562
330.476056
330.9442808
331.4147156
331.8856453
332.3553546
332.8221286
333.284252
333.7400098
334.1876867
334.6255678
335.0519384
335.4652432
335.8652336
336.2522886
336.6267922
336.9891281
337.3396801
337.6788321
338.0069678
338.3244709
338.6317255
338.9291151
339.2170237
339.4958036
339.7655514
340.0262411
340.2778455
340.5203374
340.7536897
340.9778751
341.1928667
341.3986373
341.5951596
341.7824067
341.9603475
342.12994
342.2999938
342.4831308
342.6919982
342.9392421
343.2375087
343.5994444
344.0376952
344.5649074
345.1937272
345.9368007
346.806776
347.8131205
348.9397006
350.157996
351.4394068
352.7553331
354.0771753
355.3763335
356.6242081
357.7921995
358.8516946
359.7775312
360.5719512
361.2505007
361.8288143
362.3225234
362.7472593
363.1186532
363.4523362
363.7639398
364.069095
364.3834332
364.722587
365.1004242
365.516624
365.9639974
366.4353119
366.9233347
367.4208335
367.9205756
368.4153284
368.8978596
369.3609365
369.7973267
370.1998013
370.5622121
370.8872823
371.1819954
371.4533668
371.7084122
371.9541471
372.197587
372.4457474
372.7056438
372.9842918
373.2887066
373.6259042
374.0019402
374.4151078
374.8599568
375.3310091
375.822787
376.3298129
376.8466093
377.3676986
377.8876034
378.400846
378.901949
379.3854331
379.8462162
380.2823637
380.6934704
381.079141
381.4389798
381.7725912
382.0795795
382.3595489
382.6121038
382.8368486
383.0333876
383.2013259
383.3413648
383.4630842
383.5803504
383.7070582
383.8571027
384.0443787
384.2827812
384.586205
384.9685452
385.4436965
386.0255532
386.7280008
387.5617292
388.5112165
389.5483547
390.6449399
391.7727682
392.9036357
394.0093387
395.0616734
396.0324361
396.8934249
397.6198709
398.2147853
398.6945967
399.0758214
399.3749765
399.608579
399.7931457
399.9451937
400.0812398
400.217801
400.3713938
400.5585307
400.7941871
401.0807314
401.4144785
401.791697
402.2086557
402.6616234
403.1468688
403.6606608
404.1992681
404.7589596
405.336004
405.9266705
406.526923
407.1302714
407.7290395
408.3155427
408.8820963
409.4210158
409.9246169
410.3852149
410.7951253
411.1466638
411.4321457
411.643881
411.7758011
411.8347221
411.8337184
411.7859041
411.7043922
411.6022954
411.4927269
411.3887995
411.3036261
411.2503197
411.241993
411.2917559
411.4111429
411.5988543
411.8474065
412.1492736
412.4969294
412.8828476
413.299502
413.7393664
414.1949145
414.6586201
415.1229573
415.5804022
416.0245106
416.4576705
416.8865129
417.3177016
417.7579003
418.2137724
418.6919816
419.1991914
419.7420652
420.3272668
420.9614593
421.6513117
422.4017637
423.203963
424.0423745
424.9014158
425.7655067
426.619067
427.4465162
428.2322742
428.9607613
429.6164023
430.1857758
430.6730905
431.0910233
431.452317
431.7697137
432.0559554
432.3237842
432.585942
432.855171
433.1442131
433.4658101
433.8327085
434.2561074
434.7348492
435.2617914
435.8297495
436.4315401
437.0599802
437.7078867
438.3680765
439.0333665
439.6965736
440.3505147
440.9880049
441.6025663
442.1933609
442.7622871
443.3112607
443.842197
444.3570114
444.8576191
445.3459357
445.8238765
446.2933568
446.7562919
447.2145969
447.6700111
448.1228395
448.5726969
449.0191931
449.4619381
449.9005415
450.3346134
450.7637635
451.1876018
451.6057379
452.0177819
452.4233437
452.8220916
453.2141705
453.5999546
453.9798196
454.3541415
454.723296
455.0876591
455.4476064
455.8035138
456.1557572
456.5047124
456.8507557
457.1941309
457.5340288
457.8691292
458.1981085
458.5196431
458.8324094
459.135084
459.4263433
459.7048638
459.9693219
460.2183941
460.450756
460.6659831
460.8708792
461.0757482
461.2909162
461.5267091
461.793453
462.1014739
462.4610977
462.8826503
463.3764579
463.9528458
464.6221321
465.392116
466.2499333
467.1727931
468.1378317
469.1221846
470.1029876
471.0573763
471.9624866
472.7954538
473.5334104
474.1562262
474.6657348
475.074408
475.3947855
475.6394061
475.8208091
475.9515333
476.0441179
476.1111017
476.1650239
476.2184233
476.2838354
476.3726991
476.4874593
476.6262392
476.7871307
476.9682251
477.167614
477.3833888
477.613641
477.8564623
478.109944
478.3721777
478.6412549
478.915415
479.1940964
479.4773146
479.7650899
480.0574424
480.3543921
480.6559591
480.9621634
481.2730251
481.5885644
481.9088011
482.2337556
482.563431
482.897698
483.2363622
483.579229
483.926104
484.2767925
484.6310999
484.9888317
485.3497932
485.71379
486.0806273
486.4501107
486.8218542
487.1939279
487.5636554
487.9283555
488.2853469
488.6319485
488.9654789
489.283257
489.5826015
489.8608313
490.1152653
490.3432254
490.5430587
490.721523
490.889415
491.057562
491.2367911
491.4379297
491.6718049
491.9492441
492.2810743
492.678123
493.1512167
493.7111863
494.3663682
495.1050364
495.9057735
496.7470904
497.6075003
498.4655165
499.2996523
500.088421
500.8103367
501.4439208
501.9703257
502.3922966
502.7229462
502.9754658
503.1630466
503.2988801
503.3961574
503.4680699
503.5278087
503.5885653
503.6635304
503.7658973
503.9074386
504.0884921
504.303874
504.5483594
504.8167247
505.1037462
505.4042003
505.7128635
506.0245121
506.3339227
506.6358715
506.9251328
507.1970646
507.4516585
507.6911575
507.9178186
508.1338985
508.3416539
508.5433416
508.7412183
508.9375405
509.1345651
509.3345487
509.5397475
509.7521515
509.9715836
510.1968223
510.4266388
510.6598044
510.8950904
511.1312679
511.3671083
511.6013828
511.8328627
512.0603192
512.2825238
512.4983299
512.7072633
512.9091721
513.1039073
513.2913196
513.4712598
513.6435788
513.8081273
513.9647562
514.1133163
514.2536585
514.385632
514.5096681
514.6308503
514.7565146
514.8940129
515.0506966
515.2339171
515.4510257
515.7093739
516.0163131
516.3791944
516.8053696
517.3021947
517.8752215
518.5156197
519.2075787
519.935244
520.6827619
521.4342788
522.1739412
522.8858954
523.5542881
524.1632614
524.6987191
525.1606631
525.5559183
525.8913584
526.1738553
526.4102811
526.6075077
526.772407
526.9118509
527.0327113
527.1418602
527.2461709
527.3520712
527.4624423
527.5784437
527.7012241
527.8319326
527.9717178
528.1217289
528.2831147
528.4570242
528.6446063
528.8470099
529.0653832
529.3006111
529.5514269
529.8155279
530.0906045
530.3743469
530.6644452
530.9585896
531.2544703
531.5497776
531.8422016
532.1294325
532.4091609
532.6792711
532.9392279
533.1892564
533.4295875
533.6604519
533.8820804
534.0947039
534.298553
534.4938586
534.6808514
534.8597623
535.030822
535.1942183
535.3497927
535.4972194
535.6361715
535.7663219
535.8873436
535.9989097
536.1006931
536.1923669
536.2736041
536.3440776
536.4034596
536.4520497
536.4951761
536.5406036
536.5961126
536.6694833
536.7684957
536.9009302
537.0745667
537.2971856
537.5765669
537.9204904
538.3367307
538.8311761
539.3942552
540.0089672
540.658257
541.3250692
541.9923482
542.6430388
543.2600855
543.8264328
544.3250213
544.7408974
545.0759541
545.340251
545.5438996
545.6970107
545.809695
545.8920633
545.9542264
546.0062951
546.05838
546.1205919
546.2030381
546.314753
546.4559753
546.6227164
546.8109569
547.0166772
547.2358578
547.4644789
547.6985212
547.933965
548.1667907
548.3929788
548.6085101
548.8097612
548.9963251
549.1693434
549.3299696
549.4793569
549.6186585
549.7490276
549.8716174
549.9875812
550.0980721
550.2042433
550.3072481
550.4082341
550.5083049
550.6085427
550.7100294
550.8138471
550.9210778
551.0328035
551.1501061
551.2740678
551.4057706
551.5462963
551.6967273
551.8578606
552.0281986
552.2051334
552.3860499
552.5683332
552.7493682
552.9265399
553.0972334
553.2588335
553.4087254
553.5442941
553.6629272
553.7628419
553.8490619
553.92988
554.0136131
554.1085786
554.2230937
554.3654756
554.5440415
554.7671085
555.042994
555.3800146
555.786489
556.2688622
556.8184595
557.4193112
558.0553928
558.710681
559.369153
560.0147858
560.6315564
561.2034423
561.7144262
562.1502811
562.5114724
562.8055216
563.0400027
563.22249
563.3605578
563.4617804
563.533732
563.583987
563.6201195
563.6497037
563.6803143
563.7188848
563.7671701
563.8244278
563.8898962
563.9628143
564.0424211
564.1279557
564.218657
564.3137642
564.4125161
564.5141519
564.6179104
564.7230565
564.8290615
564.9354968
565.0419346
565.1479467
565.2531053
565.3569825
565.4591504
565.5591808
565.656646
565.751118
565.842169
565.9294318
566.0130335
566.0933392
566.1707158
566.24553
566.3181488
566.3889389
566.4582672
566.5265005
566.5940056
566.6611494
566.7282988
566.7958881
566.8649015
566.9365876
567.0121969
567.09298
567.1801875
567.2750698
567.3788777
567.4928615
567.6182719
567.7563593
567.9083751
568.0751896
568.2546178
568.4429971
568.6366545
568.8319169
569.0251114
569.2125653
569.3906057
569.5555597
569.7037544
569.8315169
569.9351712
570.0120149
570.0670864
570.1091838
570.1471289
570.1897428
570.2458465
570.3242612
570.4338081
570.5833082
570.7815827
571.0374525
571.3597348
571.7553764
572.2160732
572.7261756
573.2699832
573.8317953
574.3959111
574.9466299
575.4682508
575.9450731
576.3613896
576.7033689
576.9720861
577.1758567
577.3230419
577.4220017
577.4810959
577.5086846
577.5131276
577.5027849
577.4860164
577.4711819
577.4666399
577.4798956
577.5115061
577.5586807
577.6186058
577.6884675
577.7654519
577.8467452
577.9295336
578.0110033
578.0883404
578.1587311
578.2193625
578.2678075
578.3047961
578.332575
578.3534026
578.3695375
578.3832377
578.3967617
578.4123679
578.4323146
578.45886
578.4942625
578.5407814
578.6003714
578.6725587
578.7556924
578.8481137
578.9481637
579.0541839
579.1645155
579.2774998
579.3914783
579.5047921
579.6157827
579.7227913
579.8242154
579.9189042
580.0059252
580.0843478
580.153241
580.211674
580.2587159
580.2934359
580.3149032
580.3221867
580.3143559
580.2904819
580.2503824
580.1999824
580.148145
580.1037539
580.0756929
580.072846
580.1040971
580.1783301
580.3044289
580.4912775
580.7477592
581.0827555
581.5031055
581.9990169
582.5526969
583.1462905
583.7619441
584.3818038
584.988016
585.5627271
586.0880837
586.5462375
586.9213942
587.2145577
587.4348129
587.5913018
587.6931672
587.7495516
587.7695977
587.7624481
587.7372453
587.703132
587.6692506
587.6447426
587.6378979
587.6500676
587.6792656
587.7234798
587.7806987
587.8489107
587.9261042
588.0102677
588.0993896
588.1914584
588.2844625
588.37639
588.4653401
588.5502968
588.6306731
588.7058849
588.7753483
588.838479
588.894693
588.9434061
588.9840342
589.0159932
589.0386989
589.051567
589.0542361
589.0481351
589.0355598
589.0188115
589.0001915
588.9820011
588.9665417
588.9561145
588.9530207
588.9595619
588.978039
589.0107521
589.0595593
589.1226957
589.1966556
589.2779206
589.3629723
589.4482919
589.5303612
589.6056615
589.6706744
589.7218814
589.7557642
589.7688042
589.7583763
589.72909
589.6890412
589.6463525
589.6091456
589.5855425
589.583665
589.611635
589.6775741
589.7896044
589.9558475
590.1844322
590.4817237
590.8400943
591.2451193
591.6823297
592.137258
592.595437
593.0423992
593.4636774
593.8448045
594.1713138
594.4304349
594.6231561
594.7570929
594.8399117
594.8792778
594.8828562
594.8583121
594.8133107
594.755517
594.6925961
594.6322132
594.5820365
594.5489548
594.5336734
594.5338941
594.547299
594.5715708
594.6043926
594.643447
594.686417
594.7309855
594.7748352
594.8156491
594.85111
594.8791512
594.8997279
594.9137723
594.9222232
594.9260192
594.9260992
594.9234017
594.9188656
594.9134296
594.9080322
594.9036123
594.9011083
594.9013863
594.9047182
594.9110905
594.9204875
594.9328937
594.9482934
594.966671
594.9880109
595.0122974
595.039515
595.0696479
595.1026807
595.138445
595.1755407
595.2119727
595.2457416
595.2748482
595.2972932
595.3110773
595.3142013
595.3046658
595.2804718
595.2396198
595.1801076
595.1007412
595.0067428
594.9064515
594.8082262
594.7204255
594.6514077
594.6095311
594.6031543
594.6406354
594.7303331
594.8806054
595.0998084
595.3944755
595.756335
596.1699744
596.6199332
597.0907506
597.5669659
598.0331183
598.473747
598.8733911
599.2165829
599.489703
599.6938009
599.8370527
599.92768
599.973903
599.983942
599.9660171
599.9283484
599.8791561
599.8266604
599.7790814
599.7446382
599.7306852
599.7375581
599.7622062
599.801556
599.8525341
599.9120669
599.9770811
600.0445031
600.1112594
600.1742765
600.2304809
600.2768001
600.3104468
600.3309753
600.3390637
600.3353991
600.3206685
600.2955587
600.2607568
600.2169496
600.1648241
600.1050672
600.0383659
599.965407
599.8869158
599.8039245
599.717614
599.6291663
599.5397634
599.4505871
599.3628195
599.2776424
599.1962377
599.1197875
599.0494737
598.9864787
598.9317843
598.8847728
598.8440504
598.808218
598.7758771
598.7456288
598.7160744
598.6858151
598.6534522
598.6175869
598.5768206
598.5297556
598.4755061
598.4173617
598.3606229
598.310604
598.2726193
598.2519832
598.2540102
598.2840147
598.3473111
598.4492138
598.5950368
598.7900921
599.0383787
599.3331699
599.6625844
600.0147009
600.3775986
600.7393565
601.088054
601.4117702
601.6985845
601.936579
602.1152877
602.2360801
602.3060268
602.3322374
602.3218219
602.2818905
602.2195532
602.1419201
602.0561012
601.9692066
601.8883462
601.8206284
601.7724189
601.7440098
601.7327751
601.7360659
601.7512337
601.7756299
601.8066061
601.8415137
601.8777043
601.9125292
601.9433402
601.9674879
601.9825206
601.9875596
601.9824886
601.9671968
601.9415729
601.9055058
601.8588844
601.8015976
601.7335341
601.6545828
601.5646326
601.463572
601.3514381
601.2294552
601.0994232
600.9631456
600.8224262
600.6790683
600.5348757
600.3916517
600.2511999
600.115324
599.9858273
599.8645132
599.7530584
599.652106
599.5618016
599.4822874
599.4137056
599.3561983
599.3099077
599.2749758
599.2515449
599.2397571
599.2397544
599.2516788
599.2754041
599.3086242
599.3479842
599.3901207
599.4316707
599.4692711
599.499559
599.5191712
599.5247448
599.5129166
599.4803237
599.4235996
599.3403056
599.2353749
599.1173188
598.9946726
598.8759709
598.7697479
598.6845382
598.628876
598.6112959
598.6403321
598.7245192
598.8723928
599.0907292
599.3721543
599.7024459
600.0673376
600.4525633
600.8438571
601.2269527
601.5875841
601.9114853
602.1843842
602.3936047
602.5391523
602.6271874
602.6639116
602.6555253
602.6082285
602.5282214
602.4217041
602.2948768
602.1539396
602.0050925
601.8545364
601.70797
601.5670613
601.4315267
601.3010704
601.1753964
601.0542087
600.9372113
600.8241085
600.7146042
600.6084025
600.5052074
600.4047231
600.3066553
600.2107229
600.1166511
600.0241655
599.9329913
599.8428539
599.7534788
599.6645911
599.5759165
599.4871801
599.3981073
599.3084237
599.2179478
599.1272545
599.0372828
598.9489746
598.8632718
598.7811161
598.7034493
598.6312133
598.5653498
598.5068007
598.4565078
598.4154139
598.3841778
598.3612031
598.3437979
598.3292633
598.3149005
598.298011
598.2758958
598.2458565
598.2051942
598.1512103
598.081206
597.992483
597.8830559
597.7567054
597.6199974
597.4795163
597.3418466
597.2135726
597.1012788
597.0115495
596.9509692
596.9261222
596.9435925
597.0099607
597.130462
597.299298
597.5053717
597.7375463
597.9846845
598.2356494
598.4793041
598.7045114
598.9001344
599.0550363
599.1593944
599.2139979
599.2247652
599.1976479
599.1385977
599.0535665
598.9485059
598.8293677
598.7021037
598.5726655
598.4470049
598.3310716
598.2302319
598.1450615
598.0738358
598.0148129
597.9662508
597.9264075
597.893541
597.8659094
597.8417707
597.8193831
597.7970044
597.7728927
597.7454382
597.7140989
597.6788475
597.6396611
597.5965162
597.5493898
597.4982585
597.443099
597.3838881
597.3206025
597.253219
597.1817141
597.1061067
597.0267507
596.9441631
596.8588617
596.7713645
596.6821893
596.591854
596.5008766
596.4097748
596.3190665
596.2292698
596.1409021
596.0543431
595.968849
595.8831344
595.7959105
595.7058882
595.6117786
595.5122925
595.406141
595.2920351
595.1686859
595.0348043
594.8891031
594.730887
594.5643129
594.395868
594.2320575
594.0793865
593.9443601
593.8334832
593.7532609
593.7101983
593.7108005
593.7615722
593.8690223
594.0381015
594.2612926
594.5250439
594.8157609
595.1198501
595.4237186
595.7137731
595.9764204
596.1980679
596.3651269
596.465629
596.5008883
596.4785971
596.4064967
596.2923283
596.143833
595.9687518
595.774826
595.5697965
595.3614045
595.1573909
594.9654986
594.7926438
594.6391185
594.5020107
594.3783849
594.2653065
594.159841
594.0590538
593.9600105
593.8597765
593.7554172
593.6439982
593.5225834
593.3886928
593.2434738
593.0898352
592.9306968
592.7689781
592.6075988
592.4494785
592.2975366
592.1546929
592.0238668
591.9079779
591.8099449
591.7322665
591.6740153
591.6326144
591.6054753
591.5900093
591.5836279
591.5837425
591.5877645
591.5931053
591.5971763
591.5973891
591.5911553
591.5760547
591.5510402
591.5157245
591.4697253
591.4126605
591.3441477
591.2638048
591.1712494
591.0660994
590.9479724
590.8164862
590.6712572
590.5123442
590.3433307
590.1695097
589.9961856
589.8286625
589.6722445
589.5322356
589.41394
589.3226616
589.2637046
589.2423732
589.2639734
589.3326876
589.4437074
589.5878659
589.7559684
589.9388208
590.1272288
590.3119984
590.4839351
590.633845
590.7525307
590.8318238
590.8717609
590.8763556
590.8496488
590.7956806
590.7184908
590.6221196
590.5106068
590.3879925
590.2583165
590.125619
589.9939407
589.8669217
589.7450007
589.6270633
589.5119857
589.3986441
589.2859145
589.1726732
589.0577964
588.9401603
588.8186409
588.6921147
588.559458
588.41971
588.2732372
588.1210449
587.9641431
587.8035415
587.6402502
587.4752789
587.3096376
587.1443362
586.9803846
586.8187925
586.66057
586.5066644
586.3575161
586.2133213
586.0742744
585.9405699
585.812402
585.6899652
585.573454
585.4630627
585.3589858
585.2614176
585.170553
585.0864605
585.0082036
584.934358
584.8634963
584.7941912
584.7250152
584.654541
584.5813413
584.5039888
584.421056
584.3311156
584.2327401
584.1246558
584.0068236
583.8798025
583.7441551
583.6004443
583.4492325
583.2910827
583.1265573
582.9562193
582.7806311
582.6003556
582.4159562
582.2282246
582.0398258
581.8543247
581.6752927
581.5063013
581.3509222
581.2127267
581.0952865
581.002173
580.9369577
580.903212
580.9045075
580.9435707
581.0162875
581.1152471
581.2330131
581.3621502
581.4952227
581.6247952
581.7434323
581.8436986
581.9181612
581.9601913
581.969757
581.9499956
581.9040678
581.8351342
581.7463556
581.6408929
581.5219066
581.3925576
581.2560066
581.1154143
580.9739414
580.8345261
580.6983032
580.5655385
580.4364911
580.3114206
580.1905862
580.0742473
579.9626634
579.8560938
579.7547979
579.6590351
579.5690652
579.4850041
579.4058231
579.3299377
579.2557598
579.1817013
579.1061743
579.0275907
578.9443626
578.8549019
578.7576207
578.650931
578.5332448
578.403279
578.2622126
578.1124141
577.9562602
577.7961273
577.634392
577.4734307
577.31562
577.1633364
577.0189564
576.8848564
576.7634116
576.6565597
576.5626496
576.4783067
576.4001433
576.324772
576.248805
576.1688548
576.0815338
575.9834543
575.8712288
575.7414699
575.5907889
575.4166131
575.2229383
575.0169322
574.8057859
574.59669
574.396835
574.2134112
574.0536093
573.9246197
573.8336328
573.7878391
573.7944346
573.8591462
573.9760406
574.1335193
574.3199481
574.5236937
574.7331227
574.9366021
575.1224985
575.279179
575.3950092
575.459636
575.4730382
575.4401809
575.3660668
575.2556973
575.1140737
574.9461976
574.7570702
574.551693
574.3350673
574.1121947
573.8880779
573.6673244
573.4514038
573.240261
573.0338311
572.8320496
572.6348521
572.442174
572.2539509
572.0701181
571.8906114
571.7153661
571.5443179
571.3774258
571.214842
571.0568111
570.9035787
570.7553901
570.612491
570.4751266
570.3435425
570.2179842
570.098697
569.9859265
569.8799179
569.7808468
569.6883179
569.6016619
569.5202073
569.4432825
569.370216
569.3003364
569.2329721
569.1674516
569.1031034
569.0392561
568.9752382
568.9103668
568.843869
568.7749279
568.7027265
568.6264478
568.5452745
568.4583898
568.3649764
568.2642174
568.1552956
568.037394
567.9096946
567.7716955
567.6254119
567.474081
567.3209476
567.1692564
567.0222521
566.8831793
566.7552829
566.6418074
566.5459975
566.4710979
566.4203516
566.3963002
566.3957602
566.4127914
566.4414347
566.4757306
566.5097197
566.5374426
566.5529399
566.5502521
566.5234173
566.4672291
566.3824865
566.2729052
566.1422194
565.9941629
565.8324694
565.6608724
565.4831058
565.3029032
565.1239983
564.9501248
564.7850156
564.6320538
564.49177
564.3633208
564.2458532
564.1385142
564.0404509
563.9508104
563.8687395
563.7933854
563.723895
563.6594153
563.5990934
563.5420175
563.4867982
563.4318162
563.3754506
563.3160804
563.2520847
563.1818425
563.1037328
563.0161348
562.9174274
562.8059897
562.6801999
562.5386847
562.3820505
562.2118632
562.0296954
561.8371195
561.6357078
561.4270328
561.2126667
560.994182
560.7731509
560.551146
560.3297396
560.1104092
559.893871
559.6804722
559.4705575
559.264472
559.0625603
558.8651673
558.672638
558.4853173
558.3035499
558.1276807
557.9580548
557.795077
557.6396413
557.492877
557.3559151
557.2298866
557.1159225
557.0151538
556.9287115
556.8577266
556.8033301
556.7666528
556.7488253
556.7505778
556.7693798
556.8011322
556.841724
556.8870444
556.9329823
556.9754269
557.0102674
557.0333929
557.0406936
557.0284996
556.9967363
556.9470587
556.8811342
556.8006303
556.7072144
556.6025541
556.4883168
556.3661699
556.237781
556.1048175
555.9689465
555.8316993
555.6934959
555.5542224
555.4137606
555.2719926
555.1288001
554.9840652
554.8376698
554.6894959
554.5394254
554.3873402
554.2331221
554.0767107
553.9185051
553.7591278
553.5992025
553.4393529
553.2802029
553.1223763
552.9664967
552.813188
552.6630738
552.5167781
552.3749245
552.2380752
552.1062958
551.9794121
551.8572478
551.739627
551.6263736
551.5173117
551.4122651
551.311058
551.2135142
551.1194577
551.0287124
550.9410418
550.8557161
550.7717685
550.68823
550.6041323
550.5185064
550.4303838
550.3387958
550.2427736
550.1413487
550.0335524
549.918416
549.7952357
549.6654542
549.5315482
549.3960021
549.2613006
549.1299279
549.0043685
548.8871068
548.7806271
548.687414
548.6099517
548.5507271
548.5116348
548.4898714
548.4803518
548.4779758
548.4776439
548.4742564
548.4627138
548.4379166
548.3947654
548.3281609
548.2336706
548.1122763
547.9675661
547.8031484
547.6226313
547.4296225
547.22773
547.0205617
546.8117256
546.6048295
546.4034813
546.2112907
546.0314234
545.8635214
545.7055158
545.5553262
545.4108727
545.2700753
545.1308542
544.9911295
544.8488213
544.7018496
544.5481346
544.3855963
544.212454
544.0293388
543.8380483
543.6403878
543.4381623
543.233177
543.0272371
542.8221478
542.6197141
542.4217412
542.2300343
542.0463979
541.8724378
541.7081285
541.5526613
541.4052218
541.2649952
541.131167
541.0029225
540.8794472
540.7599266
540.6435459
540.5294906
540.4169461
540.3051517
540.1937827
540.0827245
539.9718642
539.8610888
539.7502853
539.6393408
539.5281423
539.4165767
539.3045311
539.1918925
539.0785481
538.9643726
538.8491448
538.7325965
538.6144594
538.494465
538.3723449
538.2478306
538.1206539
537.9905462
537.8572392
537.7204645
537.5799538
537.4356289
537.2889521
537.1421291
536.9973707
536.8568875
536.7228904
536.59759
536.4831971
536.3819224
536.2959767
536.2275705
536.1789132
536.1517102
536.1435351
536.1499772
536.166611
536.1890107
536.2127508
536.2334054
536.2465491
536.2477562
536.2326012
536.1971585
536.141545
536.0678302
535.9780964
535.8744261
535.7589017
535.6336057
535.5006203
535.362028
535.2199113
535.0763524
534.9334333
534.793037
534.6554167
534.5200432
534.3863809
534.2538946
534.122049
533.9903086
533.8581381
533.7250022
533.5903656
533.4536928
533.3144485
533.1722204
533.0275883
532.881611
532.735351
532.5898708
532.4462326
532.3054988
532.1687317
532.0369937
531.9113471
531.7928543
531.6825782
531.5814119
531.4888982
531.4039243
531.3253731
531.2521279
531.1830717
531.1170876
531.0530587
530.9898681
530.926399
530.8615344
530.7941577
530.7232367
530.6484289
530.569724
530.487114
530.4005907
530.3101462
530.2157724
530.1174614
530.015205
529.9089953
529.7988242
529.6846839
529.5666414
529.4453757
529.3218599
529.1970694
529.0719796
528.9475659
528.8248036
528.7046681
528.5881348
528.4761791
528.3697762
528.2699021
528.1773289
528.0911992
528.0098666
527.9316792
527.8549852
527.7781329
527.6994705
527.6173464
527.5301089
527.4361067
527.3339152
527.223965
527.1075776
526.9860813
526.8608045
526.7330755
526.6042228
526.4755746
526.3484593
526.2242052
526.1041408
525.9895947
525.8816885
525.7798847
525.6828426
525.5892158
525.4976584
525.406824
525.3153667
525.2219402
525.1251985
525.0237954
524.9163849
524.8016201
524.6783407
524.5468684
524.4082445
524.2635151
524.1137259
523.9599227
523.8031514
523.6444577
523.4848875
523.3254866
523.1673009
523.0113758
522.8586854
522.7096176
522.5642784
522.4227717
522.2852014
522.1516715
522.022286
521.8971487
521.7763637
521.6600348
521.548266
521.4411612
521.3387753
521.2407638
521.1465905
521.0557175
520.9676068
520.8817206
520.7975212
520.7144706
520.632031
520.5496646
520.4668335
520.3829997
520.2977002
520.2110721
520.1235429
520.0355422
519.9474996
519.8598446
519.7730068
519.6874156
519.6035007
519.5216916
519.4424179
519.366109
519.2931753
519.2238718
519.1583785
519.096875
519.0395406
518.9865548
518.9380973
518.8943474
518.8554846
518.8216892
518.7929016
518.7671506
518.7415386
518.7131615
518.6791152
518.636496
518.5823998
518.5139229
518.4281614
518.3222113
518.1931688
518.0381284
517.8548395
517.6462798
517.4179632
517.1754193
516.9241778
516.6697681
516.4177198
516.1735624
515.9428255
515.7310384
515.5437307
515.3864296
515.2638977
515.1746346
515.1141288
515.077847
515.0612559
515.0598221
515.0690122
515.0842929
515.1011309
515.1149926
515.121345
515.1156548
515.0936971
515.0537534
514.995311
514.9178668
514.8209175
514.7039595
514.5664896
514.4080043
514.2280003
514.0259741
513.8014225
513.5538401
513.2831901
512.9931542
512.6892195
512.3768852
512.0616499
511.7490122
511.4444708
511.1535244
510.8816717
510.6344111
510.4172416
510.2356623
510.0944972
509.9931453
509.928379
509.8969537
509.8956251
509.921149
509.9702809
510.0397766
510.1263916
510.2268817
510.3380025
510.4565097
510.5791344
510.7024086
510.8227685
510.9366496
511.0404872
511.1307168
511.2037738
511.2560938
511.284112
511.2842632
511.2535788
511.1938762
511.1092912
511.0039745
510.8820764
510.7477474
510.605138
510.4583986
510.3116797
510.1691317
510.034905
509.9131485
509.807518
509.717626
509.641142
509.5757214
509.5190194
509.4686912
509.4223922
509.3777775
509.3325025
509.2842224
509.2305925
509.1692682
509.098187
509.0175749
508.9287604
508.8330803
508.7318711
508.6264696
508.5182124
508.4084361
508.2984773
508.1896726
508.0833588
507.9808731
507.8833837
507.7907185
507.7020537
507.6165616
507.5334144
507.4517847
507.3708446
507.2897665
507.2077227
507.1238856
507.0374276
506.9475209
506.8534726
506.7556764
506.6550513
506.5525198
506.4490044
506.3454275
506.2427116
506.1417792
506.0435527
505.9489546
505.8589074
505.7743331
505.6960301
505.6237808
505.5568802
505.4946194
505.4362894
505.3811814
505.3285865
505.2777959
505.2281007
505.1787921
505.129161
505.0784987
505.0261556
504.9719606
504.9159734
504.8582558
504.7988691
504.737875
504.6753349
504.6113105
504.5458631
504.4790544
504.4109641
504.3418202
504.2719222
504.2015699
504.1310633
504.0607023
503.9907869
503.9216168
503.8534921
503.7867127
503.7215785
503.6583894
503.5972743
503.5369781
503.4755786
503.4111485
503.3417606
503.2654877
503.1804026
503.0845782
502.9760872
502.8530026
502.713397
502.5553414
502.3774305
502.1824164
501.9750712
501.7601797
501.5425264
501.3268959
501.1180725
500.9208409
500.7399854
500.5802905
500.4465408
500.3435202
500.2753062
500.2402544
500.2339579
500.2519915
500.2899299
500.3433476
500.4078196
500.4789203
500.5522245
500.6233069
500.6877424
500.7411067
500.779384
500.8019065
500.8096144
500.8034597
500.7843949
500.7533721
500.7113435
500.6592615
500.5980782
500.5287459
500.4522168
500.3694433
500.2813433
500.1885603
500.0916045
499.9909856
499.8872129
499.7807961
499.6722445
499.5620678
499.4507754
499.3388769
499.2268816
499.1152995
499.0045862
498.8947704
498.7856728
498.6771131
498.5689108
498.4608855
498.3528568
498.2446443
498.1360676
498.0269462
497.9170999
497.8063483
497.6946497
497.5830879
497.4732892
497.3668838
497.2655016
497.1707729
497.0843277
497.0077961
496.9428082
496.8909954
496.853647
496.8293373
496.8153215
496.8088463
496.8071589
496.8075063
496.8071355
496.8032937
496.7932279
496.7741852
496.7434127
496.698158
496.6361134
496.5585825
496.4686109
496.3692556
496.263574
496.1546233
496.0454608
495.9391438
495.8387296
495.7472753
495.6678382
495.6034743
495.5567949
495.5267659
495.5106026
495.5055068
495.5086804
495.5173253
495.5286434
495.5398366
495.5481068
495.550656
495.544686
495.5273978
495.4964029
495.4525976
495.3984681
495.3365122
495.2692271
495.19911
495.1286581
495.0603687
494.9967391
494.9402663
494.8934478
494.8587817
494.8384024
494.8315462
494.8360423
494.8497111
494.8703734
494.8958497
494.9239606
494.9525268
494.979369
495.0023077
495.0191636
495.0277581
495.026201
495.0149571
494.9956252
494.969812
494.9391243
494.9051687
494.8695519
494.8338807
494.7997619
494.768802
494.7426078
494.7227853
494.7105752
494.704233
494.7005799
494.6964259
494.6885811
494.6738555
494.6490592
494.6110025
494.5564954
494.4823492
494.385925
494.2690664
494.1357761
493.9900718
493.8359712
493.677492
493.5186521
493.3634691
493.2159609
493.0801451
492.9600394
492.8596606
492.7825758
492.7286751
492.6960819
492.6829056
492.6872562
492.7072434
492.7409771
492.786567
492.8421229
492.9057546
492.975572
493.0496844
493.1263241
493.2047033
493.2845089
493.3654311
493.44716
493.5293857
493.6117985
493.6940882
493.7759452
493.8570595
493.9371212
494.0158206
494.0928006
494.1673277
494.2384852
494.3053557
494.3670213
494.4225647
494.4710681
494.511614
494.5432847
494.5651627
494.5763304
494.5758705
494.5630087
494.5381395
494.5022198
494.4562101
494.4010714
494.3377643
494.2672496
494.1904882
494.1084407
494.022068
493.9323309
493.84019
493.7465549
493.6519186
493.5565738
493.4608117
493.3649232
493.2691995
493.1739319
493.0794113
492.9859289
492.8937759
492.8032434
492.7146223
492.6282432
492.5447508
492.4649422
492.3896154
492.3195687
492.2556001
492.1985078
492.1490898
492.1081442
492.0764691
492.0547679
492.0429734
492.0406478
492.0473506
492.0626411
492.0860787
492.117223
492.1556333
492.200869
492.2524896
492.3100544
492.3731246
492.4407879
492.5083664
492.5693554
492.6172379
492.6454972
492.6476167
492.6170797
492.5473698
492.4319703
492.2643645
492.0380359
491.7464649
491.3849591
490.9634627
490.4990127
490.0086909
489.5095789
489.0187579
488.5533094
488.130315
487.7668559
487.4800135
487.2868688
487.2044932
487.2466996
487.4005906
487.6404316
487.940395
488.2746524
488.6173754
488.9427357
489.2249048
489.4380545
489.5563563
489.5539832
489.4051091
489.0883053
488.6178492
488.0252097
487.3419878
486.5997822
485.8301911
485.0648127
484.3352452
483.6730868
483.1099357
482.67739
482.4070645
482.3263405
482.4289994
482.6925054
483.0942151
483.6114891
484.2216881
484.9021729
485.6303042
486.3834427
487.1389493
487.8741846
488.5665084
489.1955842
489.7596303
490.2658409
490.7214679
491.1337631
491.5099784
491.8573655
492.1831764
492.4946628
492.7990799
493.1028327
493.4055771
493.7036921
493.9935348
494.2714633
494.5338356
494.7770096
494.9973435
495.1911953
495.354923
495.4848846
495.5774375
495.6297234
495.6451892
495.6303338
495.5916755
495.5357327
495.4690238
495.3980669
495.3293805
495.2694828
495.2248921
495.2021267
495.207702
495.247287
495.3196026
495.4200322
495.5439348
495.686669
495.8435936
496.0100672
496.1814486
496.3530965
496.5203696
496.6786269
496.8232269
496.9501209
497.0600564
497.1560926
497.2413066
497.3187747
497.3915735
497.4627794
497.5354688
497.6127181
497.6976039
497.7932025
497.9025921
498.0284193
498.1699069
498.3246145
498.4900909
498.6638855
498.8435472
499.0266255
499.2106694
499.3932283
499.5718514
499.7440877
499.9074868
500.0599103
500.2017443
500.334595
500.4600764
500.5798026
500.6953875
500.8084453
500.92059
501.0334357
501.1485964
501.2676861
501.3923182
501.5238707
501.6617915
501.8046015
501.9508146
502.0989448
502.247506
502.395012
502.5399769
502.6809146
502.8163389
502.9447639
503.0647032
503.1749422
503.2764547
503.3712712
503.46143
503.5489694
503.6359275
503.7243423
503.8162521
503.9136949
504.0187079
504.1330406
504.2560804
504.3860808
504.5212864
504.6599421
504.8002926
504.9405827
505.0790572
505.2139608
505.3435383
505.4660347
505.5796943
505.6830907
505.777452
505.8652872
505.9491145
506.0314525
506.1148193
506.2017331
506.2947123
506.3962749
506.5089394
506.6352239
506.7776481
506.9383688
507.1166651
507.3104174
507.5174974
507.7357771
507.9631284
508.1974232
508.4365335
508.6783313
508.9206884
509.1614768
509.3985688
509.6300615
509.855877
510.0768182
510.2936937
510.5073123
510.7184826
510.9280135
511.1367135
511.3453915
511.5548561
511.7659161
511.97938
512.1959891
512.4159334
512.6391381
512.8655265
513.0950219
513.3275475
513.5630265
513.8013823
514.042538
514.2864169
514.5329422
514.7820376
515.0334681
515.2857281
515.5366976
515.7842521
516.0262671
516.2606184
516.4851814
516.6978319
516.8964454
517.0788976
517.2430641
517.3868189
517.5085403
517.6106166
517.6973838
517.7731899
517.8423828
517.9093103
517.9783203
518.0537605
518.1399788
518.2413236
518.3616175
518.5004519
518.6553745
518.8239177
519.0036145
519.1919979
519.3866008
519.5849563
519.7845973
519.9830568
520.1778677
520.366562
520.5470016
520.7196709
520.8863284
521.0487406
521.2086736
521.3678938
521.5281673
521.6912605
521.8589394
522.0329705
522.2151198
522.4071533
522.6105838
522.8248668
523.0484655
523.279837
523.5174378
523.7597246
524.0051543
524.2521834
524.4992687
524.7448669
524.9874348
525.2254294
525.4574366
525.6830982
525.9025627
526.1159829
526.3235113
526.5253005
526.7215031
526.9122717
527.0977589
527.2781173
527.4534995
527.6240575
527.7901966
527.9543475
528.1199219
528.2903382
528.4690146
528.6593694
528.8648209
529.0887872
529.3346866
529.6059373
529.9059576
530.2381685
530.6050695
531.001824
531.4200339
531.8512788
532.2871385
532.7191931
533.1390225
533.5382068
533.9083259
534.2409599
534.5276888
534.760096
534.9311493
535.0451211
535.1117264
535.1407177
535.141848
535.1248703
535.0995376
535.075603
535.0628194
535.0709427
535.1088376
535.1782821
535.2776126
535.4051437
535.5591906
535.7380686
535.9400929
536.1635786
536.4068412
536.6681957
536.9459574
537.2384414
537.543937
537.8605204
538.1861655
538.5188456
538.8565339
539.1972036
539.5388278
539.8793799
540.2168329
540.5491601
540.8743348
541.1903304
541.4952802
541.7886217
542.0704193
542.3407422
542.5996598
542.8472413
543.0835558
543.3086725
543.5226608
543.7255898
543.9175288
544.0985465
544.2688729
544.4300256
544.5841455
544.7333781
544.8798687
545.0257628
545.1732054
545.324342
545.4813178
545.6462781
545.8213684
546.0087343
546.2102901
546.4261003
546.6553321
546.8971471
547.150707
547.4151735
547.6897084
547.9734732
548.2656296
548.5653395
548.8717645
549.1840659
549.5013079
549.8217576
550.1432991
550.4638135
550.7811821
551.0932861
551.3980067
551.6932251
551.9768225
552.2466802
552.5006796
552.7367024
552.9531091
553.1521602
553.3379918
553.5147545
553.6865988
553.8576751
554.0321338
554.2141252
554.4077998
554.6173068
554.8463224
555.0946583
555.3602662
555.6410849
555.935053
556.240109
556.5541917
556.8752395
557.2011912
557.5299853
557.8595605
558.1878559
558.5130655
558.8354651
559.156331
559.4769475
559.7985986
560.1225682
560.4501406
560.7825997
561.1212296
561.4673143
561.8221378
562.186985
562.5629473
562.9495789
563.3456883
563.7500789
564.1615542
564.578918
565.0009737
565.426525
565.8543755
566.2833287
566.7121884
567.139758
567.5648797
567.9867061
568.4045397
568.8176843
569.2254433
569.6271206
570.0220197
570.4094443
570.7886979
571.1590843
571.5199071
571.8704706
572.2102933
572.5406494
572.8636572
573.1814408
573.4961245
573.8098326
574.1246895
574.4428193
574.7663464
575.0973951
575.4380895
575.7905534
576.1563993
576.5330795
576.9160448
577.3007301
577.6825711
578.057003
578.4194614
578.7653817
579.0901994
579.38935
579.6582689
579.8923877
580.0881777
580.2503685
580.3876991
580.508935
580.6228408
580.7381811
580.8637205
581.0082234
581.1804543
581.3891762
581.642142
581.9388697
582.2749175
582.6458124
583.0470823
583.4742548
583.9228576
584.3884187
584.8664656
585.3525263
585.8421284
586.3307985
586.8144037
587.291518
587.762029
588.2258332
588.6828269
589.1329063
589.5759674
590.0119065
590.4406198
590.8620034
591.2759536
591.6823664
592.0811736
592.4725927
592.8569794
593.2346905
593.6060826
593.9715126
594.3313369
594.6859125
595.0355959
595.3807438
595.7217131
596.0588605
596.3926389
596.7242839
597.0554077
597.3876255
597.7225523
598.0618029
598.4069926
598.7597362
599.1216489
599.4943457
599.8794414
600.278551
600.6930336
601.1221708
601.5642444
602.0175281
602.480296
602.9508222
603.4273807
603.9082455
604.3916909
604.8759906
605.359419
605.8402488
606.317048
606.7907256
607.2633278
607.7369081
608.2135198
608.6952161
609.1840504
609.6820759
610.191346
610.7139138
611.2518327
611.8071563
612.38126
612.9700562
613.5668152
614.1647901
614.757234
615.3373999
615.8985411
616.4339105
616.9367615
617.4003471
617.8179207
618.1827396
618.4893856
618.7433092
618.9551807
619.1357092
619.2956043
619.4455753
619.5963315
619.7585823
619.9430372
620.1604063
620.4203023
620.7235124
621.0665521
621.4459095
621.8580729
622.2995307
622.766771
623.2562822
623.7645525
624.2880704
624.823324
625.3668022
625.9151966
626.4668593
627.0209403
627.5765954
628.1329807
628.689252
629.2445654
629.7980767
630.3489419
630.8963169
631.4393577
631.9772203
632.5091887
633.0355855
633.5572333
634.0749589
634.5895886
635.1019489
635.6128665
636.1231677
636.6336791
637.1452272
637.6586384
638.1747398
638.6942367
639.2168692
639.7419086
640.2686231
640.7962811
641.324151
641.8515011
642.3775998
642.9017154
643.4231163
643.9410708
644.4548474
644.9639444
645.4697191
645.9744263
646.4803271
646.9896826
647.5047537
648.0278014
648.5610867
649.1068707
649.6674143
650.2449783
650.8418216
651.4595274
652.0941313
652.7390055
653.3875024
654.0329739
654.6687721
655.2882493
655.8847574
656.4516487
656.9822752
657.4699895
657.908142
658.2914829
658.626038
658.9232761
659.194707
659.4518391
659.706181
659.9692408
660.2525271
660.5675479
660.9258078
661.3375443
661.8026
662.3158256
662.8720341
663.4660386
664.0926521
664.7466876
665.4229583
666.1162771
666.8214571
667.5333115
668.2466531
668.956664
669.6615087
670.3607906
671.0541235
671.7411211
672.4213973
673.0945657
673.76024
674.418034
675.0675613
675.7084357
676.3402704
676.9627772
677.5764474
678.1821514
678.7807617
679.3731511
679.9601922
680.5427576
681.1217199
681.6979518
682.2723258
682.8457147
683.4189911
683.9929646
684.5679363
685.1439616
685.7210943
686.299388
686.8788965
687.4596735
688.0417729
688.6252482
689.2101534
689.7965421
690.3844685
690.9740836
691.5663362
692.1625576
692.7640822
693.3722444
693.9883784
694.6138187
695.2498995
695.8979553
696.5593204
697.235329
697.9273165
698.6359846
699.3569429
700.0833406
700.8083086
701.5249785
702.2264819
702.9059504
703.5565157
704.1713092
704.7434627
705.2661077
705.7323702
706.1369258
706.4867547
706.7948145
707.0741009
707.3376084
707.5983314
707.8692645
708.1634021
708.4937384
708.8732694
709.313506
709.813991
710.3684899
710.9707252
711.6144204
712.2932993
713.0010854
713.7315027
714.4782748
715.2351254
715.9957782
716.7539548
717.5039395
718.2444814
718.976499
719.7009245
720.4186899
721.1307269
721.8379674
722.5413432
723.2417862
723.9402283
724.6376012
725.3348367
726.0327058
726.7306773
727.4275912
728.1222835
728.8135902
729.500347
730.18139
730.855555
731.5216781
732.1785951
732.825142
733.4601554
734.0827044
734.6937637
735.2952234
735.8889804
736.476932
737.0609748
737.6430061
738.2249229
738.808622
739.3960005
739.9889555
740.5893839
741.1991219
741.8195146
742.4516701
743.0966947
743.7556947
744.4297764
745.1200463
745.8276106
746.5535757
747.299048
748.0651338
748.852941
749.6631538
750.4930903
751.338434
752.1948576
753.0580346
753.9236381
754.7873414
755.6448177
756.4917403
757.3237825
758.1366175
758.92592
759.688127
760.4258825
761.1448219
761.8506009
762.5488755
763.2453016
763.945535
764.6552318
765.3800479
766.1256418
766.8969561
767.6932494
768.5110188
769.346744
770.196905
771.0579822
771.9264555
772.7988053
773.6715116
774.5410546
775.4039146
776.2565724
777.0959512
777.9225717
778.7386892
779.5465703
780.348482
781.1466914
781.9434654
782.741071
783.541775
784.3478445
785.1615464
785.9851469
786.8206427
787.6678216
788.5254107
789.3921287
790.2666946
791.1478273
792.0342458
792.9246688
793.8178154
794.7124044
795.6071549
796.5007853
797.3921165
798.2807849
799.1668219
800.0502618
800.9311387
801.8094868
802.6853402
803.558733
804.4296995
805.2982737
806.1644898
807.0283816
807.8901006
808.750736
809.6118321
810.4749358
811.3415945
812.213355
813.0917645
813.9783701
814.8747187
815.7823576
816.7028337
817.6376927
818.587828
819.5488124
820.5136566
821.4753535
822.4268957
823.3612761
824.2714873
825.1505221
825.9913733
826.7870336
827.5304963
828.2147574
828.834432
829.3973716
829.9177875
830.4099406
830.888091
831.366499
831.8594246
832.381128
832.9458693
833.5679057
834.2598371
835.0207726
835.8433192
836.7200397
837.6434965
838.6062521
839.6008688
840.619909
841.6559353
842.7015099
843.7491955
844.7915564
845.8218795
846.8393699
847.8460752
848.844065
849.8354089
850.8221761
851.8064363
852.7902587
853.7757129
854.7648683
855.7597942
856.762561
857.7749302
858.7961955
859.8244559
860.8578018
861.894324
862.9321131
863.9692601
865.0038557
866.0339906
867.0577556
868.0732414
869.078538
870.0720469
871.0546515
872.0284402
872.995509
873.9579536
874.9178697
875.8773532
876.8384998
877.8034054
878.7741655
879.7528761
880.7416324
881.7422963
882.7548249
883.7782583
884.8116305
885.853975
886.9043256
887.961716
889.0251799
890.0937511
891.1664633
892.2423502
893.3204456
894.3998393
895.480077
896.5609236
897.6421458
898.7235101
899.8047833
900.885732
901.9661228
903.0457224
904.1242973
905.2016142
906.2774407
907.3512734
908.4204513
909.4812676
910.5300078
911.5629582
912.5764046
913.5666333
914.5299302
915.4625813
916.3608728
917.2210907
918.0395186
918.8135895
919.5499214
920.2595869
920.9536863
921.6433199
922.3395876
923.0535896
923.7964261
924.5791968
925.4130058
926.3076077
927.2619831
928.2698936
929.3250644
930.4212219
931.5520924
932.7114024
933.8928782
935.0902464
936.2972335
937.5075657
938.7149681
939.913725
941.1025808
942.2824439
943.4542367
944.6188812
945.7772994
946.9304131
948.0791445
949.2244154
950.367148
951.508264
952.6486855
953.7892736
954.9303938
956.072173
957.2147364
958.3582094
959.5027171
960.6483849
961.7953379
962.9437015
964.093601
965.2451614
966.3985081
967.5537068
968.7103382
969.8677502
971.0252885
972.1822991
973.3381281
974.4921211
975.6436242
976.7919834
977.9365446
979.0766536
980.2116557
981.3411391
982.4666274
983.5905828
984.7154741
985.8437697
986.977938
988.1204475
989.2737666
990.4403638
991.6227075
992.8232661
994.0445097
995.2881416
996.5497337
997.8218854
999.0971771
1000.36819
1001.627504
1002.8677
1004.08136
1005.261064
1006.399392
1007.488926
1008.522252
1009.493514
1010.409641
1011.283705
1012.128822
1012.95811
1013.784685
1014.621665
1015.482166
1016.379306
1017.326205
1018.334457
1019.403463
1020.526714
1021.697661
1022.909756
1024.156451
1025.431199
1026.727451
1028.03866
1029.358279
1030.679759
1031.996555
1033.302731
1034.59735
1035.881879
1037.1578
1038.426599
1039.689759
1040.948763
1042.205095
1043.46024
1044.71568
1045.972901
1047.233384
1048.498513
1049.76883
1051.044479
1052.325598
1053.612328
1054.904807
1056.203175
1057.507571
1058.818134
1060.135004
1061.45832
1062.788222
1064.124753
1065.467193
1066.81445
1068.165429
1069.519037
1070.87418
1072.229764
1073.584694
1074.937877
1076.288218
1077.634624
1078.976
1080.311541
1081.642768
1082.972326
1084.302867
1085.637045
1086.977513
1088.326923
1089.687928
1091.063181
1092.455335
1093.867042
1095.300953
1096.758868
1098.235621
1099.722698
1101.21156
1102.69367
1104.160487
1105.603475
1107.014094
1108.383805
1109.704071
1110.966353
1112.162114
1113.284661
1114.342296
1115.350538
1116.324959
1117.281133
1118.234633
1119.201031
1120.195901
1121.234813
1122.333338
1123.505263
1124.749832
1126.059289
1127.425828
1128.841645
1130.298934
1131.789889
1133.306704
1134.841575
1136.386696
1137.934261
1139.476465
1141.00616
1142.521523
1144.023301
1145.512256
1146.989152
1148.454753
1149.909823
1151.355124
1152.791422
1154.219478
1155.640058
1157.053923
1158.461887
1159.865138
1161.265053
1162.663008
1164.060379
1165.458543
1166.858875
1168.262752
1169.67155
1171.086645
1172.509415
1173.941235
1175.383294
1176.835273
1178.296125
1179.764795
1181.240231
1182.72138
1184.207189
1185.696603
1187.188572
1188.68204
1190.175955
1191.669266
1193.161162
1194.652828
1196.146405
1197.644044
1199.147894
1200.660103
1202.18282
1203.718196
1205.268379
1206.835518
1208.421763
1210.029262
1211.659273
1213.305815
1214.959424
1216.610608
1218.249876
1219.867738
1221.454703
1223.001279
1224.497977
1225.935304
1227.30377
1228.593876
1229.798402
1230.928237
1232.003062
1233.042614
1234.066632
1235.094851
1236.147007
1237.242838
1238.40208
1239.644465
1240.987152
1242.426338
1243.948132
1245.538566
1247.183674
1248.86949
1250.582048
1252.30738
1254.031522
1255.740506
1257.420366
1259.057131
1260.638547
1262.166043
1263.647681
1265.091573
1266.505825
1267.898546
1269.277842
1270.651822
1272.028594
1273.416264
1274.822941
1276.256734
1277.724783
1279.226463
1280.757387
1282.313145
1283.889324
1285.481515
1287.085307
1288.696288
1290.310049
1291.922178
1293.528265
1295.123901
1296.705394
1298.274918
1299.837471
1301.398067
1302.961723
1304.533456
1306.118282
1307.721216
1309.347277
1311.001479
1312.688839
1314.414372
1316.182088
1317.987812
1319.823432
1321.680805
1323.55179
1325.428242
1327.302022
1329.164985
1331.008991
1332.825897
1334.607561
1336.345835
1338.034009
1339.676793
1341.284436
1342.867228
1344.435457
1345.999409
1347.569372
1349.155633
1350.768479
1352.418196
1354.115074
1355.869399
1357.689437
1359.56717
1361.486698
1363.432073
1365.387346
1367.336569
1369.263793
1371.15307
1372.98845
1374.753985
1376.433728
1378.011738
1379.475046
1380.835042
1382.114818
1383.337554
1384.526428
1385.704619
1386.895307
1388.12167
1389.406888
1390.774143
1392.24391
1393.814945
1395.475482
1397.213688
1399.017731
1400.87578
1402.776003
1404.706567
1406.655641
1408.611392
1410.56199
1412.495606
1414.401644
1416.279613
1418.133876
1419.968833
1421.788883
1423.598427
1425.401862
1427.203589
1429.008008
1430.819517
1432.642516
1434.481405
1436.340067
1438.218197
1440.113476
1442.023566
1443.946133
1445.878841
1447.819353
1449.765334
1451.714449
1453.664362
1455.612737
1457.557238
1459.495778
1461.428262
1463.355562
1465.278555
1467.198118
1469.115129
1471.030465
1472.945004
1474.859623
1476.7752
1478.692611
1480.612735
1482.536471
1484.464906
1486.399217
1488.340581
1490.290176
1492.249177
1494.218763
1496.200111
1498.194397
1500.202799
1502.226495
1504.266658
1506.323784
1508.392793
1510.465923
1512.535396
1514.593431
1516.632249
1518.644068
1520.621111
1522.555596
1524.439744
1526.265776
1528.02591
1529.714153
1531.338957
1532.91574
1534.459971
1535.987119
1537.512653
1539.052041
1540.620753
1542.234256
1543.908014
1545.655766
1547.477109
1549.364845
1551.311726
1553.310505
1555.353934
1557.434765
1559.545751
1561.679643
1563.829193
1565.987155
1568.146281
1570.29997
1572.446878
1574.588191
1576.725114
1578.858852
1580.990611
1583.121595
1585.253009
1587.386058
1589.521946
1591.66188
1593.807065
1595.958615
1598.116937
1600.28209
1602.454133
1604.633123
1606.819119
1609.012179
1611.212361
1613.419722
1615.634321
1617.856217
1620.085466
1622.32196
1624.564243
1626.810206
1629.057737
1631.304723
1633.549053
1635.788614
1638.021292
1640.244977
1642.457556
1644.656916
1646.840947
1649.008155
1651.162093
1653.308741
1655.454096
1657.604157
1659.764922
1661.942387
1664.142551
1666.371412
1668.634967
1670.939214
1673.290151
1675.692273
1678.137926
1680.613596
1683.105725
1685.600756
1688.085133
1690.545298
1692.967694
1695.338767
1697.644957
1699.872709
1702.008456
1704.041329
1705.981884
1707.851077
1709.669937
1711.459487
1713.240753
1715.034757
1716.862525
1718.74508
1720.703445
1722.756133
1724.901282
1727.127219
1729.422196
1731.774465
1734.172279
1736.603892
1739.057557
1741.521526
1743.984054
1746.433394
1748.857793
1751.246737
1753.59953
1755.920245
1758.212985
1760.481852
1762.73095
1764.964381
1767.186247
1769.400651
1771.611696
1773.823483
1776.040116
1778.265462
1780.501504
1782.74931
1785.009942
1787.284463
1789.573935
1791.879422
1794.201985
1796.542687
1798.902592
1801.282761
1803.684256
1806.107765
1808.550914
1811.009858
1813.480742
1815.959709
1818.442903
1820.926468
1823.406548
1825.879288
1828.340831
1830.787322
1833.214905
1835.620469
1838.006945
1840.380172
1842.746014
1845.110332
1847.478989
1849.857846
1852.252765
1854.669609
1857.11424
1859.592519
1862.110315
1864.672021
1867.270339
1869.89229
1872.524856
1875.155025
1877.76978
1880.356109
1882.900994
1885.391424
1887.814381
1890.156853
1892.405824
1894.550917
1896.603039
1898.583387
1900.513223
1902.413812
1904.306415
1906.212297
1908.15272
1910.148948
1912.222253
1914.391492
1916.656346
1919.007184
1921.434311
1923.928038
1926.478674
1929.076528
1931.71191
1934.375128
1937.056493
1939.746313
1942.434898
1945.113406
1947.779827
1950.43546
1953.081622
1955.719632
1958.35081
1960.976474
1963.597942
1966.216533
1968.833566
1971.450359
1974.068232
1976.68842
1979.311493
1981.937697
1984.567277
1987.200479
1989.837547
1992.478726
1995.124262
1997.774398
2000.42938
2003.089452
2005.754861
2008.425733
2011.10125
2013.780138
2016.461118
2019.142913
2021.824245
2024.503835
2027.180405
2029.852678
2032.519376
2035.17922
2037.830931
2040.473657
2043.109937
2045.743957
2048.379915
2051.022007
2053.674429
2056.341379
2059.027053
2061.735649
2064.471362
2067.23839
2070.040929
2072.881885
2075.75374
2078.643938
2081.539891
2084.429011
2087.298708
2090.136394
2092.92948
2095.665378
2098.331499
2100.915256
2103.404068
2105.788025
2108.079137
2110.299938
2112.47304
2114.621059
2116.766606
2118.932297
2121.140743
2123.414559
2125.77636
2128.246048
2130.821706
2133.490854
2136.240945
