2.93208E-06
2.92873E-06
2.92537E-06
2.92201E-06
2.91865E-06
2.91529E-06
2.91194E-06
2.90858E-06
2.90522E-06
2.90186E-06
2.8985E-06
2.89514E-06
2.89179E-06
2.88843E-06
2.88507E-06
2.88171E-06
2.89184E-06
2.90196E-06
2.91208E-06
2.9222E-06
2.93233E-06
2.94245E-06
2.95257E-06
2.9627E-06
2.97282E-06
2.98294E-06
2.99307E-06
3.00319E-06
3.01331E-06
3.02344E-06
3.03356E-06
3.03005E-06
3.02655E-06
3.02304E-06
3.01954E-06
3.01603E-06
3.01252E-06
3.00902E-06
3.00551E-06
3.002E-06
2.9985E-06
2.99499E-06
2.99149E-06
2.98798E-06
2.98447E-06
2.98097E-06
2.96724E-06
2.95351E-06
2.93978E-06
2.92605E-06
2.91232E-06
2.89859E-06
2.88487E-06
2.87114E-06
2.85741E-06
2.84368E-06
2.82995E-06
2.81622E-06
2.80249E-06
2.78877E-06
2.77504E-06
2.80642E-06
2.8378E-06
2.86919E-06
2.90057E-06
2.93195E-06
2.96333E-06
2.99472E-06
3.0261E-06
3.05748E-06
3.08886E-06
3.12025E-06
3.15163E-06
3.18301E-06
3.21439E-06
3.24578E-06
3.25271E-06
3.25965E-06
3.26659E-06
3.27353E-06
3.28047E-06
3.2874E-06
3.29434E-06
3.30128E-06
3.30822E-06
3.31516E-06
3.32209E-06
3.32903E-06
3.33597E-06
3.34291E-06
3.34985E-06
3.41709E-06
3.48433E-06
3.55157E-06
3.61881E-06
3.68605E-06
3.75329E-06
3.82053E-06
3.88777E-06
3.95501E-06
4.02225E-06
4.08949E-06
4.15673E-06
4.22397E-06
4.29121E-06
4.35845E-06
4.42569E-06
4.49293E-06
4.56017E-06
4.62741E-06
4.69465E-06
4.76189E-06
4.82913E-06
4.89637E-06
4.96361E-06
5.03085E-06
5.09809E-06
5.16533E-06
5.23257E-06
5.29981E-06
5.36705E-06
5.43429E-06
5.50153E-06
5.56877E-06
5.63601E-06
5.70325E-06
5.77049E-06
5.83773E-06
5.90497E-06
5.97221E-06
6.03945E-06
6.10669E-06
6.17393E-06
6.24117E-06
6.30841E-06
6.37565E-06
6.44289E-06
6.51013E-06
6.57737E-06
6.64461E-06
6.71185E-06
6.77909E-06
6.84633E-06
6.91357E-06
6.98081E-06
7.04805E-06
7.11529E-06
7.18253E-06
7.24977E-06
7.31701E-06
7.38425E-06
7.45149E-06
7.51873E-06
7.58597E-06
7.65321E-06
7.72045E-06
7.78769E-06
7.85493E-06
7.92217E-06
7.98941E-06
8.05665E-06
8.12389E-06
8.19113E-06
8.25837E-06
8.32561E-06
8.39285E-06
8.46009E-06
8.52734E-06
8.59458E-06
8.66182E-06
8.72906E-06
8.7963E-06
8.86354E-06
8.93078E-06
8.99802E-06
9.06526E-06
9.1325E-06
9.19974E-06
9.26698E-06
9.33422E-06
9.40146E-06
9.4687E-06
9.53594E-06
9.60318E-06
9.67042E-06
9.73766E-06
9.8049E-06
9.87214E-06
9.93938E-06
1.00066E-05
1.00739E-05
1.01411E-05
1.02083E-05
1.02756E-05
1.03428E-05
1.04101E-05
1.04773E-05
1.05445E-05
1.06118E-05
1.0679E-05
1.07463E-05
1.08135E-05
1.08807E-05
1.0948E-05
1.10152E-05
1.10825E-05
1.11497E-05
1.12169E-05
1.12842E-05
1.13514E-05
1.14187E-05
1.14859E-05
1.15531E-05
1.16204E-05
1.16876E-05
1.17549E-05
1.18221E-05
1.18893E-05
1.19566E-05
1.20238E-05
1.20911E-05
1.22429E-05
1.23947E-05
1.25465E-05
1.26984E-05
1.28502E-05
1.3002E-05
1.31538E-05
1.33057E-05
1.34575E-05
1.36093E-05
1.37612E-05
1.3913E-05
1.40648E-05
1.42166E-05
1.43685E-05
1.44938E-05
1.46192E-05
1.47446E-05
1.487E-05
1.49954E-05
1.51208E-05
1.52461E-05
1.53715E-05
1.54969E-05
1.56223E-05
1.57477E-05
1.58731E-05
1.59984E-05
1.61238E-05
1.62492E-05
1.64327E-05
1.66163E-05
1.67998E-05
1.69833E-05
1.71669E-05
1.73504E-05
1.75339E-05
1.77174E-05
1.7901E-05
1.80845E-05
1.8268E-05
1.84516E-05
1.86351E-05
1.88186E-05
1.90022E-05
1.92081E-05
1.9414E-05
1.96199E-05
1.98258E-05
2.00317E-05
2.02376E-05
2.04435E-05
2.06494E-05
2.08553E-05
2.10612E-05
2.12671E-05
2.1473E-05
2.16789E-05
2.18848E-05
2.20907E-05
2.23398E-05
2.25889E-05
2.28379E-05
2.3087E-05
2.33361E-05
2.35852E-05
2.38343E-05
2.40834E-05
2.43325E-05
2.45815E-05
2.48306E-05
2.50797E-05
2.53288E-05
2.55779E-05
2.5827E-05
2.61509E-05
2.64749E-05
2.67989E-05
2.71229E-05
2.74468E-05
2.77708E-05
2.80948E-05
2.84188E-05
2.87428E-05
2.90667E-05
2.93907E-05
2.97147E-05
3.00387E-05
3.03626E-05
3.06866E-05
3.12679E-05
3.18491E-05
3.24304E-05
3.30116E-05
3.35929E-05
3.41741E-05
3.47554E-05
3.53366E-05
3.59179E-05
3.64991E-05
3.70804E-05
3.76616E-05
3.82429E-05
3.88241E-05
3.94054E-05
3.99866E-05
4.05679E-05
4.11491E-05
4.17304E-05
4.23116E-05
4.28929E-05
4.34741E-05
4.40554E-05
4.46366E-05
4.52179E-05
4.57991E-05
4.63804E-05
4.69616E-05
4.75429E-05
4.81241E-05
4.87054E-05
4.92866E-05
4.98679E-05
5.04491E-05
5.10304E-05
5.16116E-05
5.21929E-05
5.27741E-05
5.33554E-05
5.39366E-05
5.45179E-05
5.50991E-05
5.56804E-05
5.62616E-05
5.68429E-05
5.74241E-05
5.80054E-05
5.85866E-05
5.91679E-05
5.97491E-05
6.03304E-05
6.09116E-05
6.14929E-05
6.20741E-05
6.26554E-05
6.32366E-05
6.38179E-05
6.43991E-05
6.49804E-05
6.55616E-05
6.61429E-05
6.67241E-05
6.73054E-05
6.78866E-05
6.84679E-05
6.90491E-05
6.96304E-05
7.02116E-05
7.07929E-05
7.13741E-05
7.19554E-05
7.25366E-05
7.31179E-05
7.36991E-05
7.42804E-05
7.48616E-05
7.54429E-05
7.60241E-05
7.66054E-05
7.71866E-05
7.77679E-05
7.83491E-05
7.89304E-05
7.95116E-05
8.00929E-05
8.06741E-05
8.12554E-05
8.18366E-05
8.24179E-05
8.29991E-05
8.35804E-05
8.41616E-05
8.47429E-05
8.53241E-05
8.59054E-05
8.64866E-05
8.70679E-05
8.76492E-05
8.82304E-05
8.88117E-05
8.93929E-05
8.99742E-05
9.05554E-05
9.11367E-05
9.17179E-05
9.22992E-05
9.28804E-05
9.34617E-05
9.40429E-05
9.46242E-05
9.52054E-05
9.57867E-05
9.63679E-05
9.69492E-05
9.75304E-05
9.85314E-05
9.95324E-05
0.000100533
0.000101534
0.000102535
0.000103536
0.000104537
0.000105539
0.00010654
0.000107541
0.000108542
0.000109543
0.000110544
0.000111545
0.000112546
0.000113594
0.000114643
0.000115691
0.00011674
0.000117788
0.000118837
0.000119886
0.000120934
0.000121983
0.000123031
0.00012408
0.000125128
0.000126177
0.000127226
0.000128274
0.000129278
0.000130283
0.000131287
0.000132291
0.000133295
0.000134299
0.000135303
0.000136308
0.000137312
0.000138316
0.00013932
0.000140324
0.000141329
0.000142333
0.000143337
0.000144401
0.000145464
0.000146527
0.000147591
0.000148654
0.000149718
0.000150781
0.000151845
0.000152908
0.000153972
0.000155035
0.000156099
0.000157162
0.000158225
0.000159289
0.000160124
0.000160958
0.000161793
0.000162628
0.000163463
0.000164298
0.000165132
0.000165967
0.000166802
0.000167637
0.000168472
0.000169306
0.000170141
0.000170976
0.000171811
0.000172688
0.000173565
0.000174442
0.00017532
0.000176197
0.000177074
0.000177951
0.000178829
0.000179706
0.000180583
0.00018146
0.000182338
0.000183215
0.000184092
0.000184969
0.00018562
0.000186271
0.000186923
0.000187574
0.000188225
0.000188876
0.000189527
0.000190178
0.000190829
0.00019148
0.000192131
0.000192782
0.000193434
0.000194085
0.000194736
0.000195387
0.000196038
0.000196689
0.00019734
0.000197991
0.000198642
0.000199293
0.000199944
0.000200596
0.000201247
0.000201898
0.000202549
0.0002032
0.000203851
0.000204502
0.000205153
0.000205804
0.000206455
0.000207107
0.000207758
0.000208409
0.00020906
0.000209711
0.000210362
0.000211013
0.000211664
0.000212315
0.000212966
0.000213618
0.000214269
0.00021492
0.000215571
0.000216222
0.000216873
0.000217524
0.000218175
0.000218826
0.000219477
0.000220128
0.00022078
0.000221431
0.000222082
0.000222733
0.000223384
0.000224035
0.000224686
0.000225337
0.000225988
0.000226639
0.000227291
0.000227942
0.000228593
0.000229244
0.000229895
0.000230546
0.000231197
0.000231848
0.000232499
0.00023315
0.000233801
0.000234453
0.000235104
0.000235755
0.000236406
0.000237057
0.000237708
0.000238359
0.00023901
0.000239661
0.000240312
0.000240964
0.000241615
0.000242266
0.000242917
0.000243568
0.000244219
0.00024487
0.000245521
0.000246172
0.000246823
0.000247474
0.000248126
0.000248777
0.000249428
0.000250079
0.00025073
0.000251381
0.000252032
0.000252683
0.000253334
0.000253985
0.000254637
0.000255288
0.000255939
0.00025659
0.000257241
0.000257892
0.000258543
0.000259194
0.000259845
0.000260212
0.000260578
0.000260945
0.000261311
0.000261677
0.000262044
0.00026241
0.000262777
0.000263143
0.00026351
0.000263876
0.000264242
0.000264609
0.000264975
0.000265342
0.000265711
0.000266081
0.00026645
0.00026682
0.00026719
0.000267559
0.000267929
0.000268298
0.000268668
0.000269038
0.000269407
0.000269777
0.000270146
0.000270516
0.000270886
0.000271127
0.000271368
0.00027161
0.000271851
0.000272092
0.000272334
0.000272575
0.000272816
0.000273057
0.000273299
0.00027354
0.000273781
0.000274023
0.000274264
0.000274505
0.000274791
0.000275077
0.000275363
0.000275649
0.000275935
0.000276221
0.000276507
0.000276793
0.000277078
0.000277364
0.00027765
0.000277936
0.000278222
0.000278508
0.000278794
0.00027899
0.000279186
0.000279383
0.000279579
0.000279775
0.000279971
0.000280168
0.000280364
0.00028056
0.000280757
0.000280953
0.000281149
0.000281345
0.000281542
0.000281738
0.000281957
0.000282177
0.000282396
0.000282616
0.000282835
0.000283055
0.000283274
0.000283494
0.000283713
0.000283932
0.000284152
0.000284371
0.000284591
0.00028481
0.00028503
0.000285231
0.000285431
0.000285632
0.000285833
0.000286034
0.000286235
0.000286436
0.000286637
0.000286838
0.000287038
0.000287239
0.00028744
0.000287641
0.000287842
0.000288043
0.00028816
0.000288278
0.000288395
0.000288513
0.000288631
0.000288748
0.000288866
0.000288983
0.000289101
0.000289218
0.000289336
0.000289453
0.000289571
0.000289689
0.000289806
0.000289924
0.000290041
0.000290159
0.000290276
0.000290394
0.000290511
0.000290629
0.000290747
0.000290864
0.000290982
0.000291099
0.000291217
0.000291334
0.000291452
0.000291569
0.000291687
0.000291805
0.000291922
0.00029204
0.000292157
0.000292275
0.000292392
0.00029251
0.000292628
0.000292745
0.000292863
0.00029298
0.000293098
0.000293215
0.000293333
0.00029345
0.000293568
0.000293686
0.000293803
0.000293921
0.000294038
0.000294156
0.000294273
0.000294391
0.000294508
0.000294626
0.000294744
0.000294861
0.000294979
0.000295096
0.000295214
0.000295331
0.000295449
0.000295567
0.000295684
0.000295802
0.000295919
0.000296037
0.000296154
0.000296272
0.000296389
0.000296507
0.000296625
0.000296742
0.00029686
0.000296977
0.000297095
0.000297212
0.00029733
0.000297447
0.000297565
0.000297683
0.0002978
0.000297918
0.000298035
0.000298153
0.00029827
0.000298388
0.000298506
0.000298623
0.000298741
0.000298858
0.000298976
0.000299093
0.000299211
0.000299328
0.000299446
0.000299564
0.000299681
0.000299799
0.000299916
0.000300034
0.000300151
0.000300269
0.000300386
0.000300504
0.000300622
0.000300739
0.000300857
0.000300974
0.000301092
0.000301209
0.000301327
0.000301445
0.000301562
0.000301659
0.000301756
0.000301853
0.00030195
0.000302047
0.000302144
0.000302241
0.000302338
0.000302435
0.000302532
0.000302629
0.000302726
0.000302823
0.00030292
0.000303017
0.000303031
0.000303045
0.000303059
0.000303073
0.000303087
0.000303102
0.000303116
0.00030313
0.000303144
0.000303158
0.000303172
0.000303186
0.0003032
0.000303214
0.000303228
0.00030329
0.000303351
0.000303413
0.000303474
0.000303536
0.000303598
0.000303659
0.000303721
0.000303782
0.000303844
0.000303906
0.000303967
0.000304029
0.00030409
0.000304152
0.000304189
0.000304225
0.000304262
0.000304298
0.000304335
0.000304371
0.000304408
0.000304445
0.000304481
0.000304518
0.000304554
0.000304591
0.000304627
0.000304664
0.000304701
0.000304706
0.000304712
0.000304717
0.000304723
0.000304728
0.000304734
0.000304739
0.000304745
0.00030475
0.000304756
0.000304761
0.000304767
0.000304772
0.000304778
0.000304784
0.000304798
0.000304811
0.000304825
0.000304839
0.000304853
0.000304867
0.000304881
0.000304895
0.000304909
0.000304923
0.000304937
0.000304951
0.000304965
0.000304979
0.000304993
0.000305013
0.000305032
0.000305052
0.000305071
0.000305091
0.00030511
0.00030513
0.000305149
0.000305169
0.000305188
0.000305208
0.000305227
0.000305247
0.000305266
0.000305286
0.000305305
0.000305325
0.000305344
0.000305364
0.000305383
0.000305403
0.000305422
0.000305442
0.000305461
0.000305481
0.0003055
0.00030552
0.000305539
0.000305559
0.000305578
0.000305598
0.000305617
0.000305637
0.000305656
0.000305676
0.000305695
0.000305715
0.000305734
0.000305754
0.000305773
0.000305793
0.000305812
0.000305832
0.000305851
0.000305871
0.00030589
0.00030591
0.000305929
0.000305949
0.000305968
0.000305988
0.000306007
0.000306027
0.000306046
0.000306066
0.000306085
0.000306105
0.000306124
0.000306144
0.000306163
0.000306183
0.000306202
0.000306222
0.000306241
0.000306261
0.00030628
0.0003063
0.000306319
0.000306339
0.000306358
0.000306378
0.000306397
0.000306417
0.000306436
0.000306456
0.000306475
0.000306495
0.000306514
0.000306534
0.000306553
0.000306573
0.000306592
0.000306612
0.000306631
0.000306651
0.00030667
0.00030669
0.000306709
0.000306729
0.000306748
0.000306768
0.000306787
0.000306807
0.000306826
0.000306846
0.000306865
0.000306885
0.000306904
0.000306924
0.000306943
0.000306963
0.000306982
0.000307002
0.000307021
0.000307041
0.00030706
0.00030708
0.000307099
0.000307119
0.000307138
0.000307158
0.000307177
0.000307197
0.000307216
0.000307236
0.000307254
0.000307273
0.000307291
0.00030731
0.000307328
0.000307346
0.000307365
0.000307383
0.000307402
0.00030742
0.000307438
0.000307457
0.000307475
0.000307494
0.000307512
0.000307571
0.000307629
0.000307688
0.000307746
0.000307805
0.000307863
0.000307922
0.00030798
0.000308039
0.000308097
0.000308156
0.000308214
0.000308273
0.000308331
0.00030839
0.000308361
0.000308333
0.000308304
0.000308275
0.000308247
0.000308218
0.000308189
0.000308161
0.000308132
0.000308103
0.000308075
0.000308046
0.000308018
0.000307989
0.00030796
0.000307924
0.000307888
0.000307851
0.000307815
0.000307779
0.000307742
0.000307706
0.00030767
0.000307633
0.000307597
0.000307561
0.000307524
0.000307488
0.000307452
0.000307415
0.000307394
0.000307373
0.000307351
0.00030733
0.000307308
0.000307287
0.000307265
0.000307244
0.000307223
0.000307201
0.00030718
0.000307158
0.000307137
0.000307115
0.000307094
0.000307136
0.000307177
0.000307219
0.000307261
0.000307302
0.000307344
0.000307386
0.000307427
0.000307469
0.000307511
0.000307552
0.000307594
0.000307636
0.000307677
0.000307719
0.000307704
0.000307688
0.000307672
0.000307657
0.000307641
0.000307625
0.00030761
0.000307594
0.000307578
0.000307563
0.000307547
0.000307531
0.000307516
0.0003075
0.000307485
0.000307469
0.000307453
0.000307438
0.000307422
0.000307406
0.000307391
0.000307375
0.000307359
0.000307344
0.000307328
0.000307313
0.000307297
0.000307281
0.000307266
0.00030725
0.000307234
0.000307219
0.000307203
0.000307187
0.000307172
0.000307156
0.00030714
0.000307125
0.000307109
0.000307094
0.000307078
0.000307062
0.000307047
0.000307031
0.000307015
0.000307
0.000306984
0.000306968
0.000306953
0.000306937
0.000306922
0.000306906
0.00030689
0.000306875
0.000306859
0.000306843
0.000306828
0.000306812
0.000306796
0.000306781
0.000306765
0.000306749
0.000306734
0.000306718
0.000306703
0.000306687
0.000306671
0.000306656
0.00030664
0.000306624
0.000306609
0.000306593
0.000306577
0.000306562
0.000306546
0.000306531
0.000306515
0.000306499
0.000306484
0.000306468
0.000306452
0.000306437
0.000306421
0.000306405
0.00030639
0.000306374
0.000306358
0.000306343
0.000306327
0.000306312
0.000306296
0.00030628
0.000306265
0.000306249
0.000306233
0.000306218
0.000306202
0.000306186
0.000306171
0.000306155
0.00030614
0.000306124
0.000306108
0.000306093
0.000306077
0.000306061
0.000306046
0.00030603
0.000306014
0.000305999
0.000305983
0.000305967
0.000305952
0.000305936
0.000305921
0.000305905
0.000305889
0.000305874
0.000305858
0.000305842
0.000305827
0.000305811
0.000305795
0.00030578
0.000305764
0.000305749
0.000305733
0.000305717
0.000305702
0.000305686
0.000305646
0.000305606
0.000305566
0.000305526
0.000305485
0.000305445
0.000305405
0.000305365
0.000305325
0.000305285
0.000305245
0.000305205
0.000305165
0.000305125
0.000305084
0.000305006
0.000304927
0.000304848
0.000304769
0.00030469
0.000304611
0.000304533
0.000304454
0.000304375
0.000304296
0.000304217
0.000304138
0.00030406
0.000303981
0.000303902
0.000303837
0.000303772
0.000303708
0.000303643
0.000303578
0.000303514
0.000303449
0.000303384
0.00030332
0.000303255
0.00030319
0.000303126
0.000303061
0.000302996
0.000302931
0.0003029
0.000302869
0.000302838
0.000302807
0.000302776
0.000302745
0.000302714
0.000302683
0.000302652
0.000302621
0.00030259
0.000302559
0.000302528
0.000302497
0.000302466
0.000302388
0.00030231
0.000302232
0.000302154
0.000302076
0.000301999
0.000301921
0.000301843
0.000301765
0.000301687
0.000301609
0.000301531
0.000301454
0.000301376
0.000301298
0.000301264
0.00030123
0.000301196
0.000301162
0.000301128
0.000301094
0.00030106
0.000301026
0.000300992
0.000300958
0.000300924
0.00030089
0.000300856
0.000300822
0.000300788
0.000300671
0.000300553
0.000300435
0.000300318
0.0003002
0.000300083
0.000299965
0.000299848
0.00029973
0.000299612
0.000299495
0.000299377
0.00029926
0.000299142
0.000299024
0.000298907
0.000298789
0.000298672
0.000298554
0.000298437
0.000298319
0.000298201
0.000298084
0.000297966
0.000297849
0.000297731
0.000297613
0.000297496
0.000297378
0.000297261
0.000297143
0.000297026
0.000296908
0.00029679
0.000296673
0.000296555
0.000296438
0.00029632
0.000296203
0.000296085
0.000295967
0.00029585
0.000295732
0.000295615
0.000295497
0.000295379
0.000295262
0.000295144
0.000295027
0.000294909
0.000294792
0.000294674
0.000294556
0.000294439
0.000294321
0.000294204
0.000294086
0.000293968
0.000293851
0.000293733
0.000293616
0.000293498
0.000293381
0.000293263
0.000293145
0.000293028
0.00029291
0.000292793
0.000292675
0.000292558
0.00029244
0.000292322
0.000292205
0.000292087
0.00029197
0.000291852
0.000291734
0.000291617
0.000291499
0.000291382
0.000291264
0.000291147
0.000291029
0.000290911
0.000290794
0.000290676
0.000290559
0.000290441
0.000290323
0.000290206
0.000290088
0.000289971
0.000289853
0.000289736
0.000289618
0.0002895
0.000289383
0.000289265
0.000289148
0.00028903
0.000288913
0.000288795
0.000288677
0.00028856
0.000288442
0.000288325
0.000288207
0.000288089
0.000287972
0.000287854
0.000287737
0.000287619
0.000287502
0.000287384
0.000287266
0.000287091
0.000286916
0.00028674
0.000286565
0.000286389
0.000286214
0.000286038
0.000285863
0.000285688
0.000285512
0.000285337
0.000285161
0.000284986
0.00028481
0.000284635
0.000284438
0.000284242
0.000284045
0.000283848
0.000283652
0.000283455
0.000283259
0.000283062
0.000282865
0.000282669
0.000282472
0.000282276
0.000282079
0.000281882
0.000281686
0.000281506
0.000281327
0.000281147
0.000280968
0.000280788
0.000280609
0.00028043
0.00028025
0.000280071
0.000279891
0.000279712
0.000279532
0.000279353
0.000279174
0.000278994
0.000278729
0.000278464
0.000278199
0.000277935
0.00027767
0.000277405
0.00027714
0.000276875
0.00027661
0.000276345
0.00027608
0.000275815
0.00027555
0.000275285
0.00027502
0.000274747
0.000274474
0.0002742
0.000273927
0.000273654
0.00027338
0.000273107
0.000272834
0.00027256
0.000272287
0.000272014
0.00027174
0.000271467
0.000271193
0.00027092
0.000270643
0.000270367
0.00027009
0.000269814
0.000269537
0.00026926
0.000268984
0.000268707
0.000268431
0.000268154
0.000267877
0.000267601
0.000267324
0.000267047
0.000266771
0.000266203
0.000265635
0.000265067
0.000264499
0.000263931
0.000263363
0.000262795
0.000262227
0.000261658
0.00026109
0.000260522
0.000259954
0.000259386
0.000258818
0.00025825
0.000257682
0.000257114
0.000256546
0.000255978
0.00025541
0.000254842
0.000254274
0.000253706
0.000253138
0.00025257
0.000252002
0.000251434
0.000250866
0.000250298
0.00024973
0.000249162
0.000248593
0.000248025
0.000247457
0.000246889
0.000246321
0.000245753
0.000245185
0.000244617
0.000244049
0.000243481
0.000242913
0.000242345
0.000241777
0.000241209
0.000240641
0.000240073
0.000239505
0.000238937
0.000238369
0.000237801
0.000237233
0.000236665
0.000236097
0.000235529
0.00023496
0.000234392
0.000233824
0.000233256
0.000232688
0.00023212
0.000231552
0.000230984
0.000230416
0.000229848
0.00022928
0.000228712
0.000228144
0.000227576
0.000227008
0.00022644
0.000225872
0.000225304
0.000224736
0.000224168
0.0002236
0.000223032
0.000222464
0.000221896
0.000221327
0.000220759
0.000220191
0.000219623
0.000219055
0.000218487
0.000217919
0.000217351
0.000216783
0.000216215
0.000215647
0.000215079
0.000214511
0.000213943
0.000213375
0.000212807
0.000212239
0.000211671
0.000211103
0.000210535
0.000209967
0.000209399
0.000208831
0.000208263
0.000207694
0.000207126
0.000206558
0.00020599
0.000205422
0.000204854
0.000204286
0.000203718
0.00020315
0.000202582
0.000202014
0.000201446
0.000200878
0.00020031
0.000199742
0.000199174
0.000198606
0.000198038
0.00019747
0.000196902
0.000196334
0.000195766
0.000195198
0.00019463
0.000194061
0.000193493
0.000192925
0.000192048
0.000191171
0.000190294
0.000189417
0.00018854
0.000187663
0.000186786
0.000185909
0.000185032
0.000184155
0.000183278
0.000182401
0.000181524
0.000180647
0.000179769
0.00017877
0.000177771
0.000176771
0.000175772
0.000174772
0.000173773
0.000172773
0.000171774
0.000170775
0.000169775
0.000168776
0.000167776
0.000166777
0.000165777
0.000164778
0.0001638
0.000162822
0.000161843
0.000160865
0.000159887
0.000158909
0.000157931
0.000156953
0.000155974
0.000154996
0.000154018
0.00015304
0.000152062
0.000151084
0.000150105
0.000149017
0.000147929
0.00014684
0.000145752
0.000144663
0.000143575
0.000142487
0.000141398
0.00014031
0.000139221
0.000138133
0.000137045
0.000135956
0.000134868
0.000133779
0.000132665
0.00013155
0.000130435
0.00012932
0.000128206
0.000127091
0.000125976
0.000124861
0.000123747
0.000122632
0.000121517
0.000120402
0.000119287
0.000118173
0.000117058
0.000116042
0.000115026
0.000114009
0.000112993
0.000111977
0.000110961
0.000109945
0.000108929
0.000107912
0.000106896
0.00010588
0.000104864
0.000103848
0.000102832
0.000101815
0.000101184
0.000100552
9.99205E-05
9.92889E-05
9.86573E-05
9.80257E-05
9.73941E-05
9.67625E-05
9.61309E-05
9.54993E-05
9.48677E-05
9.42361E-05
9.36044E-05
9.29728E-05
9.23412E-05
9.17096E-05
9.1078E-05
9.04464E-05
8.98148E-05
8.91832E-05
8.85516E-05
8.792E-05
8.72884E-05
8.66567E-05
8.60251E-05
8.53935E-05
8.47619E-05
8.41303E-05
8.34987E-05
8.28671E-05
8.22355E-05
8.16039E-05
8.09723E-05
8.03406E-05
7.9709E-05
7.90774E-05
7.84458E-05
7.78142E-05
7.71826E-05
7.6551E-05
7.59194E-05
7.52878E-05
7.46562E-05
7.40246E-05
7.33929E-05
7.27613E-05
7.21297E-05
7.14981E-05
7.08665E-05
7.02349E-05
6.96033E-05
6.89717E-05
6.83401E-05
6.77085E-05
6.70768E-05
6.64452E-05
6.58136E-05
6.5182E-05
6.45504E-05
6.39188E-05
6.32872E-05
6.26556E-05
6.2024E-05
6.13924E-05
6.07608E-05
6.01291E-05
5.94975E-05
5.88659E-05
5.82343E-05
5.76027E-05
5.69711E-05
5.63395E-05
5.57079E-05
5.50763E-05
5.44447E-05
5.38131E-05
5.31814E-05
5.25498E-05
5.19182E-05
5.12866E-05
5.0655E-05
5.00234E-05
4.93918E-05
4.87602E-05
4.81286E-05
4.7497E-05
4.68653E-05
4.62337E-05
4.56021E-05
4.49705E-05
4.43389E-05
4.37073E-05
4.30757E-05
4.24441E-05
4.18125E-05
4.11809E-05
4.05493E-05
3.99176E-05
3.9286E-05
3.86544E-05
3.80228E-05
3.73912E-05
3.67596E-05
3.6128E-05
3.54964E-05
3.48648E-05
3.42332E-05
3.36016E-05
3.29699E-05
3.23383E-05
3.17067E-05
3.10751E-05
3.04435E-05
2.98119E-05
2.91803E-05
2.88529E-05
2.85254E-05
2.8198E-05
2.78706E-05
2.75431E-05
2.72157E-05
2.68883E-05
2.65608E-05
2.62334E-05
2.5906E-05
2.55785E-05
2.52511E-05
2.49237E-05
2.45962E-05
2.42688E-05
2.40251E-05
2.37813E-05
2.35376E-05
2.32939E-05
2.30502E-05
2.28064E-05
2.25627E-05
2.2319E-05
2.20752E-05
2.18315E-05
2.15878E-05
2.13441E-05
2.11003E-05
2.08566E-05
2.06129E-05
2.03324E-05
2.00519E-05
1.97715E-05
1.9491E-05
1.92105E-05
1.89301E-05
1.86496E-05
1.83691E-05
1.80886E-05
1.78082E-05
1.75277E-05
1.72472E-05
1.69668E-05
1.66863E-05
1.64058E-05
1.62175E-05
1.60292E-05
1.58409E-05
1.56525E-05
1.54642E-05
1.52759E-05
1.50876E-05
1.48993E-05
1.47109E-05
1.45226E-05
1.43343E-05
1.4146E-05
1.39577E-05
1.37693E-05
1.3581E-05
1.34004E-05
1.32198E-05
1.30392E-05
1.28585E-05
1.26779E-05
1.24973E-05
1.23167E-05
1.21361E-05
1.19555E-05
1.17748E-05
1.15942E-05
1.14136E-05
1.1233E-05
1.10524E-05
1.08718E-05
1.07479E-05
1.0624E-05
1.05001E-05
1.03762E-05
1.02524E-05
1.01285E-05
1.00046E-05
9.88074E-06
9.75686E-06
9.63299E-06
9.50911E-06
9.38523E-06
9.26136E-06
9.13748E-06
9.0136E-06
8.93948E-06
8.86536E-06
8.79124E-06
8.71712E-06
8.643E-06
8.56888E-06
8.49475E-06
8.42063E-06
8.34651E-06
8.27239E-06
8.19827E-06
8.12415E-06
8.05003E-06
7.9759E-06
7.90178E-06
7.82766E-06
7.75354E-06
7.67942E-06
7.6053E-06
7.53117E-06
7.45705E-06
7.38293E-06
7.30881E-06
7.23469E-06
7.16057E-06
7.08645E-06
7.01232E-06
6.9382E-06
6.86408E-06
6.78996E-06
6.71584E-06
6.64172E-06
6.5676E-06
6.49347E-06
6.41935E-06
6.34523E-06
6.27111E-06
6.19699E-06
6.12287E-06
6.04875E-06
5.97462E-06
5.9005E-06
5.82638E-06
5.75226E-06
5.67814E-06
5.60402E-06
5.5299E-06
5.45577E-06
5.38165E-06
5.30753E-06
5.23341E-06
5.15929E-06
5.08517E-06
5.01104E-06
4.93692E-06
4.8628E-06
4.78868E-06
4.71456E-06
4.64044E-06
4.56632E-06
4.49219E-06
4.41807E-06
4.34395E-06
4.26983E-06
4.19571E-06
4.12159E-06
4.04747E-06
3.97334E-06
3.89922E-06
3.8251E-06
3.75098E-06
3.67686E-06
3.60274E-06
3.52862E-06
3.45449E-06
3.38037E-06
3.30625E-06
3.23213E-06
3.15801E-06
3.08389E-06
3.00976E-06
2.93564E-06
2.86152E-06
2.7874E-06
2.71328E-06
2.63916E-06
2.56504E-06
2.49091E-06
2.41679E-06
2.34267E-06
2.26855E-06
2.19443E-06
2.12031E-06
2.04619E-06
1.97206E-06
1.89794E-06
1.82382E-06
1.7497E-06
1.67558E-06
1.60146E-06
1.52734E-06
1.45321E-06
1.37909E-06
1.30497E-06
1.23085E-06
1.15673E-06
1.08261E-06
1.00848E-06
9.34363E-07
8.60242E-07
7.86121E-07
7.11999E-07
6.37878E-07
5.63756E-07
4.89635E-07
4.84869E-07
4.80103E-07
4.75338E-07
4.70572E-07
4.65807E-07
4.61041E-07
4.56275E-07
4.5151E-07
4.46744E-07
4.41979E-07
4.37213E-07
4.32447E-07
4.27682E-07
4.22916E-07
4.18151E-07
3.90274E-07
3.62397E-07
3.34521E-07
3.06644E-07
2.78767E-07
2.5089E-07
2.23014E-07
1.95137E-07
1.6726E-07
1.39384E-07
1.11507E-07
8.36301E-08
5.57534E-08
2.78767E-08
0
1.45677E-08
2.91355E-08
4.37032E-08
5.82709E-08
7.28387E-08
8.74064E-08
1.01974E-07
1.16542E-07
1.3111E-07
1.45677E-07
1.60245E-07
1.74813E-07
1.89381E-07
2.03948E-07
2.18516E-07
2.06121E-07
1.93726E-07
1.8133E-07
1.68935E-07
1.5654E-07
1.44145E-07
1.31749E-07
1.19354E-07
1.06959E-07
9.45637E-08
8.21685E-08
6.97733E-08
5.73781E-08
4.49828E-08
3.25876E-08
