0.000000
0.000000
0.000000
0.000000
0.000000
0.000000
0.000000
0.000000
0.000000
0.000000
0.000000
0.000000
0.000000
0.000000
0.000000
0.000000
0.000000
0.000000
0.000000
0.000000
0.000000
0.000000
0.000000
0.000000
0.000000
0.000000
0.000000
0.000000
0.000000
0.000000
0.000000
0.000000
0.000000
0.000000
0.000000
0.000000
0.000000
0.000000
0.000000
0.000000
0.000000
0.000000
0.000000
0.000000
0.000000
0.000000
0.000000
0.000000
0.000000
0.000000
0.000000
0.000000
0.000000
0.000000
0.000000
0.000000
0.000000
0.000000
0.000000
0.000000
0.000000
0.000000
0.000000
0.000000
0.000000
0.000000
0.000000
0.000000
0.000000
0.000000
0.000000
0.000000
0.000000
0.000000
0.000000
0.000000
0.000000
0.000000
0.000000
0.000000
0.000000
0.000000
0.000000
0.000000
0.000000
0.000000
0.000000
0.000000
0.000000
0.000000
0.000000
0.000000
0.000000
0.000000
0.000000
0.000000
0.000000
0.000000
0.000000
0.000000
0.000000
0.000000
0.000000
0.000000
0.000000
0.000000
0.000000
0.000000
0.000000
0.000000
0.000000
0.000000
0.000000
0.000000
0.000000
0.000000
0.000000
0.000000
0.000000
0.000000
0.000000
0.000000
0.000000
0.000000
0.000000
0.000000
0.000000
2017.798351
2196.192578
2372.825455
2547.913240
2721.665963
2894.278213
3065.920161
3236.728958
3406.800653
3576.182757
3744.867580
3912.786447
4079.804889
4245.718901
4410.252320
4573.055402
4733.704599
4891.703594
5046.485565
5197.416682
5343.800802
5484.885307
5619.868042
5747.905254
5868.120455
5979.614110
6081.474026
6172.786328
6252.646891
6320.173093
6374.515745
6414.871060
6440.492516
6450.702461
6444.903342
6422.588382
6383.351616
6326.897125
6253.047372
6161.750513
6053.086599
5927.272575
5784.665993
5625.767383
5451.221229
5261.815510
5058.479779
4842.281778
4614.422591
4376.230339
4129.152473
3874.746689
3614.670538
3350.669792
3084.565658
2818.240937
2553.625227
2292.679298
2037.378761
1789.697168
1551.588694
1324.970541
1111.705238
913.582983
732.304204
569.462500
426.528139
304.832277
205.552058
129.696776
78.095233
51.384473
50.000000
74.167655
123.897235
198.977989
298.976074
423.234054
570.872501
740.793741
931.687767
1142.040324
1370.143144
1614.106284
1871.872518
2141.233668
2419.848796
2705.264093
2994.934334
3286.245704
3576.539805
3863.138639
4143.370307
4414.595209
4674.232461
4919.786270
5148.871979
5359.241517
5548.807943
5715.668834
5858.128206
5974.716726
6064.209940
6125.644287
6158.330669
6161.865372
6136.138177
6081.337491
5997.952395
5886.771521
5748.878699
5585.645364
5398.719750
5190.012918
4961.681732
4716.108909
4455.880311
4183.759712
3902.661258
3615.619905
3325.760153
3036.263382
2750.334170
2471.165946
2201.906380
1945.622896
1705.268714
1483.649827
1283.393306
1106.917320
956.403243
833.770209
740.652423
678.379548
647.960416
650.070295
685.041896
752.860271
853.161675
985.236463
1148.036007
1340.183577
1559.989091
1805.467582
2074.361172
2364.164314
2672.152021
2995.410732
3330.871472
3675.344893
4025.557782
4378.190595
4729.915540
5077.434759
5417.518126
5747.040186
6063.015788
6362.633948
6643.289528
6902.612331
7138.493243
7349.107096
7532.931962
7688.764649
7815.732194
7913.299224
7981.271106
8019.792841
8029.343756
8010.728050
7965.061362
7893.753532
7798.487809
7681.196791
7544.035442
7389.351534
7219.653955
7037.579279
6845.857078
6647.274441
6444.640169
6240.749140
6038.347304
5840.097789
5648.548550
5466.101989
5294.986927
5137.233303
4994.649886
4868.805295
4761.012532
4672.317194
4603.489502
4555.020173
4527.120172
4519.724269
4532.498319
4564.850088
4615.943431
4684.715578
4769.897213
4870.035046
4983.516485
5108.596053
5243.423120
5386.070533
5534.563730
5686.909892
5841.126723
5995.270435
6147.462564
6295.915224
6438.954480
6575.041520
6702.791365
6820.988890
6928.601965
7024.791590
7108.918931
7180.549213
7239.452490
7285.601330
7319.165532
7340.504008
7350.154018
7348.817989
7337.348149
7316.729280
7288.059884
7252.532091
7211.410632
7166.011240
7117.678800
7067.765610
7017.610068
6968.516111
6921.733700
6878.440630
6839.725904
6806.574910
6779.856553
6760.312524
6748.548799
6745.029449
6750.072796
6763.849922
6786.385478
6817.560738
6857.118778
6904.671654
6959.709404
7021.610704
7089.654938
7163.035495
7240.874023
7322.235413
7406.143246
7491.595471
7577.580055
7663.090363
7747.140051
7828.777256
7907.097880
7981.257805
8050.483878
8114.083542
8171.453012
8222.083909
8265.568319
8301.602239
8329.987418
8350.631618
8363.547354
8368.849170
8366.749559
8357.553624
8341.652613
8319.516464
8291.685501
8258.761446
8221.397884
8180.290368
8136.166295
8089.774724
8041.876273
7993.233238
7944.600069
7896.714300
7850.288062
7806.000257
7764.489457
7726.347611
7692.114588
7662.273593
7637.247460
7617.395849
7603.013299
7594.328143
7591.502240
7594.631473
7603.746970
7618.816988
7639.749392
7666.394671
7698.549400
7735.960114
7778.327484
7825.310757
7876.532380
7931.582750
7990.025029
8051.399973
8115.230730
8181.027558
8248.292427
8316.523477
8385.219299
8453.883020
8522.026176
8589.172355
8654.860604
8718.648587
8780.115499
8838.864725
8894.526242
8946.758771
8995.251677
9039.726605
9079.938875
9115.678617
9146.771651
9173.080118
9194.502850
9210.975486
9222.470334
9228.995968
9230.596571
9227.351026
9219.371742
9206.803243
9189.820505
9168.627062
9143.452893
9114.552099
9082.200387
9046.692396
9008.338867
8967.463707
8924.400958
8879.491714
8833.081021
8785.514789
8737.136759
8688.285562
8639.291897
8590.475888
8542.144623
8494.589929
8448.086406
8402.889738
8359.235311
8317.337143
8277.387142
8239.554695
8203.986580
8170.807199
8140.119117
8112.003875
8086.523068
8063.719645
8043.619393
8026.232576
8011.555677
7999.573198
7990.259473
7983.580454
7979.495409
7977.958503
7978.920212
7982.328534
7988.129972
7996.270250
8006.694756
8019.348685
8034.176890
8051.123436
8070.130871
8091.139226
8114.084786
8138.898645
8165.505102
8193.819937
8223.748618
8255.184495
8288.007044
8322.080206
8357.250894
8393.347727
8430.180022
8467.537135
8505.188152
8542.882006
8580.348027
8617.296957
8653.422444
8688.403008
8721.904481
8753.582902
8783.087825
8810.066016
8834.165480
8855.039762
8872.352450
8885.781816
8895.025500
8899.805165
8899.871032
8895.006202
8885.030682
8869.805029
8849.233531
8823.266849
8791.904058
8755.194020
8713.236058
8666.179878
8614.224731
8557.617805
8496.651849
8431.662053
8363.022224
8291.140301
8216.453278
8139.421607
8060.523179
7980.246962
7899.086425
7817.532846
7736.068621
7655.160708
7575.254303
7496.766890
7420.082757
7345.548094
7273.466774
7204.096881
7137.648091
7074.279927
7014.100958
6957.168951
6903.491982
6853.030503
6805.700326
6761.376468
6719.897813
6681.072475
6644.683789
6610.496804
6578.265147
6547.738144
6518.668028
6490.817106
6463.964734
6437.913940
6412.497561
6387.583758
6363.080769
6338.940791
6315.162893
6291.794863
6268.933931
6246.726319
6225.365594
6205.089818
6186.177522
6168.942543
6153.727790
6140.898034
6130.831827
6123.912677
6120.519634
6121.017439
6125.746418
6135.012299
6149.076150
6168.144621
6192.360697
6221.795136
6256.438791
6296.195985
6340.879081
6390.204421
6443.789732
6501.153102
6561.713625
6624.793739
6689.623291
6755.345337
6821.023622
6885.651691
6948.163537
7007.445668
7062.350449
7111.710547
7154.354292
7189.121745
7214.881240
7230.546167
7235.091747
7227.571536
7207.133416
7173.034799
7124.656819
7061.517252
6983.281951
6889.774588
6780.984515
6657.072582
6518.374774
6365.403571
6198.846940
6019.564936
5828.583888
5627.088205
5416.409863
5198.015666
4973.492415
4744.530135
4512.903565
4280.452120
4049.058572
3820.626713
3597.058287
3380.229490
3171.967339
2974.026235
2788.065035
2615.624944
2458.108538
2316.760221
2192.648393
2086.649598
1999.434881
1931.458592
1882.949804
1853.906495
1844.092640
1853.038260
1880.042500
1924.179726
1984.308616
2059.084161
2146.972481
2246.268281
2355.114784
2471.525911
2593.410447
2718.597926
2844.865921
2969.968411
3091.664874
3207.749756
3316.081935
3414.613816
3501.419675
3574.722887
3632.921675
3674.613044
3698.614560
3703.983680
3690.034354
3656.350655
3602.797224
3529.526360
3436.981621
3325.897839
3197.297518
3052.483594
2893.028613
2720.760410
2537.744430
2346.262862
2148.790801
1947.969712
1746.578480
1547.502374
1353.700293
1168.170669
993.916437
833.909491
691.055057
568.156413
467.880409
392.724195
344.983591
326.723491
339.750689
385.589464
465.460259
580.261723
730.556367
916.560023
1138.135263
1394.788872
1685.673438
2009.593038
2365.012979
2750.073485
3162.607171
3600.160103
4060.016180
4539.224558
5034.629774
5542.904197
6060.582413
6584.097117
7109.816067
7634.079649
8153.238582
8663.691306
9161.920594
9644.528938
10108.272290
10550.091740
10967.142780
11356.821800
11716.789500
12044.991000
12339.672410
12599.393710
12823.037830
13009.815870
13159.268440
13271.263240
13345.988860
13383.945050
13385.929660
13353.022320
13286.565450
13188.142570
13059.554500
12902.793690
12720.017090
12513.518000
12285.697220
12039.033950
11776.056840
11499.315540
11211.353130
10914.679750
10611.747770
10304.928770
9996.492505
9688.588217
9383.228267
9082.274340
8787.426252
8500.213394
8221.988807
7953.925855
7697.017379
7452.077247
7219.744113
7000.487227
6794.614073
6602.279626
6423.496975
6258.149071
6106.001342
5966.714928
5839.860277
5724.930874
5621.356871
5528.518399
5445.758397
5372.394759
5307.731680
5251.070067
5201.716932
5158.993700
5122.243382
5090.836616
5064.176570
5041.702736
5022.893685
5007.268816
4994.389214
4983.857673
0.000000
0.000000
0.000000
0.000000
0.000000
0.000000
0.000000
0.000000
0.000000
0.000000
0.000000
0.000000
0.000000
0.000000
0.000000
0.000000
0.000000
0.000000
0.000000
0.000000
0.000000
0.000000
0.000000
0.000000
0.000000
0.000000
0.000000
0.000000
0.000000
0.000000
0.000000
0.000000
0.000000
0.000000
0.000000
0.000000
0.000000
0.000000
0.000000
0.000000
0.000000
0.000000
0.000000
0.000000
0.000000
0.000000
0.000000
0.000000
0.000000
0.000000
0.000000
0.000000
0.000000
0.000000
0.000000
0.000000
0.000000
0.000000
0.000000
0.000000
0.000000
0.000000
0.000000
0.000000
0.000000
0.000000
0.000000
0.000000
0.000000
0.000000
0.000000
0.000000
0.000000
0.000000
0.000000
0.000000
0.000000
0.000000
0.000000
0.000000
0.000000
0.000000
0.000000
0.000000
0.000000
0.000000
0.000000
0.000000
0.000000
0.000000
0.000000
0.000000
0.000000
0.000000
0.000000
0.000000
0.000000
0.000000
0.000000
0.000000
0.000000
0.000000
0.000000
0.000000
0.000000
0.000000
0.000000
0.000000
0.000000
0.000000
0.000000
0.000000
0.000000
0.000000
0.000000
0.000000
0.000000
0.000000
0.000000
0.000000
0.000000
0.000000
0.000000
0.000000
0.000000
0.000000
0.000000
