-1.3745
-2.2655
-1.844
-2.553
-1.805
-1.244
-1.1395
-0.339
-0.509
-0.461
-0.826
-1.2395
-0.896
0.222
0.3825
-0.1955
-0.339
-0.4785
0.8785
0.9305
-0.0085
-0.352
-0.287
0.1525
0.7655
1.283
1.148
0.2825
-0.2915
-1.17
-0.765
0.1435
0.3215
0.139
0.2565
0.8305
-0.196
-1.357
-1.1
-1.7745
-2.209
0.152
0.226
0.826
0.7695
-0.2655
-1.3395
-1.1305
-0.761
0.1
-0.022
-0.0695
-0.322
-0.6565
0.2825
0.4915
0.1565
-0.383
-0.6085
0.713
0.5305
0.3175
0.522
0.4265
0.1785
0.339
1.1135
0.8045
0.5435
0.9785
1.7
2.083
1.187
0.7785
0.5915
1.213
2.187
1.531
1.3175
0.996
2.2305
1.8915
2.144
2.0875
2.8615
3.875
4.088
3.7745
4.466
6.319
6.719
7.919
9.863
10.4545
11.5725
12.0025
13.268
15.26
14.89
16.069
17.53
19.9305
21.4
21.926
24.418
25.7275
29.219
31.1285
33.068
34.5685
37.2515
40.7045
43.0875
46.275
51.6545
56.273
60.743
65.6965
71.1545
78.4125
84.7835
90.606
96.812
102.622
107.7795
112.433
117.8945
123.222
127.8705
133.4195
137.9165
141.856
145.992
150.18
152.5895
156.094
158.4905
161.643
163.674
164.835
166.579
168.3315
169.393
170.919
172.476
174.52
175.194
175.7635
176.229
177.8945
179.534
179.9165
181.121
182.622
183.822
184.1435
184.3435
184.513
185.0655
185.2785
185.705
184.7785
185.4485
186.2705
185.183
184.0655
185.492
185.2965
184.4525
185.205
184.883
184.3305
183.4215
182.387
182.617
182.465
182.6085
182.117
181.465
181.0435
181.0735
180.965
179.582
178.1075
177.142
176.2505
175.733
173.3375
171.3755
170.6275
168.4095
166.2835
164.9
162.8435
161.2255
158.7335
156.3815
153.8895
149.645
144.9875
141.0385
136.564
132.285
127.323
122.939
117.1425
111.55
106.1835
101.6395
96.2075
90.7715
85.614
79.917
74.568
68.667
63.218
58.9085
54.2375
48.606
44.979
42.4005
38.7825
36.5385
34.7985
32.446
29.95
27.754
25.436
25.0665
23.453
21.7915
20.026
18.695
17.656
16.547
16.012
14.294
13.1465
12.3985
12.133
10.285
7.684
6.1885
6.058
6.419
4.801
4.0705
2.805
1.6915
1.5655
1.679
1.448
1.705
2.4135
2.544
2.2745
1.5355
1.2
1.47
1.9
1.161
1.792
1.5615
-0.022
-0.6565
0.109
0.7915
0.861
0.922
0.574
0.752
0.5435
0.509
0.3525
-0.048
0.574
0.4955
0.2305
0.8565
1.013
1.0655
0.748
0.6
0.8435
1.4135
0.9135
0.6875
1.735
1.5875
1.335
0.6435
0.474
0.487
-0.1605
0.6345
1.196
1.6615
0.4305
-0.061
0.2305
0.0695
-0.6215
-0.565
-0.4305
0.248
0.6915
0.3825
-0.0175
-0.2955
0.409
0.2045
0.335
0.587
0.0475
0.313
1.296
0.8045
-0.013
0.626
0.861
-0.361
-0.8305
-1.6615
-0.6695
0.3695
-0.9265
-0.526
-0.661
-0.813
-1.618
-1.6395
-1.548
-1.0655
-0.8085
-1.0395
-0.3265
-0.461
-1.483
-1.5785
-1.518