0.000000792736104120
0.000000331208409281
0.000000030898434401
0.000000000000000000
0.000000259864686777
0.000000746924944294
0.000001346182516125
0.000001939576928070
0.000002446828389124
0.000002850543739381
0.000003193402640741
0.000003542877043702
0.000003938025969390
0.000004357567089207
0.000004748349262505
0.000005084195267998
0.000005381100685596
0.000005656249668311
0.000005890976825426
0.000006053062047743
0.000006153699863934
0.000006254505937639
0.000006407037022813
0.000006595691089789
0.000006735224243136
0.000006719284671106
0.000006491083979024
0.000006091747515317
0.000005648575170366
0.000005306813631782
0.000005145398496734
0.000005132134873384
0.000005153953414967
0.000005087939430267
0.000004848485112544
0.000004408343792088
0.000003825174118092
0.000003245956561594
0.000002849763367392
0.000002769311556936
0.000003033815868045
0.000003536368587457
0.000004068733872984
0.000004429415918607
0.000004521543577840
0.000004388069894365
0.000004175293478096
0.000004035897785308
0.000004040579170339
0.000004165580644218
0.000004346394210805
0.000004536865759095
0.000004728136054610
0.000004927005983184
0.000005124126890110
0.000005293682134377
0.000005430227846857
0.000005568774643528
0.000005750989869550
0.000005977755900660
0.000006213002388590
0.000006429427503230
0.000006631187904510
0.000006843704731763
0.000007098898626974
0.000007416104556414
0.000007786769624383
0.000008186153030622
0.000008591686520334
0.000008972231226442
0.000009273605918760
0.000009447065154088
0.000009500775678722
0.000009507609721792
0.000009551033438460
0.000009664599860137
0.000009827108015059
0.000010016131314669
0.000010254108109071
0.000010592688943825
0.000011069972840710
0.000011704904853746
0.000012522112182621
0.000013556224287821
0.000014831096633497
0.000016353978101362
0.000018143700225227
0.000020253866709804
0.000022740888813542
0.000025607010474253
0.000028790010880337
0.000032191008522860
0.000035696668775797
0.000039209073977462
0.000042683525936726
0.000046135337105559
0.000049612548163181
0.000053175933957748
0.000056911006307898
0.000060926338377743
0.000065303255490320
0.000070059215848727
0.000075179338161523
0.000080667100169153
0.000086543242225159
0.000092808737769694
0.000099435203203592
0.000106407374675268
0.000113788390747044
0.000121743677115532
0.000130496918234765
0.000140271008736191
0.000151264742815558
0.000163635474829230
0.000177456593873026
0.000192704347196879
0.000209298801132133
0.000227126513787840
0.000246005955510606
0.000265648981532380
0.000285686047112192
0.000305749147085192
0.000325541438546590
0.000344864623150798
0.000363626671172944
0.000381824304213306
0.000399486797581412
0.000416616753745712
0.000433167081496145
0.000449045995530701
0.000464138497320145
0.000478338585251271
0.000491564663106395
0.000503758950342749
0.000514896399689131
0.000524987530796221
0.000534061063017753
0.000542154707376226
0.000549333324236023
0.000555711925300280
0.000561444069769044
0.000566681455055174
0.000571547064668364
0.000576124996415348
0.000580452684552320
0.000584534614223426
0.000588388357141039
0.000592081289408731
0.000595709060762959
0.000599332475531145
0.000602942136932786
0.000606478528402880
0.000609857331777791
0.000612970083378389
0.000615700706362357
0.000617972467797365
0.000619777888542538
0.000621161763523282
0.000622182340703978
0.000622888967752788
0.000623326664527608
0.000623545555426709
0.000623587847849077
0.000623474848589796
0.000623234007119021
0.000622915970923240
0.000622548527860005
0.000622103767877268
0.000621530353564058
0.000620784219018068
0.000619839909559993
0.000618718215597076
0.000617502254382847
0.000616303889610232
0.000615200061564024
0.000614191923113770
0.000613216556472171
0.000612187696910783
0.000611023449742217
0.000609642048653753
0.000607945692561717
0.000605833111253913
0.000603243957706606
0.000600182221548446
0.000596684553077692
0.000592773635813984
0.000588453927671791
0.000583748002738449
0.000578711647999868
0.000573398877871038
0.000567831370459806
0.000561995647040086
0.000555829050327709
0.000549201580655352
0.000541926410522477
0.000533793071360036
0.000524605584236898
0.000514224027125862
0.000502610081610144
0.000489841485620028
0.000476063664683194
0.000461421840796240
0.000446031235034016
0.000429983365470014
0.000413365193489324
0.000396280522674446
0.000378853104836910
0.000361193384367552
0.000343360769932141
0.000325370182541319
0.000307233062813931
0.000288990498575185
0.000270730783913460
0.000252600434355023
0.000234801670541693
0.000217566730793587
0.000201120350700128
0.000185665997659751
0.000171391756926057
0.000158438762596671
0.000146843913942622
0.000136531771206879
0.000127349882075149
0.000119104000871058
0.000111605517484302
0.000104722717410660
0.000098388932751714
0.000092561974613120
0.000087177324957869
0.000082146573936201
0.000077400276726967
0.000072912368966856
0.000068676607386186
0.000064669746369380
0.000060835564227894
0.000057095666631218
0.000053375587404240
0.000049619138489565
0.000045779313507937
0.000041824269093974
0.000037785652896954
0.000033790638086837
0.000030004378078387
0.000026523354672924
0.000023340719105907
0.000020418612675164
0.000017771842335532
0.000015482058014936
0.000013655872479671
0.000012364693639376
0.000011601750081624
0.000011281702661335
0.000011263426082132
0.000011375709183286
0.000011459473985223
0.000011419543350586
0.000011243596965776
0.000010967378967555
0.000010617380283203
0.000010186015977351
0.000009653951436881
0.000009021469495294
0.000008332653949155
0.000007692345200298
0.000007230793922862
0.000007015052525549
0.000007002953088779
0.000007087471539531
0.000007168958556937
0.000007191796042337
0.000007142936140026
0.000007038320465390
0.000006913466980048
0.000006815774405727
0.000006790391347879
0.000006861043129128
0.000007024102469564
0.000007259299433798
0.000007534235216578
0.000007807676539043
0.000008050443247312
0.000008263807295670
0.000008469233148726
0.000008678558551155
0.000008878132524809
0.000009042498756801
0.000009145700017943
0.000009150612666388
0.000009017504229749
0.000008745403394934
0.000008392418767832
0.000008047291358260
0.000007784201143747
0.000007631037920370
0.000007550372365967
0.000007445132846298
0.000007214211250874
0.000006825739392498
0.000006333227321166
0.000005826237123577
0.000005387572490736
0.000005087761320801
0.000004974359865099
0.000005043639432608
0.000005232371084004
0.000005451228462992
0.000005639531108368
0.000005795123626864
0.000005952452287639
0.000006137981898999
0.000006352258013223
0.000006581337242817
0.000006807777637534
0.000007011446707351
0.000007158433846253
0.000007191491327774
0.000007055794256805
0.000006735274295273
0.000006245648734956
0.000005618354466693
0.000004921334788351
0.000004265470429913
0.000003750405438317
0.000003395169081564
0.000003131609854723
0.000002873715212159
0.000002578595620567
0.000002248294541683
0.000001919498665791
0.000001659314603693
0.000001536323566074
0.000001575457786584
0.000001736642763701
0.000001932444594094
0.000002063022271777
0.000002042822813925
0.000001824944169176
0.000001423887402063
0.000000901883524497
0.000000323572941138
