0.000003918404360786
0.000003044174852583
0.000002088357922029
0.000001120489146739
0.000000355155258457
0.000000000000000000
0.000000103644386494
0.000000542663131359
0.000001132719768176
0.000001745905744450
0.000002345039050482
0.000002935713939625
0.000003498550653989
0.000003985363392040
0.000004390451087941
0.000004789287130891
0.000005269971025981
0.000005837622336023
0.000006421873382033
0.000006968542944700
0.000007485337759182
0.000008022119957640
0.000008642188729063
0.000009384360662028
0.000010231964576527
0.000011135815775111
0.000012050878297078
0.000012914933137458
0.000013619852959301
0.000014068590618499
0.000014277774831172
0.000014393101090066
0.000014581316437039
0.000014909230379250
0.000015333933947129
0.000015810112798732
0.000016382536400100
0.000017154633998682
0.000018202641444479
0.000019564348159171
0.000021288988088942
0.000023445992704974
0.000026083363047628
0.000029215925622228
0.000032881676726552
0.000037188136949737
0.000042248351235845
0.000048066728327018
0.000054518300703456
0.000061404542241707
0.000068498146600747
0.000075603020489682
0.000082630026134301
0.000089610433527950
0.000096640898280908
0.000103843121767097
0.000111387983861483
0.000119492575931192
0.000128319788678556
0.000137904938408272
0.000148218387704564
0.000159266592225009
0.000171090218038010
0.000183690727623442
0.000197011398126948
0.000211022126019795
0.000225849789437641
0.000241825744958276
0.000259397567106270
0.000279010897537987
0.000301063042454493
0.000325868726187084
0.000353575015334134
0.000384134392420573
0.000417386381676609
0.000453103195194343
0.000490921121175279
0.000530263850715933
0.000570392783711028
0.000610572442681388
0.000650209483348725
0.000688907605951684
0.000726483189472905
0.000762930181877027
0.000798307389327449
0.000832619822795360
0.000865772885928453
0.000897582654957031
0.000927818762831918
0.000956268865521880
0.000982769745999684
0.001007206028214906
0.001029527626566083
0.001049755392883894
0.001067946636553450
0.001084176818060499
0.001098575973517437
0.001111374772582231
0.001122880930565440
0.001133397946016330
0.001143171303687938
0.001152368346147779
0.001161063279536977
0.001169265054674830
0.001177009198596017
0.001184430757851539
0.001191721169906410
0.001199002239784403
0.001206255450368953
0.001213361903447564
0.001220152805257797
0.001226410937290025
0.001231904031824510
0.001236478813453449
0.001240120684675133
0.001242919465420063
0.001244991534649904
0.001246435187428412
0.001247339886273338
0.001247805180929491
0.001247914906973579
0.001247711483600768
0.001247250008121824
0.001246632388418377
0.001245915373929213
0.001245044663799940
0.001243918789430020
0.001242449916538946
0.001240586330395638
0.001238368031978256
0.001235959592298717
0.001233583611218693
0.001231393699722871
0.001229392712191906
0.001227455752248773
0.001225411050077214
0.001223095135348337
0.001220344542636248
0.001216963771542849
0.001212750489950779
0.001207584099067283
0.001201472265874718
0.001194487657237440
0.001186675084114898
0.001178043304365760
0.001168637786063006
0.001158570604801244
0.001147950074229526
0.001136819555984592
0.001125151958948563
0.001112821904521059
0.001099569607059374
0.001085021796490044
0.001068757773734906
0.001050385473703448
0.001029624544574093
0.001006397606096323
0.000980859550576243
0.000953301065339102
0.000924012775366672
0.000893225449367272
0.000861122419466890
0.000827877840007903
0.000793699640723822
0.000758835786673980
0.000723507579828407
0.000687833963883540
0.000651844457077926
0.000615561307981677
0.000579066178577746
0.000542535393211474
0.000506261774057639
0.000470649628709607
0.000436163549802288
0.000403253352923503
0.000372326333629554
0.000343758917049343
0.000317833563064441
0.000294624183150632
0.000273979888519547
0.000255595648080335
0.000239082690067324
0.000224063429258696
0.000210274184480784
0.000197581506943263
0.000185900871569358
0.000175102978903456
0.000165010880226491
0.000155486099452934
0.000146477432498897
0.000137973177099447
0.000129926900192404
0.000122225621059097
0.000114712037718192
0.000107237093107859
0.000099688398045603
0.000091971605603040
0.000084022480755614
0.000075904015346772
0.000067870739678726
0.000060253566306240
0.000053246155455904
0.000046835191141077
0.000040944970399213
0.000035605009051547
0.000030978598372638
0.000027279083468590
0.000024649342235896
0.000023075515773584
0.000022386173181260
0.000022298266403086
0.000022468976713090
0.000022580268037955
0.000022442253393837
0.000022030772914908
0.000021417597563888
0.000020655918040275
0.000019730750278905
0.000018603443169540
0.000017274550338349
0.000015832411398827
0.000014486775840868
0.000013497732653320
0.000012998695317225
0.000012904832489462
0.000013001992127062
0.000013091048922961
0.000013060951478076
0.000012885642918292
0.000012597026314652
0.000012266403932665
0.000011989271356903
0.000011856942189160
0.000011917748269567
0.000012164772274710
0.000012557142589665
0.000013029015089763
0.000013496101794433
0.000013897353133416
0.000014231569456194
0.000014536716151266
0.000014830375458841
0.000015078807615019
0.000015226052935951
0.000015219022170714
0.000014989577122827
0.000014476626163348
0.000013715350121388
0.000012884394414338
0.000012253222754188
0.000012090755769685
0.000012591274546031
0.000013810030383748
0.000015626707866337
0.000017782592222004
