2143.09638771102
2141.27915753877
2139.46258921717
2137.64668656092
2135.83144194062
2134.01686298567
2132.20294778872
2130.38969634978
2128.57710676149
2126.7651809312
2124.95392076626
2123.14332245197
2121.33338980304
2119.52412091211
2117.71551577918
2115.9075763116
2114.10029678732
2112.29368483574
2110.48774045687
2108.68245792865
2106.87784106578
2105.07388986827
2103.27060242875
2101.46798065459
2099.66602454578
2097.86473600967
2096.06411123157
2094.26415402617
2092.46485867142
2090.66623279672
2088.86827258737
2087.07097804338
2085.27435107209
2083.47839167351
2081.68309603292
2079.88846987239
2078.09450937721
2076.30121836208
2074.50859110496
2072.71663142054
2070.92534121617
2069.13471858451
2067.34476352555
2065.55547603929
2063.76685803308
2061.97890378488
2060.19162092408
2058.40500563598
2056.61905982794
2054.83378349995
2053.04917474466
2051.26523356208
2049.48196185955
2047.69935963707
2045.917428802
2044.13616553963
2042.35557175732
2040.57564745505
2038.79639263284
2037.01780729069
2035.23989524329
2033.46265076859
2031.6860776813
2029.91017407406
2028.13493803952
2026.36037720709
2024.58648394736
2022.81326588973
2021.04071540481
2019.26883439995
2017.49762859718
2015.72709227447
2013.95722924652
2012.18803760597
2010.41951735282
2008.65166657973
2006.88449100875
2005.11798491781
2003.35215402898
2001.58699452756
1999.82250641354
1998.05869159427
1996.29555006976
1994.53308184001
1992.77128499765
1991.01016335741
1989.24971501192
1987.48993805383
1985.73083439049
1983.97240592927
1982.21465267014
1980.45757270577
1978.70116603616
1976.94543456865
1975.19037448855
1973.43598961055
1971.68228184201
1969.92924736822
1968.17688809653
1966.42520402696
1964.67419325213
1962.92386149412
1961.1742011235
1959.4252197697
1957.67691171065
1955.9292788537
1954.18232310621
1952.43604256082
1950.69044103224
1948.94551279842
1947.20126167405
1945.45768765914
1943.71478693898
1941.97256714298
1940.23102254908
1938.49015697199
1936.74996659701
1935.01045523883
1933.27161717541
1931.53346003614
1929.79598000633
1928.05917899333
1926.32305508978
1924.58760638834
1922.8528405184
1921.11874985057
1919.38533819955
1917.65260747268
1915.92055194792
1914.18917543997
1912.45847985617
1910.72846328918
1908.99912573899
1907.27046720561
1905.54248959639
1903.81518909663
1902.08856952102
1900.36263086957
1898.63737123492
1896.91279252443
1895.18889283075
1893.46567215387
1891.74313430851
1890.0212773873
1888.30009948289
1886.57960440999
1884.85979026125
1883.14065703667
1881.42220473624
1879.70443335997
1877.98734290786
1876.27093719461
1874.55521240551
1872.84016472587
1871.12580369244
1869.41212549051
1867.69912821274
1865.98681376648
1864.27518215173
1862.56422955379
1860.85396360205
1859.14438238917
1857.43548210045
1855.72726464323
1854.01973192487
1852.31288013067
1850.60671307533
1848.90123075885
1847.19643318122
1845.49231843511
1843.78888842785
1842.08614125209
1840.3840788152
1838.68270302451
1836.98201006534
1835.28200184502
1833.58268027091
1831.88404343565
1830.18608943191
1828.48882207437
1826.79224136304
1825.09634539058
1823.40113606431
1821.70661147691
1820.01277162837
1818.31962033338
1816.62715568461
1814.93537577469
1813.24428251098
1811.55387589348
1809.86415592219
1808.17512450445
1806.48677973293
1804.79912160761
1803.11215203586
1801.42586720296
1799.74027283097
1798.05536319784
1796.37114402562
1794.68761340696
1793.00476943451
1791.32261210827
1789.64114333558
1787.96036693116
1786.28027717294
1784.60087596829
1782.92216331719
1781.24413921966
1779.56680367568
1777.89016049996
1776.21420397045
1774.5389398092
1772.86436420152
1771.19047524004
1769.51728055417
1767.84477442186
1766.17295875046
1764.50183353997
1762.83139688304
1761.16165450172
1759.49260067396
1757.82423730711
1756.15656630852
1754.48958577084
1752.82329760142
1751.15769798556
1749.49279264531
1747.82857967332
1746.16505716224
1744.50222701943
1742.84008924487
1741.17864193122
1739.51788889318
1737.85782822341
1736.19845992189
1734.53978398864
1732.88180042364
1731.22451113426
1729.56791421314
1727.91200966027
1726.25680129037
1724.60228528873
1722.9484635627
1721.29533229758
1719.64289912277
1717.99115831623
1716.34011178529
1714.68976143732
1713.0401034576
1711.3911397535
1709.74287223236
1708.09529898683
1706.44842192426
1704.8022391373
1703.1567525333
1701.51196020492
1699.86786215215
1698.22446409703
1696.58175841018
1694.93975081365
1693.29843749272
1691.65782035475
1690.0179013071
1688.37867844241
1686.74015176068
1685.10232316926
1683.46518885345
1681.82875262796
1680.19301449277
1678.55797254055
1676.92363058599
1675.2899848144
1673.65703713311
1672.02478563479
1670.39323413413
1668.76237881643
1667.1322234964
1665.50276626667
1663.87400712726
1662.24594607816
1660.61858693408
1658.99192397295
1657.36596100949
1655.74069613634
1654.11613126086
1652.49226638303
1650.86910150287
1649.24663662038
1647.62487173554
1646.00380684837
1644.38344005151
1642.76377515966
1641.14481026548
1639.52654727631
1637.9089842848
1636.2921231983
1634.67596210947
1633.0605010183
1631.44574183215
1629.83168455101
1628.21832917488
1626.60567570376
1624.99372413766
1623.38247066187
1621.7719229058
1620.16207705473
1618.55293501604
1616.94449488235
1615.33675474633
1613.72972033002
1612.12338781873
1610.51775721245
1608.91283232588
1607.30860934433
1605.70509017514
1604.10227291096
1602.5001613665
1600.89875363441
1599.29804971467
1597.69805151466
1596.09875521965
1594.50016273701
1592.90227597408
1591.30509493087
1589.70861770002
1588.11284809624
1586.51778039747
1584.92341841841
1583.32976215907
1581.73681161945
1580.14456679954
1578.55302769934
1576.96219622621
1575.37206665809
1573.78264662439
1572.1939323104
1570.60592562347
1569.01862465627
1567.43202750142
1565.84613988099
1564.26095988763
1562.67648752133
1561.0927227821
1559.50966566993
1557.92731237012
1556.34567051208
1554.76473628111
1553.18450776985
1551.60498879301
1550.02617935058
1548.44807753522
1546.87068334692
1545.29399869304
1543.71802357357
1542.14275608117
1540.56819812319
1538.99435160697
1537.42121081046
1535.84878145573
1534.2770616354
1532.7060513495
1531.13575250536
1529.56616128828
1527.99728342032
1526.42911317943
1524.8616543803
1523.29490702294
1521.72887110735
1520.16354281882
1518.59892787941
1517.03502628911
1515.47183232588
1513.90935171177
1512.34758444677
1510.78652480884
1509.22618042737
1507.66654748767
1506.10762598974
1504.54941784093
1502.99192113388
1501.43513777595
1499.87906585978
1498.32370920008
1496.76906398215
1495.21513211334
1493.66191550099
1492.10941033041
1490.55761850894
1489.00654003659
1487.45617682071
1485.90652695395
1484.35759234365
1482.80937108247
1481.26186507776
1479.71507242217
1478.16899693039
1476.62363478773
1475.07898599419
1473.53505436446
1471.99183608385
1470.44933687441
1468.90755101409
1467.36648041024
1465.8261269702
1464.28648878663
1462.74756585953
1461.20936009624
1459.67187149677
1458.13510006113
1456.59904388194
1455.06370295923
1453.52908301504
1451.99517641996
1450.4619908034
1448.92952044331
1447.39776915439
1445.86673312193
1444.33641616064
1442.80681636317
1441.27793563687
1439.74977398174
1438.22233139778
1436.69560407028
1435.16959772131
1433.64430853615
1432.11974223686
1430.59589119404
1429.07275922239
1427.55034822925
1426.02865630729
1424.50768536384
1422.98743349157
1421.46790259781
1419.94909077522
1418.4309980238
1416.9136262509
1415.39697736387
1413.881047548
1412.36583871066
1410.85135085183
1409.33758206418
1407.82453806974
1406.31221314647
1404.80061110908
1403.2897300502
1401.77957187719
1400.2701346827
1398.76141846673
1397.25342704398
1395.74615659975
1394.23960904139
1392.73378436889
1391.22868067492
1389.72430368152
1388.22064575929
1386.71771453763
1385.21550429448
1383.71401884456
1382.21325628051
1380.71321850968
1379.21390553206
1377.71531544032
1376.2174501418
1374.7203096365
1373.22389201707
1371.7282010982
1370.23323306521
1368.73899173279
1367.24547519359
1365.75268344761
1364.26061649485
1362.76927624266
1361.27866269105
1359.78877393265
1358.29960996747
1356.81117461022
1355.32346404618
1353.83647827537
1352.35022301982
1350.8646925575
1349.37988879575
1347.89581364192
1346.41246137396
1344.92983962127
1343.44794456915
1341.96677812496
1340.48634028868
1339.00662724563
1337.5276428105
1336.04938889064
1334.5718635787
1333.09506496733
1331.61899496388
1330.14365547571
1328.66904268811
1327.19515850842
1325.72200675136
1324.24958169487
1322.77788715366
1321.30692312771
1319.83668580234
1318.36718089959
1316.89840651211
1315.43036073255
1313.96304737562
1312.49646453396
1311.03060839286
1309.56548658174
1308.1010952859
1306.63743450532
1305.17450614737
1303.71230830469
1302.25084097728
1300.7901060725
1299.33010359034
1297.8708335308
1296.41229589388
1294.95448686488
1293.49741407321
1292.04107370416
1290.58546575774
1289.13059023393
1287.67644713275
1286.22303836154
1284.77036010561
1283.318418087
1281.86721039836
1280.41673513234
1278.9669941963
1277.51798568288
1276.06971149943
1274.62217355331
1273.17536993716
1271.72929874363
1270.28396569477
1268.83936697589
1267.39550067964
1265.9523706207
1264.50997679909
1263.06831921481
1261.6273959605
1260.18720894351
1258.74775625649
1257.30904171415
1255.87106150178
1254.43382134144
1252.99731551107
1251.56154401067
1250.1265125623
1248.69221735125
1247.25866028488
1245.82583945583
1244.39375677145
1242.96240841705
1241.53180011467
1240.10192995697
1238.67279985129
1237.24440598294
1235.81675025926
1234.38983268025
1232.96365324592
1231.53821386362
1230.11351453334
1228.68955334773
1227.26633221415
1225.84384731789
1224.42210438101
1223.0010995888
1221.58083675597
1220.16131206781
1218.74252933903
1217.32448666227
1215.90718022284
1214.49061955748
1213.0747970368
1211.65971838284
1210.24537787356
1208.8317774163
1207.41892082577
1206.00680619461
1204.59542970813
1203.18479899573
1201.77490833535
1200.365757727
1198.95735289272
1197.54969001782
1196.14276719494
1194.73659014614
1193.33115505671
1191.92646192666
1190.52251075599
1189.11930535939
1187.71684192217
1186.31512235168
1184.91414664791
1183.51391671821
1182.11442684055
1180.71568273695
1179.31768440744
1177.92042994465
1176.52391934859
1175.12815261925
1173.73313357134
1172.33885839016
1170.94532898306
1169.55254344268
1168.16050558372
1166.76920968415
1165.37866337335
1163.98886092927
1162.59980616663
1161.21149717806
1159.82393587092
1158.43711652315
1157.05104867151
1155.66572659395
1154.28115219782
1152.89732357576
1151.51424263513
1150.13190937593
1148.7503218908
1147.36948399446
1145.98939568689
1144.61005315339
1143.23146020868
1141.85361494539
1140.47651927088
1139.10016937045
1137.72457096614
1136.34972215061
1134.97562292386
1133.60226947119
1132.22966751465
1130.85781514688
1129.48671236789
1128.11636108503
1126.74675939095
1125.37790537829
1124.00980286177
1122.64245374872
1121.2758523171
1119.91000428896
1118.54490584959
1117.18055699901
1115.81695964455
1114.45411760092
1113.09202323872
1111.73068418735
1110.37009472476
1109.01025485094
1107.65117028796
1106.2928372211
1104.93525946508
1103.57843129783
1102.22235844141
1100.86703708111
1099.51246721695
1098.15865266362
1096.80559151376
1095.45328186004
1094.10172942449
1092.75092848508
1091.40088285649
1090.05159063138
1088.7030537171
1087.3552702063
1086.00824200633
1084.66196720984
1083.31644963153
1081.97168736405
1080.62768040739
1079.28442876157
1077.94193051923
1076.60018949506
1075.25920378173
1073.91897528658
1072.5795040096
1071.24078804346
1069.90282738815
1068.56562395101
1067.22917773206
1065.89348873128
1064.55855694869
1063.22438238428
1061.8909669454
1060.55830681734
1059.22640390747
1057.89526012313
1056.56487546432
1055.23524802369
1053.90637970859
1052.57826861167
1051.25091664028
1049.92432379442
1048.59849007409
1047.27341547929
1045.94910001003
1044.62554366629
1043.30274835544
1041.98071217011
1040.65943701767
1039.33892099076
1038.01916599673
1036.70016822088
1035.38193529261
1034.06446148988
1032.74774872002
1031.43179698305
1030.11660627896
1028.80217470039
1027.48850796942
1026.17560227132
1024.8634576061
1023.55207588112
1022.24145709636
1020.93159934449
1019.6225026255
1018.31416884674
1017.00659991557
1015.69979392462
1014.39375087391
1013.08846885608
1011.78395168583
1010.48019936317
1009.17720998074
1007.87498353853
1006.57352003656
1005.27282328953
1003.97288948272
1002.67372243085
1001.37531831921
1000.07767905516
998.780806546031
997.484695069788
996.189352255829
994.894774289453
993.600961170658
992.307914806798
991.01563519787
989.724118529174
988.433370522761
987.143389271282
985.854172867385
984.565725125772
983.278044139092
981.991126092644
980.704980523181
979.4195998013
978.134987741703
976.851142437039
975.568065794658
974.28575399986
973.004214682047
971.723442119167
970.443438218571
969.164202980258
967.885736404229
966.608038490484
965.331109239022
964.054950557195
962.779560537651
961.504941087741
960.231090300115
958.958008174773
957.685698526415
956.414157540342
955.143387123902
953.873389184447
952.604159907276
951.33570119974
950.068014969187
948.80110121562
947.534956124337
946.269583510038
945.004983372724
943.741151897694
942.478094806999
941.215810193289
939.954298056564
938.693558396823
937.433591214068
936.174394600946
934.91597237216
933.65832452771
932.401449160244
931.145348177114
929.890017763618
928.635463641808
927.381681996982
926.128676643843
924.876445675039
923.62498718322
922.374303075736
921.124393352588
919.875259921126
918.626900873999
917.379318118558
916.132509747452
914.886477668033
913.641219972948
912.39673856955
911.153033457838
909.910104637812
908.667952109471
907.426577780168
906.185975927849
904.946154181917
903.707108727671
902.468841472462
901.231348601588
899.994633929751
898.75869745695
897.523541090537
896.289161015809
895.055559140118
893.822735463463
892.590688078495
891.359420799914
890.128933627719
888.899224654562
887.670295787791
886.442145120057
885.21477265136
883.98818028905
882.762369940477
881.537337790941
880.313083840441
879.08961381103
877.866921980656
876.645010256668
875.423880546419
874.203530942556
872.983963352431
871.765175868693
870.547172306044
869.329946942431
868.113503592556
866.897844163769
865.68296674872
864.468869440058
863.255554145133
862.043022771297
860.83127531855
859.62030987954
858.410128361618
857.200726950083
855.992109459637
854.78427779763
853.577230056711
852.370962422179
851.165482523436
849.960786545782
848.756872581865
847.553744446388
846.351402139349
845.149841846048
843.949069288537
842.749080652113
841.549877844129
840.351458957233
839.153825898775
837.956980576108
836.760921081879
835.565647416089
834.371159578738
833.177455662475
831.984541389352
830.792414852019
829.601072235774
828.410519262669
827.220750210652
826.031772709126
824.843581036039
823.656177098741
822.469560897233
821.283734338865
820.098693608935
818.914444429496
817.730981078496
816.548307370636
815.366425213267
814.185328884337
813.005022198546
811.825505155896
810.646779663737
809.468841907366
808.291693794136
807.115339138747
805.939770311797
804.764993035337
803.591007309368
802.41781313389
801.245410508903
800.073797527055
798.902976095698
797.732944307481
796.563705977105
795.39525919722
794.227603967826
793.060742196272
791.894670067859
790.729393304637
789.564908091907
788.401216337017
787.238316132618
786.07621129341
784.914896097343
783.754376266467
782.594651800784
781.435718885591
780.277581335589
779.12023915078
777.96368660911
776.807931339983
775.652971436048
774.498804989953
773.345435816402
772.192860100691
771.041077842821
769.890092857494
768.739903237359
767.590510889766
766.441913907365
765.294112290155
764.147107945488
763.000897058662
761.85548535173
760.710870917339
759.567053755491
758.424033866185
757.28180743472
756.140382090499
754.99975401882
753.859925127034
752.72089160044
751.582657253739
750.44522017958
749.308584192665
748.172745478292
747.037705943812
745.903465589225
744.770024414531
743.637380512379
742.505537697471
741.374494062455
740.244251514684
739.114810054155
737.98616777352
736.858322765427
735.731280751928
734.605041733023
733.479599986661
732.354961234892
731.231123570368
730.108086993086
728.985851503048
727.864419007605
726.743787599405
725.623959185798
724.504931859436
723.386705620317
722.269284283142
721.152665940562
720.036850592576
718.921836331833
717.807626973035
716.694218701481
715.581617239221
714.469818771556
713.358823298485
712.248634634709
711.139247058177
710.030664383589
708.922886610946
707.815913740248
706.709747678845
705.604386519387
704.499828354522
703.396076998953
702.293130545329
701.190990901
700.089658065966
698.989130132877
697.889409009083
696.790492787234
695.692385282031
694.595084586123
693.49859260686
692.402905529543
691.308027168871
690.213953710144
689.120688968062
688.028232942627
686.936585633837
685.845747041694
684.755713351494
683.666492192642
682.578077843086
681.490474117525
680.40367910861
679.317692816342
678.232515240719
677.148146381742
676.064590054112
674.981842443127
673.89990545614
672.818781000499
671.738463354153
670.658958239154
669.580263748152
668.502379881146
667.425306638137
666.349047833825
665.273597746159
664.19895828249
663.125133257518
662.052118856542
660.979918894264
659.908531463333
658.837954656399
657.76818847346
656.699240543921
655.631101331027
654.563778464182
653.497268128684
652.431570324532
651.366686959078
650.302618032322
649.239363544263
648.176925402253
647.115299791589
646.054486712272
644.994489979004
643.935307684433
642.876943643261
641.819392133436
640.762658877009
639.70674005928
638.651635680249
637.597347647266
636.543877867682
635.491224434146
634.439387346657
633.388366605218
632.338160302475
631.288774160482
630.240206271888
629.192454729342
628.145519532844
627.099402589745
626.054103900044
625.009625371093
623.96596318819
622.923121166036
621.881097397281
620.839891881925
619.799504619967
618.75993942611
617.721192485651
616.683265705941
615.64615717963
614.609868814068
613.574400609256
612.539754472544
611.505928496581
610.472922681367
609.440738934253
608.409373440538
607.378830014923
606.349108657408
605.320209367992
604.292132146677
603.264876993461
602.238442000995
601.212829076628
600.188040127712
599.164075154247
598.140930341531
597.118611411616
596.09711264245
595.076437848734
594.05658893782
593.037562095006
592.019361134993
591.001982243079
589.985425419265
588.969696385604
587.954791327392
586.940712151982
585.927456952022
584.915027634863
583.903420385804
582.892640926897
581.88268735079
580.873559657485
579.865259754331
578.857783826628
577.851135689077
576.845311526976
575.840315155026
574.836148480579
573.832805781582
572.830292780088
571.828605661394
570.827746332853
569.827714794463
568.828512953575
567.830136995488
566.832592642253
565.83587226447
564.839983491539
563.84492250876
562.850693130833
561.857291543058
560.864719652786
559.872975552665
558.882063057397
557.891980259631
556.902727159367
555.914307571306
554.926713866047
553.939953672991
552.954023177438
551.968924286737
550.984657000888
550.001223227244
549.01861724375
548.036844772461
547.055903906024
546.07579464444
545.096520802409
544.118076657881
543.140466025556
542.163688905435
541.187743390167
540.212631387102
539.23835480359
538.264911732282
537.292302173178
536.320522311576
535.349581684229
534.379474569085
533.410200966145
532.441762782758
531.474160018926
530.507390767297
529.541456935222
528.576360430051
527.612097437084
526.648673678372
525.686083431863
524.724328604908
523.763411104858
522.803330931712
521.84408617812
520.885680658783
519.928110559001
518.971375878772
518.015480432798
517.060422313729
516.106205336266
515.152821871006
514.200279547351
513.248574550601
512.297706880756
511.347680352516
510.398493058532
509.450143091452
508.502632358627
507.555960860057
506.610130503093
505.665139380384
504.72098749193
503.777678652433
502.83520904719
501.893576768852
500.952787539471
500.012841359045
499.073734412875
498.13546860831
497.198045852702
496.261462331349
495.325721858952
494.390824435511
493.456770061027
492.523556828148
491.591186644226
490.659657601909
489.728971608548
488.799130571495
487.870132583397
486.941977644256
486.014667661422
485.088200727544
484.162576842622
483.237799821358
482.31386584905
481.390776833049
480.468532773355
479.547131762617
478.626579522886
477.706870332113
476.788008004997
475.869990634187
474.952820127035
474.03649457619
473.121015889002
472.206384065472
471.292599105599
470.379661009383
469.467571684176
468.556325407925
467.645929810032
466.736381075797
465.82768111257
464.919829920351
464.012823684438
463.106668126885
462.201359432988
461.296901417451
460.393292172921
459.49053360675
458.588621904236
457.68755897273
456.787348626934
455.887985144795
454.989474248365
454.091814030294
453.19500258323
452.299041814526
451.40393363153
450.509676126893
449.616269300615
448.723713152695
447.832009590485
446.941156706633
446.05115640849
445.162010603407
444.273713569332
443.386272935667
442.499682980361
441.613943703413
440.729058919526
439.845030536048
438.961852830929
438.07952961887
437.198060899871
436.31744476658
435.43768312635
434.55877788653
433.680725232419
432.803528978718
431.927187218077
431.051698043145
430.177067175975
429.303292709214
428.430372735513
427.558309162223
426.687101989343
425.816747402172
424.947253030113
424.078616965814
423.210835394575
422.343912131098
421.477843360679
420.612634805373
419.748284557827
418.884790710692
418.022155171317
417.160377939704
416.299459015851
415.439398399759
414.580196091428
413.72185590556
412.864372120101
412.007750457105
411.151985194519
410.297080147044
409.443037222032
408.58985260478
407.737530109991
406.886065922962
406.035465765746
405.18572200894
404.336842281948
403.488824677417
402.641667287997
401.79537202104
400.949936969194
400.105365947161
399.26165704759
398.418810270481
397.576827523184
396.73570689835
395.895448395977
395.056053923418
394.217523480671
393.379855160386
392.543052777264
391.707112516605
390.872036285758
390.037824084723
389.204479728203
388.371997494145
387.540381197249
386.709630837517
385.879746414949
385.050724114842
384.222569659249
383.39528304817
382.568858559553
381.7433038228
380.918615023211
380.094790253434
379.271835235522
378.449746154773
377.628526825888
376.808171526816
375.988685979608
375.170068276914
374.352318418734
373.535436405068
372.719424143266
371.904279725978
371.090003153204
370.276598239644
369.464061170598
368.652393853417
367.841596288101
367.031668474648
366.22260850571
365.414422103337
364.607103545478
363.800658554184
362.995083314755
362.19037782719
361.386545906191
360.583581829705
359.781491319785
358.980274376431
358.179927184941
357.380455467367
356.581851594307
355.784123195163
354.987266455234
354.19128328187
353.396173675072
352.60193763484
351.808571346472
351.016082439371
350.224467098835
349.433727232216
348.643860932162
347.854868198673
347.066750939101
346.279507246094
345.493140934354
344.70765009653
343.923032825271
343.13929293528
342.356428519204
341.574439577045
340.793328016152
340.013091929175
339.233735130816
338.455253806373
337.677647955846
336.900921393936
336.125070305942
335.350100413916
334.576005995807
333.802790866314
333.030453118088
332.25899275113
331.488413580138
330.718713697765
329.949891196658
329.181947984168
328.414884060295
327.64870133239
326.883397893103
326.118975649783
325.355432695081
324.592770936347
323.830986558879
323.07008528473
322.310067113899
321.550930139036
320.792672452791
320.035297869863
319.278804482904
318.523192291913
317.76846511159
317.014619127236
316.2616562462
315.509576468482
314.758377886732
314.008064315651
313.258633847889
312.510086483445
311.762426037021
311.015646786564
310.269752546777
309.524743317659
308.780617191859
308.037377984078
307.295023786967
306.553554600525
305.812968517401
305.073271259648
304.334459012563
303.596533683498
302.859493365102
302.123341872076
301.388073482369
300.653693918032
299.920203179065
299.187597450767
298.455880547839
297.725050562931
296.995109403393
296.266055161875
295.537891653077
294.810615062299
294.084227296891
293.358730264204
292.634118242186
291.91039886024
291.187568303663
290.465628479808
289.744577481322
289.024417215557
288.305147682513
287.586765067489
286.869276999886
286.152681572355
285.436974970194
284.722159100754
284.008233964035
283.295203374737
282.583065425511
281.871818209006
281.161463632572
280.451999788859
279.743430492567
279.035753836347
278.328971727549
277.623082258823
276.918087337518
276.213983148934
275.510775415122
274.808462228733
274.107043589765
273.406519498219
272.706888046745
272.008154957394
271.310314508114
270.613370513606
269.917322973871
269.222169981558
268.527915351368
267.8345552686
267.142091640605
266.450524467382
265.759855656282
265.070083299954
264.38120930575
263.693231766318
263.006150681659
262.319969866473
261.634687413411
260.950303322471
260.266815686304
259.58422641226
258.90253740769
258.221748672594
257.541860206971
256.862870103471
256.184780269445
255.507588797542
254.831297595112
254.155906662156
253.481419813376
252.807831326718
252.135143109534
251.463358976524
250.792473205638
250.122489611576
249.453410101689
248.785230861275
248.117955705036
247.451580818271
246.786108108331
246.121541389915
245.457876848324
244.795114483557
244.133258110316
243.472303913898
242.812251894306
242.153105866238
241.494863922345
240.837527969978
240.181094194435
239.525566410417
238.870944617925
238.217228816958
237.564417100166
236.912513282249
236.261513548508
235.611421713643
234.962233962952
234.313954111138
233.666582158199
233.020116196786
232.3745600416
231.729909877939
231.086165705803
230.443329432543
229.80140296551
229.160386304703
228.520277542772
227.881074772367
227.242781808189
226.605400557587
225.968927205861
225.333363660363
224.69870801374
224.064964080694
223.432129953874
222.800209447983
222.169196840967
221.539095947529
220.909904860317
220.281625486682
219.654257826625
219.027801880144
218.402259554591
217.777628942616
217.153910044217
216.531102859396
215.909207388152
215.288227445186
214.668161123148
214.049006514687
213.430765527154
212.813440067899
212.197026322221
211.581528104821
210.9669454157
210.353276347507
209.740522807591
209.128684795954
208.517758497895
207.907751542814
207.298660116013
206.690484217489
206.083223847244
205.476879005276
204.871451598938
204.266943535579
203.663351000499
203.060675901047
202.458916329874
201.85807419433
201.258151401765
200.65914795218
200.061061938223
199.463895267246
198.867646031898
198.272316139529
197.67790559014
197.08441438373
196.4918425203
195.900191907199
195.309460637079
194.719648709937
194.130756125775
193.542786699294
192.955738523143
192.369609689971
191.78440401448
191.200117681968
190.616754507137
190.034312582636
189.452793815815
188.872196299325
188.292523847866
187.713770739386
187.135942695937
186.55903781017
185.983056082082
185.407999419026
184.833865913651
184.260655565956
183.688368375942
183.117008158309
182.546573005708
181.977062918138
181.408477895599
180.840816030741
180.274081138265
179.70827321817
179.143390363107
178.579434480425
178.016405570125
177.454301724857
176.89312485197
176.332876858815
175.773555838042
175.215161789651
174.657696620993
174.101158424716
173.545549108172
172.990866764009
172.437115206929
171.884292529582
171.332396824616
170.781431906733
170.231395868583
169.682290617516
169.134114246181
168.586870569279
168.04055577211
167.495169854674
166.95071663167
166.407196103101
165.864604454263
165.32294549986
164.782217332539
164.242421859651
163.703557173847
163.165627089827
162.62862970024
162.092563097736
161.557433004367
161.02323369808
160.489965178877
159.957633168809
159.426237667875
158.895772954024
158.366244749307
157.837651146375
157.309990237877
156.783265838513
156.257476040933
155.732622752487
155.208704065826
154.6857218883
154.163676219908
153.642565153301
153.122392503178
152.603158269541
152.084858637688
151.56749551497
151.051070808737
150.535584518989
150.021036645726
149.507425281598
148.994754241306
148.483017802798
147.972223595477
147.462369711991
146.953454244991
146.445477194475
145.938440467796
145.432340250251
144.927184171244
144.422966508721
143.919691077385
143.417355969885
142.915963093571
142.415506726392
141.915996405101
141.417428314996
140.919800548727
140.423115013644
139.927371709748
139.432568729687
138.938711795514
138.445797092528
137.953826528078
137.462798194815
136.972714000089
136.4835739439
135.995376118898
135.508126247133
135.021818606555
134.536457011864
134.052039555711
133.568568145445
133.086040873716
132.604459647874
132.123826375271
131.644139148556
131.165396060377
130.687600925437
130.210751836384
129.734850700569
129.259897517993
128.785890381303
128.312831197853
127.84071996764
127.369556690666
126.89934327428
126.430079718483
125.961764115924
125.494396466603
125.027976770521
124.562508842378
124.097990774823
123.634422567857
123.17180422148
122.710135735692
122.249417110492
121.789652160583
121.330837071262
120.87297374988
120.416062196438
119.960104318286
119.505094393371
119.051038143747
118.597935569413
118.145784763018
117.694589539263
117.244344176098
116.795052488221
116.346714475635
115.89933204569
115.452903291034
115.007428211669
114.562910622294
114.119340986157
113.676732654713
113.235077998558
112.794378925044
112.35463352682
111.915847525938
111.478015200345
111.041138457393
110.605221111783
110.170259348813
109.736255075834
109.303206385495
108.871117092499
108.439985289493
108.009810976478
107.580596060805
107.152338635124
106.725040606783
106.298698161083
105.873318927426
105.448899091111
105.025436744787
104.602935703154
104.181394058864
103.760811811915
103.341190869659
102.922531232094
102.504832899222
102.088095871042
101.672320147554
101.257503821408
100.843652614655
100.430760805244
100.018834115226
99.607868729901
99.1978646492678
98.7888256880279
98.3807499388306
97.9736374016763
97.5674899839153
97.1623038708466
96.7580828771716
96.3548270028894
95.952536248001
95.5512106125055
95.1508481890534
94.7514527923449
94.3530225150296
93.9555573571081
93.5590592259302
93.1635281214963
92.7689640438068
92.3753650855102
91.9827331539577
91.5910682491491
91.2003722784352
90.810643334465
90.4218814172391
90.0340903414579
89.6472662924211
89.2614073627776
88.8765211819294
88.492603935176
88.109657529868
87.7276781513035
87.3466677068338
86.9666300111594
86.5875612495802
86.2094633294456
85.8323381581071
85.4561819208629
85.080994617713
84.7067819707096
84.3335401651516
83.9612711083889
83.5899748004219
83.2196493339
82.8502947088235
82.4819166472438
82.1145094271091
81.7480787704715
81.3826170479283
81.018133796232
80.6546213859817
80.2920836318769
79.930520533919
79.5699339994574
79.210320213792
78.8516829916234
78.4940204256007
78.1373344230752
77.7816230766958
77.4268902011638
77.0731319817782
76.7203522332401
76.3685452334973
76.0177186119532
75.667870461256
75.3189969667053
74.9711038503523
74.6241892048472
74.2782492154882
73.9332915116776
73.5893122787144
73.2463096092485
72.904289225331
72.5632454049102
72.2231819626876
71.8840988986628
71.5459981201868
71.2088758125578
70.8727338831275
70.5375761465959
70.2033968809118
69.8701960860756
69.5379813914884
69.2067470750998
68.8764969516103
68.5472272063187
68.2189397465754
67.8916345723811
67.5653154984362
67.2399768026895
66.9156242071928
66.5922538972444
66.269865872845
65.948463948695
65.6280481247949
65.3086164937936
64.9901690556919
64.6727077178396
64.3562286655362
64.0407376208331
63.7262345837305
63.4127157395267
63.1001849029234
62.7886401665697
62.4780796231156
62.1685070872612
61.8599244663581
61.5523298530552
61.2457213400023
60.9401008345495
60.635470244048
60.331825753796
60.0291711784949
59.7275065181447
59.4268317727454
59.127146942297
58.8284520267995
58.5307451189022
58.2340281259562
57.9383029553114
57.6435696069682
57.3498280809262
57.0570745624849
56.7653128663451
56.4745448998573
56.184768755671
55.8959863411367
55.6081938415532
55.3213931642714
55.0355881239922
54.7507768133654
54.4669573250397
54.1841334737166
53.9023014446952
53.6214631453257
53.3416204829592
53.0627734575949
52.7849220692337
52.5080644105243
52.2322023888176
51.9573360041136
51.6834633490614
51.4105901457132
51.1387125793677
50.8678325573756
50.597948172386
50.3290594243991
50.0611720354665
49.7942783761859
49.52838607596
49.2634894127363
48.9995922012166
48.7366925340503
48.4747923185876
48.2138934621793
47.9539921501247
47.6950883824226
47.437187881126
47.1802849241823
46.9243833262934
46.6694849948092
46.4155842076782
46.1626866869523
45.9107886179305
45.6598919079626
45.4099984643997
45.1611063798917
44.9132175617882
44.6663301027391
44.4204478174458
44.1755649838561
43.9316873240217
43.6888148379436
43.4469456182697
43.2060796650012
42.9662169781378
42.7273594650298
42.4895071256771
42.2526599600802
42.0168198755893
41.7819830575036
41.5481533205239
41.3153268499492
41.0835093678309
40.8526989668191
40.6228937395631
40.3940975007634
40.1663045283688
39.9395224517812
39.7137474563002
39.4889814492755
39.2652244307076
39.0424744932461
38.8207335442411
38.5999996763425
38.3802786116013
38.1615646279666
37.9438615401389
37.7271712554695
37.5114880519057
37.2968138367992
37.0831524248504
36.8705038160589
36.6588641957247
36.4482373785483
36.2386214571789
36.0300164316171
35.8224261165637
35.6158486046681
35.4102819885801
35.2057300830001
35.0021909805783
34.7996646813143
34.5981530925584
34.3976562143114
34.1981721392223
33.9997046819919
33.802248120569
33.6058100843556
33.4103867586507
33.2159800508046
33.0225880534675
32.8302126739891
32.6388539123695
32.4485098612589
32.2591843353573
32.0708773346657
31.8835850444826
31.697311279509
31.5120560397449
31.3278174178401
31.1445973211447
30.9623976570096
30.781216518084
30.6010539043678
30.4219117232124
30.2437861599153
30.0666829365296
29.8906001457036
29.7155377874384
29.5414958617329
29.3684743685877
29.1964752153534
29.0254964946789
28.8555401139158
28.6866060730632
28.5186924647703
28.3518011963889
28.1859341752683
28.0210914014093
27.8572709674613
27.6944728734237
27.5326990266474
27.3719494271328
27.2122240748794
27.0535229698873
26.8958461121568
26.7391954090378
26.5835708605312
26.4289705592854
26.2753945053012
26.1228465132798
25.9713246758703
25.8208289930722
25.6713632795876
25.5229218133642
25.3755065017528
25.229119252104
25.0837600644175
24.9394308460443
24.7961296896334
24.6538546878349
24.5126115626996
24.3723964995269
24.2332114056672
24.0950543737702
23.9579292185369
23.8218321252662
23.6867669086588
23.5527335687154
23.4197282907343
23.2877567967676
23.1568152721139
23.0269075314745
22.8980297601481
22.7701838654853
22.643371754837
22.5175934282026
22.3928469782323
22.2691343122759
22.1464535229833
22.0248084250557
21.9041990184928
21.7846214885936
21.6660796500591
21.5485715955389
21.4320973250331
21.3166606532423
21.2022596728166
21.088894383756
20.9765647860601
20.8652727870792
20.755014572113
20.6457977705633
20.5376147530275
20.4304712415583
20.324365328804
20.2192951074148
20.115266299442
20.0122750901846
19.9103214796427
19.8094092825175
19.7095346841073
19.6106995917636
19.5129040054857
19.4161498326241
19.3204351658286
19.2257619124499
19.1321300724877
19.0395396459418
18.9479868181118
18.8574792183992
18.7680130321029
18.6795901665743
18.592208714462
18.5058705831168
18.4205719578377
18.3363204680268
18.2531122989834
18.1709474507067
18.0898278305478
18.0097496238057
17.9307166451811
17.8527288946743
17.775788279636
17.6998928927151
17.6250408265618
17.5512358958766
17.4784781006595
17.4067655335602
17.3361020092798
17.2664837131172
17.1979125524232
17.1303866198465
17.0639116374395
16.9984856978512
16.9341068937311
16.8707752250795
16.8084945065975
16.7472628309343
16.6870782907392
16.6279427933634
16.5698620608577
16.5128284638206
16.456845816953
16.401914120255
16.3480314663754
16.2952035773668
16.243424731177
16.1926987425075
16.1430256113578
16.094401523027
16.0468321995667
16.0003176409774
15.9548540325572
15.9104451890081
15.8670892029787
15.8247860744692
15.783539618181
15.7433460194131
15.7042071855157
15.6661250238391
15.6290976270336
15.5931230877483
15.5582071280346
15.5243478405417
15.4915433179198
15.4597973748699
15.4291061966901
15.3994735980823
15.3708957643451
15.3433784175306
15.3169196502877
15.291517555266
15.2671759471666
15.2438891039378
15.221664654982
15.2005006929484
15.1803953104869
15.1613485075969
15.1433640989803
15.1264363625846
15.1105729278121
15.0957680726117
15.0820256116842
15.0693455450298
15.0577278726484
15.0471687798385
15.037675896003
15.0292434990898
15.0218754037999
15.015569702783
15.0103283033899
15.0061492982697
15.0030345947728
15.0009861002499
15
15.0000801087245
15.0012245190724
15.0034332310439
15.0067081519894
15.011049281909
15.0164585281532
15.0229320760212
15.0304737402135
15.0390797060299
15.0487556955209
15.0594978939863
15.0713101161272
15.084188547242
15.0981370020319
15.1131516657962
15.1292363532355
15.1463910643502
15.1646157991404
15.1839086502549
15.2042715250448
15.2257044235101
15.2482092530012
15.2717841061672
15.2964308903595
15.3221496055774
15.3489402518211
15.3767990143899
15.4057335226855
15.4357418693575
15.4668202397045
15.4989743557786
15.5321984955282
15.5664983810045
15.601870197507
15.6383196670869
15.6758410676926
15.7144382140254
15.7541111060854
15.7948559291711
15.8366803126849
15.8795804419255
15.9235544095429
15.9686060302379
16.0147333966595
16.061938416159
16.1102210887359
16.1595814143903
16.2100193931226
16.2615350249323
16.3141283098199
16.3678011551352
16.4225535608787
16.4783855270508
16.5352970536506
16.5932881406791
16.6523587881352
16.7125070886692
16.7737406716831
16.8360519077745
16.899446518995
16.9639225979944
17.0294782374224
17.0961172519791
17.1638396416654
17.2326434991307
17.302530731725
17.3734994320979
17.445553414951
17.5186888655826
17.5929095986945
17.6682175216366
17.7446069123576
17.8220815855584
17.9006415412391
17.9802867793998
18.0610192073905
18.1428350105109
18.2257399108127
18.3097300935938
18.3948055588553
18.4809701212977
18.5682218735706
18.6565608156738
18.7459888549582
18.8365040840729
18.9281084103688
19.0207999264954
19.1145805398028
19.2094521576419
19.305414780013
19.4024664995646
19.5006073162974
19.5998372302116
19.7001600560077
19.8015738863354
19.9040787211951
20.0076764679368
20.11236521921
20.2181449750153
20.3250176427024
20.4329851296222
20.542043621074
20.6521969317584
20.7634412469745
20.8757822887738
20.9892181498062
21.103746922721
21.2193705148683
21.336090833599
21.4539021568613
21.5728140214083
21.692820705188
21.8139222082002
21.936122345147
22.0594173013263
22.1838108914393
22.3092993007853
22.4358882514161
22.5635739286302
22.6923582397779
22.8222430922104
22.9532246712262
23.0853029768253
23.2184837310599
23.3527650265789
23.4881449560315
23.6246254267692
23.7622064387909
23.900886084747
24.0406700866885
24.1815546299148
24.3235397144253
24.4666272475714
24.6108172293521
24.7561096597683
24.9025064461702
25.0500056812072
25.1986092722295
25.3483153118873
25.4991257075309
25.6510404591598
25.8040595667749
25.9581830303753
26.1134146646625
26.2697487475852
26.427189093844
26.5857357034392
26.7453904837213
26.9061496199886
27.0680169269431
27.2309924045845
27.3950741455623
27.5602621498762
27.7265602322275
27.8939683926164
28.0624828163417
28.2321073181041
28.4028399905537
28.5746827410403
28.7476355695649
28.9217003834768
29.0968733680764
29.2731583380633
29.4505514787374
29.62905851215
29.8086775309508
29.9894085351394
30.1712515247162
30.3542064996812
30.538273460034
30.7234543131253
30.9097509663058
31.0971596048745
31.2856821361816
31.4753185602273
31.6660688770119
31.8579349938853
32.0509169108484
32.2450146279002
32.4402281450412
32.6365574622714
32.8340025795909
33.0325634969996
33.2322421218482
33.4330384541362
33.6349524938643
33.8379842410318
34.04213560299
34.2474027650373
34.4537895418749
34.6612959335027
34.8699219399212
35.0796675611294
35.2905308897781
35.5025157405672
35.7156240208479
35.9298500085686
36.1451994257805
36.3616684577831
36.5792590119261
36.7979710882106
37.0178065939862
37.2387655292535
37.4608459866618
37.6840517809119
37.9083771899523
38.1338298431858
38.3604059259105
38.5881073454771
38.8169321945354
39.0468823804361
39.2779579031787
39.5101568554125
39.7434849591897
39.9779383998088
40.213519084621
40.4502251062751
40.6880564647712
40.927018882161
41.1671085437434
41.4083254495189
41.6506715068373
41.8941467156991
42.1387472614029
42.3844788660007
42.6313415294922
42.8793333445266
43.1284543111044
43.3787082439271
43.6300894209419
43.8826035642016
44.1362487663545
44.3910269347521
44.6469361620435
44.9039783555797
45.1621497006588
45.4214578266833
45.6818970116018
45.9434710701151
46.2061800022234
46.4700199932258
46.7349967651737
47.0011045960151
47.2683511151531
47.5367325078858
47.8062487742136
48.0769018214867
48.3486878350042
48.621614444169
48.895675926928
49.1708760979835
49.4472130499849
49.7246867829312
50.0032972968237
50.2830484063627
50.5639382041977
50.8459666903288
51.1291357721068
51.4134435421808
51.6988880932002
51.9854770545679
52.2732047042312
52.5620729495418
52.8520836978495
53.1432350418036
53.435526981405
53.7289633313537
54.0235402769497
54.319261632893
54.6161254918339
54.9141299464216
55.2132788113567
55.5135720866401
55.815011679622
56.1175956829517
56.4213221892785
56.7261950133039
57.0322122476775
57.3393757997492
57.6476856695195
57.9571418569878
58.2677462695059
58.5794950923714
58.8923921402861
59.2064374132496
59.5216290039117
59.8379707269737
60.1554606750841
60.4740988482443
60.7938852464528
61.114823684412
61.43691034742
61.7601471428281
62.0845359779859
62.4100730381926
62.7367602307992
63.0646013705068
63.3935945499643
63.7237378618213
64.0550351207793
64.3874844194875
64.7210838505953
65.0558391361543
65.3917483688143
65.7288115485749
66.0670267680857
66.4063997493985
66.7469247704616
67.0886056459759
67.4314404685908
67.7754330530081
68.120583399227
68.4668857851961
68.8143459329676
69.162965749891
69.5127414212661
69.8636748544431
70.2157660494221
70.5690130988524
70.923419817435
71.278988112521
71.6357141694085
71.9935998954492
72.3526452906417
72.7128503549873
73.0742150884852
73.4367413984861
73.80042928499
74.1652787479973
74.5312897875075
74.8984624035208
75.2667965960371
75.6362942724075
76.0069554326311
76.3787800767085
76.75176820464
77.1259198164248
77.5012330047126
77.8777134915555
78.2553593696024
78.6341706388537
79.0141453919587
79.3952874436184
79.7775948864826
80.1610696279015
80.545711667875
80.931519099053
81.3184957361365
81.7066377644239
82.0959489986171
82.4864294387154
82.8780790847195
83.2708960292784
83.6648840870929
84.0600413508129
84.456365913088
84.8538634959696
85.2525321921073
85.6523720015007
86.0533810167995
86.4555630527052
86.8589162018666
87.2634404642841
87.6691396546588
88.0760118656404
88.4840551898777
88.8932734420721
89.3036647148729
89.7152309156309
90.1279701369958
90.5418861936681
90.956977178298
91.3732411835338
91.7906839314283
92.2093016072799
92.6290961184394
93.050065557556
93.4722156466815
93.8955387564134
94.3200425161542
94.7457250185536
95.1725843562604
95.6006224366258
96.0298392596494
96.4602367326818
96.8918110410221
97.3245679067219
97.75850351508
98.1936216807971
98.6299204965236
99.067399962259
99.5060600780032
99.9459027511066
100.38692798157
100.829135769393
101.272528021925
101.717102831817
102.162858291718
102.60980012368
103.057926420352
103.507235274383
103.957732407825
104.409410191276
104.862276254139
105.316328689062
105.771567496046
106.22799267509
106.685604226195
107.14440024201
107.604386444587
108.065560926575
108.527923687974
108.991474728785
109.456214049007
109.92214164864
110.389259435035
110.857567408191
111.32706556811
111.79775391479
112.269634355582
112.742704983137
113.216965797453
113.692418705881
114.169063708422
114.646902712426
115.125933810542
115.606158910121
116.087574196462
116.570185391616
117.053992495584
117.538991693665
118.025186800558
118.512574001565
119.001159018735
119.490941852069
119.981918686867
120.474091430478
120.967461990253
121.462028458842
121.957792743594
122.454754844511
122.952916668943
123.452274402188
123.952833766298
124.454589039222
124.957545943011
125.461700662964
125.967057013783
126.473614995467
126.981372700665
127.490330129378
128.000489188957
128.511849879401
129.02441410806
129.538179967585
130.053151272676
130.569320393932
131.086696868104
131.605274973142
132.125060431096
132.646047519917
133.168240054303
133.691636126905
134.216239552424
134.74204842351
135.269064647513
135.797286317082
136.326715339568
136.85734790027
137.38919162859
137.922242709827
138.456501143981
138.991970745754
139.528645793093
140.066530100699
140.605625575924
141.145930311416
141.687446214526
142.230171377904
142.7741077089
143.319255207515
143.865613873747
144.413183707598
144.961968523768
145.511964507556
146.063173566313
146.615593792687
147.169229001382
147.724079192396
148.280142458378
148.83742070668
149.395915844651
149.955622150241
150.516547252852
151.078687337781
151.642044312381
152.20661817665
152.772407023239
153.339414666849
153.907639200128
154.477082530428
155.047744657748
155.619625582089
156.19272530345
156.767041914481
157.342581137234
157.919339157007
158.497317881151
159.076519217017
159.656939349904
160.238580187161
160.821445543491
161.405531604192
161.990840276614
162.577373468109
163.165127363975
163.754103871562
164.344306805572
164.935734258655
165.528384323459
166.122260814686
166.717359917634
167.313687354356
167.911239310151
168.510019599718
169.110024408358
169.711257550771
170.313719026958
170.917403114866
171.522319351249
172.128463921405
172.735836825335
173.344439970388
173.954271449215
174.565329354465
175.17762131554
175.791143517739
176.405895961062
177.021880552859
177.63909538578
178.257540459826
178.877219589696
179.498132775391
180.120276202211
180.743653684856
181.368267130676
181.99410891027
182.62119046774
183.249504173686
183.879053842806
184.509837567753
185.141857255874
185.775114814522
186.409606428995
187.045335913995
187.682305176871
188.320508495572
188.9599496848
189.600630651905
190.242547582185
190.885706197693
191.530102683727
192.175738947638
192.822616896776
193.47073080909
194.120088313982
194.770687504102
195.422526472098
196.075609032673
196.729931371124
197.385495394803
198.04230491841
198.700356127245
199.359650928658
200.020191229999
200.681973216568
201.344998795715
202.009273689492
202.674790268496
203.341554254779
204.00956183364
204.678816819781
205.349319213201
206.0210690139
206.694066221878
207.368310837135
208.043802859671
208.720542289487
209.398531033932
210.077771000358
210.758258374063
211.439996969749
212.122986787414
212.80722591971
213.492714366635
214.179455942891
214.867448741127
215.556692761344
216.247191818243
216.938942097121
217.63194359798
218.326200135521
219.021709802392
219.718476413296
220.41649615353
221.115769023095
221.816296929343
222.518081779621
223.221123573932
223.925420404925
224.63097417995
225.337782991656
226.045852562095
226.755179076567
227.46576253507
228.177606752307
228.890707913576
229.605067926228
230.320688697613
231.037570227731
231.755710609232
232.475111749465
233.195775555783
233.917698213484
234.640883537268
235.365329619786
236.091042183088
236.818015505124
237.546251493243
238.275752054797
239.006515282435
239.738543083508
240.471835458014
241.206394313306
241.942217742032
242.679307651543
243.417660227138
244.157283098219
244.898172450085
245.640328282736
246.383752503522
247.128441297743
247.87440038745
248.621629772644
249.370127545972
250.119895614787
250.870932071738
251.623238824174
252.376815872097
253.131665122857
253.887782761752
254.645176418185
255.403840370104
256.163772710159
256.924982975102
257.687463535531
258.451218206148
259.216248894302
259.982551785293
260.750130693823
261.518981805189
262.289108934092
263.060513987884
263.833193151864
264.607150240732
265.382381439787
266.158890563731
266.936679519913
267.715746400985
268.496089299594
269.277713937793
270.060612686179
270.844793174154
271.630255401719
272.416995554173
273.205017446217
273.99432107785
274.784902634371
275.576767837833
276.369916688235
277.164347278226
277.960059607807
278.757055584329
279.555333300439
280.354896570841
281.155743488183
281.957875959816
282.761292078389
283.565995658603
284.371984793108
285.179257574553
285.98781781764
286.797665522368
287.608800688737
288.421223316748
289.23493149905
290.049930957694
290.866219785329
291.683796074607
292.502661732876
293.322818667488
294.144263063741
294.967000643687
295.791029499976
296.616349632607
297.442961041581
298.270863726898
299.100057688557
299.93054864861
300.762330885005
301.595406305094
302.429776816227
303.265440511052
304.102399296921
304.940653173834
305.780204049141
306.621050015492
307.463191072887
308.306631036026
309.15136799756
309.997398142787
310.844731008459
311.693360872526
312.543287734988
313.394515410544
314.247040084495
315.100867478892
315.955993779034
316.812420892271
317.670148818604
318.529175650682
319.389507110556
320.251139383525
321.114074376941
321.978313998153
322.84385443246
323.710699494564
324.578847277114
325.448299687461
326.319056725604
327.191120298895
328.064490407332
328.939163236216
329.815142600247
330.692430406775
331.571024748451
332.450925625273
333.332136851944
334.214654613763
335.098480818079
335.983613557542
336.870058554204
337.757813900715
338.646877689723
339.53725373593
340.428936317284
341.321934970538
342.216243973641
343.111865233942
344.008798751443
344.907042618791
345.80660255804
346.707474754488
347.609663022835
348.513163548382
349.417980145829
350.324110907825
351.231557741721
352.140320647517
353.050399625214
353.96179467481
354.874509611008
355.788540619106
356.703885791753
357.620552758352
358.538539611552
359.457842536652
360.378467255704
361.300411861358
362.223674446262
363.148258825117
364.074164997925
365.001391057333
365.929940818045
366.859812372707
367.791003813972
368.723522771239
369.657361615108
370.59252606763
371.529014221454
372.466826076581
373.40596354036
374.346426612793
375.288215293878
376.231331490967
377.175771389359
378.121536896403
379.068633734152
380.017058087905
380.966809957661
381.917889343421
382.870300059885
383.824038292353
384.779104040825
385.735503027351
386.693231437232
387.652289270467
388.612682249108
389.574402743752
390.537456476452
391.501843447207
392.467563656017
393.434617102883
394.403003787803
395.37272561813
396.343778779161
397.316168992949
398.289894352143
399.264956764093
400.241354321449
401.21908702421
402.198156779729
403.178565495354
404.160311263736
405.143394084874
406.127817773469
407.113576607471
408.10067630893
409.089116877847
410.078896406871
411.070018710702
412.062479974642
413.056282106038
414.051425104892
415.047910878555
416.045741334376
417.044912657654
418.045428663092
419.047287443337
420.050488998391
421.055037142955
422.060929969676
423.068167478557
424.076749669596
425.086680357496
426.097955727554
427.110577687121
428.124548143549
429.139867096836
430.156532639632
431.174546679289
432.193911123156
433.214624063883
434.236687408821
435.260101157968
436.284865311327
437.310976054195
438.338442923324
439.367262104016
440.397431688917
441.42895549273
442.461831608105
443.49606003504
444.531640773537
445.568579545646
446.606872536667
447.646519746599
448.687521175444
449.729880637901
450.773594319269
451.818666034251
452.865093875495
453.912879750351
454.962025566171
456.012527508253
457.064387483949
458.117607400607
459.172187258229
460.228128964164
461.285428703713
462.344088384225
463.404109913051
464.465495197542
465.528242330346
466.592351311465
467.657822140897
468.724656725994
469.792855066756
470.862417163182
471.933344922623
473.005638345079
474.0792955232
475.154318364336
476.230708775838
477.308462943005
478.387586587887
479.468077803136
480.54993658875
481.63316294473
482.717756871075
483.803722182487
484.891056971616
485.979761238461
487.069836890373
488.161280112651
489.254096627346
490.348284527108
491.443843811936
492.540776389182
493.639082258846
494.738761420927
495.839811968075
496.942239622342
498.046040569026
499.151216715478
500.257768061698
501.365694607686
502.474996353443
503.585677113668
504.697734981012
505.811169955475
506.925982037056
508.042171225756
509.159741336275
510.278690461264
511.399018600722
512.520725754649
513.643815737747
514.768286642664
515.8941346547
517.021367403257
518.149982980985
519.279979480531
520.411360716599
521.544122874487
522.678269768896
523.813801399825
524.950717767276
526.089018871247
527.22870661909
528.369777196104
529.512236324339
530.656082096446
531.801316419775
532.947937386976
534.095944998048
535.245341160342
536.396127781209
537.548302953297
538.701868583959
539.856824673193
541.013171221
542.170906320029
543.330033784981
544.490555523207
545.652469627357
546.815774190079
547.980473026075
549.146566135344
550.314049703187
551.482931359004
552.653207288095
553.824879397811
554.9979457808
556.172406437064
557.348267088652
558.525523920866
559.704178841054
560.884229941866
562.065679130654
563.248528314767
564.432777494206
565.61842476162
566.80547393171
567.993923097125
569.183772257866
570.375021413933
571.567674380026
572.761729248796
573.957187927592
575.154048509065
576.352312900564
577.551979194739
578.753051206292
579.955528935222
581.159412381529
582.364701545213
583.571396426275
584.779497024714
585.989003340531
587.199919188426
588.412242661048
589.625973758399
590.841116295179
592.057662641985
593.275622335571
594.494991561236
595.71577222633
596.937962423502
598.161564060103
599.386579043484
600.613005466294
601.840843328533
603.070096444902
604.3007610007
605.532840810628
606.766333967336
608.001242378174
609.237567950493
610.475308776942
611.714464857522
612.955038099582
614.197024688422
615.440432253444
616.685258887297
617.931502682631
619.179165546796
620.428249387143
621.678748481621
622.930670459631
624.184013413823
625.438777344197
626.694962250753
627.952571948191
629.211598807111
630.472050456914
631.7339268976
632.997226221819
634.26195033692
635.528095428204
636.795669125071
638.064669520173
639.335094706157
640.606944683025
641.880223265477
643.154928546163
644.431060525082
645.708621109586
646.987610299674
648.268030002696
649.549878311304
650.833157132845
652.117864559972
653.404004407383
654.69157476773
655.980577548361
657.271012749279
658.562880370481
659.856180411969
661.150914781094
662.447081570503
663.744684594899
665.043721946931
666.34419553395
667.646103448605
668.949449505597
670.254229890225
671.56044841719
672.868105086492
674.177197990781
675.487730944758
676.799703948422
678.113115094424
679.427966290113
680.74425944284
682.061988830554
683.381163990008
684.70177919915
686.023836365329
687.347335488547
688.672278476154
689.998667235501
691.326496044535
692.655770625309
693.986490977822
695.318655194724
696.652267090716
697.987324758448
699.323826290568
700.661777409129
702.001176206781
703.342022683522
704.684318746704
706.028062488976
707.373253910338
708.719898732842
710.067991234436
711.417537137172
712.768532626348
714.120977701965
715.474878086075
716.830229963975
718.187037150368
719.545295830553
720.905009819229
722.266175301697
723.628798000008
724.992876006811
726.358409322107
727.725399853246
729.093847600227
730.463750655701
731.835112834369
733.207932228879
734.582210746583
735.957948387481
737.335147058922
738.713802946207
740.093919864036
741.475499719759
742.858538698676
744.243040615488
745.629005470194
747.016433262796
748.405322085941
749.795675754331
751.187494267967
752.580777626848
753.975525830975
755.371738880346
756.769418682314
758.168565236877
759.569178544037
760.971260511142
762.374809230844
763.779824703141
765.186310742736
766.594265442277
768.003690709115
769.41458654325
770.826952944682
772.240789913411
773.656097449437
775.072879367461
776.491133760133
777.910860627452
779.33206187677
780.754735600735
782.178883706698
783.604508102011
785.031608786671
786.460183853331
787.890235209338
789.321762854695
790.754768696751
792.189252735506
793.625214970961
795.062655403115
796.501575939319
797.941974672222
799.383853509175
800.82721626488
802.272057217283
803.718380181088
805.166187063643
806.615472142897
808.066244955604
809.518497872361
810.972236615219
812.427459276829
813.88416776454
815.342360171002
816.802038403566
818.263204369582
819.72585806905
821.18999568727
822.655624853642
824.122739846117
825.591342572044
827.061436846124
828.533020761007
830.006094316693
831.480659420532
832.956712257823
834.434258550619
835.913298298918
837.393829595371
838.875854347328
840.359372554788
841.844384217753
843.330891243572
844.818893632246
846.308391383775
847.799384498158
849.291872975395
850.785858722838
852.281341740486
853.778323935689
855.276805308449
856.776783951413
858.278261771933
859.78124067736
861.285718760342
862.79169792823
864.299178181025
865.808161426076
867.318645756034
868.830633078249
870.34412148537
871.859116699449
873.375616813136
874.893618011729
876.413127924631
877.934138922438
879.456660541906
880.98068706098
882.506222294363
884.033262427354
885.561811274653
887.091868836261
888.623437019528
890.156513917103
891.691099528988
893.227199577232
894.764806432435
896.303925816647
897.84455772987
899.386702172101
900.930361050694
902.475532458296
904.022218302258
905.57041476788
907.120129484563
908.671360544958
910.224106041712
911.778367882177
913.334147973704
914.891444408942
916.450257187891
918.010590125252
919.572443221025
921.13581456786
922.700706073106
924.267115829415
925.835049558836
927.404503446669
928.975479400266
930.547979326975
932.121997504746
933.697543470332
935.27461150168
936.853203506141
938.433321391066
940.014965156455
941.598134802308
943.182828421274
944.769051735405
946.35680093
947.94607791241
949.536884589984
951.129219055373
952.723081308576
954.318477071645
955.915400622529
957.513855775929
959.113842531844
960.715360890274
962.318412758571
963.922994322032
965.529111302711
967.136763700606
968.745949608367
970.356669025995
971.968923860839
973.58271602025
975.198043596879
976.814908498074
978.433312631188
980.053250274167
981.674729056415
983.297747070581
984.922304316665
986.548400794667
988.176040319288
989.805219075826
991.435937064283
993.068198099359
994.702004088404
996.337351216718
997.974243299001
999.612676520553
1001.25265469608
1002.89417973292
1004.53724972373
1006.18186657586
1007.82802838196
1009.47573895673
1011.12499448547
1012.77580069024
1014.42815375632
1016.08205749843
1017.7375100092
1019.394513196
1021.05306324412
1022.71316969031
1024.37482490517
1026.03803461075
1027.7027968997
1029.36910795733
1031.03697732038
1032.7063992668
1034.37737570395
1036.04990853917
1037.72399586511
1039.39963958912
1041.07684161856
1042.75559813871
1044.43591487165
1046.11778991001
1047.80122516114
1049.48621681034
1051.17276867232
1052.86088265443
1054.5505568493
1056.24179316431
1057.93458969208
1059.62895024734
1061.32487292271
1063.02235771822
1064.7214103559
1066.4220251137
1068.12420580633
1069.82795243379
1071.53326308872
1073.24014158582
1074.94858792511
1076.65860210657
1078.37018413021
1080.08333399602
1081.79805361136
1083.51434297623
1085.23220399798
1086.9516328619
1088.67263529005
1090.39520937508
1092.11935511699
1093.84507442312
1095.57236920084
1097.30123563543
1099.0316775416
1100.763693012
1102.49728395398
1104.23245227489
1105.96919797472
1107.70751914614
1109.44741769648
1111.18889744046
1112.93195265602
1114.67658715785
1116.42280285332
1118.17059783506
1119.91997591779
1121.6709332868
1123.42347184943
1125.17759351305
1126.933300185
1128.69058805058
1130.4494609245
1132.20991689939
1133.97195788262
1135.73558768888
1137.50080250347
1139.26760232639
1141.03599097235
1142.80596462664
1144.57752901131
1146.35068031166
1148.12542424975
1149.90175510352
1151.67967859502
1153.45919090956
1155.24029395448
1157.02299154449
1158.80728177223
1160.59316273035
1162.38064014091
1164.1697101892
1165.96037287523
1167.75263392104
1169.54648951194
1171.34194155527
1173.13899005104
1174.93763499924
1176.73788021458
1178.5397237897
1180.34316381727
1182.14820601931
1183.95484658115
1185.76308741012
1187.57293041357
1189.38437559152
1191.1974210366
1193.01207247087
1194.82832607962
1196.64617995552
1198.46564172795
1200.28670758222
1202.10937942567
1203.93365916567
1205.7595429875
1207.58703470587
1209.41613050608
1211.24683801753
1213.07915533287
1214.91308054475
1216.74861556052
1218.58576038017
1220.42451500372
1222.26488324586
1224.10686319923
1225.95045486385
1227.7956620544
1229.64247904885
1231.49091347659
1233.34096152292
1235.19262509519
1237.0459041934
1238.9008007249
1240.75731087499
1242.61544227308
1244.47518919711
1246.33655736913
1248.19954297444
1250.06414792039
1251.93037220699
1253.79821964893
1255.66768833886
1257.53877827679
1259.41149137005
1261.28582571131
1263.16178320792
1265.03936576722
1266.91857338921
1268.7994060739
1270.68186572863
1272.5659523534
1274.45166404087
1276.33900079104
1278.22796832595
1280.11856473825
1282.01079002795
1283.9046461024
1285.80012914689
1287.69724297612
1289.59599140481
1291.49637061823
1293.39838252376
1295.30202521403
1297.20730250375
1299.11421439291
1301.02276088152
1302.93294387693
1304.84476147179
1306.75821557344
1308.67330618189
1310.59003329714
1312.50840073388
1314.42840658478
1316.35005084982
1318.27333543636
1320.19825843705
1322.12482366659
1324.05302921763
1325.98287890486
1327.91437082095
1329.84750496589
1331.78228324702
1333.718703757
1335.65677031054
1337.59648100027
1339.53784154826
1341.48084623245
1343.42549696018
1345.37179563882
1347.31974417571
1349.2693406635
1351.22058700954
1353.17348130648
1355.12802736902
1357.08422519717
1359.04207288357
1361.00157424292
1362.96272927522
1364.92553607313
1366.88999463663
1368.85611068779
1370.82388041191
1372.79330762368
1374.76439041575
1376.73712878812
1378.7115227408
1380.68757799583
1382.66529073852
1384.64466096886
1386.6256944089
1388.6083853366
1390.59273756666
1392.57874919172
1394.56642593383
1396.5557639783
1398.54676332513
1400.53942969636
1402.5337554626
1404.52975016059
1406.52740806829
1408.52673490774
1410.52772495691
1412.53038203048
1414.5347080358
1416.54070297289
1418.54836684173
1420.55769964232
1422.56870328203
1424.58137394614
1426.59571735671
1428.61173351374
1430.62942241723
1432.64878406718
1434.66981846358
1436.6925275138
1438.71690931047
1440.7429676683
1442.7707025873
1444.80011406745
1446.83120210876
1448.86396671123
1450.89840787486
1452.93452941435
1454.97233323706
1457.01181362092
1459.05297628799
1461.09581933093
1463.14034274972
1465.18654845173
1467.2344383443
1469.28401052008
1471.33526879377
1473.38820935067
1475.44283600549
1477.49914875822
1479.55714760886
1481.61683255742
1483.67820741858
1485.74126837766
1487.80601543466
1489.87245431162
1491.94058500854
1494.01040561807
1496.08191614022
1498.15511848233
1500.23001073706
1502.30659862645
1504.38488215051
1506.46485558718
1508.54652656587
1510.62989127187
1512.71494970519
1514.80170758787
1516.89016301257
1518.98031407194
1521.07216267332
1523.16571263142
1525.26096013153
1527.35790708102
1529.45655538721
1531.55690505013
1533.65895797711
1535.76271035346
1537.86816790123
1539.97532871307
1542.08419278897
1544.19476203629
1546.30703836238
1548.42101604519
1550.53670462147
1552.65410027652
1554.77320110298
1556.89401282292
1559.01653162162
1561.14076322115
1563.26669999209
1565.39434956386
1567.52371193644
1569.65478710985
1571.78757317672
1573.92207204442
1576.05828371294
1578.19621199697
1580.33585689653
1582.47721459692
1584.62028891282
1586.76507793689
1588.91158739119
1591.05981536836
1593.2097618684
1595.36142498397
1597.51481234445
1599.66991441311
1601.8267407267
1603.98528937785
1606.14556036658
1608.30755369289
1610.47127126412
1612.63670926557
1614.80387723399
1616.97276754
1619.14338590562
1621.31572851617
1623.4898010937
1625.6655998235
1627.84312470557
1630.02238146197
1632.20336818535
1634.38608296836
1636.57053153304
1638.75671197204
1640.94462047067
1643.13426275098
1645.32564072032
1647.51875056398
1649.71359800402
1651.91017731839
1654.10849232179
1656.30854492156
1658.51033702506
1660.71386481759
1662.9191302065
1665.12613319178
1667.33487758815
1669.54536339559
1671.75758870677
1673.97155733637
1676.1872654697
1678.40471501412
1680.62390978431
1682.84484978028
1685.06753309468
1687.29196163487
1689.51813540083
1691.74605629992
1693.9757224248
1696.20713759016
1698.44030179599
1700.67521504232
1702.91187542177
1705.1502886564
1707.39044902417
1709.63236415446
1711.87603213995
1714.12145107326
1716.36862286176
1718.61754750544
1720.868228819
1723.12066298775
1725.37485573373
1727.63080514959
1729.88850932799
1732.14797017627
1734.40919341649
1736.67217332659
1738.93691372128
1741.20341460055
1743.47167405706
1745.74169399815
1748.01348014588
1750.28702677819
1752.56233770979
1754.83941294068
1757.11825247085
1759.39885630031
1761.68122633641
1763.96536448649
1766.25126693586
1768.53894131392
1770.82837999127
1773.1195905973
1775.41256931732
1777.70731996603
1780.00384063608
1782.30213323481
1784.60219776224
1786.90403421835
1789.20764641786
1791.5130324534
1793.82019232498
1796.1291298473
1798.43984120567
1800.75233021477
1803.06659496726
1805.38264118519
1807.70046314651
1810.02006657328
1812.34144955813
1814.66461210108
1816.98955610947
1819.31628349065
1821.64479233727
1823.97508646403
1826.30716205624
1828.64102292859
1830.97666908108
1833.31410051371
1835.65331913384
1837.99432494146
1840.33711984392
1842.68170002653
1845.02807121133
1847.37623149098
1849.72618277282
1852.07792505685
1854.43145834308
1856.7867826315
1859.14390173682
1861.50281565904
1863.8635224908
1866.2260260468
1868.590320605
1870.9564137948
1873.32430561619
1875.69399416183
1878.06548133906
1880.4387671479
1882.81385158833
1885.1907365677
1887.56942208603
1889.94991005065
1892.33220046157
1894.71629331879
1897.1021886223
1899.48988827947
1901.87939229028
1904.27070446944
1906.66382100226
1909.05874379607
1911.45547475823
1913.85401388873
1916.25436118759
1918.6565166548
1921.06048601241
1923.46626353837
1925.87385304738
1928.28325263209
1930.69446610721
1933.10749538007
1935.52233854334
1937.93899368965
1940.35746463372
1942.77775328289
1945.19985582246
1947.62377988184
1950.04951973897
1952.47707920855
1954.90645829058
1957.33765507772
1959.77067529201
1962.20551511875
1964.6421764653
1967.08066314635
1969.52097134721
1971.96310488257
1974.40706184509
1976.85284604946
1979.30045558833
1981.74989236906
1984.2011544843
1986.65424384139
1989.10916616239
1991.56591572525
1994.02449634466
1996.48490802062
1998.94715075315
2001.41122263488
2003.87713129522
2006.34487291946
2008.81444941496
2011.28585887438
2013.75910320504
2016.23418622167
2018.71110410956
2021.1898606834
2023.67045785055
2026.15289179632
2028.63716633539
2031.12327765307
2033.61123147141
2036.10102969776
2038.59266851742
2041.08614983774
2043.58147747342
2046.07864570241
2048.57766215411
2051.07852301382
2053.5812301889
2056.08578558668
2058.59218920718
2061.10043914304
2063.61053920896
2066.12248940495
2068.63629163834
2071.1519440018
2073.66944840268
2076.18880293361
2078.71001522401
2081.23307955182
2083.7579978244
2086.28477385644
2088.81340192589
2091.34389156951
2093.8762351579
2096.41044032045
2098.94650133511
2101.48442392394
2104.02420427223
2106.56584810204
2109.10935159867
2111.65471857681
2114.20194903647
2116.751044885
2119.30200230769
2121.85482511925
2124.40951331967
2126.96606881631
2129.52449351653
2132.08478551296
2134.6469448056
2137.21097139447
2139.7768710016
2142.3446398123
