2528.09638771102
2526.27915753877
2524.46258921717
2522.64668656092
2520.83144194062
2519.01686298567
2517.20294778872
2515.38969634978
2513.57710676149
2511.7651809312
2509.95392076626
2508.14332245197
2506.33338980304
2504.52412091211
2502.71551577918
2500.9075763116
2499.10029678732
2497.29368483574
2495.48774045687
2493.68245792865
2491.87784106578
2490.07388986827
2488.27060242875
2486.46798065459
2484.66602454578
2482.86473600967
2481.06411123157
2479.26415402617
2477.46485867142
2475.66623279672
2473.86827258737
2472.07097804338
2470.27435107209
2468.47839167351
2466.68309603292
2464.88846987239
2463.09450937721
2461.30121836208
2459.50859110496
2457.71663142054
2455.92534121617
2454.13471858451
2452.34476352555
2450.55547603929
2448.76685803308
2446.97890378488
2445.19162092408
2443.40500563598
2441.61905982794
2439.83378349995
2438.04917474466
2436.26523356208
2434.48196185955
2432.69935963707
2430.917428802
2429.13616553963
2427.35557175732
2425.57564745505
2423.79639263284
2422.01780729069
2420.23989524329
2418.46265076859
2416.6860776813
2414.91017407406
2413.13493803952
2411.36037720709
2409.58648394736
2407.81326588973
2406.04071540481
2404.26883439995
2402.49762859718
2400.72709227447
2398.95722924652
2397.18803760597
2395.41951735282
2393.65166657973
2391.88449100875
2390.11798491781
2388.35215402898
2386.58699452756
2384.82250641354
2383.05869159427
2381.29555006976
2379.53308184001
2377.77128499765
2376.01016335741
2374.24971501192
2372.48993805383
2370.73083439049
2368.97240592927
2367.21465267014
2365.45757270577
2363.70116603616
2361.94543456865
2360.19037448855
2358.43598961055
2356.68228184201
2354.92924736822
2353.17688809653
2351.42520402696
2349.67419325213
2347.92386149412
2346.1742011235
2344.4252197697
2342.67691171065
2340.9292788537
2339.18232310621
2337.43604256082
2335.69044103224
2333.94551279842
2332.20126167405
2330.45768765914
2328.71478693898
2326.97256714298
2325.23102254908
2323.49015697199
2321.74996659701
2320.01045523883
2318.27161717541
2316.53346003614
2314.79598000633
2313.05917899333
2311.32305508978
2309.58760638834
2307.8528405184
2306.11874985057
2304.38533819955
2302.65260747268
2300.92055194792
2299.18917543997
2297.45847985617
2295.72846328918
2293.99912573899
2292.27046720561
2290.54248959639
2288.81518909663
2287.08856952102
2285.36263086957
2283.63737123492
2281.91279252443
2280.18889283075
2278.46567215387
2276.74313430851
2275.0212773873
2273.30009948289
2271.57960440999
2269.85979026125
2268.14065703667
2266.42220473624
2264.70443335997
2262.98734290786
2261.27093719461
2259.55521240551
2257.84016472587
2256.12580369244
2254.41212549051
2252.69912821274
2250.98681376648
2249.27518215173
2247.56422955379
2245.85396360205
2244.14438238917
2242.43548210045
2240.72726464323
2239.01973192487
2237.31288013067
2235.60671307533
2233.90123075885
2232.19643318122
2230.49231843511
2228.78888842785
2227.08614125209
2225.3840788152
2223.68270302451
2221.98201006534
2220.28200184502
2218.58268027091
2216.88404343565
2215.18608943191
2213.48882207437
2211.79224136304
2210.09634539058
2208.40113606431
2206.70661147691
2205.01277162837
2203.31962033338
2201.62715568461
2199.93537577469
2198.24428251098
2196.55387589348
2194.86415592219
2193.17512450445
2191.48677973293
2189.79912160761
2188.11215203586
2186.42586720296
2184.74027283097
2183.05536319784
2181.37114402562
2179.68761340696
2178.00476943451
2176.32261210827
2174.64114333558
2172.96036693116
2171.28027717294
2169.60087596829
2167.92216331719
2166.24413921966
2164.56680367568
2162.89016049996
2161.21420397045
2159.5389398092
2157.86436420152
2156.19047524004
2154.51728055417
2152.84477442186
2151.17295875046
2149.50183353997
2147.83139688304
2146.16165450172
2144.49260067396
2142.82423730711
2141.15656630852
2139.48958577084
2137.82329760142
2136.15769798556
2134.49279264531
2132.82857967332
2131.16505716224
2129.50222701943
2127.84008924487
2126.17864193122
2124.51788889318
2122.85782822341
2121.19845992189
2119.53978398864
2117.88180042364
2116.22451113426
2114.56791421314
2112.91200966027
2111.25680129037
2109.60228528873
2107.9484635627
2106.29533229758
2104.64289912277
2102.99115831623
2101.34011178529
2099.68976143732
2098.0401034576
2096.3911397535
2094.74287223236
2093.09529898683
2091.44842192426
2089.8022391373
2088.1567525333
2086.51196020492
2084.86786215215
2083.22446409703
2081.58175841018
2079.93975081365
2078.29843749272
2076.65782035475
2075.0179013071
2073.37867844241
2071.74015176068
2070.10232316926
2068.46518885345
2066.82875262796
2065.19301449277
2063.55797254055
2061.92363058599
2060.2899848144
2058.65703713311
2057.02478563479
2055.39323413413
2053.76237881643
2052.1322234964
2050.50276626667
2048.87400712726
2047.24594607816
2045.61858693408
2043.99192397295
2042.36596100949
2040.74069613634
2039.11613126086
2037.49226638303
2035.86910150287
2034.24663662038
2032.62487173554
2031.00380684837
2029.38344005151
2027.76377515966
2026.14481026548
2024.52654727631
2022.9089842848
2021.2921231983
2019.67596210947
2018.0605010183
2016.44574183215
2014.83168455101
2013.21832917488
2011.60567570376
2009.99372413766
2008.38247066187
2006.7719229058
2005.16207705473
2003.55293501604
2001.94449488235
2000.33675474633
1998.72972033002
1997.12338781873
1995.51775721245
1993.91283232588
1992.30860934433
1990.70509017514
1989.10227291096
1987.5001613665
1985.89875363441
1984.29804971467
1982.69805151466
1981.09875521965
1979.50016273701
1977.90227597408
1976.30509493087
1974.70861770002
1973.11284809624
1971.51778039747
1969.92341841841
1968.32976215907
1966.73681161945
1965.14456679954
1963.55302769934
1961.96219622621
1960.37206665809
1958.78264662439
1957.1939323104
1955.60592562347
1954.01862465627
1952.43202750142
1950.84613988099
1949.26095988763
1947.67648752133
1946.0927227821
1944.50966566993
1942.92731237012
1941.34567051208
1939.76473628111
1938.18450776985
1936.60498879301
1935.02617935058
1933.44807753522
1931.87068334692
1930.29399869304
1928.71802357357
1927.14275608117
1925.56819812319
1923.99435160697
1922.42121081046
1920.84878145573
1919.2770616354
1917.7060513495
1916.13575250536
1914.56616128828
1912.99728342032
1911.42911317943
1909.8616543803
1908.29490702294
1906.72887110735
1905.16354281882
1903.59892787941
1902.03502628911
1900.47183232588
1898.90935171177
1897.34758444677
1895.78652480884
1894.22618042737
1892.66654748767
1891.10762598974
1889.54941784093
1887.99192113388
1886.43513777595
1884.87906585978
1883.32370920008
1881.76906398215
1880.21513211334
1878.66191550099
1877.10941033041
1875.55761850894
1874.00654003659
1872.45617682071
1870.90652695395
1869.35759234365
1867.80937108247
1866.26186507776
1864.71507242217
1863.16899693039
1861.62363478773
1860.07898599419
1858.53505436446
1856.99183608385
1855.44933687441
1853.90755101409
1852.36648041024
1850.8261269702
1849.28648878663
1847.74756585953
1846.20936009624
1844.67187149677
1843.13510006113
1841.59904388194
1840.06370295923
1838.52908301504
1836.99517641996
1835.4619908034
1833.92952044331
1832.39776915439
1830.86673312193
1829.33641616064
1827.80681636317
1826.27793563687
1824.74977398174
1823.22233139778
1821.69560407028
1820.16959772131
1818.64430853615
1817.11974223686
1815.59589119404
1814.07275922239
1812.55034822925
1811.02865630729
1809.50768536384
1807.98743349157
1806.46790259781
1804.94909077522
1803.4309980238
1801.9136262509
1800.39697736387
1798.881047548
1797.36583871066
1795.85135085183
1794.33758206418
1792.82453806974
1791.31221314647
1789.80061110908
1788.2897300502
1786.77957187719
1785.2701346827
1783.76141846673
1782.25342704398
1780.74615659975
1779.23960904139
1777.73378436889
1776.22868067492
1774.72430368152
1773.22064575929
1771.71771453763
1770.21550429448
1768.71401884456
1767.21325628051
1765.71321850968
1764.21390553206
1762.71531544032
1761.2174501418
1759.7203096365
1758.22389201707
1756.7282010982
1755.23323306521
1753.73899173279
1752.24547519359
1750.75268344761
1749.26061649485
1747.76927624266
1746.27866269105
1744.78877393265
1743.29960996747
1741.81117461022
1740.32346404618
1738.83647827537
1737.35022301982
1735.8646925575
1734.37988879575
1732.89581364192
1731.41246137396
1729.92983962127
1728.44794456915
1726.96677812496
1725.48634028868
1724.00662724563
1722.5276428105
1721.04938889064
1719.5718635787
1718.09506496733
1716.61899496388
1715.14365547571
1713.66904268811
1712.19515850842
1710.72200675136
1709.24958169487
1707.77788715366
1706.30692312771
1704.83668580234
1703.36718089959
1701.89840651211
1700.43036073255
1698.96304737562
1697.49646453396
1696.03060839286
1694.56548658174
1693.1010952859
1691.63743450532
1690.17450614737
1688.71230830469
1687.25084097728
1685.7901060725
1684.33010359034
1682.8708335308
1681.41229589388
1679.95448686488
1678.49741407321
1677.04107370416
1675.58546575774
1674.13059023393
1672.67644713275
1671.22303836154
1669.77036010561
1668.318418087
1666.86721039836
1665.41673513234
1663.9669941963
1662.51798568288
1661.06971149943
1659.62217355331
1658.17536993716
1656.72929874363
1655.28396569477
1653.83936697589
1652.39550067964
1650.9523706207
1649.50997679909
1648.06831921481
1646.6273959605
1645.18720894351
1643.74775625649
1642.30904171415
1640.87106150178
1639.43382134144
1637.99731551107
1636.56154401067
1635.1265125623
1633.69221735125
1632.25866028488
1630.82583945583
1629.39375677145
1627.96240841705
1626.53180011467
1625.10192995697
1623.67279985129
1622.24440598294
1620.81675025926
1619.38983268025
1617.96365324592
1616.53821386362
1615.11351453334
1613.68955334773
1612.26633221415
1610.84384731789
1609.42210438101
1608.0010995888
1606.58083675597
1605.16131206781
1603.74252933903
1602.32448666227
1600.90718022284
1599.49061955748
1598.0747970368
1596.65971838284
1595.24537787356
1593.8317774163
1592.41892082577
1591.00680619461
1589.59542970813
1588.18479899573
1586.77490833535
1585.365757727
1583.95735289272
1582.54969001782
1581.14276719494
1579.73659014614
1578.33115505671
1576.92646192666
1575.52251075599
1574.11930535939
1572.71684192217
1571.31512235168
1569.91414664791
1568.51391671821
1567.11442684055
1565.71568273695
1564.31768440744
1562.92042994465
1561.52391934859
1560.12815261925
1558.73313357134
1557.33885839016
1555.94532898306
1554.55254344268
1553.16050558372
1551.76920968415
1550.37866337335
1548.98886092927
1547.59980616663
1546.21149717806
1544.82393587092
1543.43711652315
1542.05104867151
1540.66572659395
1539.28115219782
1537.89732357576
1536.51424263513
1535.13190937593
1533.7503218908
1532.36948399446
1530.98939568689
1529.61005315339
1528.23146020868
1526.85361494539
1525.47651927088
1524.10016937045
1522.72457096614
1521.34972215061
1519.97562292386
1518.60226947119
1517.22966751465
1515.85781514688
1514.48671236789
1513.11636108503
1511.74675939095
1510.37790537829
1509.00980286177
1507.64245374872
1506.2758523171
1504.91000428896
1503.54490584959
1502.18055699901
1500.81695964455
1499.45411760092
1498.09202323872
1496.73068418735
1495.37009472476
1494.01025485094
1492.65117028796
1491.2928372211
1489.93525946508
1488.57843129783
1487.22235844141
1485.86703708111
1484.51246721695
1483.15865266362
1481.80559151376
1480.45328186004
1479.10172942449
1477.75092848508
1476.40088285649
1475.05159063138
1473.7030537171
1472.3552702063
1471.00824200633
1469.66196720984
1468.31644963153
1466.97168736405
1465.62768040739
1464.28442876157
1462.94193051923
1461.60018949506
1460.25920378173
1458.91897528658
1457.5795040096
1456.24078804346
1454.90282738815
1453.56562395101
1452.22917773206
1450.89348873128
1449.55855694869
1448.22438238428
1446.8909669454
1445.55830681734
1444.22640390747
1442.89526012313
1441.56487546432
1440.23524802369
1438.90637970859
1437.57826861167
1436.25091664028
1434.92432379442
1433.59849007409
1432.27341547929
1430.94910001003
1429.62554366629
1428.30274835544
1426.98071217011
1425.65943701767
1424.33892099076
1423.01916599673
1421.70016822088
1420.38193529261
1419.06446148988
1417.74774872002
1416.43179698305
1415.11660627896
1413.80217470039
1412.48850796942
1411.17560227132
1409.8634576061
1408.55207588112
1407.24145709636
1405.93159934449
1404.6225026255
1403.31416884674
1402.00659991557
1400.69979392462
1399.39375087391
1398.08846885608
1396.78395168583
1395.48019936317
1394.17720998074
1392.87498353853
1391.57352003656
1390.27282328953
1388.97288948272
1387.67372243085
1386.37531831921
1385.07767905516
1383.78080654603
1382.48469506979
1381.18935225583
1379.89477428945
1378.60096117066
1377.3079148068
1376.01563519787
1374.72411852917
1373.43337052276
1372.14338927128
1370.85417286739
1369.56572512577
1368.27804413909
1366.99112609264
1365.70498052318
1364.4195998013
1363.1349877417
1361.85114243704
1360.56806579466
1359.28575399986
1358.00421468205
1356.72344211917
1355.44343821857
1354.16420298026
1352.88573640423
1351.60803849048
1350.33110923902
1349.05495055719
1347.77956053765
1346.50494108774
1345.23109030012
1343.95800817477
1342.68569852642
1341.41415754034
1340.1433871239
1338.87338918445
1337.60415990728
1336.33570119974
1335.06801496919
1333.80110121562
1332.53495612434
1331.26958351004
1330.00498337272
1328.74115189769
1327.478094807
1326.21581019329
1324.95429805656
1323.69355839682
1322.43359121407
1321.17439460095
1319.91597237216
1318.65832452771
1317.40144916024
1316.14534817711
1314.89001776362
1313.63546364181
1312.38168199698
1311.12867664384
1309.87644567504
1308.62498718322
1307.37430307574
1306.12439335259
1304.87525992113
1303.626900874
1302.37931811856
1301.13250974745
1299.88647766803
1298.64121997295
1297.39673856955
1296.15303345784
1294.91010463781
1293.66795210947
1292.42657778017
1291.18597592785
1289.94615418192
1288.70710872767
1287.46884147246
1286.23134860159
1284.99463392975
1283.75869745695
1282.52354109054
1281.28916101581
1280.05555914012
1278.82273546346
1277.5906880785
1276.35942079991
1275.12893362772
1273.89922465456
1272.67029578779
1271.44214512006
1270.21477265136
1268.98818028905
1267.76236994048
1266.53733779094
1265.31308384044
1264.08961381103
1262.86692198066
1261.64501025667
1260.42388054642
1259.20353094256
1257.98396335243
1256.76517586869
1255.54717230604
1254.32994694243
1253.11350359256
1251.89784416377
1250.68296674872
1249.46886944006
1248.25555414513
1247.0430227713
1245.83127531855
1244.62030987954
1243.41012836162
1242.20072695008
1240.99210945964
1239.78427779763
1238.57723005671
1237.37096242218
1236.16548252344
1234.96078654578
1233.75687258187
1232.55374444639
1231.35140213935
1230.14984184605
1228.94906928854
1227.74908065211
1226.54987784413
1225.35145895723
1224.15382589878
1222.95698057611
1221.76092108188
1220.56564741609
1219.37115957874
1218.17745566248
1216.98454138935
1215.79241485202
1214.60107223577
1213.41051926267
1212.22075021065
1211.03177270913
1209.84358103604
1208.65617709874
1207.46956089723
1206.28373433886
1205.09869360894
1203.9144444295
1202.7309810785
1201.54830737064
1200.36642521327
1199.18532888434
1198.00502219855
1196.8255051559
1195.64677966374
1194.46884190737
1193.29169379414
1192.11533913875
1190.9397703118
1189.76499303534
1188.59100730937
1187.41781313389
1186.2454105089
1185.07379752705
1183.9029760957
1182.73294430748
1181.56370597711
1180.39525919722
1179.22760396783
1178.06074219627
1176.89467006786
1175.72939330464
1174.56490809191
1173.40121633702
1172.23831613262
1171.07621129341
1169.91489609734
1168.75437626647
1167.59465180078
1166.43571888559
1165.27758133559
1164.12023915078
1162.96368660911
1161.80793133998
1160.65297143605
1159.49880498995
1158.3454358164
1157.19286010069
1156.04107784282
1154.89009285749
1153.73990323736
1152.59051088977
1151.44191390736
1150.29411229016
1149.14710794549
1148.00089705866
1146.85548535173
1145.71087091734
1144.56705375549
1143.42403386618
1142.28180743472
1141.1403820905
1139.99975401882
1138.85992512703
1137.72089160044
1136.58265725374
1135.44522017958
1134.30858419267
1133.17274547829
1132.03770594381
1130.90346558923
1129.77002441453
1128.63738051238
1127.50553769747
1126.37449406246
1125.24425151468
1124.11481005416
1122.98616777352
1121.85832276543
1120.73128075193
1119.60504173302
1118.47959998666
1117.35496123489
1116.23112357037
1115.10808699309
1113.98585150305
1112.8644190076
1111.7437875994
1110.6239591858
1109.50493185944
1108.38670562032
1107.26928428314
1106.15266594056
1105.03685059258
1103.92183633183
1102.80762697304
1101.69421870148
1100.58161723922
1099.46981877156
1098.35882329848
1097.24863463471
1096.13924705818
1095.03066438359
1093.92288661095
1092.81591374025
1091.70974767884
1090.60438651939
1089.49982835452
1088.39607699895
1087.29313054533
1086.190990901
1085.08965806597
1083.98913013288
1082.88940900908
1081.79049278723
1080.69238528203
1079.59508458612
1078.49859260686
1077.40290552954
1076.30802716887
1075.21395371014
1074.12068896806
1073.02823294263
1071.93658563384
1070.84574704169
1069.75571335149
1068.66649219264
1067.57807784309
1066.49047411753
1065.40367910861
1064.31769281634
1063.23251524072
1062.14814638174
1061.06459005411
1059.98184244313
1058.89990545614
1057.8187810005
1056.73846335415
1055.65895823915
1054.58026374815
1053.50237988115
1052.42530663814
1051.34904783383
1050.27359774616
1049.19895828249
1048.12513325752
1047.05211885654
1045.97991889426
1044.90853146333
1043.8379546564
1042.76818847346
1041.69924054392
1040.63110133103
1039.56377846418
1038.49726812868
1037.43157032453
1036.36668695908
1035.30261803232
1034.23936354426
1033.17692540225
1032.11529979159
1031.05448671227
1029.994489979
1028.93530768443
1027.87694364326
1026.81939213344
1025.76265887701
1024.70674005928
1023.65163568025
1022.59734764727
1021.54387786768
1020.49122443415
1019.43938734666
1018.38836660522
1017.33816030248
1016.28877416048
1015.24020627189
1014.19245472934
1013.14551953284
1012.09940258974
1011.05410390004
1010.00962537109
1008.96596318819
1007.92312116604
1006.88109739728
1005.83989188192
1004.79950461997
1003.75993942611
1002.72119248565
1001.68326570594
1000.64615717963
999.609868814068
998.574400609256
997.539754472544
996.505928496581
995.472922681367
994.440738934253
993.409373440538
992.378830014923
991.349108657408
990.320209367992
989.292132146677
988.264876993461
987.238442000995
986.212829076628
985.188040127712
984.164075154247
983.140930341531
982.118611411616
981.09711264245
980.076437848734
979.05658893782
978.037562095006
977.019361134993
976.001982243079
974.985425419265
973.969696385604
972.954791327392
971.940712151982
970.927456952022
969.915027634863
968.903420385804
967.892640926897
966.88268735079
965.873559657485
964.865259754331
963.857783826628
962.851135689077
961.845311526976
960.840315155026
959.836148480579
958.832805781582
957.830292780088
956.828605661394
955.827746332853
954.827714794463
953.828512953575
952.830136995488
951.832592642253
950.83587226447
949.839983491539
948.84492250876
947.850693130833
946.857291543058
945.864719652786
944.872975552665
943.882063057397
942.891980259631
941.902727159367
940.914307571306
939.926713866047
938.939953672991
937.954023177438
936.968924286737
935.984657000888
935.001223227244
934.01861724375
933.036844772461
932.055903906024
931.07579464444
930.096520802409
929.118076657881
928.140466025556
927.163688905435
926.187743390167
925.212631387102
924.23835480359
923.264911732282
922.292302173178
921.320522311576
920.349581684229
919.379474569085
918.410200966145
917.441762782758
916.474160018926
915.507390767297
914.541456935222
913.576360430051
912.612097437084
911.648673678372
910.686083431863
909.724328604908
908.763411104858
907.803330931712
906.84408617812
905.885680658783
904.928110559001
903.971375878772
903.015480432798
902.060422313729
901.106205336266
900.152821871006
899.200279547351
898.248574550601
897.297706880756
896.347680352516
895.398493058532
894.450143091452
893.502632358627
892.555960860057
891.610130503093
890.665139380384
889.72098749193
888.777678652433
887.83520904719
886.893576768852
885.952787539471
885.012841359045
884.073734412875
883.13546860831
882.198045852702
881.261462331349
880.325721858952
879.390824435511
878.456770061027
877.523556828148
876.591186644226
875.659657601909
874.728971608548
873.799130571495
872.870132583397
871.941977644256
871.014667661422
870.088200727544
869.162576842622
868.237799821358
867.31386584905
866.390776833049
865.468532773355
864.547131762617
863.626579522886
862.706870332113
861.788008004997
860.869990634187
859.952820127035
859.03649457619
858.121015889002
857.206384065472
856.292599105599
855.379661009383
854.467571684176
853.556325407925
852.645929810032
851.736381075797
850.82768111257
849.919829920351
849.012823684438
848.106668126885
847.201359432988
846.296901417451
845.393292172921
844.49053360675
843.588621904236
842.68755897273
841.787348626934
840.887985144795
839.989474248365
839.091814030294
838.19500258323
837.299041814526
836.40393363153
835.509676126893
834.616269300615
833.723713152695
832.832009590485
831.941156706633
831.05115640849
830.162010603407
829.273713569332
828.386272935667
827.499682980361
826.613943703413
825.729058919526
824.845030536048
823.961852830929
823.07952961887
822.198060899871
821.31744476658
820.43768312635
819.55877788653
818.680725232419
817.803528978718
816.927187218077
816.051698043146
815.177067175975
814.303292709214
813.430372735513
812.558309162223
811.687101989343
810.816747402172
809.947253030113
809.078616965814
808.210835394575
807.343912131098
806.477843360679
805.612634805373
804.748284557827
803.884790710692
803.022155171317
802.160377939704
801.299459015851
800.439398399759
799.580196091428
798.72185590556
797.864372120101
797.007750457105
796.151985194519
795.297080147044
794.443037222032
793.58985260478
792.737530109991
791.886065922962
791.035465765746
790.18572200894
789.336842281948
788.488824677417
787.641667287997
786.79537202104
785.949936969194
785.105365947161
784.26165704759
783.418810270481
782.576827523184
781.73570689835
780.895448395977
780.056053923418
779.217523480671
778.379855160386
777.543052777264
776.707112516605
775.872036285758
775.037824084723
774.204479728203
773.371997494145
772.540381197249
771.709630837517
770.879746414949
770.050724114842
769.222569659249
768.39528304817
767.568858559553
766.7433038228
765.918615023211
765.094790253434
764.271835235522
763.449746154773
762.628526825888
761.808171526816
760.988685979608
760.170068276914
759.352318418734
758.535436405068
757.719424143266
756.904279725978
756.090003153204
755.276598239644
754.464061170598
753.652393853417
752.841596288101
752.031668474648
751.22260850571
750.414422103337
749.607103545478
748.800658554184
747.995083314755
747.19037782719
746.386545906191
745.583581829705
744.781491319785
743.980274376431
743.179927184941
742.380455467367
741.581851594307
740.784123195163
739.987266455234
739.19128328187
738.396173675073
737.60193763484
736.808571346472
736.016082439371
735.224467098835
734.433727232215
733.643860932162
732.854868198673
732.066750939101
731.279507246094
730.493140934354
729.70765009653
728.923032825272
728.13929293528
727.356428519204
726.574439577045
725.793328016152
725.013091929175
724.233735130816
723.455253806373
722.677647955845
721.900921393936
721.125070305942
720.350100413916
719.576005995807
718.802790866314
718.030453118088
717.25899275113
716.488413580139
715.718713697765
714.949891196658
714.181947984168
713.414884060295
712.64870133239
711.883397893103
711.118975649783
710.355432695081
709.592770936347
708.830986558879
708.07008528473
707.310067113899
706.550930139036
705.792672452791
705.035297869863
704.278804482904
703.523192291913
702.76846511159
702.014619127236
701.2616562462
700.509576468482
699.758377886732
699.008064315651
698.258633847889
697.510086483445
696.762426037021
696.015646786565
695.269752546777
694.524743317659
693.780617191859
693.037377984078
692.295023786967
691.553554600525
690.812968517401
690.073271259648
689.334459012563
688.596533683498
687.859493365102
687.123341872076
686.388073482369
685.653693918032
684.920203179065
684.187597450767
683.455880547839
682.725050562931
681.995109403393
681.266055161875
680.537891653077
679.810615062299
679.084227296891
678.358730264204
677.634118242186
676.91039886024
676.187568303663
675.465628479808
674.744577481322
674.024417215557
673.305147682513
672.586765067489
671.869276999887
671.152681572355
670.436974970194
669.722159100754
669.008233964035
668.295203374737
667.583065425511
666.871818209006
666.161463632572
665.451999788859
664.743430492567
664.035753836347
663.328971727549
662.623082258823
661.918087337518
661.213983148934
660.510775415122
659.808462228733
659.107043589765
658.406519498219
657.706888046745
657.008154957394
656.310314508114
655.613370513606
654.917322973871
654.222169981558
653.527915351368
652.8345552686
652.142091640605
651.450524467382
650.759855656282
650.070083299954
649.38120930575
648.693231766318
648.006150681659
647.319969866473
646.634687413411
645.950303322471
645.266815686304
644.58422641226
643.90253740769
643.221748672594
642.541860206971
641.862870103471
641.184780269445
640.507588797542
639.831297595112
639.155906662156
638.481419813376
637.807831326718
637.135143109534
636.463358976524
635.792473205638
635.122489611576
634.453410101689
633.785230861275
633.117955705036
632.451580818271
631.786108108331
631.121541389915
630.457876848324
629.795114483557
629.133258110316
628.472303913898
627.812251894306
627.153105866238
626.494863922345
625.837527969978
625.181094194435
624.525566410417
623.870944617925
623.217228816958
622.564417100166
621.91251328225
621.261513548508
620.611421713643
619.962233962952
619.313954111138
618.666582158199
618.020116196786
617.3745600416
616.729909877939
616.086165705803
615.443329432543
614.80140296551
614.160386304703
613.520277542772
612.881074772367
612.242781808189
611.605400557587
610.968927205862
610.333363660363
609.69870801374
609.064964080694
608.432129953874
607.800209447983
607.169196840967
606.539095947529
605.909904860317
605.281625486682
604.654257826625
604.027801880144
603.402259554591
602.777628942616
602.153910044217
601.531102859396
600.909207388152
600.288227445186
599.668161123148
599.049006514687
598.430765527154
597.813440067899
597.197026322221
596.581528104821
595.9669454157
595.353276347507
594.740522807591
594.128684795954
593.517758497895
592.907751542814
592.298660116013
591.690484217489
591.083223847244
590.476879005276
589.871451598938
589.266943535579
588.663351000499
588.060675901047
587.458916329874
586.85807419433
586.258151401765
585.65914795218
585.061061938223
584.463895267246
583.867646031898
583.272316139529
582.67790559014
582.08441438373
581.4918425203
580.900191907199
580.309460637078
579.719648709937
579.130756125775
578.542786699294
577.955738523142
577.369609689971
576.78440401448
576.200117681968
575.616754507137
575.034312582636
574.452793815815
573.872196299325
573.292523847866
572.713770739386
572.135942695938
571.55903781017
570.983056082082
570.407999419026
569.833865913651
569.260655565956
568.688368375942
568.117008158309
567.546573005708
566.977062918138
566.408477895599
565.840816030741
565.274081138265
564.70827321817
564.143390363107
563.579434480425
563.016405570125
562.454301724857
561.89312485197
561.332876858815
560.773555838042
560.215161789651
559.657696620993
559.101158424716
558.545549108172
557.990866764009
557.437115206929
556.884292529582
556.332396824616
555.781431906733
555.231395868583
554.682290617516
554.134114246181
553.586870569279
553.04055577211
552.495169854674
551.950716631671
551.407196103101
550.864604454263
550.32294549986
549.782217332539
549.242421859651
548.703557173847
548.165627089827
547.62862970024
547.092563097736
546.557433004367
546.023233698081
545.489965178877
544.957633168809
544.426237667875
543.895772954024
543.366244749307
542.837651146375
542.309990237877
541.783265838513
541.257476040933
540.732622752487
540.208704065826
539.6857218883
539.163676219908
538.642565153301
538.122392503178
537.603158269541
537.084858637688
536.56749551497
536.051070808737
535.535584518989
535.021036645726
534.507425281598
533.994754241306
533.483017802798
532.972223595477
532.462369711991
531.953454244991
531.445477194475
530.938440467796
530.432340250251
529.927184171244
529.422966508721
528.919691077385
528.417355969885
527.915963093571
527.415506726392
526.915996405101
526.417428314996
525.919800548727
525.423115013644
524.927371709748
524.432568729687
523.938711795514
523.445797092528
522.953826528078
522.462798194815
521.972714000089
521.4835739439
520.995376118898
520.508126247133
520.021818606555
519.536457011864
519.052039555711
518.568568145445
518.086040873716
517.604459647874
517.123826375271
516.644139148556
516.165396060377
515.687600925437
515.210751836384
514.734850700569
514.259897517993
513.785890381303
513.312831197853
512.84071996764
512.369556690666
511.89934327428
511.430079718483
510.961764115924
510.494396466603
510.027976770521
509.562508842378
509.097990774823
508.634422567857
508.17180422148
507.710135735692
507.249417110492
506.789652160583
506.330837071262
505.87297374988
505.416062196438
504.960104318286
504.505094393371
504.051038143747
503.597935569413
503.145784763018
502.694589539263
502.244344176098
501.795052488221
501.346714475636
500.89933204569
500.452903291034
500.007428211669
499.562910622294
499.119340986157
498.676732654713
498.235077998558
497.794378925044
497.35463352682
496.915847525938
496.478015200345
496.041138457393
495.605221111783
495.170259348813
494.736255075834
494.303206385495
493.871117092499
493.439985289493
493.009810976478
492.580596060805
492.152338635124
491.725040606783
491.298698161083
490.873318927426
490.448899091111
490.025436744787
489.602935703154
489.181394058864
488.760811811915
488.341190869659
487.922531232094
487.504832899222
487.088095871042
486.672320147554
486.257503821408
485.843652614655
485.430760805244
485.018834115226
484.607868729901
484.197864649268
483.788825688028
483.380749938831
482.973637401676
482.567489983915
482.162303870847
481.758082877172
481.354827002889
480.952536248001
480.551210612505
480.150848189053
479.751452792345
479.35302251503
478.955557357108
478.55905922593
478.163528121496
477.768964043807
477.37536508551
476.982733153958
476.591068249149
476.200372278435
475.810643334465
475.421881417239
475.034090341458
474.647266292421
474.261407362778
473.876521181929
473.492603935176
473.109657529868
472.727678151304
472.346667706834
471.966630011159
471.58756124958
471.209463329446
470.832338158107
470.456181920863
470.080994617713
469.70678197071
469.333540165152
468.961271108389
468.589974800422
468.2196493339
467.850294708824
467.481916647244
467.114509427109
466.748078770472
466.382617047928
466.018133796232
465.654621385982
465.292083631877
464.930520533919
464.569933999457
464.210320213792
463.851682991623
463.494020425601
463.137334423075
462.781623076696
462.426890201164
462.073131981778
461.72035223324
461.368545233497
461.017718611953
460.667870461256
460.318996966705
459.971103850352
459.624189204847
459.278249215488
458.933291511678
458.589312278714
458.246309609249
457.904289225331
457.56324540491
457.223181962688
456.884098898663
456.545998120187
456.208875812558
455.872733883128
455.537576146596
455.203396880912
454.870196086076
454.537981391488
454.2067470751
453.87649695161
453.547227206319
453.218939746575
452.891634572381
452.565315498436
452.23997680269
451.915624207193
451.592253897244
451.269865872845
450.948463948695
450.628048124795
450.308616493794
449.990169055692
449.67270771784
449.356228665536
449.040737620833
448.726234583731
448.412715739527
448.100184902923
447.78864016657
447.478079623116
447.168507087261
446.859924466358
446.552329853055
446.245721340002
445.940100834549
445.635470244048
445.331825753796
445.029171178495
444.727506518145
444.426831772745
444.127146942297
443.8284520268
443.530745118902
443.234028125956
442.938302955311
442.643569606968
442.349828080926
442.057074562485
441.765312866345
441.474544899857
441.184768755671
440.895986341137
440.608193841553
440.321393164271
440.035588123992
439.750776813365
439.46695732504
439.184133473717
438.902301444695
438.621463145326
438.341620482959
438.062773457595
437.784922069234
437.508064410524
437.232202388818
436.957336004114
436.683463349061
436.410590145713
436.138712579368
435.867832557376
435.597948172386
435.329059424399
435.061172035467
434.794278376186
434.52838607596
434.263489412736
433.999592201217
433.73669253405
433.474792318588
433.213893462179
432.953992150125
432.695088382423
432.437187881126
432.180284924182
431.924383326293
431.669484994809
431.415584207678
431.162686686952
430.910788617931
430.659891907963
430.4099984644
430.161106379892
429.913217561788
429.666330102739
429.420447817446
429.175564983856
428.931687324022
428.688814837944
428.44694561827
428.206079665001
427.966216978138
427.72735946503
427.489507125677
427.25265996008
427.016819875589
426.781983057504
426.548153320524
426.315326849949
426.083509367831
425.852698966819
425.622893739563
425.394097500763
425.166304528369
424.939522451781
424.7137474563
424.488981449275
424.265224430708
424.042474493246
423.820733544241
423.599999676343
423.380278611601
423.161564627967
422.943861540139
422.72717125547
422.511488051906
422.296813836799
422.08315242485
421.870503816059
421.658864195725
421.448237378548
421.238621457179
421.030016431617
420.822426116564
420.615848604668
420.41028198858
420.205730083
420.002190980578
419.799664681314
419.598153092558
419.397656214311
419.198172139222
418.999704681992
418.802248120569
418.605810084356
418.410386758651
418.215980050805
418.022588053467
417.830212673989
417.63885391237
417.448509861259
417.259184335357
417.070877334666
416.883585044483
416.697311279509
416.512056039745
416.32781741784
416.144597321145
415.96239765701
415.781216518084
415.601053904368
415.421911723212
415.243786159915
415.06668293653
414.890600145704
414.715537787438
414.541495861733
414.368474368588
414.196475215353
414.025496494679
413.855540113916
413.686606073063
413.51869246477
413.351801196389
413.185934175268
413.021091401409
412.857270967461
412.694472873424
412.532699026647
412.371949427133
412.212224074879
412.053522969887
411.895846112157
411.739195409038
411.583570860531
411.428970559285
411.275394505301
411.12284651328
410.97132467587
410.820828993072
410.671363279588
410.522921813364
410.375506501753
410.229119252104
410.083760064417
409.939430846044
409.796129689633
409.653854687835
409.5126115627
409.372396499527
409.233211405667
409.09505437377
408.957929218537
408.821832125266
408.686766908659
408.552733568715
408.419728290734
408.287756796768
408.156815272114
408.026907531474
407.898029760148
407.770183865485
407.643371754837
407.517593428203
407.392846978232
407.269134312276
407.146453522983
407.024808425056
406.904199018493
406.784621488594
406.666079650059
406.548571595539
406.432097325033
406.316660653242
406.202259672817
406.088894383756
405.97656478606
405.865272787079
405.755014572113
405.645797770563
405.537614753027
405.430471241558
405.324365328804
405.219295107415
405.115266299442
405.012275090185
404.910321479643
404.809409282517
404.709534684107
404.610699591764
404.512904005486
404.416149832624
404.320435165829
404.22576191245
404.132130072488
404.039539645942
403.947986818112
403.857479218399
403.768013032103
403.679590166574
403.592208714462
403.505870583117
403.420571957838
403.336320468027
403.253112298983
403.170947450707
403.089827830548
403.009749623806
402.930716645181
402.852728894674
402.775788279636
402.699892892715
402.625040826562
402.551235895877
402.478478100659
402.40676553356
402.33610200928
402.266483713117
402.197912552423
402.130386619847
402.063911637439
401.998485697851
401.934106893731
401.87077522508
401.808494506597
401.747262830934
401.687078290739
401.627942793363
401.569862060858
401.512828463821
401.456845816953
401.401914120255
401.348031466375
401.295203577367
401.243424731177
401.192698742508
401.143025611358
401.094401523027
401.046832199567
401.000317640977
400.954854032557
400.910445189008
400.867089202979
400.824786074469
400.783539618181
400.743346019413
400.704207185516
400.666125023839
400.629097627034
400.593123087748
400.558207128035
400.524347840542
400.49154331792
400.45979737487
400.42910619669
400.399473598082
400.370895764345
400.343378417531
400.316919650288
400.291517555266
400.267175947167
400.243889103938
400.221664654982
400.200500692948
400.180395310487
400.161348507597
400.14336409898
400.126436362585
400.110572927812
400.095768072612
400.082025611684
400.06934554503
400.057727872648
400.047168779838
400.037675896003
400.02924349909
400.0218754038
400.015569702783
400.01032830339
400.00614929827
400.003034594773
400.00098610025
400
400.000080108725
400.001224519072
400.003433231044
400.006708151989
400.011049281909
400.016458528153
400.022932076021
400.030473740213
400.03907970603
400.048755695521
400.059497893986
400.071310116127
400.084188547242
400.098137002032
400.113151665796
400.129236353235
400.14639106435
400.16461579914
400.183908650255
400.204271525045
400.22570442351
400.248209253001
400.271784106167
400.296430890359
400.322149605577
400.348940251821
400.37679901439
400.405733522685
400.435741869357
400.466820239704
400.498974355779
400.532198495528
400.566498381005
400.601870197507
400.638319667087
400.675841067693
400.714438214025
400.754111106085
400.794855929171
400.836680312685
400.879580441926
400.923554409543
400.968606030238
401.014733396659
401.061938416159
401.110221088736
401.15958141439
401.210019393123
401.261535024932
401.31412830982
401.367801155135
401.422553560879
401.478385527051
401.535297053651
401.593288140679
401.652358788135
401.712507088669
401.773740671683
401.836051907774
401.899446518995
401.963922597994
402.029478237422
402.096117251979
402.163839641665
402.232643499131
402.302530731725
402.373499432098
402.445553414951
402.518688865583
402.592909598695
402.668217521637
402.744606912358
402.822081585558
402.900641541239
402.9802867794
403.061019207391
403.142835010511
403.225739910813
403.309730093594
403.394805558855
403.480970121298
403.568221873571
403.656560815674
403.745988854958
403.836504084073
403.928108410369
404.020799926495
404.114580539803
404.209452157642
404.305414780013
404.402466499565
404.500607316297
404.599837230212
404.700160056008
404.801573886335
404.904078721195
405.007676467937
405.11236521921
405.218144975015
405.325017642702
405.432985129622
405.542043621074
405.652196931758
405.763441246974
405.875782288774
405.989218149806
406.103746922721
406.219370514868
406.336090833599
406.453902156861
406.572814021408
406.692820705188
406.8139222082
406.936122345147
407.059417301326
407.183810891439
407.309299300785
407.435888251416
407.56357392863
407.692358239778
407.82224309221
407.953224671226
408.085302976825
408.21848373106
408.352765026579
408.488144956031
408.624625426769
408.762206438791
408.900886084747
409.040670086689
409.181554629915
409.323539714425
409.466627247571
409.610817229352
409.756109659768
409.90250644617
410.050005681207
410.198609272229
410.348315311887
410.499125707531
410.65104045916
410.804059566775
410.958183030375
411.113414664663
411.269748747585
411.427189093844
411.585735703439
411.745390483721
411.906149619989
412.068016926943
412.230992404584
412.395074145562
412.560262149876
412.726560232227
412.893968392616
413.062482816342
413.232107318104
413.402839990554
413.57468274104
413.747635569565
413.921700383477
414.096873368076
414.273158338063
414.450551478737
414.62905851215
414.808677530951
414.989408535139
415.171251524716
415.354206499681
415.538273460034
415.723454313125
415.909750966306
416.097159604874
416.285682136182
416.475318560227
416.666068877012
416.857934993885
417.050916910848
417.2450146279
417.440228145041
417.636557462271
417.834002579591
418.032563497
418.232242121848
418.433038454136
418.634952493864
418.837984241032
419.04213560299
419.247402765037
419.453789541875
419.661295933503
419.869921939921
420.079667561129
420.290530889778
420.502515740567
420.715624020848
420.929850008569
421.145199425781
421.361668457783
421.579259011926
421.797971088211
422.017806593986
422.238765529254
422.460845986662
422.684051780912
422.908377189952
423.133829843186
423.36040592591
423.588107345477
423.816932194535
424.046882380436
424.277957903179
424.510156855412
424.74348495919
424.977938399809
425.213519084621
425.450225106275
425.688056464771
425.927018882161
426.167108543743
426.408325449519
426.650671506837
426.894146715699
427.138747261403
427.384478866001
427.631341529492
427.879333344527
428.128454311104
428.378708243927
428.630089420942
428.882603564202
429.136248766354
429.391026934752
429.646936162044
429.90397835558
430.162149700659
430.421457826683
430.681897011602
430.943471070115
431.206180002223
431.470019993226
431.734996765174
432.001104596015
432.268351115153
432.536732507886
432.806248774214
433.076901821487
433.348687835004
433.621614444169
433.895675926928
434.170876097984
434.447213049985
434.724686782931
435.003297296824
435.283048406363
435.563938204198
435.845966690329
436.129135772107
436.413443542181
436.6988880932
436.985477054568
437.273204704231
437.562072949542
437.85208369785
438.143235041804
438.435526981405
438.728963331354
439.02354027695
439.319261632893
439.616125491834
439.914129946422
440.213278811357
440.51357208664
440.815011679622
441.117595682952
441.421322189279
441.726195013304
442.032212247678
442.339375799749
442.647685669519
442.957141856988
443.267746269506
443.579495092371
443.892392140286
444.20643741325
444.521629003912
444.837970726974
445.155460675084
445.474098848244
445.793885246453
446.114823684412
446.43691034742
446.760147142828
447.084535977986
447.410073038193
447.736760230799
448.064601370507
448.393594549964
448.723737861821
449.055035120779
449.387484419487
449.721083850595
450.055839136154
450.391748368814
450.728811548575
451.067026768086
451.406399749399
451.746924770462
452.088605645976
452.431440468591
452.775433053008
453.120583399227
453.466885785196
453.814345932968
454.162965749891
454.512741421266
454.863674854443
455.215766049422
455.569013098852
455.923419817435
456.278988112521
456.635714169409
456.993599895449
457.352645290642
457.712850354987
458.074215088485
458.436741398486
458.80042928499
459.165278747997
459.531289787508
459.898462403521
460.266796596037
460.636294272407
461.006955432631
461.378780076708
461.75176820464
462.125919816425
462.501233004713
462.877713491555
463.255359369602
463.634170638854
464.014145391959
464.395287443618
464.777594886483
465.161069627902
465.545711667875
465.931519099053
466.318495736136
466.706637764424
467.095948998617
467.486429438715
467.87807908472
468.270896029278
468.664884087093
469.060041350813
469.456365913088
469.85386349597
470.252532192107
470.652372001501
471.053381016799
471.455563052705
471.858916201867
472.263440464284
472.669139654659
473.07601186564
473.484055189878
473.893273442072
474.303664714873
474.715230915631
475.127970136996
475.541886193668
475.956977178298
476.373241183534
476.790683931428
477.20930160728
477.629096118439
478.050065557556
478.472215646681
478.895538756413
479.320042516154
479.745725018554
480.17258435626
480.600622436626
481.029839259649
481.460236732682
481.891811041022
482.324567906722
482.75850351508
483.193621680797
483.629920496524
484.067399962259
484.506060078003
484.945902751107
485.38692798157
485.829135769393
486.272528021925
486.717102831817
487.162858291718
487.60980012368
488.057926420352
488.507235274383
488.957732407825
489.409410191276
489.862276254139
490.316328689062
490.771567496046
491.22799267509
491.685604226195
492.14440024201
492.604386444587
493.065560926575
493.527923687974
493.991474728785
494.456214049007
494.92214164864
495.389259435035
495.857567408191
496.32706556811
496.79775391479
497.269634355582
497.742704983137
498.216965797453
498.692418705881
499.169063708422
499.646902712426
500.125933810542
500.606158910121
501.087574196462
501.570185391616
502.053992495584
502.538991693665
503.025186800558
503.512574001565
504.001159018735
504.490941852069
504.981918686867
505.474091430478
505.967461990253
506.462028458842
506.957792743594
507.454754844511
507.952916668943
508.452274402188
508.952833766298
509.454589039222
509.957545943011
510.461700662964
510.967057013783
511.473614995467
511.981372700665
512.490330129378
513.000489188957
513.511849879401
514.02441410806
514.538179967585
515.053151272676
515.569320393932
516.086696868104
516.605274973142
517.125060431096
517.646047519917
518.168240054303
518.691636126905
519.216239552424
519.74204842351
520.269064647513
520.797286317082
521.326715339568
521.85734790027
522.38919162859
522.922242709827
523.456501143981
523.991970745754
524.528645793093
525.066530100699
525.605625575924
526.145930311416
526.687446214526
527.230171377904
527.7741077089
528.319255207515
528.865613873747
529.413183707598
529.961968523768
530.511964507556
531.063173566313
531.615593792687
532.169229001382
532.724079192396
533.280142458378
533.83742070668
534.395915844651
534.955622150241
535.516547252852
536.078687337781
536.642044312381
537.20661817665
537.772407023239
538.339414666849
538.907639200128
539.477082530428
540.047744657748
540.619625582089
541.19272530345
541.767041914481
542.342581137234
542.919339157007
543.497317881151
544.076519217017
544.656939349904
545.238580187161
545.821445543491
546.405531604192
546.990840276614
547.577373468109
548.165127363975
548.754103871562
549.344306805572
549.935734258655
550.528384323459
551.122260814686
551.717359917634
552.313687354356
552.911239310151
553.510019599718
554.110024408358
554.711257550771
555.313719026958
555.917403114866
556.522319351249
557.128463921405
557.735836825335
558.344439970388
558.954271449215
559.565329354465
560.17762131554
560.791143517739
561.405895961062
562.021880552859
562.63909538578
563.257540459826
563.877219589696
564.498132775391
565.120276202211
565.743653684856
566.368267130676
566.99410891027
567.62119046774
568.249504173686
568.879053842806
569.509837567753
570.141857255874
570.775114814522
571.409606428995
572.045335913995
572.682305176871
573.320508495572
573.9599496848
574.600630651905
575.242547582185
575.885706197693
576.530102683727
577.175738947638
577.822616896776
578.47073080909
579.120088313982
579.770687504102
580.422526472098
581.075609032673
581.729931371124
582.385495394803
583.04230491841
583.700356127245
584.359650928658
585.020191229999
585.681973216568
586.344998795715
587.009273689492
587.674790268496
588.341554254779
589.00956183364
589.678816819781
590.349319213201
591.0210690139
591.694066221878
592.368310837135
593.043802859671
593.720542289487
594.398531033932
595.077771000358
595.758258374063
596.439996969749
597.122986787414
597.80722591971
598.492714366635
599.179455942891
599.867448741127
600.556692761344
601.247191818243
601.938942097121
602.63194359798
603.326200135521
604.021709802392
604.718476413296
605.41649615353
606.115769023095
606.816296929343
607.518081779621
608.221123573932
608.925420404925
609.63097417995
610.337782991656
611.045852562095
611.755179076567
612.46576253507
613.177606752307
613.890707913576
614.605067926228
615.320688697613
616.037570227731
616.755710609232
617.475111749465
618.195775555783
618.917698213484
619.640883537268
620.365329619786
621.091042183088
621.818015505124
622.546251493244
623.275752054797
624.006515282435
624.738543083508
625.471835458014
626.206394313306
626.942217742032
627.679307651543
628.417660227138
629.157283098219
629.898172450085
630.640328282736
631.383752503522
632.128441297743
632.87440038745
633.621629772644
634.370127545972
635.119895614787
635.870932071738
636.623238824174
637.376815872098
638.131665122857
638.887782761752
639.645176418185
640.403840370104
641.163772710159
641.924982975102
642.687463535531
643.451218206148
644.216248894302
644.982551785293
645.750130693823
646.518981805189
647.289108934092
648.060513987884
648.833193151864
649.607150240732
650.382381439787
651.158890563731
651.936679519913
652.715746400985
653.496089299594
654.277713937793
655.060612686179
655.844793174154
656.63025540172
657.416995554173
658.205017446217
658.99432107785
659.784902634371
660.576767837833
661.369916688235
662.164347278226
662.960059607807
663.757055584329
664.555333300439
665.354896570841
666.155743488183
666.957875959816
667.761292078389
668.565995658603
669.371984793108
670.179257574553
670.98781781764
671.797665522368
672.608800688737
673.421223316748
674.234931499049
675.049930957694
675.866219785329
676.683796074607
677.502661732876
678.322818667488
679.144263063741
679.967000643687
680.791029499976
681.616349632607
682.442961041581
683.270863726898
684.100057688557
684.93054864861
685.762330885005
686.595406305094
687.429776816227
688.265440511052
689.102399296921
689.940653173834
690.780204049141
691.621050015492
692.463191072887
693.306631036026
694.15136799756
694.997398142787
695.844731008459
696.693360872526
697.543287734988
698.394515410544
699.247040084495
700.100867478892
700.955993779034
701.812420892271
702.670148818604
703.529175650682
704.389507110556
705.251139383525
706.114074376941
706.978313998153
707.84385443246
708.710699494564
709.578847277114
710.448299687461
711.319056725604
712.191120298894
713.064490407332
713.939163236216
714.815142600247
715.692430406775
716.571024748451
717.450925625273
718.332136851944
719.214654613763
720.098480818079
720.983613557542
721.870058554204
722.757813900715
723.646877689722
724.53725373593
725.428936317284
726.321934970538
727.216243973641
728.111865233942
729.008798751443
729.907042618791
730.80660255804
731.707474754488
732.609663022835
733.513163548382
734.417980145829
735.324110907825
736.231557741721
737.140320647517
738.050399625214
738.96179467481
739.874509611008
740.788540619106
741.703885791753
742.620552758352
743.538539611552
744.457842536652
745.378467255704
746.300411861358
747.223674446262
748.148258825117
749.074164997925
750.001391057333
750.929940818045
751.859812372707
752.791003813972
753.723522771239
754.657361615108
755.59252606763
756.529014221454
757.466826076581
758.405963540361
759.346426612793
760.288215293878
761.231331490967
762.175771389359
763.121536896403
764.068633734152
765.017058087905
765.966809957661
766.917889343421
767.870300059885
768.824038292353
769.779104040824
770.735503027351
771.693231437232
772.652289270467
773.612682249108
774.574402743752
775.537456476452
776.501843447207
777.467563656017
778.434617102883
779.403003787803
780.37272561813
781.343778779161
782.316168992949
783.289894352143
784.264956764093
785.241354321449
786.21908702421
787.198156779729
788.178565495354
789.160311263736
790.143394084874
791.127817773469
792.113576607471
793.10067630893
794.089116877847
795.078896406871
796.070018710702
797.062479974642
798.056282106038
799.051425104892
800.047910878555
801.045741334376
802.044912657654
803.045428663092
804.047287443337
805.050488998391
806.055037142954
807.060929969676
808.068167478557
809.076749669596
810.086680357496
811.097955727554
812.110577687121
813.124548143549
814.139867096836
815.156532639632
816.174546679289
817.193911123156
818.214624063883
819.23668740882
820.260101157968
821.284865311327
822.310976054195
823.338442923324
824.367262104015
825.397431688917
826.42895549273
827.461831608105
828.49606003504
829.531640773537
830.568579545646
831.606872536667
832.646519746599
833.687521175444
834.729880637901
835.773594319269
836.818666034251
837.865093875495
838.912879750351
839.962025566171
841.012527508253
842.064387483949
843.117607400607
844.172187258229
845.228128964164
846.285428703713
847.344088384225
848.404109913051
849.465495197542
850.528242330346
851.592351311465
852.657822140897
853.724656725994
854.792855066756
855.862417163182
856.933344922623
858.005638345079
859.0792955232
860.154318364336
861.230708775838
862.308462943005
863.387586587887
864.468077803136
865.54993658875
866.63316294473
867.717756871075
868.803722182487
869.891056971616
870.979761238461
872.069836890373
873.161280112651
874.254096627346
875.348284527108
876.443843811936
877.540776389182
878.639082258846
879.738761420927
880.839811968075
881.942239622342
883.046040569026
884.151216715478
885.257768061698
886.365694607686
887.474996353443
888.585677113668
889.697734981012
890.811169955475
891.925982037056
893.042171225756
894.159741336275
895.278690461264
896.399018600722
897.520725754649
898.643815737747
899.768286642664
900.8941346547
902.021367403257
903.149982980985
904.279979480531
905.411360716599
906.544122874487
907.678269768896
908.813801399825
909.950717767276
911.089018871247
912.22870661909
913.369777196104
914.512236324339
915.656082096446
916.801316419775
917.947937386976
919.095944998048
920.245341160342
921.396127781209
922.548302953297
923.701868583959
924.856824673193
926.013171221
927.170906320029
928.330033784981
929.490555523207
930.652469627357
931.815774190079
932.980473026075
934.146566135344
935.314049703187
936.482931359004
937.653207288095
938.824879397811
939.9979457808
941.172406437064
942.348267088652
943.525523920866
944.704178841054
945.884229941866
947.065679130654
948.248528314767
949.432777494206
950.61842476162
951.80547393171
952.993923097125
954.183772257866
955.375021413933
956.567674380026
957.761729248796
958.957187927592
960.154048509065
961.352312900564
962.551979194739
963.753051206292
964.955528935222
966.159412381529
967.364701545213
968.571396426275
969.779497024714
970.989003340531
972.199919188426
973.412242661048
974.625973758399
975.841116295179
977.057662641985
978.275622335571
979.494991561236
980.71577222633
981.937962423502
983.161564060103
984.386579043484
985.613005466294
986.840843328533
988.070096444902
989.3007610007
990.532840810628
991.766333967336
993.001242378174
994.237567950493
995.475308776942
996.714464857522
997.955038099582
999.197024688422
1000.44043225344
1001.6852588873
1002.93150268263
1004.1791655468
1005.42824938714
1006.67874848162
1007.93067045963
1009.18401341382
1010.4387773442
1011.69496225075
1012.95257194819
1014.21159880711
1015.47205045691
1016.7339268976
1017.99722622182
1019.26195033692
1020.5280954282
1021.79566912507
1023.06466952017
1024.33509470616
1025.60694468303
1026.88022326548
1028.15492854616
1029.43106052508
1030.70862110959
1031.98761029967
1033.2680300027
1034.5498783113
1035.83315713285
1037.11786455997
1038.40400440738
1039.69157476773
1040.98057754836
1042.27101274928
1043.56288037048
1044.85618041197
1046.15091478109
1047.4470815705
1048.7446845949
1050.04372194693
1051.34419553395
1052.64610344861
1053.9494495056
1055.25422989022
1056.56044841719
1057.86810508649
1059.17719799078
1060.48773094476
1061.79970394842
1063.11311509442
1064.42796629011
1065.74425944284
1067.06198883055
1068.38116399001
1069.70177919915
1071.02383636533
1072.34733548855
1073.67227847615
1074.9986672355
1076.32649604453
1077.65577062531
1078.98649097782
1080.31865519472
1081.65226709072
1082.98732475845
1084.32382629057
1085.66177740913
1087.00117620678
1088.34202268352
1089.6843187467
1091.02806248898
1092.37325391034
1093.71989873284
1095.06799123444
1096.41753713717
1097.76853262635
1099.12097770197
1100.47487808607
1101.83022996398
1103.18703715037
1104.54529583055
1105.90500981923
1107.2661753017
1108.62879800001
1109.99287600681
1111.35840932211
1112.72539985325
1114.09384760023
1115.4637506557
1116.83511283437
1118.20793222888
1119.58221074658
1120.95794838748
1122.33514705892
1123.71380294621
1125.09391986404
1126.47549971976
1127.85853869868
1129.24304061549
1130.62900547019
1132.0164332628
1133.40532208594
1134.79567575433
1136.18749426797
1137.58077762685
1138.97552583097
1140.37173888035
1141.76941868231
1143.16856523688
1144.56917854404
1145.97126051114
1147.37480923084
1148.77982470314
1150.18631074274
1151.59426544228
1153.00369070911
1154.41458654325
1155.82695294468
1157.24078991341
1158.65609744944
1160.07287936746
1161.49113376013
1162.91086062745
1164.33206187677
1165.75473560073
1167.1788837067
1168.60450810201
1170.03160878667
1171.46018385333
1172.89023520934
1174.3217628547
1175.75476869675
1177.18925273551
1178.62521497096
1180.06265540312
1181.50157593932
1182.94197467222
1184.38385350918
1185.82721626488
1187.27205721728
1188.71838018109
1190.16618706364
1191.6154721429
1193.0662449556
1194.51849787236
1195.97223661522
1197.42745927683
1198.88416776454
1200.342360171
1201.80203840357
1203.26320436958
1204.72585806905
1206.18999568727
1207.65562485364
1209.12273984612
1210.59134257204
1212.06143684612
1213.53302076101
1215.00609431669
1216.48065942053
1217.95671225782
1219.43425855062
1220.91329829892
1222.39382959537
1223.87585434733
1225.35937255479
1226.84438421775
1228.33089124357
1229.81889363225
1231.30839138377
1232.79938449816
1234.2918729754
1235.78585872284
1237.28134174049
1238.77832393569
1240.27680530845
1241.77678395141
1243.27826177193
1244.78124067736
1246.28571876034
1247.79169792823
1249.29917818102
1250.80816142608
1252.31864575603
1253.83063307825
1255.34412148537
1256.85911669945
1258.37561681314
1259.89361801173
1261.41312792463
1262.93413892244
1264.45666054191
1265.98068706098
1267.50622229436
1269.03326242735
1270.56181127465
1272.09186883626
1273.62343701953
1275.1565139171
1276.69109952899
1278.22719957723
1279.76480643243
1281.30392581665
1282.84455772987
1284.3867021721
1285.93036105069
1287.4755324583
1289.02221830226
1290.57041476788
1292.12012948456
1293.67136054496
1295.22410604171
1296.77836788218
1298.3341479737
1299.89144440894
1301.45025718789
1303.01059012525
1304.57244322103
1306.13581456786
1307.70070607311
1309.26711582941
1310.83504955884
1312.40450344667
1313.97547940027
1315.54797932698
1317.12199750475
1318.69754347033
1320.27461150168
1321.85320350614
1323.43332139107
1325.01496515646
1326.59813480231
1328.18282842127
1329.76905173541
1331.35680093
1332.94607791241
1334.53688458998
1336.12921905537
1337.72308130858
1339.31847707165
1340.91540062253
1342.51385577593
1344.11384253184
1345.71536089027
1347.31841275857
1348.92299432203
1350.52911130271
1352.13676370061
1353.74594960837
1355.35666902599
1356.96892386084
1358.58271602025
1360.19804359688
1361.81490849807
1363.43331263119
1365.05325027417
1366.67472905642
1368.29774707058
1369.92230431667
1371.54840079467
1373.17604031929
1374.80521907583
1376.43593706428
1378.06819809936
1379.7020040884
1381.33735121672
1382.974243299
1384.61267652055
1386.25265469608
1387.89417973292
1389.53724972373
1391.18186657586
1392.82802838196
1394.47573895673
1396.12499448547
1397.77580069024
1399.42815375632
1401.08205749843
1402.7375100092
1404.394513196
1406.05306324412
1407.71316969031
1409.37482490517
1411.03803461075
1412.7027968997
1414.36910795733
1416.03697732038
1417.7063992668
1419.37737570395
1421.04990853917
1422.72399586511
1424.39963958912
1426.07684161856
1427.75559813871
1429.43591487165
1431.11778991001
1432.80122516114
1434.48621681034
1436.17276867232
1437.86088265443
1439.5505568493
1441.24179316431
1442.93458969208
1444.62895024734
1446.32487292271
1448.02235771822
1449.7214103559
1451.4220251137
1453.12420580633
1454.82795243379
1456.53326308872
1458.24014158582
1459.94858792511
1461.65860210657
1463.37018413021
1465.08333399602
1466.79805361136
1468.51434297623
1470.23220399798
1471.9516328619
1473.67263529005
1475.39520937508
1477.11935511699
1478.84507442312
1480.57236920084
1482.30123563543
1484.0316775416
1485.763693012
1487.49728395398
1489.23245227489
1490.96919797472
1492.70751914614
1494.44741769648
1496.18889744046
1497.93195265602
1499.67658715785
1501.42280285332
1503.17059783506
1504.91997591779
1506.6709332868
1508.42347184943
1510.17759351305
1511.933300185
1513.69058805058
1515.4494609245
1517.20991689939
1518.97195788262
1520.73558768888
1522.50080250347
1524.26760232639
1526.03599097235
1527.80596462664
1529.57752901131
1531.35068031166
1533.12542424975
1534.90175510352
1536.67967859502
1538.45919090956
1540.24029395448
1542.02299154449
1543.80728177223
1545.59316273035
1547.38064014091
1549.1697101892
1550.96037287523
1552.75263392104
1554.54648951194
1556.34194155527
1558.13899005104
1559.93763499924
1561.73788021458
1563.5397237897
1565.34316381727
1567.14820601931
1568.95484658115
1570.76308741012
1572.57293041357
1574.38437559152
1576.1974210366
1578.01207247087
1579.82832607962
1581.64617995552
1583.46564172795
1585.28670758222
1587.10937942567
1588.93365916567
1590.7595429875
1592.58703470587
1594.41613050608
1596.24683801753
1598.07915533287
1599.91308054475
1601.74861556052
1603.58576038017
1605.42451500372
1607.26488324586
1609.10686319923
1610.95045486385
1612.7956620544
1614.64247904885
1616.49091347659
1618.34096152292
1620.19262509519
1622.0459041934
1623.9008007249
1625.75731087499
1627.61544227308
1629.47518919711
1631.33655736913
1633.19954297444
1635.06414792039
1636.93037220699
1638.79821964893
1640.66768833886
1642.53877827679
1644.41149137005
1646.28582571131
1648.16178320792
1650.03936576722
1651.91857338921
1653.7994060739
1655.68186572863
1657.5659523534
1659.45166404087
1661.33900079104
1663.22796832595
1665.11856473825
1667.01079002795
1668.9046461024
1670.80012914689
1672.69724297612
1674.59599140481
1676.49637061823
1678.39838252376
1680.30202521403
1682.20730250375
1684.11421439291
1686.02276088152
1687.93294387693
1689.84476147179
1691.75821557344
1693.67330618189
1695.59003329714
1697.50840073388
1699.42840658478
1701.35005084982
1703.27333543636
1705.19825843705
1707.12482366659
1709.05302921763
1710.98287890486
1712.91437082095
1714.84750496589
1716.78228324702
1718.718703757
1720.65677031054
1722.59648100027
1724.53784154826
1726.48084623245
1728.42549696018
1730.37179563882
1732.31974417571
1734.2693406635
1736.22058700954
1738.17348130648
1740.12802736902
1742.08422519717
1744.04207288357
1746.00157424292
1747.96272927522
1749.92553607313
1751.88999463663
1753.85611068779
1755.82388041191
1757.79330762368
1759.76439041575
1761.73712878812
1763.7115227408
1765.68757799583
1767.66529073852
1769.64466096886
1771.6256944089
1773.6083853366
1775.59273756666
1777.57874919172
1779.56642593383
1781.5557639783
1783.54676332513
1785.53942969636
1787.5337554626
1789.52975016059
1791.52740806829
1793.52673490774
1795.52772495691
1797.53038203048
1799.5347080358
1801.54070297289
1803.54836684173
1805.55769964232
1807.56870328203
1809.58137394614
1811.59571735671
1813.61173351374
1815.62942241723
1817.64878406718
1819.66981846358
1821.6925275138
1823.71690931047
1825.7429676683
1827.7707025873
1829.80011406745
1831.83120210876
1833.86396671123
1835.89840787486
1837.93452941435
1839.97233323706
1842.01181362092
1844.05297628799
1846.09581933093
1848.14034274972
1850.18654845173
1852.2344383443
1854.28401052008
1856.33526879377
1858.38820935067
1860.44283600549
1862.49914875822
1864.55714760886
1866.61683255742
1868.67820741858
1870.74126837766
1872.80601543466
1874.87245431162
1876.94058500854
1879.01040561807
1881.08191614022
1883.15511848233
1885.23001073706
1887.30659862645
1889.38488215051
1891.46485558718
1893.54652656587
1895.62989127187
1897.71494970519
1899.80170758787
1901.89016301257
1903.98031407194
1906.07216267332
1908.16571263142
1910.26096013153
1912.35790708102
1914.45655538721
1916.55690505013
1918.65895797711
1920.76271035346
1922.86816790123
1924.97532871307
1927.08419278897
1929.19476203629
1931.30703836238
1933.42101604519
1935.53670462147
1937.65410027652
1939.77320110298
1941.89401282292
1944.01653162162
1946.14076322115
1948.26669999209
1950.39434956386
1952.52371193644
1954.65478710985
1956.78757317672
1958.92207204442
1961.05828371294
1963.19621199697
1965.33585689653
1967.47721459692
1969.62028891282
1971.76507793689
1973.91158739119
1976.05981536836
1978.2097618684
1980.36142498397
1982.51481234445
1984.66991441311
1986.8267407267
1988.98528937785
1991.14556036658
1993.30755369289
1995.47127126412
1997.63670926557
1999.80387723399
2001.97276754
2004.14338590562
2006.31572851617
2008.4898010937
2010.6655998235
2012.84312470557
2015.02238146197
2017.20336818535
2019.38608296836
2021.57053153304
2023.75671197204
2025.94462047067
2028.13426275098
2030.32564072032
2032.51875056398
2034.71359800402
2036.91017731839
2039.10849232179
2041.30854492156
2043.51033702506
2045.71386481759
2047.9191302065
2050.12613319178
2052.33487758815
2054.54536339559
2056.75758870677
2058.97155733637
2061.1872654697
2063.40471501412
2065.62390978431
2067.84484978028
2070.06753309468
2072.29196163487
2074.51813540083
2076.74605629992
2078.9757224248
2081.20713759016
2083.44030179599
2085.67521504232
2087.91187542177
2090.1502886564
2092.39044902417
2094.63236415447
2096.87603213995
2099.12145107326
2101.36862286176
2103.61754750544
2105.868228819
2108.12066298775
2110.37485573373
2112.63080514959
2114.88850932799
2117.14797017627
2119.40919341649
2121.67217332659
2123.93691372128
2126.20341460055
2128.47167405706
2130.74169399815
2133.01348014588
2135.28702677819
2137.56233770979
2139.83941294068
2142.11825247085
2144.39885630031
2146.68122633641
2148.96536448649
2151.25126693586
2153.53894131392
2155.82837999127
2158.1195905973
2160.41256931732
2162.70731996603
2165.00384063608
2167.30213323481
2169.60219776224
2171.90403421835
2174.20764641786
2176.5130324534
2178.82019232498
2181.1291298473
2183.43984120567
2185.75233021477
2188.06659496726
2190.38264118519
2192.70046314651
2195.02006657328
2197.34144955813
2199.66461210108
2201.98955610947
2204.31628349065
2206.64479233727
2208.97508646403
2211.30716205624
2213.64102292859
2215.97666908108
2218.31410051371
2220.65331913384
2222.99432494146
2225.33711984392
2227.68170002653
2230.02807121133
2232.37623149098
2234.72618277282
2237.07792505685
2239.43145834308
2241.7867826315
2244.14390173682
2246.50281565904
2248.86352249079
2251.2260260468
2253.590320605
2255.9564137948
2258.32430561619
2260.69399416183
2263.06548133906
2265.4387671479
2267.81385158833
2270.1907365677
2272.56942208603
2274.94991005065
2277.33220046157
2279.71629331879
2282.1021886223
2284.48988827947
2286.87939229028
2289.27070446944
2291.66382100226
2294.05874379607
2296.45547475823
2298.85401388873
2301.25436118759
2303.6565166548
2306.06048601241
2308.46626353837
2310.87385304738
2313.28325263209
2315.69446610721
2318.10749538007
2320.52233854334
2322.93899368965
2325.35746463372
2327.77775328289
2330.19985582246
2332.62377988184
2335.04951973897
2337.47707920855
2339.90645829058
2342.33765507772
2344.77067529201
2347.20551511875
2349.6421764653
2352.08066314635
2354.52097134721
2356.96310488257
2359.40706184509
2361.85284604946
2364.30045558833
2366.74989236906
2369.2011544843
2371.65424384139
2374.10916616239
2376.56591572525
2379.02449634466
2381.48490802062
2383.94715075315
2386.41122263488
2388.87713129522
2391.34487291946
2393.81444941496
2396.28585887438
2398.75910320504
2401.23418622167
2403.71110410956
2406.1898606834
2408.67045785055
2411.15289179632
2413.63716633539
2416.12327765307
2418.61123147141
2421.10102969776
2423.59266851742
2426.08614983774
2428.58147747342
2431.07864570241
2433.57766215411
2436.07852301382
2438.5812301889
2441.08578558668
2443.59218920718
2446.10043914304
2448.61053920896
2451.12248940495
2453.63629163834
2456.1519440018
2458.66944840268
2461.18880293361
2463.71001522401
2466.23307955182
2468.7579978244
2471.28477385644
2473.81340192589
2476.34389156951
2478.8762351579
2481.41044032045
2483.94650133511
2486.48442392394
2489.02420427223
2491.56584810204
2494.10935159867
2496.65471857681
2499.20194903647
2501.751044885
2504.30200230769
2506.85482511925
2509.40951331967
2511.96606881631
2514.52449351653
2517.08478551296
2519.6469448056
2522.21097139447
2524.7768710016
2527.3446398123
