9.59382888183941
9.58990427957411
9.5859811154524
9.58205938565955
9.57813908638087
9.57422021761636
9.57030278699543
9.56638678688866
9.56247222492546
9.55855909729114
9.55464739635628
9.5507371373797
9.5468283165467
9.54292092622786
9.5390149740526
9.53511045620621
9.5312073765034
9.52730573112946
9.52340552389909
9.5195067548123
9.51560942386908
9.51171352725474
9.50781907259868
9.50392605227148
9.50003447390257
9.49614433367723
9.49225563541017
9.48836836765729
9.48448254567738
9.48059816565576
9.47671522377771
9.47283372385794
9.46895365826704
9.46507503844913
9.46119786058949
9.45732212468814
9.45344782693036
9.44957497113087
9.44570356110436
9.44183359303612
9.43796507074088
9.4340979827745
9.43023234439581
9.42636815179011
9.42250540114269
9.41864409245355
9.41478422572268
9.41092581239422
9.40706884102403
9.40321330779742
9.3993592279732
9.39550659392196
9.39165540564371
9.38780566313845
9.38395736259147
9.38011051163217
9.37626511026056
9.37242115847664
9.36857864865101
9.36473758841306
9.3608979777628
9.35705981670023
9.35322310141065
9.34938783570875
9.34555402340925
9.34172165688273
9.3378907437586
9.33406127640746
9.33023326245872
9.32640670191236
9.32258158713899
9.31875792576802
9.31493571398473
9.31111495560384
9.30729565444005
9.30347780286394
9.29966140087553
9.2958464522895
9.29203295710587
9.28822091913935
9.2844103307605
9.28060119578405
9.2767935180247
9.27298729748245
9.26918252652789
9.26537921279042
9.26157735627005
9.25777695315208
9.2539780072512
9.25018051475272
9.24638448328604
9.24258990522175
9.23879678437456
9.23500512074448
9.23121491433148
9.227426172765
9.2236388846009
9.21985304983921
9.21606867992401
9.21228576722592
9.20850431555963
9.20472432492514
9.20094578769304
9.19716871530745
9.19339310013896
9.18961894981698
9.1858462605268
9.18207502845371
9.17830525741243
9.17453695121766
9.17077010986939
9.16700472573822
9.16324080645356
9.1594783482007
9.15571735479434
9.15195782241979
9.14819975870645
9.14444315602492
9.14068801818989
9.13693434138666
9.13318213705935
9.12943139376384
9.12568211531483
9.12193429789763
9.11818795295635
9.11444307667627
9.110699661428
9.10695771484094
9.10321723310039
9.09947822002105
9.09574067941762
9.0920046036607
9.08826999275029
9.08453685050109
9.08080518072781
9.07707497961573
9.07334624335017
9.06961897956051
9.06589318443207
9.06216886177955
9.05844601160294
9.05472462627284
9.05100471723336
9.04728627685509
9.04356930895273
9.03985381352629
9.03613978676107
9.03242723628646
9.02871615447306
9.02500654895029
9.02129841208873
9.01759175533249
9.01388657105216
9.01018285924775
9.00648061991926
9.00277985306668
8.99908057013414
8.9953827558628
8.99168641788208
8.98799155619199
8.98429817079251
8.98060626168366
8.97691582886542
8.97322687233781
8.96953939591551
8.96585339578385
8.96216887194279
8.95848582820707
8.95480425694726
8.95112416960748
8.94744556237302
8.94376843142919
8.94009277677597
8.93641860985749
8.93274591541492
8.92907470489238
8.92540497447517
8.92173672797799
8.91806995777143
8.91440467148489
8.91074086530368
8.9070785430425
8.90341770088664
8.89975834265082
8.89610046833502
8.89244407412455
8.8887891638341
8.88513574127839
8.88148379882801
8.87783334029765
8.87418436568732
8.87053687881173
8.86689087585616
8.86324636063533
8.85960332551982
8.85596178195375
8.85232172230771
8.84868315039641
8.84504606240513
8.84141046214859
8.83777635344148
8.8341437286544
8.83051259541677
8.82688294228445
8.82325478451628
8.81962811448284
8.81600293599884
8.81237923762017
8.80875703842034
8.80513632695524
8.80151710322488
8.79789937104396
8.79428312659777
8.79066838133042
8.78705512379781
8.78344335399994
8.7798330795662
8.77622429668191
8.77261700916175
8.76901121319104
8.76540690495506
8.76180409589792
8.75820277839022
8.75460295624667
8.75100462565255
8.74740779042258
8.74381245437145
8.74021860986976
8.73662626073221
8.73303540695881
8.72944604854955
8.72585818931913
8.72227182545286
8.71868695695073
8.71510358381274
8.7115217136683
8.70794133888801
8.70436246328656
8.70078508304925
8.69720920199079
8.69363482011119
8.69006193741042
8.6864905538885
8.68292066954543
8.67935228819591
8.67578540602524
8.67222001921871
8.66865613922043
8.66509375840101
8.66153288057513
8.6579735019281
8.65441563008933
8.6508592574294
8.64730438776302
8.6437510210902
8.64019915359622
8.6366487929105
8.63309993903303
8.62955258814912
8.62600674025876
8.62246239536194
8.61891955345869
8.61537822599309
8.61183839770634
8.60830007241314
8.6047632577429
8.60122794606622
8.59769414501249
8.59416184695232
8.5906310595151
8.58710177888614
8.58357400888014
8.58004773805299
8.5765229816635
8.57299973589698
8.5694779969387
8.5659577724181
8.56243904707634
8.55892183998695
8.55540613970581
8.55189195004764
8.54837927101242
8.54486810641487
8.54135844862558
8.53785030527395
8.53434367254528
8.53083855043957
8.52733494277153
8.52383284954115
8.52033227074843
8.51683319876397
8.51333564503188
8.50983960573746
8.5063450808807
8.5028520704616
8.49936057066546
8.4958705891217
8.4923821258303
8.48889517697656
8.48540973874579
8.48192582258209
8.47844342085606
8.47496253738239
8.47148316834639
8.46800532137746
8.4645289888462
8.46105417838201
8.45758088235548
8.45410910458133
8.45063884887424
8.44717011141953
8.44370289603189
8.44023719126721
8.43677301619901
8.43331035938319
8.42984922081973
8.42638960432334
8.42293150989403
8.41947493753179
8.41601989105133
8.41256636282324
8.40911435284752
8.40566386875357
8.40221491054141
8.39876747439631
8.39532156031829
8.39187717212205
8.38843430980759
8.3849929695602
8.38155315137988
8.37811486289605
8.37467810029399
8.37124286357372
8.36780915273522
8.36437696396379
8.36094630870355
8.35751717551038
8.3540895720137
8.35066349439879
8.34723894266567
8.34381592444373
8.34039443210356
8.33697446564518
8.33355603269798
8.33013912944726
8.32672375589303
8.32330991203528
8.31989759405931
8.31648680959452
8.31307755864092
8.30966983738381
8.30626364582317
8.30285898777372
8.29945585942076
8.29605426839369
8.2926542070631
8.28925567542899
8.28585868112077
8.28246322032374
8.2790692968526
8.27567689926324
8.27228604281447
8.26889671606219
8.2655089304505
8.2621226745353
8.25873795594599
8.25535477468256
8.25197313074503
8.24859302413339
8.24521444721823
8.24183741525838
8.23846191680971
8.23508795950163
8.23171553570475
8.22834465304845
8.22497531153276
8.22160750352825
8.21824123666434
8.21487651094102
8.2115133263583
8.20815168291617
8.20479157679993
8.2014330118243
8.19807598798925
8.1947205052948
8.19136656755566
8.1880141633277
8.18466330786974
8.18131399736708
8.17796622800503
8.17462000359827
8.1712753165174
8.16793217820653
8.16459058485097
8.161250532636
8.15791202537633
8.15457506307197
8.1512396495376
8.14790578095854
8.14457345352007
8.14124267485161
8.13791344876786
8.1345857638247
8.13125962383685
8.1279350364337
8.12461199398585
8.12129050030801
8.11797055540017
8.11465215926233
8.1113353118945
8.10802001329668
8.10470626728356
8.10139407004045
8.09808341775264
8.09477432186424
8.09146677474585
8.08816078021217
8.08485633444849
8.08155344508423
8.07825210448997
8.07495232029512
8.07165408105557
8.06835740203014
8.06506227177472
8.06176869791871
8.05847667664741
8.05518620796081
8.05189729567363
8.04860993978587
8.04532414029752
8.04203988957917
8.03875719907494
8.03547606497012
8.03219648726472
8.02891846214403
8.02564199723745
8.022367092545
8.01909374425195
8.01582195235832
8.01255171686411
8.00928304158401
8.00601592651803
8.00275037166617
7.99948637321372
7.99622393497538
7.99296305695117
7.98970373914108
7.9864459853598
7.98318978797794
7.97993515462491
7.97668208148599
7.97343057237589
7.97018061966521
7.96693223479805
7.96368541395972
7.9604401533355
7.95719645674011
7.95395432417354
7.95071375563579
7.94747475112687
7.94423731446147
7.94100143801019
7.93776713321714
7.93453438863821
7.9313032119028
7.92807359919622
7.92484555814787
7.92161908112834
7.91839417195234
7.91517082680516
7.91194905331621
7.90872884767079
7.90551020605419
7.90229313991053
7.89907763779569
7.89586370733908
7.8926513485407
7.88944055758585
7.88623133447452
7.88302368683614
7.87981760704127
7.87661309890464
7.87341016624095
7.87020879760608
7.86700900444414
7.86381078675514
7.86061414072437
7.85741906635183
7.85422556745223
7.85103364021086
7.84784328844242
7.84465450833222
7.84146730750966
7.83828168216003
7.83509762846863
7.83191515025017
7.82873424750465
7.82555492404676
7.82237717606181
7.8192010073645
7.81602641032543
7.81285339257399
7.8096819579249
7.80651209874874
7.80334381504552
7.80017711062994
7.797011985502
7.7938484434764
7.79068648073845
7.78752609347343
7.78436728931075
7.78121006443571
7.77805442266302
7.77490036017797
7.77174788079527
7.76859698451491
7.76544767133689
7.76229993744651
7.75915378284378
7.7560092189728
7.75286623820416
7.74972484053786
7.74658502215921
7.74344679451231
7.74031014615305
7.73717508471084
7.73404161018568
7.73090971876286
7.7277794180718
7.72465070429779
7.72152356981141
7.71839802605679
7.71527407303393
7.71215170692811
7.70903092392464
7.70591173165292
7.70279413011295
7.69967811549004
7.69656369159887
7.69345085462476
7.6903396083824
7.68722995287179
7.68412189190764
7.68101541404584
7.67791053073049
7.6748072419616
7.67170554392447
7.66860543661909
7.66550691623076
7.66240999801829
7.65931467053758
7.65622093378862
7.65312878777142
7.65003824011537
7.64694929082049
7.64386193225737
7.6407761682407
7.63769199877049
7.63460942384674
7.63152845109885
7.62844906908272
7.62537128542775
7.62229509631924
7.6192205093866
7.61614751700041
7.61307612297538
7.61000632349682
7.60693813000882
7.60387153106729
7.60080653430162
7.5977431320824
7.59468133203906
7.59162113035688
7.58856253085056
7.58550553352011
7.58245013455083
7.57939634157211
7.57634414695456
7.57329355451287
7.57024456043235
7.5671971761571
7.56415139405772
7.56110721413421
7.55806463257185
7.55502366081478
7.55198429504827
7.54894652764293
7.54591037004286
7.54287581461867
7.53984286899974
7.53681152937139
7.53378179191891
7.53075366045699
7.52772713880035
7.52470222694899
7.5216789210882
7.51865721740327
7.51563712733833
7.51261864326396
7.50960177280956
7.50658650834574
7.50357284987249
7.50056080883393
7.49755037378593
7.49454154854322
7.49153433310577
7.48852873128831
7.48552474309083
7.48252236469862
7.47952159229699
7.47652244114474
7.47352489979777
7.47052897207078
7.46753465796377
7.46454195366204
7.46155086679499
7.45856139354792
7.45557353773553
7.45258729172843
7.44960266697071
7.44661965583297
7.44363825831521
7.44065847823213
7.43768031558374
7.43470377037004
7.43172884640572
7.42875553606139
7.42578383933703
7.42281376767677
7.41984531345119
7.4168784766603
7.41391326111879
7.41094965919727
7.40798768233984
7.4050273267318
7.40206859237315
7.39911147163448
7.3961559797746
7.39320210916412
7.39024985980302
7.38729922787661
7.384350224829
7.38140284303078
7.37845708629665
7.3755129469972
7.37257043657655
7.36962955122
7.36669028711283
7.36375265188447
7.36081663409079
7.35788224899061
7.35494948895452
7.35201835398253
7.34908884788933
7.34616096686023
7.34323471470993
7.34031008762372
7.33738708941631
7.33446571627299
7.33154597582317
7.32862786425216
7.32571138155993
7.32279652774651
7.31988330281189
7.31697171057077
7.31406174720845
7.31115341272492
7.3082467147496
7.30534164565308
7.30243820925006
7.29953640554055
7.29663623070983
7.29373769238732
7.29084078675831
7.28794551382281
7.2850518735808
7.28215986984701
7.27926949880671
7.27638076808933
7.27349366625074
7.27060820092037
7.2677243720982
7.26484218359894
7.26196162397847
7.25908270468092
7.25620542570628
7.25332978323985
7.25045577728163
7.24758340783161
7.24471268251921
7.24184358990031
7.23897614141902
7.23611032944594
7.23324615779578
7.23038362646852
7.22752273927888
7.22466348859745
7.22180587823893
7.21894991583273
7.21609558993474
7.21324290817436
7.21039186673689
7.20754246943704
7.2046947162748
7.20184861106489
7.19900414617789
7.19616132161379
7.19332014500202
7.19048061252787
7.18764272800603
7.18480648762181
7.1819718913752
7.17913894308092
7.17630764273895
7.17347798653461
7.17064997828258
7.16782361798287
7.16499890945019
7.16217584886982
7.15935443242708
7.15653466393665
7.15371655102795
7.15090008225687
7.14808526525281
7.14527210001578
7.14246058273107
7.13965072102808
7.13684251109212
7.13403594529378
7.13123103889187
7.12842778044228
7.12562618138913
7.12282622647359
7.12002793095448
7.1172312872024
7.11443629903204
7.11164296262872
7.10885128180712
7.10606126038195
7.10327289072381
7.10048617283269
7.09770111815272
7.09491771905447
7.09213597553795
7.08935588760316
7.08657745525009
7.08380068610817
7.08102557636268
7.07825211838421
7.07548032361689
7.07271018443129
7.06994171227153
7.06717489569351
7.06440973851191
7.06164624072675
7.05888440615273
7.05612423478985
7.0533657228234
7.05060887025338
7.0478536847092
7.04510015856146
7.04234829943957
7.0395980997141
7.03684956319977
7.03410269371129
7.03135748743394
7.02861394818244
7.02587206832737
7.02313185931285
7.02039331350946
7.01765643473192
7.01492121916551
7.01218767443965
7.00945579673964
7.00672558606546
7.00399703860243
7.00127016579465
6.9985449600127
6.9958214212566
6.99309955334105
6.99037935245134
6.98766082621688
6.98494396700827
6.9822287786402
6.97951526492738
6.9768034144257
6.97409323857927
6.9713847373881
6.96867791085217
6.96597275134209
6.96326926648725
6.96056745628767
6.95786732074334
6.95516885603956
6.95247206599103
6.94977695441245
6.94708351748913
6.94439175522106
6.94170166379353
6.93901325465067
6.93632652016305
6.93364146414539
6.93095807896828
6.92827637607583
6.92559635165333
6.92291800570079
6.92024133440351
6.91756634539088
6.91489303866291
6.91222140659019
6.90955145680214
6.90688318548403
6.90421659645059
6.90155168970181
6.89888846142299
6.89622691542882
6.89356705171932
6.89090887410918
6.888252374969
6.88559756192818
6.88294442735731
6.88029298270052
6.87764322032839
6.87499514405562
6.8723487424381
6.86970403836406
6.86706101657468
6.86441968088466
6.86178002747931
6.85914206398802
6.8565057865961
6.85387119530355
6.85123829392506
6.84860707864594
6.84597755709559
6.8433497178299
6.84072357229298
6.83809911285543
6.83547634714665
6.83285526753724
6.8302358816566
6.82761818187533
6.82500217963753
6.8223878634991
6.81977524490415
6.81716431622326
6.81455507745645
6.8119475324184
6.80934168492384
6.80673752734335
6.80413506349162
6.80153429718338
6.79893522460391
6.79633784575322
6.793742164446
6.79114817305285
6.78855588301788
6.78596529052639
6.78337639557838
6.78078919054444
6.77820369068339
6.77561988836581
6.77303778359171
6.77045737254639
6.76787866285924
6.76530165453028
6.76272634755951
6.7601527343175
6.75758082624838
6.75501061953745
6.7524421141847
6.74987531019013
6.74731020373904
6.74474680246083
6.74218511017022
6.73962511542308
6.73706681821942
6.73451023000336
6.73195534696018
6.72940216908988
6.72685069639248
6.72430092123855
6.72175285888692
6.71920649789347
6.71666184970231
6.71411889905464
6.71157766120926
6.70903812853677
6.70650030866657
6.70396419015455
6.70142978063013
6.698897083908
6.69636609235876
6.69383681361182
6.69130924003776
6.688783379266
6.68625923129653
6.68373679231465
6.68121606232037
6.67869704512838
6.67617974073869
6.67366414915129
6.67115027036619
6.66863810438339
6.66612765120288
6.66361891082466
6.66111188706345
6.65860657228983
6.65610297794791
6.65360109640829
6.65110093530037
6.64860248318005
6.64610574767672
6.6436107326051
6.64111743415048
6.63862585231286
6.63613598327754
6.63364784230333
6.63116141413141
6.6286767063912
6.62619371145328
6.62371244457648
6.62123289431668
6.61875506448859
6.61627895127749
6.6138045623128
6.61133189759453
6.60886095330795
6.60639172945308
6.60392422602992
6.60145844685317
6.59899439573752
6.59653206505359
6.59407145480136
6.59161257261024
6.58915541466553
6.58669998096723
6.58424627533004
6.58179428630986
6.57934403298019
6.57689550389694
6.5744487028748
6.57200362228436
6.56956027356974
6.56711865673094
6.56467876413855
6.56224059960727
6.55980416695181
6.55736946235747
6.55493648963894
6.55250524116682
6.55007572457052
6.54764794366474
6.54522189082008
6.54279756985123
6.54037497694349
6.53795411972628
6.53553499819959
6.53311760854872
6.53070194695897
6.52828802487444
6.52587583848043
6.52346538396224
6.52105666513457
6.51864967818272
6.5162444307361
6.5138409151653
6.51143913909972
6.50903909872466
6.50664079404013
6.50424422886083
6.50184940318675
6.49945631701789
6.49706496272486
6.49467535175176
6.49228748028388
6.48990134832123
6.48751695204911
6.48513429909691
6.48275338946465
6.48037422315232
6.47799679253051
6.47562110522863
6.47324716124668
6.47087496058466
6.46850450324258
6.46613578540572
6.4637688147035
6.46140358732121
6.45904010707356
6.45667836633113
6.45431837272334
6.45196012625018
6.44960362691166
6.44724887089307
6.44489586582382
6.4425446040745
6.44019509327453
6.43784732579448
6.43550130926377
6.4331570398677
6.43081452142097
6.42847375392358
6.42613473356083
6.42379746414742
6.42146194186864
6.41912817816861
6.41679615778851
6.41446588835776
6.41213737750575
6.40981061760308
6.40748560864975
6.40516235064576
6.40284085122053
6.40052110274463
6.39820310903277
6.39588686627026
6.3935723859012
6.39125965648148
6.38894868564051
6.38663946574888
6.384332004436
6.38202630170187
6.37972235754649
6.37742017196985
6.37511973734256
6.37282106510872
6.37052415526833
6.36822900019199
6.36593560750911
6.36364396959026
6.36135409406487
6.35906598474764
6.35677963019445
6.35449503803472
6.35221220826844
6.34993114089561
6.34765183591624
6.34537428951562
6.34309851313786
6.34082449915355
6.3385522513774
6.33628176218
6.33401303919076
6.33174608240967
6.32948089565145
6.32721747128668
6.32495580931537
6.32269591736691
6.32043779544132
6.31818143590919
6.31592684258521
6.3136740230988
6.31142297363525
6.30917369037986
6.30692617333263
6.30468043012296
6.30243645693615
6.30019425377221
6.29795382063113
6.29571515751292
6.29347826823227
6.29124314897448
6.28900980736897
6.28677823197161
6.28454843041182
6.2823204065043
6.28009415643435
6.27786967638726
6.27564697399244
6.27342604543519
6.2712068945302
6.2689895212775
6.26677391804765
6.26456009247007
6.26234804835947
6.26013777808644
6.25792928928038
6.25572257431189
6.25351764081038
6.25131448496114
6.24911311057887
6.24691351003417
6.24471569477115
6.24251966097511
6.24032540483133
6.23813293015454
6.23594223694471
6.23375332901657
6.23156620255541
6.22938085756122
6.227197294034
6.22501551578847
6.22283552282462
6.22065731514244
6.21848088892725
6.21630624799373
6.21413339234189
6.21196232578644
6.20979304451267
6.20762554470587
6.20545983781017
6.20329592001085
6.2011337836785
6.19897343644254
6.19681488211766
6.19465811307447
6.19250313694237
6.19034994609194
6.18819854815261
6.18604894312437
6.18390112719251
6.18175509654233
6.17961086643264
6.17746842541935
6.17532777731714
6.17318891831131
6.17105185603129
6.16891658666234
6.1667831140192
6.16465143047243
6.16252154365147
6.16039345355629
6.1582671563722
6.15614265972862
6.15401995599612
6.15189904898941
6.1497799387085
6.14766262896809
6.14554711595346
6.14343339966464
6.14132148391631
6.13921136489377
6.13710305022644
6.1349965322849
6.13289181106916
6.13078889802332
6.12868777788857
6.12658846592372
6.12449095068467
6.12239524361553
6.12030133327218
6.11820923109874
6.1161189294658
6.11403043218806
6.11194373926552
6.10985885069818
6.10777576648605
6.10569449044382
6.1036150187568
6.10153735523968
6.09946149226306
6.09738743745635
6.09531519463424
6.09324475616734
6.09117612968506
6.08910931137268
6.08704429360079
6.08498109162823
6.08291970164027
6.08086011982222
6.07880234617408
6.07674638451055
6.07469223483163
6.07263990095203
6.07058937142763
6.06854066151725
6.06649375977677
6.06444867383561
6.06240539606436
6.06036393790713
6.05832429554922
6.05628646517591
6.05425045441663
6.05221625182725
6.0501838688519
6.04815330549056
6.04612455411384
6.04409761853643
6.04207250638774
6.04004921003837
6.03802773330303
6.0360080761817
6.03399023485968
6.0319742169664
6.02996001487243
6.02794763620718
6.02593707715595
6.02392833771875
6.02192142552497
6.01991633294521
6.01791306379418
6.01591161044246
6.01391198814888
6.01191418928402
6.00991821003318
6.00792405421107
6.00593172944709
6.00394122811183
6.0019525502053
5.99996569572749
5.99798067612253
5.99599747994628
5.99401610719877
5.99203656169468
5.99005885106342
5.9880829676756
5.9861089077165
5.98413668263024
5.98216628097271
5.98019771418801
5.97823097846145
5.97626607379302
5.97430299636802
5.97234175381586
5.97038234232183
5.96842476570064
5.96646902013758
5.96451510563265
5.96256302600057
5.96061278505602
5.95866437516962
5.95671779634134
5.9547730562006
5.95283015474741
5.95088908816706
5.94894985264484
5.94701245962487
5.94507690529244
5.94314318583284
5.94121130506079
5.93928125916158
5.93735305957932
5.9354266948699
5.93350217266272
5.93157948532838
5.929658644311
5.92773964198116
5.92582248215356
5.9239071610135
5.9219936861904
5.92008205386954
5.91817226405093
5.91626431673457
5.91435820810575
5.91245395342329
5.91055153742837
5.90865097156511
5.90675224438939
5.90485536734533
5.90296033661822
5.90106715220806
5.89917581792955
5.89728632233859
5.89539868069399
5.89351288918104
5.89162894398505
5.889746845106
5.88786660017332
5.88598820537229
5.88411166070292
5.88223696616521
5.88036412175915
5.87849313129945
5.8766239909714
5.87475670840442
5.87289126833969
5.87102768985073
5.86916596149342
5.86730609089718
5.86544807043259
5.86359190391436
5.8617375989719
5.85988514797581
5.85803454711137
5.8561858116374
5.85433893010979
5.85249390252854
5.85065073652306
5.84880942446394
5.8469699739806
5.84513238507301
5.8432966539265
5.84146278435575
5.83963076873137
5.83780061849746
5.83597232983931
5.83414590275694
5.83232133343563
5.8304986333195
5.82867779096443
5.82685881781454
5.82504169861101
5.82322644861266
5.82141306400479
5.81960154478738
5.81779188714575
5.81598409870929
5.81417817947801
5.8123741218225
5.81057192955747
5.80877160649761
5.80697315264293
5.80517656799343
5.80338185254911
5.80158900249526
5.79979802164659
5.7980089138178
5.79622167519419
5.79443630959046
5.7926528093772
5.79087118218383
5.78909143182504
5.78731355067143
5.78553754253771
5.78376340360916
5.78199114532991
5.78022076007053
5.77845224401634
5.77668560479673
5.77492084622641
5.77315795686127
5.77139694814542
5.76963781244946
5.76788055740278
5.7661251791907
5.7643716778132
5.76262004945558
5.76087030937666
5.75912244231763
5.75737645590788
5.75563235014743
5.75389012503627
5.7521497805744
5.75041131676182
5.74867473741324
5.74694003489924
5.74520721684924
5.74347628326324
5.74174723414123
5.74002006566851
5.73829478165979
5.73657138211507
5.73484987084904
5.73313024404701
5.73141249789428
5.72969664383494
5.72798267423961
5.72627059673767
5.72456039607033
5.72285209131109
5.72114567483055
5.71944114662872
5.71773850289088
5.71603775506115
5.71433889551012
5.71264192805249
5.71094684505886
5.70925365797334
5.70756236679592
5.70587296389721
5.70418545690661
5.70249983438
5.70081611157621
5.69913428086582
5.69745434987825
5.69577630335467
5.6941001603686
5.69242590947595
5.69075355830611
5.68908310304437
5.68741453987604
5.68574787643053
5.68408311652253
5.68242024870794
5.68075927680145
5.67910020843249
5.67744303978633
5.67578777086299
5.67413440547717
5.67248293218476
5.67083336624457
5.66918570384189
5.66753994116203
5.66589607820498
5.66425411878545
5.66261406671814
5.66097591818835
5.65933966556667
5.65770532792662
5.65607289000939
5.65444235944437
5.65281373623158
5.65118701655631
5.64956220423326
5.64793930307714
5.64631830545853
5.64469921137744
5.64308203227799
5.64146676434546
5.63985340376515
5.63824195053707
5.63663240847591
5.63502477758168
5.63341905785438
5.631815249294
5.63021335190055
5.62861336948873
5.62701529824384
5.62541914579529
5.62382489688425
5.62223256676955
5.62064215545118
5.61905365529974
5.61746707394464
5.61588239994176
5.61429964854992
5.61271881595441
5.61113989834054
5.6095628957083
5.60798781187239
5.60641465064753
5.60484340440429
5.60327407695739
5.60170667212153
5.60014118989672
5.59857762646823
5.59701597802138
5.59545625981498
5.59389846040492
5.59234258360589
5.5907886294179
5.58923659784096
5.58768648887505
5.5861383101496
5.58459205022048
5.5830477167171
5.58150530582477
5.57996482517288
5.57842627094674
5.57688964314634
5.57535494177169
5.57382216682278
5.57229132211433
5.57076240764632
5.56923541960405
5.56771036180224
5.56618723042617
5.56466603691995
5.56314676602478
5.56162943299947
5.5601140263999
5.55860055767019
5.55708901918092
5.55557941093211
5.55407173673845
5.55256600041465
5.5510621943313
5.5495603223031
5.54806038814476
5.54656239185628
5.54506632962295
5.54357220525948
5.54208001113645
5.5405897625127
5.5391014479441
5.53761507506006
5.53613063241647
5.53464813527215
5.53316757981238
5.53168896222248
5.53021228631714
5.52873754828166
5.52726475193074
5.52579390107909
5.524324991912
5.52285802061477
5.5213929948168
5.5199299145181
5.51846877971867
5.5170095827891
5.5155523351735
5.51409703687187
5.5126436802548
5.511192269137
5.50974280733317
5.5082952910286
5.50684972403801
5.50540610636139
5.50396443036933
5.50252470750595
5.50108693777125
5.49965111353581
5.49821723861434
5.49678531682155
5.49535534815743
5.49392733262199
5.49250126258582
5.49107714567832
5.48965498952891
5.48823477887876
5.4868165289867
5.4854002245939
5.4839858809592
5.48257349426787
5.48116306070521
5.47975458027123
5.47834806059534
5.47694349786283
5.4755408920737
5.47414024704265
5.47274155514028
5.47134482399599
5.46995005360979
5.46855724398167
5.46716639129693
5.46577749937028
5.46439057201641
5.46300560542063
5.46162259576823
5.46024155450333
5.45886247399651
5.45748535806248
5.45611020670123
5.45473701609808
5.45336579388241
5.45199653623954
5.45062924316945
5.44926391848686
5.44790055456235
5.44653916284004
5.44517973950523
5.4438222807432
5.44246679036867
5.44111327219633
5.43976171859679
5.43841214101414
5.43706452800429
5.43571888719663
5.43437521859117
5.43303352218791
5.43169379417215
5.43035604217328
5.42902026237662
5.42768645859685
5.42635462701929
5.42502476764392
5.42369688428545
5.42237097694389
5.42104704561923
5.41972508268206
5.41840510720591
5.41708710774666
5.41577108048961
5.41445703687887
5.41314496165563
5.4118348738934
5.41052676596278
5.40922063786376
5.40791648196694
5.40661431353114
5.40531412874165
5.40401592378377
5.40271969484279
5.40142545717753
5.40013319552917
5.39884292515653
5.3975546346155
5.39626832390607
5.39498400065767
5.39370166868498
5.3924213165439
5.39114295186383
5.38986657464478
5.38859218870145
5.38731978258973
5.38604936775373
5.38478094037874
5.38351450809418
5.38225005945593
5.38098759827869
5.37972713219188
5.37846865738079
5.37721217766013
5.37595768540048
5.37470518060185
5.37345467470834
5.37220616009056
5.3709596405632
5.36971511612627
5.36847258296505
5.36723204489426
5.3659935057286
5.36475696165337
5.36352240885385
5.36228985877417
5.36105930759962
5.35983075151549
5.35860419052179
5.35737963606262
5.35615707669388
5.35493651623027
5.35371795467179
5.35250139201843
5.35128683971432
5.35007428250064
5.34886373182149
5.34765517623277
5.34644862717858
5.34524408465894
5.34404154485912
5.34284100396444
5.341642473419
5.34044594940809
5.33925142811702
5.33805891717519
5.3368684051385
5.33567990726574
5.33449341592753
5.33330893112386
5.33212645666942
5.33094598874953
5.32976753117887
5.32859108777217
5.32741665471471
5.32624422437708
5.3250738120181
5.32390541000836
5.32273902216257
5.32157464466603
5.32041228133343
5.31925193597948
5.31809360097478
5.31693728013402
5.31578297345721
5.31463068475905
5.31348041403954
5.31233215748397
5.31118591890706
5.3100416983088
5.3088994956892
5.30775931104824
5.30662114438594
5.30548499951699
5.30435087644139
5.30321877134445
5.30208868422616
5.30096062271593
5.29983458299905
5.29871056507554
5.29758857276008
5.29646859842327
5.29535064969452
5.29423472657384
5.29312082906121
5.29200894952723
5.29089910323073
5.28979128254228
5.2886854874619
5.28758171798957
5.28647997794001
5.28538026349851
5.28428258229448
5.28318692669851
5.2820933005253
5.28100170758957
5.2799121440766
5.27882460617168
5.27773910150424
5.27665563388897
5.27557419569647
5.27449479074143
5.27341741902387
5.27234208054377
5.27126877911585
5.2701975147401
5.26912827978711
5.2680610818863
5.26699592103766
5.2659327972412
5.26487171049691
5.26381266080479
5.26275564816485
5.26170067639178
5.26064774548559
5.25959685163158
5.25854799482974
5.25750118270948
5.2564564114561
5.25541368488431
5.25437299154998
5.25333435052664
5.25229774655548
5.2512631872659
5.2502306726579
5.24920019891678
5.24817177367195
5.2471453969234
5.24612106485644
5.24509877365635
5.24407853476726
5.24306034055974
5.24204419484852
5.24103009381888
5.24001804891493
5.23900804869257
5.2380001045959
5.23699420518081
5.23599035426201
5.23498855946891
5.2339888131721
5.23299112300097
5.23199548132614
5.231001895777
5.23001036253886
5.22902088542641
5.22803346062495
5.22704808813448
5.22606477939912
5.22508351916004
5.22410432267607
5.22312717468839
5.22215209045581
5.22117906234892
5.22020809799715
5.21923918595636
5.21827233767067
5.21730754932539
5.21634481710581
5.21538414864132
5.21442554011724
5.21346899916297
5.2125145181491
5.21156209707562
5.21061173975726
5.2096634500087
5.20871722401524
5.2077730617769
5.20683096329365
5.20589093238022
5.2049529728513
5.20401707707748
5.20308324887347
5.20215148442457
5.20122179136018
5.2002941696803
5.19936861557024
5.19844512521528
5.19752371387424
5.19660437391771
5.19568710153099
5.19477190052879
5.1938587709111
5.19294772030733
5.19203873727338
5.19113182943864
5.19022699680312
5.18932423936681
5.18842355712973
5.18752495390656
5.18662841825321
5.18573396542848
5.18484159161768
5.18395129300609
5.18306307340843
5.18217693282469
5.18129287506957
5.18041089251368
5.17953099278641
5.17865316825836
5.17777743037364
5.17690377531754
5.17603220309008
5.17516270987653
5.17429529949162
5.17342997575003
5.17256673865178
5.17170558438215
5.17084651294115
5.16998952814348
5.16913462998914
5.16828182229284
5.16743109742517
5.16658246301553
5.16573591524922
5.16489146175565
5.16404908727601
5.16320881088381
5.16237062113494
5.16153452565881
5.16070052064072
5.15986860608067
5.15903878579335
5.15821105596407
5.15738542040753
5.15656187530902
5.15574043211267
5.15492107937435
5.15410382472347
5.15328866053064
5.15247559823995
5.151664630222
5.1508557641062
5.15004899226314
5.14924431469282
5.14844174283935
5.14764126907333
5.14684289720946
5.14604662343303
5.14525244774405
5.14446037395721
5.14367040588723
5.1428825397194
5.14209677163902
5.14131311309019
5.14053155644351
5.13975210551368
5.13897475648601
5.13819951698989
5.13742638321063
5.13665535514821
5.13588642898795
5.13511961617395
5.13435491289151
5.13359231532592
5.13283182729189
5.13207344878942
5.13131717981851
5.13056302419386
5.12981097810077
5.12906104153923
5.12831321832396
5.12756750845495
5.12682391574691
5.12608243257042
5.1253430627402
5.12460581007094
5.12387067456266
5.12313765240063
5.12240674358487
5.12167795193007
5.12095128125094
5.12022672773279
5.11950429137559
5.11878397599407
5.11806577777352
5.11734970052864
5.11663574425943
5.11592390515119
5.11521419083332
5.11450660130583
5.11380113275401
5.11309778136315
5.11239655476268
5.11169746058198
5.11100048356226
5.11030563133291
5.10961290770864
5.10892231268945
5.10823383864593
5.1075474970222
5.10686327637414
5.10618118814586
5.10550122852266
5.10482340131925
5.10414769509151
5.10347412509826
5.10280268752479
5.1021333785564
5.1014662020078
5.10080115406428
5.10013824235525
5.09947746688071
5.09881882001124
5.09816230937627
5.09750793497578
5.09685569680979
5.09620559487828
5.09555762155186
5.09491179590403
5.09426810267599
5.09362654949715
5.09298713255279
5.09234985565763
5.09171471881166
5.09108172201489
5.0904508652673
5.08982214856892
5.08919557573443
5.08857114294913
5.08794885784244
5.08732870897023
5.08671070777663
5.08609485044692
5.08548114079582
5.08486957500862
5.08426014927061
5.08365287502591
5.08304774845981
5.08244476957231
5.08184393836341
5.08124525483312
5.08064871898143
5.08005433462305
5.07946210175797
5.07887201657149
5.07828408287833
5.07769830067847
5.07711467760132
5.07653319457337
5.07595387448284
5.07537670588562
5.07480169259641
5.0742288308005
5.07365812431261
5.07308957694743
5.07252318870497
5.07195894814111
5.07139687432937
5.07083695582565
5.07027919262994
5.06972359237164
5.06917014742136
5.06861886922321
5.06806975014777
5.06752279019504
5.06697799317974
5.06643535528715
5.06589488033198
5.06535657212894
5.06482042686332
5.06428644453512
5.06375462895904
5.06322497632038
5.06269749424855
5.06217217129944
5.06164902273186
5.06112804091641
5.06060922585308
5.06009258135658
5.0595780997975
5.05906579261995
5.05855565982394
5.05804769378005
5.05754189448829
5.05703827339276
5.05653682286407
5.0560375467169
5.05554043732187
5.05504550993777
5.05455275693521
5.05406217449948
5.05357377025998
5.05308754040202
5.0526034887403
5.05212161908952
5.05164192000557
5.05116440293256
5.05068906024108
5.05021590337526
5.04974492470567
5.04927612804702
5.04880950576991
5.04834506931844
5.04788281487791
5.04742274626304
5.04696485202969
5.04650915125141
5.04605563248406
5.04560429572766
5.0451551409822
5.04470817969179
5.04426340041233
5.04382081077322
5.04338041077446
5.04294219278664
5.04250616825388
5.04207232954677
5.04164068429471
5.0412112248683
5.04078395508224
5.04035888256594
5.0399360035047
5.0395153064544
5.03909681048856
5.03868050797778
5.03826639892205
5.03785448332139
5.03744476117577
5.03703723629992
5.03663190869383
5.0362287783575
5.03582784147622
5.03542910567941
5.03503256715236
5.03463822970977
5.03424609335165
5.03385615044858
5.03346841244468
5.03308287933996
5.03269954350499
5.03231840493978
5.03193947508845
5.03156275013628
5.03118823008329
5.03081590730006
5.03044579323069
5.03007788787521
5.02971218360418
5.02934868804703
5.02898740120376
5.02862832307436
5.02827144984412
5.02791678914247
5.02756432952528
5.02721408625137
5.02686605932075
5.02652023728929
5.02617662397171
5.02583522699741
5.02549604255169
5.02515907063454
5.02482431124598
5.02449176820069
5.02416143768399
5.02383332732527
5.02350742949513
5.02318374800827
5.0228622828647
5.02254303787911
5.02222601305151
5.02191120456719
5.02159861242616
5.02128824425781
5.02098009624745
5.02067417220979
5.0203704607007
5.02006897697901
5.01976971723001
5.0194726814537
5.01917786583537
5.01888527800445
5.01859491414621
5.01830677426067
5.01802085834782
5.01773717403706
5.017455713699
5.01717648496304
5.01689948401448
5.0166247070386
5.01635216166483
5.01608184789316
5.01581376572358
5.01554791134141
5.01528428856133
5.01502290119806
5.01476374543689
5.01450682509252
5.01425213253555
5.01399967921009
5.01374946130143
5.01350147880958
5.01325572791983
5.01301222007629
5.01277094764956
5.01253191063963
5.01229510904651
5.0120605543143
5.0118282349989
5.01159815872971
5.01137032169203
5.01114472007116
5.01092136912591
5.01070025741217
5.01048138874464
5.01026475930862
5.01005037673352
5.00983824101933
5.00962835216607
5.00942070635902
5.00921530359818
5.00901215151296
5.00881124628867
5.00861258792529
5.00841617642283
5.00822201941069
5.00803010925948
5.00784045359859
5.00765304479862
5.00746788285956
5.00728497922554
5.00710433008185
5.00692592779907
5.00674978382133
5.0065758905192
5.00640425552211
5.00623487501535
5.00606774899891
5.00590288128751
5.00574027188113
5.00557991696508
5.00542182035407
5.00526598204808
5.00511240586184
5.00496109179532
5.00481203603384
5.00466523857739
5.00452070324068
5.0043784338384
5.00423843037057
5.00410068139306
5.0039652021647
5.00383198505607
5.00370103388189
5.00357235245685
5.00344592933684
5.00332177978068
5.00319989615896
5.00308028228638
5.00296293053354
5.00284785234455
5.00273504390471
5.00262450902871
5.00251623627245
5.00241024089474
5.00230651908088
5.00220507083087
5.00210589233001
5.00200898357829
5.00191435983453
5.00182200583992
5.00173192540916
5.00164411854225
5.0015585966833
5.00147534838819
5.00139437747165
5.00131568393365
5.00123926777421
5.00116513662273
5.00109328666451
5.00102371408484
5.00095641888373
5.00089141250528
5.00082868350539
5.00076823951346
5.00071008052949
5.00065420655349
5.00060061377074
5.00054930981066
5.00050029085855
5.00045355691439
5.0004091117929
5.00036695549408
5.00032708801793
5.00028950554974
5.00025421190421
5.00022121471076
5.00019050633998
5.00016208297716
5.00013595988112
5.00011212560775
5.00009058397175
5.00007133878783
5.00005438242657
5.00003972633209
5.00002736287498
5.00001729586995
5.000009525317
5.00000405503082
5.00000087738202
5
5.00000141907005
5.00000514222159
5.00001116563991
5.00001948932501
5.00003011327689
5.00004303368084
5.00005826579569
5.00007579817732
5.00009563082573
5.00011777137033
5.00014221599641
5.00016896470398
5.00019802130774
5.00022938199298
5.00026305057441
5.00029902705203
5.00033731142584
5.00037791132525
5.00042081149144
5.00046602336852
5.0005135507712
5.00056338607006
5.00061553307983
5.00066999561519
5.00072676986144
5.00078585963329
5.00084725730133
5.00091097812438
5.00097701065832
5.00104535871786
5.00111602611771
5.00118900522844
5.00126430749419
5.00134192910023
5.00142186623188
5.00150412651853
5.00158870233077
5.00167560129803
5.00176482342029
5.00185636869756
5.00195023331514
5.00204642108771
5.00214493583001
5.0022457737273
5.00234893477961
5.00245442280162
5.00256223779335
5.00267238356949
5.00278485250064
5.0028996445868
5.00301677127208
5.00313622874177
5.00325801699588
5.003382128405
5.00350857441323
5.00363735502059
5.00376847022707
5.00390190858855
5.00403768536386
5.00417580055299
5.00431624652654
5.00445902709921
5.0046041460857
5.00475159967132
5.00490139548546
5.00505352208402
5.00520798709641
5.00536479815203
5.00552394380676
5.00568543169003
5.00584925798712
5.00601542651275
5.0061839372669
5.00635479024958
5.00652798927549
5.00670352671523
5.0068814140129
5.00706164353911
5.00724421910855
5.00742914072122
5.00761641219183
5.00780602970568
5.00799799326276
5.00819230286307
5.00838896613602
5.00858798308162
5.00878934607045
5.00899306273192
5.00919912543663
5.00940754562868
5.00961831949338
5.00983144321601
5.01004692061129
5.01026475549391
5.01048494786388
5.0107074939065
5.01093239743646
5.01115965463906
5.01138927314371
5.01162125295042
5.01185558642977
5.01209228121117
5.01233133729462
5.01257275468012
5.01281653718238
5.01306267717198
5.01331117846364
5.01356204487205
5.01381527639722
5.01407087685385
5.01432883098312
5.01458916167326
5.01485185366545
5.01511691840381
5.01538434062951
5.01565413941609
5.01592630713412
5.01620084378361
5.01647774936457
5.01675702387698
5.01703867495026
5.01732269876971
5.01760909152062
5.01789785701769
5.01818899907563
5.01848251387974
5.01877840524472
5.01907666935586
5.01937731384257
5.01968033489016
5.01998573249861
5.02029351048264
5.02060366121283
5.020916199948
5.02123111524404
5.02154841091566
5.02186808696285
5.02219014720032
5.02251458781336
5.02284141643139
5.02317062542498
5.02350221479416
5.02383619598301
5.02417256136215
5.02451131474627
5.02485245232067
5.02519598171475
5.02554189911382
5.02589020070316
5.0262408941122
5.02659397552621
5.02694945257462
5.02730732144271
5.02766757450108
5.02803022700855
5.02839527515041
5.02876271129725
5.02913254689318
5.0295047704941
5.02987939735882
5.03025641985793
5.03063583799144
5.03101765557403
5.03140186879102
5.03178848145711
5.0321775012017
5.03256891276598
5.03296272377935
5.03335894187123
5.0337575594122
5.03415858403168
5.03456200810026
5.03496783543263
5.03537606984351
5.03578671133289
5.03619975608608
5.03661520791777
5.03703306682796
5.03745333663136
5.03787601351327
5.03830109747369
5.03872859232731
5.03915849807414
5.03959081852888
5.04002554224743
5.04046268448859
5.04090224143767
5.04134420927996
5.04178859183016
5.04223538908827
5.0426846010543
5.04313623154294
5.0435902767395
5.04404674045868
5.04450562270047
5.04496692346488
5.04543064275192
5.04589678437627
5.04636534452324
5.04683632700753
5.04730973182915
5.0477855628028
5.04826380848435
5.04874448794735
5.04922758211825
5.0497131100706
5.05020105654556
5.05069143680195
5.05118423939567
5.05167947195612
5.0521771306686
5.05267722316252
5.05317974180846
5.05368469423583
5.05419207281524
5.05470188136137
5.05521412750365
5.05572880742736
5.0562459211325
5.05676546480438
5.0572874460724
5.05781186493656
5.05833871758215
5.05886800782389
5.05939973184706
5.05993389728108
5.06047050412594
5.06100954856694
5.06155103060408
5.06209495786677
5.0626413227256
5.06319013280998
5.0637413804905
5.06429507721127
5.06485121534289
5.06540979870006
5.06597082728278
5.06653430109104
5.06710022393956
5.06766859201363
5.06823940912796
5.06881267528253
5.06938838666266
5.06996655471245
5.07054717180249
5.07113023411808
5.07171575310333
5.07230372494354
5.07289414963871
5.07348703100355
5.07408236140863
5.07468014848338
5.07528039222779
5.07588309645657
5.07648825354031
5.077095863479
5.07770594153147
5.0783184724389
5.0789334676454
5.07955091570686
5.08017083188209
5.08079320854169
5.08141804950036
5.0820453509434
5.08267511668551
5.08330734672669
5.08394204106695
5.08457919970627
5.08521882645937
5.08586092132625
5.0865054843069
5.08715251540133
5.08780201460953
5.08845398193151
5.08910842499668
5.08976533617562
5.09042471546833
5.09108657431894
5.09175090128332
5.09241770399089
5.09308698244164
5.09375872900617
5.09443295512858
5.09510966080889
5.09578884223238
5.09647049558435
5.09715463612362
5.09784124859136
5.09853034824641
5.09922191982994
5.09991597860076
5.10061251692948
5.10131153863079
5.10201304370469
5.10271702833648
5.10342350015557
5.10413245916196
5.10484390535564
5.10555783110722
5.10627424786079
5.10699315180167
5.10771454674455
5.10843842506002
5.1091647981922
5.10989366232638
5.11062501746256
5.11135885978604
5.11209519692623
5.11283402888313
5.11357535565673
5.11431917724704
5.11506548602465
5.11581429724837
5.11656560710351
5.11731941177535
5.1180757112639
5.11883451319856
5.11959580994993
5.12035961296213
5.12112591460573
5.12189471106604
5.12266601760188
5.12343982276912
5.12421613419719
5.12499494425667
5.12577626439167
5.12656008697279
5.12734641581473
5.12813525473219
5.12892659609577
5.12972044753488
5.13051680904951
5.13131568063966
5.13211705849064
5.13292095023184
5.13372735204857
5.13453626775553
5.13534769353801
5.13616163321072
5.13697809058837
5.13779706185624
5.13861855082905
5.13944254987739
5.14026907044536
5.14109810490356
5.1419296608814
5.14276373456417
5.14360032595188
5.14443944267392
5.14528107710091
5.14612523686223
5.14697191051379
5.14782111331439
5.14867284526403
5.14952709491862
5.15038386609284
5.15124317023081
5.15210499970312
5.15296935832448
5.15383623846548
5.15470565157023
5.15557759382403
5.15645206522687
5.15732906577876
5.15820859929441
5.1590906657738
5.15997526903165
5.16086240143855
5.1617520668092
5.1626442689583
5.16353900788586
5.16443627977717
5.16533608844694
5.16623843770987
5.16714332375125
5.1680507503858
5.1689607137988
5.16987321780496
5.17078826621898
5.17170585522617
5.17262598864122
5.17354865883472
5.1744738810655
5.17540164388944
5.17633195112125
5.17726480657562
5.17820020643786
5.17913815452267
5.18007865083004
5.1810216991747
5.18196729192721
5.182915436717
5.18386613354406
5.1848193824084
5.18577517949531
5.18673353243419
5.18769444122505
5.18865790205319
5.1896239149186
5.1905924912654
5.19156361964946
5.19253730770022
5.19351355160295
5.19449235135766
5.19547371459375
5.19645763749653
5.19744412006599
5.19843316611684
5.19942476801967
5.20041893721858
5.20141567371359
5.20241496987529
5.20341682951836
5.20442126027224
5.2054282545075
5.20643781603885
5.20744994105159
5.20846464098983
5.20948190822416
5.21050174656929
5.21152415602521
5.21254913277723
5.21357668445475
5.21460680724306
5.21563950877157
5.21667477759618
5.21771262516099
5.2187530476513
5.21979604506712
5.22084162122313
5.22188977230465
5.22294050594108
5.22399381831771
5.22504971324925
5.22610817929159
5.22716923170354
5.2282328704851
5.22929908800687
5.23036788808355
5.23143927452984
5.23251324734575
5.23358980271656
5.23466894445699
5.23575067256703
5.2368349946761
5.23792189934007
5.23901139418837
5.24010347922098
5.2411981544379
5.24229542365385
5.24339528305412
5.24449773263871
5.24560278003703
5.24671042143436
5.24782065683072
5.2489334824114
5.25004891343521
5.25116693845805
5.25228756129461
5.2534107819449
5.25453660040892
5.25566502050136
5.25679604603695
5.25792966938626
5.2590658905493
5.26020472097018
5.26134615301949
5.26249018669723
5.26363682963281
5.26478607419682
5.26593792801868
5.26709239109837
5.2682494596212
5.26940913740187
5.27057142444038
5.27173632073673
5.27290383010563
5.27407394873236
5.27524668043164
5.27642202901817
5.27759998686254
5.27878056159416
5.27996374939833
5.28114955408974
5.2823379756684
5.28352901794902
5.28472267330218
5.2859189493573
5.28711784611436
5.28831936738809
5.28952350173436
5.290730264412
5.29193964779158
5.29315165187313
5.29436628428603
5.29558353740089
5.29680341884711
5.29802592480999
5.29925106291893
5.30047881791512
5.30170920887209
5.30294223197512
5.30417787959481
5.30541616317528
5.3066570712724
5.30790061533029
5.30914679153425
5.31039560369898
5.31164704800978
5.31290112828135
5.31415784451369
5.3154172005215
5.31667918867539
5.31794381660474
5.31921108430958
5.32048099178989
5.32175354286038
5.32302872607694
5.32430655669838
5.32558703091001
5.32687014871181
5.32815590247439
5.32944431127126
5.33073536365831
5.33202905963553
5.33332539920294
5.33462439380465
5.33592603581124
5.33723032522271
5.33853726585377
5.33984685007501
5.34115909314526
5.34247399124979
5.34379153675921
5.34511174111763
5.34643459288093
5.34776010730793
5.34908827295453
5.35041909745012
5.3517525731653
5.35308871535889
5.35442751258677
5.35576897247836
5.35711308740424
5.35845986880852
5.35980931287651
5.3611614196082
5.36251618137418
5.36387361724798
5.36523371578549
5.3665964808014
5.36796191229571
5.36933000645373
5.37070077090486
5.37207420564911
5.37345031068646
5.37482908220222
5.3762105278258
5.37759464755719
5.37898143758169
5.38037090171401
5.38176303613944
5.3831578484874
5.38455533494316
5.38595549932145
5.38735833780755
5.38876385803088
5.39017205617673
5.39158293605981
5.3929964900507
5.39441272959351
5.39583165087356
5.39725325389083
5.39867754246002
5.40010450513704
5.40153416099539
5.40296650240567
5.40440153318258
5.40583924188202
5.40727964376279
5.4087227350102
5.41016851562424
5.41161698179021
5.41306814113752
5.41452199366616
5.41597853937615
5.41743777826747
5.41889970271072
5.42036433177942
5.42183165402947
5.42330167327555
5.42477438570297
5.42624979894114
5.42772790917535
5.42920872022031
5.43069223207601
5.43217844092776
5.43366735440496
5.43515897250761
5.43665329142101
5.43815031114515
5.43965003930946
5.44115247209921
5.44265761332912
5.44416545536977
5.44567601347999
5.44718927621566
5.44870524739149
5.45022393082218
5.45174531887832
5.45326942681873
5.45479624319929
5.45632577564942
5.4578580165397
5.45939297731426
5.46093065415838
5.46247104707206
5.4640141484259
5.46555997729342
5.4671085222305
5.46865978705185
5.47021377557218
5.47177047634736
5.47332990463623
5.47489205662407
5.47645693231088
5.47802452788196
5.47959485096672
5.48116790156515
5.48274367586256
5.48432217767365
5.48590340699842
5.48748736765157
5.4890740558184
5.49066347531361
5.49225562232249
5.49385050828917
5.49544812176953
5.49704847039298
5.49865155415951
5.50025737306913
5.50186592330713
5.50347721631763
5.50509124447121
5.50670801158259
5.50832751765175
5.50994976267871
5.51157475047817
5.51320247723541
5.51483294676516
5.51646615906739
5.51810211795683
5.51974081961877
5.5213822678679
5.52302645888953
5.52467340031307
5.5263230883238
5.52797552292174
5.52963071173628
5.53128864713803
5.53294933294168
5.53461276914724
5.53627896338411
5.53794790802288
5.53961960687826
5.54129405995025
5.54297127105356
5.54465123637348
5.5463339597247
5.54801944110725
5.5497076805211
5.55139868178098
5.55309244107216
5.55478896602408
5.5564882451926
5.55819029383654
5.55989510814121
5.5616026842919
5.56331302228861
5.56502612976074
5.56674200289359
5.56846064550188
5.57018205758559
5.57190623533002
5.57363318254988
5.57536290687457
5.57709539685999
5.57883066395024
5.58056870051592
5.58230951418644
5.58405310114709
5.58579946521257
5.58754860256819
5.58930052084334
5.59105521622333
5.59281268870816
5.59457294211253
5.59633597643644
5.59810179549459
5.59987039547228
5.60164177636952
5.60341593818629
5.60519289236672
5.60697262746669
5.6087551473009
5.61054045568406
5.61232855643088
5.61411944191194
5.61591311594195
5.61770957852091
5.61950883727823
5.6213108883992
5.62311573188382
5.6249233677321
5.62673379594403
5.62854701651962
5.63036304090297
5.63218186146468
5.63400347439005
5.63582788730847
5.63765510403467
5.63948511693922
5.64131793365154
5.64315354654222
5.64499196324066
5.64683319137628
5.64867721950496
5.65052404762671
5.65237368718563
5.65422613055232
5.65608138535618
5.65793944015311
5.65980031020192
5.66166399550261
5.66353048461106
5.66539978515669
5.6672719009542
5.66914682818889
5.67102457067546
5.67290512841391
5.67478850140424
5.67667468964644
5.67856369695524
5.68045552714532
5.68235016877258
5.68424762946642
5.68614792067096
5.68805102712738
5.6899569564651
5.69186570486939
5.69377728378439
5.69569168558067
5.69760891407295
5.69952896544651
5.70145184733078
5.70337755591103
5.7053060988167
5.70723746460365
5.70917166090129
5.71110869152434
5.7130485564728
5.71499125574665
5.7169367817165
5.71888514582646
5.72083634807652
5.72279038465199
5.72474725936756
5.72670697222324
5.72866952703373
5.73063491998433
5.73260315107504
5.73457422793526
5.73654814293559
5.73852490752014
5.7405045102448
5.74248695492426
5.74447225300266
5.74646039685056
5.74845138646799
5.75044522185493
5.75244190682609
5.75444144519617
5.75644383696518
5.75844907450371
5.76045716544116
5.76246810977754
5.76448191132754
5.76649856627647
5.76851807462433
5.77054044018581
5.77256567059033
5.77459375439378
5.77662469159615
5.77865849364156
5.78069516053001
5.78273468844679
5.78477707739191
5.78682232736536
5.78887044218184
5.79092142565607
5.79297527397334
5.79503198713365
5.7970915689517
5.79915402324219
5.80121934619043
5.80328753398171
5.80535859806013
5.80743253079631
5.80950933981963
5.8115890213154
5.81367157146891
5.81575700553898
5.8178453158962
5.81993649872588
5.82203056547211
5.82412750087608
5.82622732782602
5.82833002724841
5.83043561440207
5.83254407402817
5.83465542520024
5.83676966028887
5.83888677929406
5.84100678221581
5.84312967286883
5.84525545125311
5.84738412118336
5.84951567121547
5.85165012042296
5.85378745736171
5.85592768584643
5.85807080969182
5.86021682126848
5.86236573202051
5.86451753431852
5.86667223960661
5.86882983262596
5.87099032863539
5.87315372763491
5.8753200219951
5.87748921553067
5.87966130824162
5.88183630775735
5.88401421026317
5.88619501575907
5.88837872424505
5.89056533953582
5.89275486544608
5.89494729434643
5.89714263005156
5.89934087637618
5.901542037135
5.90374610469861
5.90595308669641
5.90816297549899
5.91037578255048
5.91259150403617
5.91481014377075
5.91703169412483
5.91925616272781
5.92148354957968
5.92371385468046
5.92594708184484
5.92818322725813
5.93042229473501
5.93266428809021
5.93490919969431
5.93715703717671
5.93940780053743
5.94166148977645
5.94391810489379
5.94617764207473
5.94844011657809
5.95070551695976
5.95297384703444
5.95524511061685
5.95751930389226
5.9597964306754
5.96207649096625
5.96435948476482
5.96664541588582
5.96893428432923
5.97122609009507
5.97352083318333
5.97581850977931
5.97811913514183
5.98042269782677
5.98272920164883
5.98503865042273
5.98735104033375
5.98966637519661
5.99198465501129
5.99430588359252
5.99663005712557
5.99895717561046
6.00128725049129
6.00362027032395
6.00595623892315
6.00829516391829
6.01063703767997
6.01298186783759
6.01532965057645
6.01768038589656
6.02003408142731
6.02239073335401
6.02475034549136
6.02711291020995
6.02947843513918
6.03184692409377
6.03421837325901
6.03659278644961
6.03897015985085
6.04135050109215
6.0437338025441
6.04612007565082
6.04850930896818
6.05090151394031
6.05329668675249
6.05569483121943
6.05809593971173
6.0605000274882
6.06290708310473
6.06531711419073
6.06773011693149
6.07014609514172
6.07256504882141
6.07498698178527
6.07741189403331
6.07983977793611
6.08227064493778
6.08470449503833
6.08714132442305
6.08958113690665
6.09202392867442
6.09446970735577
6.0969184729507
6.09937022164451
6.10182495725189
6.10428267977286
6.10674339302211
6.10920709318495
6.11167378407606
6.11414346951017
6.11661614567256
6.11909181637794
6.12157047781161
6.12405213378826
6.12653678812261
6.12902444081465
6.13151509186439
6.13400873364241
6.13650538140753
6.13900502753035
6.14150767964027
6.14401332629317
6.14652198274789
6.149033641375
6.15154830598922
6.15406597659054
6.15658664936426
6.15911033575449
6.16163703194652
6.16416673031096
6.1666994422919
6.16923516788936
6.17177390710333
6.17431565993381
6.1768604263808
6.1794082026296
6.18195900012432
6.18451281505025
6.1870696474074
6.18962949719577
6.19219236823006
6.19475826051026
6.19732717403639
6.19989910880844
6.20247406864111
6.20505205353441
6.20763306348833
6.21021710231759
6.21280416239276
6.21539425134326
6.2179873767985
6.22058352731437
6.22318270670556
6.22578492260149
6.22839017118746
6.23099845246346
6.23360976642949
6.23622411690026
6.23884150387577
6.24146193117073
6.24408539497042
6.24671189908955
6.24934144352813
6.25197402828614
6.25460965717831
6.25724832638992
6.25989004355038
6.26253480103028
6.26518261408844
6.26783346746605
6.2704873649778
6.27314431806781
6.27580431529197
6.27846736809439
6.28113346884567
6.2838026251752
6.28647483326828
6.28915010075434
6.29182841618924
6.29450979483182
6.29719422523794
6.29988171885174
6.3025722680438
6.30526588044353
6.30796255223623
6.31066228723659
6.31336508544462
6.31607094304562
6.31877987148369
6.32149186694414
6.32420692561226
6.32692505130275
6.32964624783032
6.33237051519497
6.33509785339669
6.3378282624355
6.34056173849668
6.34329829302434
6.34603792601849
6.34878062984973
6.35152640833274
6.35427526909694
6.35702720832763
6.35978222602481
6.36254032218848
6.36530149681863
6.36806575754468
6.37083310055192
6.37360352965506
6.37637704103939
6.37915363851961
6.38193332591043
6.38471609939715
6.38750196279447
6.3902909161024
6.39308295932092
6.39587809626474
6.39867631930447
6.4014776398842
6.40428205800394
6.40708957366369
6.40990018304874
6.4127138861591
6.41553069443888
6.41835060025867
6.42117360743317
6.42399971596238
6.4268289182169
6.42966123327025
6.43249665349301
6.43533517507049
6.43817680181739
6.44102154136311
6.44386938607825
6.44672034359222
6.44957440246091
6.45243158175782
6.45529187003886
6.45815527493344
6.46102178499743
6.46389141930436
6.46676416259541
6.46964003012941
6.47251901427694
6.47540111122329
6.47828633241258
6.48117467784482
6.48406614370528
6.48696072617929
6.48985844052564
6.49275927530022
6.49566323813245
6.49857032902233
6.50148054415515
6.50439389116031
6.50731037003783
6.51022997697299
6.51315271196579
6.51607858264565
6.51900759282727
6.52193973488123
6.52487501262226
6.52781342223562
6.53075497135075
6.53369966378234
6.53664749190099
6.53959845952139
6.54255257427296
6.54550982852628
6.54847022609607
6.55143376698233
6.55440045881445
6.55737029396304
6.56034328005749
6.56331940946841
6.56629868982521
6.56928112494258
6.57226671100582
6.57525544801493
6.57824733596991
6.58124238250017
6.58424058379101
6.58724194365713
6.59024645446912
6.5932541314858
6.59626496326306
6.599278961245
6.60229611780223
6.60531643293474
6.60833991808664
6.61136656562852
6.6143963793751
6.61742935551166
6.62046550548231
6.62350482165766
6.6265473078524
6.62959296406653
6.63264179411477
6.63569379418239
6.63874897189882
6.64180732344935
6.64486884501927
6.6479335480527
6.65100143254963
6.65407249088066
6.6571467268605
6.66022414430384
6.6633047470254
6.66638853502516
6.66947550067373
6.67256565160051
6.67565899162021
6.67875552073282
6.68185523512364
6.68495813479268
6.68806423118404
6.69117351285361
6.6942859912455
6.69740166254502
6.70052052293745
6.70364258005221
6.706767837704
6.7098962882634
6.71302793554514
6.7161627833639
6.71930083553439
6.72244208442721
6.72558653385706
6.72873419145335
6.73188505340137
6.73503911970112
6.73819638653791
6.74135686535584
6.7445205523402
6.74768745130571
6.75085755843765
6.75403087373604
6.75720740483027
6.76038715172035
6.76357011059157
6.76675628144393
6.76994567190685
6.77313828579502
6.77633411166433
6.7795331609589
6.78273542604932
6.78594091837969
6.78914963032062
6.79236156568681
6.79557672829295
6.79879511432435
6.80201672759571
6.80524157192174
6.80846964348773
6.81170094229367
6.81493547596899
6.81817324069897
6.82141424029832
6.82465846713763
6.82790593266102
6.83115664068318
6.83441057976001
6.83766775752091
6.84092817778059
6.84419183672434
6.84745873816687
6.85072887829348
6.85400226473357
6.85727889748714
6.86055877655419
6.86384189812002
6.86712826981404
6.87041789163625
6.87371076358664
6.87700688566522
6.88030625405728
6.88360888402165
6.8869147641142
6.89022390196434
6.89353629375738
6.89685193949331
6.90017084680154
6.90349301568207
6.9068184461349
6.91014713053062
6.91347908031335
6.91681429929778
6.92015277985452
6.92349451816885
6.9268395333143
6.93018781384676
6.93353936358092
6.9368941825168
6.94025227065438
6.94361363180838
6.94697826597879
6.95034617698032
6.95371735718356
6.95709182184732
6.9604695595275
6.9638505740388
6.96723486919592
6.97062244499886
6.97401330526233
6.97740744617163
6.98080487154145
6.98420557755709
6.98760957566267
6.99101685822877
6.99442742907011
6.99784128437197
7.00125843557848
7.00467887506021
7.00810261044659
7.0115296379229
7.01495995748915
7.01839357296004
7.02183048815027
7.02527069924515
7.02871420624466
7.03216101677823
7.03561112703113
7.03906454081809
7.0425212543244
7.04598127517945
7.04944459956856
7.05291123130642
7.05638116657833
7.0598544168284
7.06333097442722
7.0668108393748
7.07029402311525
7.07378051038974
7.07727031645711
7.08076343750263
7.08425987734103
7.08775962834288
7.09126269813759
7.09476909053988
7.09827880554974
7.10179183935247
7.10530819194807
7.10882787096594
7.11235088022079
7.11587720826851
7.1194068627385
7.12293985126018
7.12647616238943
7.13001580757037
7.13355878680299
7.13710509245789
7.14065473216447
7.14420770973744
7.14776402136209
7.15132366703844
7.15488665439587
7.1584529834344
7.16202265033932
7.16559565129592
7.16917200156302
7.17275169732593
7.17633473476992
7.17992111389501
7.18351084233061
7.1871039200767
7.1907003471333
7.1943001235004
7.19790324917801
7.20150972798082
7.20511955990884
7.20873274877677
7.2123492907699
7.21596918970295
7.21959244557591
7.22321906220349
7.22684903958568
7.23048237009308
7.23411907279921
7.23775913625995
7.24140256047531
7.24504934925999
7.2486995102434
7.25235303961084
7.25600993354759
7.25967019586838
7.26333383038788
7.26700084092083
7.2706712236525
7.2743449785829
7.27802210571203
7.28170261648401
7.28538650326942
7.28907376988296
7.29276441250994
7.29645843496506
7.30015584869243
7.30385663843323
7.30756081563158
7.31126837265807
7.31497932095681
7.3186936605278
7.32241138374164
7.32613249441302
7.32985700398606
7.33358490483136
7.3373161969489
7.3410508841534
7.34478896644486
7.34853044382327
7.35227532391805
7.35602360291449
7.35977527699788
7.36353035379764
7.36728883712847
7.37105072317566
7.37481600812452
7.37858470341915
7.38235680905955
7.38613232123102
7.38991123611885
7.39369356898187
7.39747930837596
7.40126846574523
7.40506103727498
7.4088570153358
7.4126564151865
7.41645923301239
7.42026547262816
7.42407512258971
7.42788820197056
7.43170469932659
7.4355246222872
7.43934796703771
7.4431747335781
7.44700492953779
7.45083855873148
7.45467560971506
7.45851609011793
7.46236000756951
7.46620735444038
7.47005813454526
7.47391234788413
7.477769994457
7.48163108570799
7.48549561019298
7.48936357172668
7.49323497412378
7.497109821199
7.50098810913762
7.50486984175436
7.50875501523451
7.51264363720748
7.51653570767327
7.52043122663187
7.52433019408329
7.52823261002753
7.532138482094
7.53604780646799
7.53996058696421
7.54387681595324
7.54779650487921
7.55171965374211
7.55564625872724
7.55957631983459
7.56350984850828
7.56744683711891
7.57138729329587
7.57533120940977
7.5792785892753
7.58322944052188
7.5871837555201
7.59114154571406
7.59510279965966
7.59906752880101
7.60303573313811
7.60700741267095
7.61098255977014
7.61496118587978
7.61894329481458
7.62292887894513
7.62691794208613
7.63091048042289
7.63490650921421
7.63890602083068
7.64290901908702
7.64691549635382
7.65092546407518
7.65493892225111
7.6589558670669
7.66297629852255
7.66700022424748
7.67102764805638
7.67505856231985
7.67909297085259
7.6831308736546
7.68717227835529
7.69121718113996
7.69526558582331
7.69931748859063
7.70337288944193
7.70743179982132
7.71149421209939
7.71556013390555
7.71962955761039
7.72370249084332
7.72777893741904
7.73185889352285
7.73594235534005
7.74002933812945
7.74411983426165
7.74821383992193
7.75231136655441
7.7564124103444
7.76051697510658
7.76462505702627
7.76873665991816
7.77285178759695
7.77697044006265
7.78109261350056
7.78521831935478
7.7893475461812
7.79348030542394
7.79761659326829
7.80175641352896
7.80589976620594
7.81004664748454
7.81419706880886
7.8183510263642
7.82250851633585
7.82666954635323
7.83083411641634
7.83500222652517
7.83917388430913
7.84334907450941
7.84752781619953
7.85171010175008
7.85589593879047
7.86008531969128
7.86427824445253
7.86847472451831
7.87267475988864
7.87687834293411
7.88108547746941
7.88529617493866
7.88951042771246
7.8937282357908
7.89794959917368
7.90217452549052
7.906403018556
7.91063507074074
7.91487068585943
7.91910986391207
7.92335261252807
7.92759892789273
7.93184881000604
7.93610225886801
7.94035928592274
7.94461987972614
7.9488840517223
7.95315179809653
7.95742311503412
7.96169801397918
7.96597649111701
7.97025855026232
7.97454418378569
7.97883340313123
7.98312620829896
7.98742259928887
7.99172256847154
7.9960261311058
8.00033327956224
8.00464402147027
8.00895835301518
8.01327627419697
8.01759778883035
8.02192290073002
8.02625160989598
8.03058390869883
8.03491981239737
8.03925931336221
8.04360241922275
8.04794911853487
8.0522994265574
8.05665333947563
8.06101086110427
8.0653719838139
8.06973671523393
8.07410505917908
8.07847701183463
8.08285258082999
8.08723176235047
8.09161455258134
8.09600096296674
8.10039099350666
8.10478464038638
8.10918189979122
8.11358278697999
8.11798729432327
8.12239542563578
8.12680718091751
8.13122256398316
8.13564157483275
8.14006421346626
8.14449047606899
8.14892037408506
8.15335390751446
8.1577910725425
8.16223186535446
8.16667630120917
8.17112437247722
8.1755760829733
8.18003143651213
8.1844904254643
8.18895305745921
8.19341933631157
8.19788925820667
8.20236282695923
8.20684003875453
8.21132090503668
8.21580542199099
8.22029358580276
8.22478540028667
8.22928087307215
8.23378000034448
8.23828278210368
8.24278922216443
8.24729932052675
8.25181308100534
8.25633050360019
8.26085158831131
8.265376331324
8.26990474789706
8.27443682658639
8.2789725750214
8.28351198938738
8.28805507731374
8.29260183880048
8.29715227003289
8.30170637101098
8.30626415317886
8.31082561653653
8.31539075345458
8.31995956393302
8.32453206323065
8.32910824371806
8.33368810539527
8.33827165207698
8.34285888376317
8.34744980426857
8.35204441359316
8.35664270792224
8.36124469869994
8.36585037829683
8.37045975434233
8.37507282683643
8.37968959196444
8.38431005354106
8.38893421919569
8.39356208129893
8.39819364748018
8.40282891011005
8.40746788444733
8.41211055904793
8.41675694535595
8.42140703574199
8.42606083402075
8.43071834782164
8.43537956951525
8.4400445105457
8.44471315946886
8.44938552772886
8.45406161151099
8.45874141462995
8.46342493327104
8.46811217887837
8.47280314763724
8.47749783573295
8.4821962507949
8.48689838900838
8.49160425800282
8.4963138577782
8.50102718833453
8.50574424585709
8.51046504179002
8.5151895685039
8.51991783362812
8.52464983334801
8.52938556766354
8.53412504420413
8.53886826678449
8.54361522777521
8.54836593099098
8.55312038024652
8.55787857554182
8.5626405206916
8.56740621188114
8.57217565292515
8.57694884763833
8.58172579602068
8.58650649425751
8.59129095379292
8.5960791669975
8.60087113768596
8.605666869673
8.61046635914392
8.61526961372813
8.62007663342563
8.62488742205111
8.62970196816048
8.63452028319784
8.63934237097789
8.64416822768593
8.64899785332197
8.65383125551541
8.65866843045154
8.66350938194507
8.66835410999601
8.67320261460434
8.67805489958478
8.68291097256673
8.68777082210609
8.69263445583225
8.69750187374522
8.702373075845
8.70724807357571
8.71212685549322
8.71700942541225
8.7218957909622
8.72678594832837
8.73167990132546
8.73657764995347
8.74147919421241
8.74638453791697
8.75129368488187
8.75620662747768
8.76112337714854
8.76604393007973
8.77096829008595
8.77589646098191
8.7808284313235
8.78576421255483
8.7907038084906
8.79564721531612
8.80059443684608
8.80554546926578
8.81050032401933
8.81545899347733
8.82042148526919
8.82538779176548
8.83035792441034
8.83533187938905
8.84030966051632
8.84529126397744
8.85027669740183
8.85526595697477
8.86025905032568
8.86525597363985
8.870256730732
8.8752613216021
8.88026975006488
8.88528201612033
8.89029811595375
8.89531805719455
8.90034184365742
8.90536947152767
8.9104009408053
8.915436255305
8.9204754188415
8.92551843141477
8.93056529302484
8.93561600367168
8.94067056717002
8.94572898733455
8.95079126035057
8.95585738621808
8.96092737638119
8.96600122321049
8.9710789343354
8.9761605021265
8.98124593802791
8.98633523441022
8.99142840271754
8.99652543532046
9.00162633221899
9.00673110485723
9.01183975323518
9.01695226972345
9.02206866195143
9.02718892991912
9.03231308125595
9.03744110451778
9.04257301114874
9.04770879733411
9.05284847070332
9.05799202744165
9.06313947136382
9.0682907948404
9.07344601694492
9.07860512623328
9.08376812652016
9.08893501780559
9.09410580771895
9.09928049244555
9.1044590758001
9.10964155778259
9.11482793457832
9.12001821763139
9.12521240312712
9.1304104948802
9.13561248907592
9.1408183933437
9.14602820768354
9.15124192828073
9.15645956276467
9.16168111113538
9.16690657339285
9.17213594953708
9.17736924719748
9.18260645874464
9.18784759562268
9.19309265401688
9.19834163392725
9.20359453535379
9.20885136211121
9.21411212182891
9.21937680687748
9.22464542107163
9.22991797204077
9.23519445215549
9.24047486904519
9.24575922270988
9.25104751314956
9.25633974036422
9.26163590816858
9.26693602419204
9.27224007317578
9.27754807419332
9.28286001961526
9.2881759132563
9.29349575511644
9.29881954901039
9.30414729112344
9.3094789928997
9.31481464289506
9.32015425255364
9.32549781806072
9.33084534704572
9.33619683569394
9.34155228400537
9.34691169579472
9.35227507487669
9.35764242125129
9.36301373491851
9.36838901587835
9.37376827176022
9.37915149874942
9.38453870066065
9.3899298698645
9.3953250254345
9.40072415592653
9.40612726515529
9.4115343569355
9.41694543508185
9.42236049196494
9.42777953521417
9.43320256864425
9.43862958844048
9.44406059841756
9.44949559857548
9.45493459654367
9.4603775885074
9.46582457065199
9.47127555823625
9.47673053981605
9.48218952302082
9.48765250403585
9.49311949430525
9.49859049001432
9.50406549116306
9.50954449393675
9.51502750977953
9.52051454250608
9.52600558448701
9.5315006319076
9.53699970384139
9.54250278884425
9.54800989454559
9.55352101713071
9.55903616422903
9.56455533584053
9.57007852815052
9.5756057487884
9.58113699012477
9.58667226741844
9.59221157304
