7.12809638771102
7.12627915753877
7.12446258921717
7.12264668656092
7.12083144194062
7.11901686298567
7.11720294778872
7.11538969634978
7.11357710676149
7.1117651809312
7.10995392076626
7.10814332245197
7.10633338980304
7.10452412091211
7.10271551577918
7.1009075763116
7.09910029678732
7.09729368483575
7.09548774045687
7.09368245792865
7.09187784106578
7.09007388986827
7.08827060242875
7.08646798065459
7.08466602454578
7.08286473600967
7.08106411123157
7.07926415402617
7.07746485867142
7.07566623279672
7.07386827258737
7.07207097804338
7.07027435107209
7.06847839167351
7.06668309603292
7.06488846987239
7.06309450937721
7.06130121836208
7.05950859110496
7.05771663142054
7.05592534121617
7.05413471858451
7.05234476352554
7.05055547603929
7.04876685803308
7.04697890378488
7.04519162092408
7.04340500563598
7.04161905982794
7.03983378349995
7.03804917474466
7.03626523356208
7.03448196185955
7.03269935963707
7.030917428802
7.02913616553963
7.02735557175732
7.02557564745505
7.02379639263284
7.02201780729069
7.02023989524329
7.01846265076859
7.0166860776813
7.01491017407406
7.01313493803952
7.01136037720709
7.00958648394736
7.00781326588973
7.00604071540481
7.00426883439995
7.00249762859718
7.00072709227447
6.99895722924652
6.99718803760597
6.99541951735282
6.99365166657973
6.99188449100875
6.99011798491781
6.98835215402898
6.98658699452756
6.98482250641354
6.98305869159427
6.98129555006976
6.97953308184001
6.97777128499765
6.97601016335741
6.97424971501191
6.97248993805383
6.97073083439049
6.96897240592927
6.96721465267014
6.96545757270578
6.96370116603616
6.96194543456865
6.96019037448855
6.95843598961055
6.95668228184201
6.95492924736822
6.95317688809653
6.95142520402696
6.94967419325213
6.94792386149412
6.9461742011235
6.9444252197697
6.94267691171065
6.9409292788537
6.93918232310621
6.93743604256082
6.93569044103224
6.93394551279842
6.93220126167405
6.93045768765914
6.92871478693898
6.92697256714298
6.92523102254908
6.92349015697199
6.92174996659701
6.92001045523883
6.91827161717541
6.91653346003614
6.91479598000633
6.91305917899333
6.91132305508978
6.90958760638834
6.9078528405184
6.90611874985057
6.90438533819955
6.90265260747268
6.90092055194792
6.89918917543997
6.89745847985617
6.89572846328918
6.89399912573899
6.89227046720561
6.89054248959639
6.88881518909663
6.88708856952102
6.88536263086957
6.88363737123492
6.88191279252443
6.88018889283075
6.87846567215387
6.87674313430851
6.8750212773873
6.87330009948289
6.87157960440999
6.86985979026125
6.86814065703667
6.86642220473624
6.86470443335998
6.86298734290786
6.86127093719461
6.85955521240551
6.85784016472587
6.85612580369244
6.85441212549051
6.85269912821274
6.85098681376648
6.84927518215173
6.84756422955379
6.84585396360205
6.84414438238917
6.84243548210044
6.84072726464323
6.83901973192487
6.83731288013067
6.83560671307533
6.83390123075885
6.83219643318122
6.83049231843511
6.82878888842785
6.82708614125209
6.8253840788152
6.82368270302451
6.82198201006534
6.82028200184502
6.81858268027091
6.81688404343565
6.81518608943191
6.81348882207437
6.81179224136304
6.81009634539058
6.80840113606431
6.80670661147691
6.80501277162837
6.80331962033338
6.80162715568461
6.79993537577469
6.79824428251098
6.79655387589348
6.79486415592219
6.79317512450445
6.79148677973293
6.78979912160761
6.78811215203586
6.78642586720296
6.78474027283097
6.78305536319784
6.78137114402562
6.77968761340696
6.77800476943451
6.77632261210826
6.77464114333558
6.77296036693116
6.77128027717294
6.76960087596829
6.76792216331719
6.76624413921965
6.76456680367568
6.76289016049996
6.76121420397045
6.7595389398092
6.75786436420152
6.75619047524004
6.75451728055417
6.75284477442186
6.75117295875046
6.74950183353997
6.74783139688304
6.74616165450172
6.74449260067396
6.74282423730711
6.74115656630852
6.73948958577084
6.73782329760142
6.73615769798556
6.73449279264531
6.73282857967332
6.73116505716224
6.72950222701943
6.72784008924487
6.72617864193122
6.72451788889318
6.72285782822341
6.72119845992189
6.71953978398864
6.71788180042364
6.71622451113426
6.71456791421314
6.71291200966027
6.71125680129037
6.70960228528873
6.7079484635627
6.70629533229758
6.70464289912277
6.70299115831623
6.70134011178529
6.69968976143732
6.6980401034576
6.6963911397535
6.69474287223236
6.69309529898683
6.69144842192426
6.6898022391373
6.6881567525333
6.68651196020492
6.68486786215215
6.68322446409703
6.68158175841018
6.67993975081365
6.67829843749272
6.67665782035475
6.6750179013071
6.67337867844241
6.67174015176068
6.67010232316926
6.66846518885345
6.66682875262796
6.66519301449277
6.66355797254055
6.66192363058599
6.6602899848144
6.65865703713311
6.65702478563479
6.65539323413413
6.65376237881643
6.6521322234964
6.65050276626667
6.64887400712726
6.64724594607816
6.64561858693408
6.64399192397295
6.64236596100949
6.64074069613634
6.63911613126086
6.63749226638303
6.63586910150287
6.63424663662038
6.63262487173554
6.63100380684837
6.62938344005151
6.62776377515966
6.62614481026548
6.62452654727631
6.6229089842848
6.6212921231983
6.61967596210947
6.6180605010183
6.61644574183215
6.61483168455101
6.61321832917488
6.61160567570376
6.60999372413766
6.60838247066187
6.60677192290579
6.60516207705473
6.60355293501603
6.60194449488235
6.60033675474633
6.59872972033002
6.59712338781873
6.59551775721245
6.59391283232588
6.59230860934433
6.59070509017514
6.58910227291096
6.5875001613665
6.58589875363441
6.58429804971467
6.58269805151466
6.58109875521965
6.57950016273701
6.57790227597408
6.57630509493087
6.57470861770002
6.57311284809624
6.57151778039747
6.56992341841841
6.56832976215907
6.56673681161945
6.56514456679954
6.56355302769934
6.56196219622621
6.56037206665809
6.55878264662439
6.5571939323104
6.55560592562347
6.55401862465627
6.55243202750142
6.55084613988099
6.54926095988763
6.54767648752133
6.5460927227821
6.54450966566993
6.54292731237012
6.54134567051208
6.53976473628111
6.53818450776985
6.53660498879301
6.53502617935058
6.53344807753522
6.53187068334692
6.53029399869304
6.52871802357357
6.52714275608117
6.52556819812319
6.52399435160697
6.52242121081046
6.52084878145573
6.51927706163541
6.5177060513495
6.51613575250536
6.51456616128828
6.51299728342032
6.51142911317943
6.5098616543803
6.50829490702294
6.50672887110735
6.50516354281882
6.50359892787941
6.50203502628911
6.50047183232588
6.49890935171177
6.49734758444677
6.49578652480884
6.49422618042737
6.49266654748767
6.49110762598974
6.48954941784093
6.48799192113388
6.48643513777595
6.48487906585978
6.48332370920008
6.48176906398215
6.48021513211334
6.47866191550099
6.47710941033041
6.47555761850894
6.47400654003659
6.47245617682071
6.47090652695395
6.46935759234365
6.46780937108247
6.46626186507776
6.46471507242217
6.46316899693039
6.46162363478773
6.46007898599419
6.45853505436446
6.45699183608385
6.45544933687441
6.45390755101409
6.45236648041024
6.4508261269702
6.44928648878663
6.44774756585953
6.44620936009624
6.44467187149677
6.44313510006113
6.44159904388194
6.44006370295923
6.43852908301504
6.43699517641996
6.4354619908034
6.43392952044331
6.43239776915438
6.43086673312193
6.42933641616064
6.42780681636317
6.42627793563687
6.42474977398174
6.42322233139778
6.42169560407028
6.42016959772131
6.41864430853615
6.41711974223686
6.41559589119404
6.41407275922239
6.41255034822925
6.41102865630729
6.40950768536384
6.40798743349157
6.40646790259781
6.40494909077522
6.4034309980238
6.4019136262509
6.40039697736387
6.398881047548
6.39736583871066
6.39585135085183
6.39433758206418
6.39282453806974
6.39131221314647
6.38980061110908
6.3882897300502
6.38677957187719
6.3852701346827
6.38376141846673
6.38225342704398
6.38074615659975
6.37923960904139
6.37773378436889
6.37622868067492
6.37472430368152
6.37322064575929
6.37171771453763
6.37021550429448
6.36871401884456
6.36721325628051
6.36571321850968
6.36421390553206
6.36271531544032
6.3612174501418
6.3597203096365
6.35822389201707
6.3567282010982
6.35523323306521
6.35373899173279
6.35224547519359
6.35075268344761
6.34926061649485
6.34776927624266
6.34627866269105
6.34478877393265
6.34329960996747
6.34181117461022
6.34032346404618
6.33883647827537
6.33735022301982
6.3358646925575
6.33437988879575
6.33289581364192
6.33141246137396
6.32992983962127
6.32844794456916
6.32696677812496
6.32548634028868
6.32400662724563
6.3225276428105
6.32104938889064
6.3195718635787
6.31809506496733
6.31661899496388
6.31514365547571
6.31366904268811
6.31219515850842
6.31072200675136
6.30924958169487
6.30777788715366
6.30630692312771
6.30483668580234
6.30336718089959
6.30189840651211
6.30043036073255
6.29896304737562
6.29749646453396
6.29603060839286
6.29456548658175
6.2931010952859
6.29163743450532
6.29017450614737
6.28871230830469
6.28725084097728
6.2857901060725
6.28433010359034
6.2828708335308
6.28141229589388
6.27995448686488
6.27849741407321
6.27704107370416
6.27558546575774
6.27413059023393
6.27267644713275
6.27122303836154
6.26977036010561
6.268318418087
6.26686721039836
6.26541673513234
6.2639669941963
6.26251798568288
6.26106971149943
6.25962217355331
6.25817536993716
6.25672929874363
6.25528396569477
6.25383936697589
6.25239550067964
6.2509523706207
6.24950997679909
6.24806831921481
6.24662739596049
6.24518720894351
6.24374775625649
6.24230904171415
6.24087106150178
6.23943382134144
6.23799731551107
6.23656154401067
6.2351265125623
6.23369221735125
6.23225866028488
6.23082583945583
6.22939375677145
6.22796240841705
6.22653180011467
6.22510192995697
6.22367279985129
6.22224440598294
6.22081675025926
6.21938983268026
6.21796365324592
6.21653821386362
6.21511351453334
6.21368955334773
6.21226633221415
6.21084384731789
6.20942210438101
6.2080010995888
6.20658083675597
6.20516131206781
6.20374252933903
6.20232448666227
6.20090718022284
6.19949061955748
6.1980747970368
6.19665971838284
6.19524537787356
6.1938317774163
6.19241892082577
6.19100680619461
6.18959542970813
6.18818479899573
6.18677490833535
6.185365757727
6.18395735289272
6.18254969001782
6.18114276719494
6.17973659014614
6.17833115505671
6.17692646192666
6.17552251075599
6.17411930535939
6.17271684192217
6.17131512235168
6.16991414664791
6.16851391671821
6.16711442684054
6.16571568273695
6.16431768440744
6.16292042994465
6.16152391934859
6.16012815261925
6.15873313357134
6.15733885839016
6.15594532898306
6.15455254344268
6.15316050558372
6.15176920968415
6.15037866337335
6.14898886092927
6.14759980616663
6.14621149717806
6.14482393587092
6.14343711652315
6.14205104867151
6.14066572659395
6.13928115219782
6.13789732357576
6.13651424263513
6.13513190937593
6.1337503218908
6.13236948399446
6.13098939568689
6.12961005315339
6.12823146020868
6.12685361494539
6.12547651927088
6.12410016937045
6.12272457096614
6.12134972215061
6.11997562292386
6.11860226947119
6.11722966751465
6.11585781514688
6.11448671236789
6.11311636108503
6.11174675939095
6.11037790537829
6.10900980286177
6.10764245374872
6.1062758523171
6.10491000428896
6.10354490584959
6.10218055699901
6.10081695964455
6.09945411760092
6.09809202323872
6.09673068418735
6.09537009472476
6.09401025485094
6.09265117028796
6.0912928372211
6.08993525946508
6.08857843129783
6.08722235844141
6.08586703708111
6.08451246721695
6.08315865266362
6.08180559151376
6.08045328186004
6.07910172942449
6.07775092848508
6.07640088285649
6.07505159063138
6.0737030537171
6.0723552702063
6.07100824200633
6.06966196720984
6.06831644963153
6.06697168736405
6.06562768040739
6.06428442876157
6.06294193051923
6.06160018949506
6.06025920378173
6.05891897528658
6.0575795040096
6.05624078804346
6.05490282738815
6.05356562395101
6.05222917773206
6.05089348873129
6.04955855694869
6.04822438238428
6.0468909669454
6.04555830681734
6.04422640390747
6.04289526012313
6.04156487546432
6.04023524802369
6.03890637970859
6.03757826861167
6.03625091664028
6.03492432379442
6.03359849007409
6.03227341547929
6.03094910001003
6.02962554366629
6.02830274835544
6.02698071217011
6.02565943701767
6.02433892099076
6.02301916599673
6.02170016822088
6.02038193529261
6.01906446148988
6.01774774872002
6.01643179698305
6.01511660627896
6.01380217470039
6.01248850796942
6.01117560227132
6.0098634576061
6.00855207588112
6.00724145709636
6.00593159934449
6.0046225026255
6.00331416884674
6.00200659991557
6.00069979392462
5.99939375087391
5.99808846885608
5.99678395168583
5.99548019936317
5.99417720998074
5.99287498353853
5.99157352003656
5.99027282328953
5.98897288948272
5.98767372243085
5.98637531831921
5.98507767905516
5.98378080654603
5.98248469506979
5.98118935225583
5.97989477428945
5.97860096117066
5.9773079148068
5.97601563519787
5.97472411852917
5.97343337052276
5.97214338927128
5.97085417286739
5.96956572512577
5.96827804413909
5.96699112609264
5.96570498052318
5.9644195998013
5.9631349877417
5.96185114243704
5.96056806579466
5.95928575399986
5.95800421468205
5.95672344211917
5.95544343821857
5.95416420298026
5.95288573640423
5.95160803849048
5.95033110923902
5.94905495055719
5.94777956053765
5.94650494108774
5.94523109030012
5.94395800817477
5.94268569852642
5.94141415754034
5.9401433871239
5.93887338918445
5.93760415990728
5.93633570119974
5.93506801496919
5.93380110121562
5.93253495612434
5.93126958351004
5.93000498337272
5.92874115189769
5.927478094807
5.92621581019329
5.92495429805656
5.92369355839682
5.92243359121407
5.92117439460095
5.91991597237216
5.91865832452771
5.91740144916024
5.91614534817711
5.91489001776362
5.91363546364181
5.91238168199698
5.91112867664384
5.90987644567504
5.90862498718322
5.90737430307574
5.90612439335259
5.90487525992113
5.903626900874
5.90237931811856
5.90113250974745
5.89988647766803
5.89864121997295
5.89739673856955
5.89615303345784
5.89491010463781
5.89366795210947
5.89242657778017
5.89118597592785
5.88994615418192
5.88870710872767
5.88746884147246
5.88623134860159
5.88499463392975
5.88375869745695
5.88252354109054
5.88128916101581
5.88005555914012
5.87882273546346
5.8775906880785
5.87635942079991
5.87512893362772
5.87389922465456
5.87267029578779
5.87144214512006
5.87021477265136
5.86898818028905
5.86776236994048
5.86653733779094
5.86531308384044
5.86408961381103
5.86286692198066
5.86164501025667
5.86042388054642
5.85920353094256
5.85798396335243
5.85676517586869
5.85554717230604
5.85432994694243
5.85311350359256
5.85189784416377
5.85068296674872
5.84946886944006
5.84825555414513
5.8470430227713
5.84583127531855
5.84462030987954
5.84341012836162
5.84220072695008
5.84099210945964
5.83978427779763
5.83857723005671
5.83737096242218
5.83616548252344
5.83496078654578
5.83375687258187
5.83255374444639
5.83135140213935
5.83014984184605
5.82894906928854
5.82774908065211
5.82654987784413
5.82535145895723
5.82415382589878
5.82295698057611
5.82176092108188
5.82056564741609
5.81937115957874
5.81817745566248
5.81698454138935
5.81579241485202
5.81460107223577
5.81341051926267
5.81222075021065
5.81103177270913
5.80984358103604
5.80865617709874
5.80746956089723
5.80628373433886
5.80509869360893
5.8039144444295
5.8027309810785
5.80154830737064
5.80036642521327
5.79918532888434
5.79800502219855
5.7968255051559
5.79564677966374
5.79446884190737
5.79329169379414
5.79211533913875
5.7909397703118
5.78976499303534
5.78859100730937
5.78741781313389
5.7862454105089
5.78507379752705
5.7839029760957
5.78273294430748
5.78156370597711
5.78039525919722
5.77922760396783
5.77806074219627
5.77689467006786
5.77572939330464
5.77456490809191
5.77340121633702
5.77223831613262
5.77107621129341
5.76991489609734
5.76875437626647
5.76759465180078
5.76643571888559
5.76527758133559
5.76412023915078
5.76296368660911
5.76180793133998
5.76065297143605
5.75949880498995
5.7583454358164
5.75719286010069
5.75604107784282
5.75489009285749
5.75373990323736
5.75259051088977
5.75144191390736
5.75029411229016
5.74914710794549
5.74800089705866
5.74685548535173
5.74571087091734
5.74456705375549
5.74342403386618
5.74228180743472
5.7411403820905
5.73999975401882
5.73885992512703
5.73772089160044
5.73658265725374
5.73544522017958
5.73430858419267
5.73317274547829
5.73203770594381
5.73090346558923
5.72977002441453
5.72863738051238
5.72750553769747
5.72637449406246
5.72524425151468
5.72411481005416
5.72298616777352
5.72185832276543
5.72073128075193
5.71960504173302
5.71847959998666
5.71735496123489
5.71623112357037
5.71510808699309
5.71398585150305
5.71286441900761
5.7117437875994
5.7106239591858
5.70950493185944
5.70838670562032
5.70726928428314
5.70615266594056
5.70503685059258
5.70392183633183
5.70280762697304
5.70169421870148
5.70058161723922
5.69946981877156
5.69835882329849
5.69724863463471
5.69613924705818
5.69503066438359
5.69392288661095
5.69281591374025
5.69170974767884
5.69060438651939
5.68949982835452
5.68839607699895
5.68729313054533
5.686190990901
5.68508965806597
5.68398913013288
5.68288940900908
5.68179049278723
5.68069238528203
5.67959508458612
5.67849859260686
5.67740290552954
5.67630802716887
5.67521395371014
5.67412068896806
5.67302823294263
5.67193658563384
5.67084574704169
5.66975571335149
5.66866649219264
5.66757807784309
5.66649047411753
5.66540367910861
5.66431769281634
5.66323251524072
5.66214814638174
5.66106459005411
5.65998184244313
5.65889990545614
5.6578187810005
5.65673846335415
5.65565895823915
5.65458026374815
5.65350237988115
5.65242530663814
5.65134904783383
5.65027359774616
5.64919895828249
5.64812513325752
5.64705211885654
5.64597991889426
5.64490853146333
5.6438379546564
5.64276818847346
5.64169924054392
5.64063110133103
5.63956377846418
5.63849726812868
5.63743157032453
5.63636668695908
5.63530261803232
5.63423936354426
5.63317692540225
5.63211529979159
5.63105448671227
5.629994489979
5.62893530768443
5.62787694364326
5.62681939213344
5.62576265887701
5.62470674005928
5.62365163568025
5.62259734764727
5.62154387786768
5.62049122443415
5.61943938734666
5.61838836660522
5.61733816030248
5.61628877416048
5.61524020627189
5.61419245472934
5.61314551953284
5.61209940258974
5.61105410390004
5.61000962537109
5.60896596318819
5.60792312116604
5.60688109739728
5.60583989188192
5.60479950461997
5.60375993942611
5.60272119248565
5.60168326570594
5.60064615717963
5.59960986881407
5.59857440060926
5.59753975447254
5.59650592849658
5.59547292268137
5.59444073893425
5.59340937344054
5.59237883001492
5.59134910865741
5.59032020936799
5.58929213214668
5.58826487699346
5.587238442001
5.58621282907663
5.58518804012771
5.58416407515425
5.58314093034153
5.58211861141162
5.58109711264245
5.58007643784873
5.57905658893782
5.57803756209501
5.57701936113499
5.57600198224308
5.57498542541927
5.5739696963856
5.57295479132739
5.57194071215198
5.57092745695202
5.56991502763486
5.5689034203858
5.5678926409269
5.56688268735079
5.56587355965748
5.56486525975433
5.56385778382663
5.56285113568908
5.56184531152698
5.56084031515503
5.55983614848058
5.55883280578158
5.55783029278009
5.55682860566139
5.55582774633285
5.55482771479446
5.55382851295357
5.55283013699549
5.55183259264225
5.55083587226447
5.54983998349154
5.54884492250876
5.54785069313083
5.54685729154306
5.54586471965279
5.54487297555267
5.5438820630574
5.54289198025963
5.54190272715937
5.54091430757131
5.53992671386605
5.53893995367299
5.53795402317744
5.53696892428674
5.53598465700089
5.53500122322724
5.53401861724375
5.53303684477246
5.53205590390602
5.53107579464444
5.53009652080241
5.52911807665788
5.52814046602556
5.52716368890544
5.52618774339017
5.5252126313871
5.52423835480359
5.52326491173228
5.52229230217318
5.52132052231158
5.52034958168423
5.51937947456909
5.51841020096614
5.51744176278276
5.51647416001893
5.5155073907673
5.51454145693522
5.51357636043005
5.51261209743708
5.51164867367837
5.51068608343186
5.50972432860491
5.50876341110486
5.50780333093171
5.50684408617812
5.50588568065878
5.504928110559
5.50397137587877
5.5030154804328
5.50206042231373
5.50110620533627
5.50015282187101
5.49920027954735
5.4982485745506
5.49729770688076
5.49634768035252
5.49539849305853
5.49445014309145
5.49350263235863
5.49255596086006
5.49161013050309
5.49066513938038
5.48972098749193
5.48877767865243
5.48783520904719
5.48689357676885
5.48595278753947
5.48501284135905
5.48407373441287
5.48313546860831
5.4821980458527
5.48126146233135
5.48032572185895
5.47939082443551
5.47845677006103
5.47752355682815
5.47659118664423
5.47565965760191
5.47472897160855
5.47379913057149
5.4728701325834
5.47194197764426
5.47101466766142
5.47008820072754
5.46916257684262
5.46823779982136
5.46731386584905
5.46639077683305
5.46546853277335
5.46454713176262
5.46362657952289
5.46270687033211
5.461788008005
5.46086999063419
5.45995282012704
5.45903649457619
5.458121015889
5.45720638406547
5.4562925991056
5.45537966100938
5.45446757168418
5.45355632540792
5.45264592981003
5.4517363810758
5.45082768111257
5.44991982992035
5.44901282368444
5.44810666812688
5.44720135943299
5.44629690141745
5.44539329217292
5.44449053360675
5.44358862190424
5.44268755897273
5.44178734862693
5.4408879851448
5.43998947424836
5.43909181403029
5.43819500258323
5.43729904181453
5.43640393363153
5.43550967612689
5.43461626930061
5.43372371315269
5.43283200959048
5.43194115670663
5.43105115640849
5.43016201060341
5.42927371356933
5.42838627293567
5.42749968298036
5.42661394370341
5.42572905891953
5.42484503053605
5.42396185283093
5.42307952961887
5.42219806089987
5.42131744476658
5.42043768312635
5.41955877788653
5.41868072523242
5.41780352897872
5.41692718721808
5.41605169804315
5.41517706717597
5.41430329270921
5.41343037273551
5.41255830916222
5.41168710198934
5.41081674740217
5.40994725303011
5.40907861696581
5.40821083539458
5.4073439121311
5.40647784336068
5.40561263480537
5.40474828455783
5.40388479071069
5.40302215517132
5.4021603779397
5.40129945901585
5.40043939839976
5.39958019609143
5.39872185590556
5.3978643721201
5.3970077504571
5.39615198519452
5.39529708014704
5.39444303722203
5.39358985260478
5.39273753010999
5.39188606592296
5.39103546576575
5.39018572200894
5.38933684228195
5.38848882467742
5.387641667288
5.38679537202104
5.38594993696919
5.38510536594716
5.38426165704759
5.38341881027048
5.38257682752318
5.38173570689835
5.38089544839598
5.38005605392342
5.37921752348067
5.37837985516039
5.37754305277726
5.3767071125166
5.37587203628576
5.37503782408472
5.3742044797282
5.37337199749414
5.37254038119725
5.37170963083752
5.37087974641495
5.37005072411484
5.36922256965925
5.36839528304817
5.36756885855955
5.3667433038228
5.36591861502321
5.36509479025343
5.36427183523552
5.36344974615477
5.36262852682589
5.36180817152682
5.36098868597961
5.36017006827691
5.35935231841873
5.35853543640507
5.35771942414327
5.35690427972598
5.3560900031532
5.35527659823964
5.3544640611706
5.35365239385342
5.3528415962881
5.35203166847465
5.35122260850571
5.35041442210334
5.34960710354548
5.34880065855418
5.34799508331476
5.34719037782719
5.34638654590619
5.3455835818297
5.34478149131979
5.34398027437643
5.34317992718494
5.34238045546737
5.34158185159431
5.34078412319516
5.33998726645523
5.33919128328187
5.33839617367507
5.33760193763484
5.33680857134647
5.33601608243937
5.33522446709884
5.33443372723222
5.33364386093216
5.33285486819867
5.3320667509391
5.33127950724609
5.33049314093435
5.32970765009653
5.32892303282527
5.32813929293528
5.3273564285192
5.32657443957704
5.32579332801615
5.32501309192918
5.32423373513082
5.32345525380637
5.32267764795585
5.32190092139394
5.32112507030594
5.32035010041392
5.31957600599581
5.31880279086631
5.31803045311809
5.31725899275113
5.31648841358014
5.31571871369776
5.31494989119666
5.31418194798417
5.3134148840603
5.31264870133239
5.3118833978931
5.31111897564978
5.31035543269508
5.30959277093635
5.30883098655888
5.30807008528473
5.3073100671139
5.30655093013904
5.30579267245279
5.30503529786986
5.3042788044829
5.30352319229191
5.30276846511159
5.30201461912724
5.3012616562462
5.30050957646848
5.29975837788673
5.29900806431565
5.29825863384789
5.29751008648345
5.29676242603702
5.29601564678656
5.29526975254678
5.29452474331766
5.29378061719186
5.29303737798408
5.29229502378697
5.29155355460053
5.2908129685174
5.29007327125965
5.28933445901256
5.2885965336835
5.2878594933651
5.28712334187208
5.28638807348237
5.28565369391803
5.28492020317906
5.28418759745077
5.28345588054784
5.28272505056293
5.28199510940339
5.28126605516187
5.28053789165308
5.2798106150623
5.27908422729689
5.2783587302642
5.27763411824219
5.27691039886024
5.27618756830366
5.27546562847981
5.27474457748132
5.27402441721556
5.27330514768251
5.27258676506749
5.27186927699989
5.27115268157235
5.27043697497019
5.26972215910075
5.26900823396404
5.26829520337474
5.26758306542551
5.26687181820901
5.26616146363257
5.26545199978886
5.26474343049257
5.26403575383635
5.26332897172755
5.26262308225882
5.26191808733752
5.26121398314893
5.26051077541512
5.25980846222873
5.25910704358976
5.25840651949822
5.25770688804675
5.25700815495739
5.25631031450811
5.25561337051361
5.25491732297387
5.25422216998156
5.25352791535137
5.2528345552686
5.2521420916406
5.25145052446738
5.25075985565628
5.25007008329995
5.24938120930575
5.24869323176632
5.24800615068166
5.24731996986647
5.24663468741341
5.24595030332247
5.2452668156863
5.24458422641226
5.24390253740769
5.24322174867259
5.24254186020697
5.24186287010347
5.24118478026944
5.24050758879754
5.23983129759511
5.23915590666216
5.23848141981338
5.23780783132672
5.23713514310953
5.23646335897652
5.23579247320564
5.23512248961158
5.23445341010169
5.23378523086128
5.23311795570504
5.23245158081827
5.23178610810833
5.23112154138992
5.23045787684832
5.22979511448356
5.22913325811032
5.2284723039139
5.22781225189431
5.22715310586624
5.22649486392235
5.22583752796998
5.22518109419443
5.22452556641042
5.22387094461793
5.22321722881696
5.22256441710017
5.22191251328225
5.22126151354851
5.22061142171364
5.21996223396295
5.21931395411114
5.2186665821582
5.21802011619679
5.2173745600416
5.21672990987794
5.2160861657058
5.21544332943254
5.21480140296551
5.2141603863047
5.21352027754277
5.21288107477237
5.21224278180819
5.21160540055759
5.21096892720586
5.21033336366036
5.20969870801374
5.20906496408069
5.20843212995387
5.20780020944798
5.20716919684097
5.20653909594753
5.20590990486032
5.20528162548668
5.20465425782662
5.20402780188014
5.20340225955459
5.20277762894262
5.20215391004422
5.2015311028594
5.20090920738815
5.20028822744519
5.19966816112315
5.19904900651469
5.19843076552715
5.1978134400679
5.19719702632222
5.19658152810482
5.1959669454157
5.19535327634751
5.19474052280759
5.19412868479595
5.19351775849789
5.19290775154281
5.19229866011601
5.19169048421749
5.19108322384724
5.19047687900528
5.18987145159894
5.18926694353558
5.1886633510005
5.18806067590105
5.18745891632987
5.18685807419433
5.18625815140176
5.18565914795218
5.18506106193822
5.18446389526725
5.1838676460319
5.18327231613953
5.18267790559014
5.18208441438373
5.1814918425203
5.1809001919072
5.18030946063708
5.17971964870994
5.17913075612578
5.17854278669929
5.17795573852314
5.17736960968997
5.17678440401448
5.17620011768197
5.17561675450714
5.17503431258264
5.17445279381582
5.17387219629932
5.17329252384787
5.17271377073939
5.17213594269594
5.17155903781017
5.17098305608208
5.17040799941903
5.16983386591365
5.16926065556596
5.16868836837594
5.16811700815831
5.16754657300571
5.16697706291814
5.1664084778956
5.16584081603074
5.16527408113826
5.16470827321817
5.16414339036311
5.16357943448043
5.16301640557012
5.16245430172486
5.16189312485197
5.16133287685881
5.16077355583804
5.16021516178965
5.15965769662099
5.15910115842472
5.15854554910817
5.15799086676401
5.15743711520693
5.15688429252958
5.15633239682462
5.15578143190673
5.15523139586858
5.15468229061752
5.15413411424618
5.15358687056928
5.15304055577211
5.15249516985467
5.15195071663167
5.1514071961031
5.15086460445426
5.15032294549986
5.14978221733254
5.14924242185965
5.14870355717385
5.14816562708983
5.14762862970024
5.14709256309774
5.14655743300437
5.14602323369808
5.14548996517888
5.14495763316881
5.14442623766787
5.14389577295402
5.14336624474931
5.14283765114638
5.14230999023788
5.14178326583851
5.14125747604093
5.14073262275249
5.14020870406583
5.1396857218883
5.13916367621991
5.1386425651533
5.13812239250318
5.13760315826954
5.13708485863769
5.13656749551497
5.13605107080874
5.13553558451899
5.13502103664573
5.1345074252816
5.13399475424131
5.1334830178028
5.13297222359548
5.13246236971199
5.13195345424499
5.13144547719448
5.1309384404678
5.13043234025025
5.12992718417124
5.12942296650872
5.12891969107739
5.12841735596989
5.12791596309357
5.12741550672639
5.1269159964051
5.126417428315
5.12591980054873
5.12542311501364
5.12492737170975
5.12443256872969
5.12393871179551
5.12344579709253
5.12295382652808
5.12246279819482
5.12197271400009
5.1214835739439
5.1209953761189
5.12050812624713
5.12002181860655
5.11953645701186
5.11905203955571
5.11856856814545
5.11808604087372
5.11760445964787
5.11712382637527
5.11664413914856
5.11616539606038
5.11568760092544
5.11521075183638
5.11473485070057
5.11425989751799
5.1137858903813
5.11331283119785
5.11284071996764
5.11236955669067
5.11189934327428
5.11143007971848
5.11096176411592
5.1104943964666
5.11002797677052
5.10956250884238
5.10909799077482
5.10863442256786
5.10817180422148
5.10771013573569
5.10724941711049
5.10678965216058
5.10633083707126
5.10587297374988
5.10541606219644
5.10496010431829
5.10450509439337
5.10405103814375
5.10359793556941
5.10314578476302
5.10269458953926
5.1022443441761
5.10179505248822
5.10134671447564
5.10089933204569
5.10045290329103
5.10000742821167
5.09956291062229
5.09911934098616
5.09867673265471
5.09823507799856
5.09779437892504
5.09735463352682
5.09691584752594
5.09647801520035
5.09604113845739
5.09560522111178
5.09517025934881
5.09473625507583
5.0943032063855
5.0938711170925
5.09343998528949
5.09300981097648
5.09258059606081
5.09215233863512
5.09172504060678
5.09129869816108
5.09087331892743
5.09044889909111
5.09002543674479
5.08960293570315
5.08918139405886
5.08876081181192
5.08834119086966
5.08792253123209
5.08750483289922
5.08708809587104
5.08667232014755
5.08625750382141
5.08584365261466
5.08543076080524
5.08501883411523
5.0846078687299
5.08419786464927
5.08378882568803
5.08338074993883
5.08297363740168
5.08256748998392
5.08216230387085
5.08175808287717
5.08135482700289
5.080952536248
5.08055121061251
5.08015084818905
5.07975145279234
5.07935302251503
5.07895555735711
5.07855905922593
5.0781635281215
5.07776896404381
5.07737536508551
5.07698273315396
5.07659106824915
5.07620037227844
5.07581064333447
5.07542188141724
5.07503409034146
5.07464726629242
5.07426140736278
5.07387652118193
5.07349260393518
5.07310965752987
5.0727276781513
5.07234666770683
5.07196663001116
5.07158756124958
5.07120946332945
5.07083233815811
5.07045618192086
5.07008099461771
5.06970678197071
5.06933354016515
5.06896127110839
5.06858997480042
5.0682196493339
5.06785029470882
5.06748191664724
5.06711450942711
5.06674807877047
5.06638261704793
5.06601813379623
5.06565462138598
5.06529208363188
5.06493052053392
5.06456993399946
5.06421032021379
5.06385168299162
5.0634940204256
5.06313733442308
5.0627816230767
5.06242689020116
5.06207313198178
5.06172035223324
5.0613685452335
5.06101771861195
5.06066787046126
5.06031899696671
5.05997110385035
5.05962418920485
5.05927824921549
5.05893329151168
5.05858931227871
5.05824630960925
5.05790428922533
5.05756324540491
5.05722318196269
5.05688409889866
5.05654599812019
5.05620887581256
5.05587273388313
5.0555375761466
5.05520339688091
5.05487019608608
5.05453798139149
5.0542067470751
5.05387649695161
5.05354722720632
5.05321893974658
5.05289163457238
5.05256531549844
5.05223997680269
5.05191562420719
5.05159225389724
5.05126986587285
5.05094846394869
5.05062804812479
5.05030861649379
5.04999016905569
5.04967270771784
5.04935622866554
5.04904073762083
5.04872623458373
5.04841271573953
5.04810018490292
5.04778864016657
5.04747807962312
5.04716850708726
5.04685992446636
5.04655232985306
5.04624572134
5.04594010083455
5.04563547024405
5.0453318257538
5.04502917117849
5.04472750651814
5.04442683177275
5.0441271469423
5.0438284520268
5.0435307451189
5.04323402812596
5.04293830295531
5.04264356960697
5.04234982808093
5.04205707456248
5.04176531286635
5.04147454489986
5.04118476875567
5.04089598634114
5.04060819384155
5.04032139316427
5.04003558812399
5.03975077681337
5.03946695732504
5.03918413347372
5.0389023014447
5.03862146314533
5.03834162048296
5.03806277345759
5.03778492206923
5.03750806441052
5.03723220238882
5.03695733600411
5.03668346334906
5.03641059014571
5.03613871257937
5.03586783255738
5.03559794817239
5.0353290594244
5.03506117203547
5.03479427837619
5.03452838607596
5.03426348941274
5.03399959220122
5.03373669253405
5.03347479231859
5.03321389346218
5.03295399215012
5.03269508838242
5.03243718788113
5.03218028492418
5.03192438332629
5.03166948499481
5.03141558420768
5.03116268668695
5.03091078861793
5.03065989190796
5.0304099984644
5.03016110637989
5.02991321756179
5.02966633010274
5.02942044781745
5.02917556498386
5.02893168732402
5.02868881483794
5.02844694561827
5.028206079665
5.02796621697814
5.02772735946503
5.02748950712568
5.02725265996008
5.02701681987559
5.0267819830575
5.02654815332052
5.02631532684995
5.02608350936783
5.02585269896682
5.02562289373956
5.02539409750076
5.02516630452837
5.02493952245178
5.0247137474563
5.02448898144928
5.02426522443071
5.02404247449325
5.02382073354424
5.02359999967634
5.0233802786116
5.02316156462797
5.02294386154014
5.02272717125547
5.02251148805191
5.0222968138368
5.02208315242485
5.02187050381606
5.02165886419573
5.02144823737855
5.02123862145718
5.02103001643162
5.02082242611656
5.02061584860467
5.02041028198858
5.020205730083
5.02000219098058
5.01979966468131
5.01959815309256
5.01939765621431
5.01919817213922
5.01899970468199
5.01880224812057
5.01860581008436
5.01841038675865
5.0182159800508
5.01802258805347
5.01783021267399
5.01763885391237
5.01744850986126
5.01725918433536
5.01707087733467
5.01688358504448
5.01669731127951
5.01651205603974
5.01632781741784
5.01614459732114
5.01596239765701
5.01578121651808
5.01560105390437
5.01542191172321
5.01524378615992
5.01506668293653
5.0148906001457
5.01471553778744
5.01454149586173
5.01436847436859
5.01419647521535
5.01402549649468
5.01385554011392
5.01368660607306
5.01351869246477
5.01335180119639
5.01318593417527
5.01302109140141
5.01285727096746
5.01269447287342
5.01253269902665
5.01237194942713
5.01221222407488
5.01205352296989
5.01189584611216
5.01173919540904
5.01158357086053
5.01142897055928
5.0112753945053
5.01112284651328
5.01097132467587
5.01082082899307
5.01067136327959
5.01052292181336
5.01037550650175
5.0102291192521
5.01008376006442
5.00993943084604
5.00979612968963
5.00965385468784
5.0095126115627
5.00937239649953
5.00923321140567
5.00909505437377
5.00895792921854
5.00882183212527
5.00868676690866
5.00855273356872
5.00841972829073
5.00828775679677
5.00815681527211
5.00802690753147
5.00789802976015
5.00777018386549
5.00764337175484
5.0075175934282
5.00739284697823
5.00726913431228
5.00714645352298
5.00702480842506
5.00690419901849
5.00678462148859
5.00666607965006
5.00654857159554
5.00643209732503
5.00631666065324
5.00620225967282
5.00608889438376
5.00597656478606
5.00586527278708
5.00575501457211
5.00564579777056
5.00553761475303
5.00543047124156
5.0053243653288
5.00521929510741
5.00511526629944
5.00501227509018
5.00491032147964
5.00480940928252
5.00470953468411
5.00461069959176
5.00451290400549
5.00441614983262
5.00432043516583
5.00422576191245
5.00413213007249
5.00403953964594
5.00394798681811
5.0038574792184
5.0037680130321
5.00367959016657
5.00359220871446
5.00350587058312
5.00342057195784
5.00333632046803
5.00325311229898
5.00317094745071
5.00308982783055
5.00300974962381
5.00293071664518
5.00285272889467
5.00277578827964
5.00269989289272
5.00262504082656
5.00255123589588
5.00247847810066
5.00240676553356
5.00233610200928
5.00226648371312
5.00219791255242
5.00213038661985
5.00206391163744
5.00199848569785
5.00193410689373
5.00187077522508
5.0018084945066
5.00174726283093
5.00168707829074
5.00162794279336
5.00156986206086
5.00151282846382
5.00145684581695
5.00140191412025
5.00134803146638
5.00129520357737
5.00124342473118
5.00119269874251
5.00114302561136
5.00109440152303
5.00104683219957
5.00100031764098
5.00095485403256
5.00091044518901
5.00086708920298
5.00082478607447
5.00078353961818
5.00074334601941
5.00070420718552
5.00066612502384
5.00062909762703
5.00059312308775
5.00055820712803
5.00052434784054
5.00049154331792
5.00045979737487
5.00042910619669
5.00039947359808
5.00037089576434
5.00034337841753
5.00031691965029
5.00029151755527
5.00026717594717
5.00024388910394
5.00022166465498
5.00020050069295
5.00018039531049
5.0001613485076
5.00014336409898
5.00012643636259
5.00011057292781
5.00009576807261
5.00008202561168
5.00006934554503
5.00005772787265
5.00004716877984
5.000037675896
5.00002924349909
5.0000218754038
5.00001556970278
5.00001032830339
5.00000614929827
5.00000303459477
5.00000098610025
5
5.00000008010873
5.00000122451907
5.00000343323104
5.00000670815199
5.00001104928191
5.00001645852815
5.00002293207602
5.00003047374021
5.00003907970603
5.00004875569552
5.00005949789399
5.00007131011613
5.00008418854724
5.00009813700203
5.0001131516658
5.00012923635324
5.00014639106435
5.00016461579914
5.00018390865026
5.00020427152504
5.00022570442351
5.000248209253
5.00027178410617
5.00029643089036
5.00032214960558
5.00034894025182
5.00037679901439
5.00040573352269
5.00043574186936
5.0004668202397
5.00049897435578
5.00053219849553
5.00056649838101
5.00060187019751
5.00063831966709
5.00067584106769
5.00071443821403
5.00075411110608
5.00079485592917
5.00083668031268
5.00087958044193
5.00092355440954
5.00096860603024
5.00101473339666
5.00106193841616
5.00111022108874
5.00115958141439
5.00121001939312
5.00126153502493
5.00131412830982
5.00136780115514
5.00142255356088
5.00147838552705
5.00153529705365
5.00159328814068
5.00165235878814
5.00171250708867
5.00177374067168
5.00183605190777
5.001899446519
5.00196392259799
5.00202947823742
5.00209611725198
5.00216383964167
5.00223264349913
5.00230253073173
5.0023734994321
5.00244555341495
5.00251868886558
5.0025929095987
5.00266821752164
5.00274460691236
5.00282208158556
5.00290064154124
5.0029802867794
5.00306101920739
5.00314283501051
5.00322573991081
5.00330973009359
5.00339480555886
5.0034809701213
5.00356822187357
5.00365656081567
5.00374598885496
5.00383650408407
5.00392810841037
5.0040207999265
5.0041145805398
5.00420945215764
5.00430541478001
5.00440246649957
5.0045006073163
5.00459983723021
5.00470016005601
5.00480157388634
5.00490407872119
5.00500767646794
5.00511236521921
5.00521814497502
5.0053250176427
5.00543298512962
5.00554204362107
5.00565219693176
5.00576344124697
5.00587578228877
5.00598921814981
5.00610374692272
5.00621937051487
5.0063360908336
5.00645390215686
5.00657281402141
5.00669282070519
5.0068139222082
5.00693612234515
5.00705941730133
5.00718381089144
5.00730929930079
5.00743588825142
5.00756357392863
5.00769235823978
5.00782224309221
5.00795322467123
5.00808530297683
5.00821848373106
5.00835276502658
5.00848814495603
5.00862462542677
5.00876220643879
5.00890088608475
5.00904067008669
5.00918155462992
5.00932353971443
5.00946662724757
5.00961081722935
5.00975610965977
5.00990250644617
5.01005000568121
5.01019860927223
5.01034831531189
5.01049912570753
5.01065104045916
5.01080405956677
5.01095818303038
5.01111341466466
5.01126974874759
5.01142718909384
5.01158573570344
5.01174539048372
5.01190614961999
5.01206801692694
5.01223099240458
5.01239507414556
5.01256026214988
5.01272656023223
5.01289396839262
5.01306248281634
5.0132321073181
5.01340283999055
5.01357468274104
5.01374763556957
5.01392170038348
5.01409687336808
5.01427315833806
5.01445055147874
5.01462905851215
5.01480867753095
5.01498940853514
5.01517125152472
5.01535420649968
5.01553827346003
5.01572345431313
5.01590975096631
5.01609715960487
5.01628568213618
5.01647531856023
5.01666606887701
5.01685793499388
5.01705091691085
5.0172450146279
5.01744022814504
5.01763655746227
5.01783400257959
5.018032563497
5.01823224212185
5.01843303845414
5.01863495249386
5.01883798424103
5.01904213560299
5.01924740276504
5.01945378954187
5.0196612959335
5.01986992193992
5.02007966756113
5.02029053088978
5.02050251574057
5.02071562402085
5.02092985000857
5.02114519942578
5.02136166845778
5.02157925901193
5.02179797108821
5.02201780659399
5.02223876552925
5.02246084598666
5.02268405178091
5.02290837718995
5.02313382984319
5.02336040592591
5.02358810734548
5.02381693219454
5.02404688238044
5.02427795790318
5.02451015685541
5.02474348495919
5.02497793839981
5.02521351908462
5.02545022510628
5.02568805646477
5.02592701888216
5.02616710854374
5.02640832544952
5.02665067150684
5.0268941467157
5.0271387472614
5.027384478866
5.02763134152949
5.02787933334453
5.0281284543111
5.02837870824393
5.02863008942094
5.0288826035642
5.02913624876635
5.02939102693475
5.02964693616204
5.02990397835558
5.03016214970066
5.03042145782668
5.0306818970116
5.03094347107012
5.03120618000222
5.03147001999323
5.03173499676517
5.03200110459601
5.03226835111515
5.03253673250789
5.03280624877421
5.03307690182149
5.033348687835
5.03362161444417
5.03389567592693
5.03417087609798
5.03444721304998
5.03472468678293
5.03500329729682
5.03528304840636
5.0355639382042
5.03584596669033
5.03612913577211
5.03641344354218
5.0366988880932
5.03698547705457
5.03727320470423
5.03756207294954
5.03785208369785
5.0381432350418
5.03843552698141
5.03872896333135
5.03902354027695
5.03931926163289
5.03961612549183
5.03991412994642
5.04021327881136
5.04051357208664
5.04081501167962
5.04111759568295
5.04142132218928
5.0417261950133
5.04203221224768
5.04233937579975
5.04264768566952
5.04295714185699
5.04326774626951
5.04357949509237
5.04389239214029
5.04420643741325
5.04452162900391
5.04483797072697
5.04515546067508
5.04547409884824
5.04579388524645
5.04611482368441
5.04643691034742
5.04676014714283
5.04708453597799
5.04741007303819
5.0477367602308
5.04806460137051
5.04839359454996
5.04872373786182
5.04905503512078
5.04938748441949
5.0497210838506
5.05005583913615
5.05039174836881
5.05072881154858
5.05106702676809
5.0514063997494
5.05174692477046
5.05208860564598
5.05243144046859
5.05277543305301
5.05312058339923
5.0534668857852
5.05381434593297
5.05416296574989
5.05451274142127
5.05486367485444
5.05521576604942
5.05556901309885
5.05592341981744
5.05627898811252
5.05663571416941
5.05699359989545
5.05735264529064
5.05771285035499
5.05807421508849
5.05843674139849
5.05880042928499
5.059165278748
5.05953128978751
5.05989846240352
5.06026679659604
5.06063629427241
5.06100695543263
5.06137878007671
5.06175176820464
5.06212591981642
5.06250123300471
5.06287771349156
5.0632553593696
5.06363417063885
5.06401414539196
5.06439528744362
5.06477759488648
5.0651610696279
5.06554571166788
5.06593151909905
5.06631849573614
5.06670663776442
5.06709594899862
5.06748642943872
5.06787807908472
5.06827089602928
5.06866488408709
5.06906004135081
5.06945636591309
5.06985386349597
5.07025253219211
5.0706523720015
5.0710533810168
5.07145556305271
5.07185891620187
5.07226344046428
5.07266913965466
5.07307601186564
5.07348405518988
5.07389327344207
5.07430366471487
5.07471523091563
5.075127970137
5.07554188619367
5.0759569771783
5.07637324118353
5.07679068393143
5.07720930160728
5.07762909611844
5.07805006555756
5.07847221564668
5.07889553875641
5.07932004251615
5.07974572501855
5.08017258435626
5.08060062243663
5.08102983925965
5.08146023673268
5.08189181104102
5.08232456790672
5.08275850351508
5.0831936216808
5.08362992049652
5.08406739996226
5.084506060078
5.08494590275111
5.08538692798157
5.08582913576939
5.08627252802193
5.08671710283182
5.08716285829172
5.08760980012368
5.08805792642035
5.08850723527438
5.08895773240783
5.08940941019128
5.08986227625414
5.09031632868906
5.09077156749605
5.09122799267509
5.0916856042262
5.09214440024201
5.09260438644459
5.09306556092658
5.09352792368797
5.09399147472879
5.09445621404901
5.09492214164864
5.09538925943503
5.09585756740819
5.09632706556811
5.09679775391479
5.09726963435558
5.09774270498314
5.09821696579745
5.09869241870588
5.09916906370842
5.09964690271243
5.10012593381054
5.10060615891012
5.10108757419646
5.10157018539162
5.10205399249558
5.10253899169367
5.10302518680056
5.10351257400156
5.10400115901873
5.10449094185207
5.10498191868687
5.10547409143048
5.10596746199025
5.10646202845884
5.10695779274359
5.10745475484451
5.10795291666894
5.10845227440219
5.1089528337663
5.10945458903922
5.10995754594301
5.11046170066296
5.11096705701378
5.11147361499547
5.11198137270067
5.11249033012938
5.11300048918896
5.1135118498794
5.11402441410806
5.11453817996759
5.11505315127268
5.11556932039393
5.1160866968681
5.11660527497314
5.1171250604311
5.11764604751992
5.1181682400543
5.11869163612691
5.11921623955242
5.11974204842351
5.12026906464751
5.12079728631708
5.12132671533957
5.12185734790027
5.12238919162859
5.12292224270983
5.12345650114398
5.12399197074575
5.12452864579309
5.1250665301007
5.12560562557592
5.12614593031142
5.12668744621453
5.1272301713779
5.1277741077089
5.12831925520752
5.12886561387375
5.1294131837076
5.12996196852377
5.13051196450756
5.13106317356631
5.13161559379269
5.13216922900138
5.1327240791924
5.13328014245838
5.13383742070668
5.13439591584465
5.13495562215024
5.13551654725285
5.13607868733778
5.13664204431238
5.13720661817665
5.13777240702324
5.13833941466685
5.13890763920013
5.13947708253043
5.14004774465775
5.14061962558209
5.14119272530345
5.14176704191448
5.14234258113723
5.14291933915701
5.14349731788115
5.14407651921702
5.1446569393499
5.14523858018716
5.14582144554349
5.14640553160419
5.14699084027661
5.14757737346811
5.14816512736397
5.14875410387156
5.14934430680557
5.14993573425865
5.15052838432346
5.15112226081469
5.15171735991763
5.15231368735436
5.15291123931015
5.15351001959972
5.15411002440836
5.15471125755077
5.15531371902696
5.15591740311487
5.15652231935125
5.15712846392141
5.15773583682534
5.15834443997039
5.15895427144921
5.15956532935447
5.16017762131554
5.16079114351774
5.16140589596106
5.16202188055286
5.16263909538578
5.16325754045983
5.1638772195897
5.16449813277539
5.16512027620221
5.16574365368486
5.16636826713068
5.16699410891027
5.16762119046774
5.16824950417369
5.16887905384281
5.16950983756775
5.17014185725587
5.17077511481452
5.171409606429
5.172045335914
5.17268230517687
5.17332050849557
5.1739599496848
5.1746006306519
5.17524254758218
5.17588570619769
5.17653010268373
5.17717573894764
5.17782261689678
5.17847073080909
5.17912008831398
5.1797706875041
5.1804225264721
5.18107560903267
5.18172993137112
5.1823854953948
5.18304230491841
5.18370035612725
5.18435965092866
5.18502019123
5.18568197321657
5.18634499879571
5.18700927368949
5.1876747902685
5.18834155425478
5.18900956183364
5.18967881681978
5.1903493192132
5.1910210690139
5.19169406622188
5.19236831083713
5.19304380285967
5.19372054228949
5.19439853103393
5.19507777100036
5.19575825837406
5.19643999696975
5.19712298678741
5.19780722591971
5.19849271436664
5.19917945594289
5.19986744874113
5.20055669276134
5.20124719181824
5.20193894209712
5.20263194359798
5.20332620013552
5.20402170980239
5.2047184764133
5.20541649615353
5.2061157690231
5.20681629692934
5.20751808177962
5.20822112357393
5.20892542040492
5.20963097417995
5.21033778299166
5.2110458525621
5.21175517907657
5.21246576253507
5.21317760675231
5.21389070791358
5.21460506792623
5.21532068869761
5.21603757022773
5.21675571060923
5.21747511174947
5.21819577555578
5.21891769821348
5.21964088353727
5.22036532961979
5.22109104218309
5.22181801550512
5.22254625149324
5.2232757520548
5.22400651528244
5.22473854308351
5.22547183545801
5.22620639431331
5.22694221774203
5.22767930765154
5.22841766022714
5.22915728309822
5.22989817245008
5.23064032828274
5.23138375250352
5.23212844129774
5.23287440038745
5.23362162977264
5.23437012754597
5.23511989561479
5.23587093207174
5.23662323882417
5.2373768158721
5.23813166512286
5.23888778276175
5.23964517641819
5.2404038403701
5.24116377271016
5.2419249829751
5.24268746353553
5.24345121820615
5.2442162488943
5.24498255178529
5.24575013069382
5.24651898180519
5.24728910893409
5.24806051398788
5.24883319315186
5.24960715024073
5.25038238143979
5.25115889056373
5.25193667951991
5.25271574640098
5.25349608929959
5.25427771393779
5.25506061268618
5.25584479317415
5.25663025540172
5.25741699555417
5.25820501744622
5.25899432107785
5.25978490263437
5.26057676783783
5.26136991668823
5.26216434727823
5.26296005960781
5.26375705558433
5.26455533330044
5.26535489657084
5.26615574348818
5.26695787595982
5.26776129207839
5.2685659956586
5.26937198479311
5.27017925757455
5.27098781781764
5.27179766552237
5.27260880068874
5.27342122331675
5.27423493149905
5.27504993095769
5.27586621978533
5.27668379607461
5.27750266173288
5.27832281866749
5.27914426306374
5.27996700064369
5.28079102949998
5.28161634963261
5.28244296104158
5.2832708637269
5.28410005768856
5.28493054864861
5.285762330885
5.28659540630509
5.28742977681623
5.28826544051105
5.28910239929692
5.28994065317383
5.29078020404914
5.29162105001549
5.29246319107289
5.29330663103603
5.29415136799756
5.29499739814279
5.29584473100846
5.29669336087253
5.29754328773499
5.29839451541054
5.2992470400845
5.30010086747889
5.30095599377903
5.30181242089227
5.3026701488186
5.30352917565068
5.30438950711056
5.30525113938353
5.30611407437694
5.30697831399815
5.30784385443246
5.30871069949456
5.30957884727711
5.31044829968746
5.3113190567256
5.31219112029889
5.31306449040733
5.31393916323622
5.31481514260025
5.31569243040678
5.31657102474845
5.31745092562527
5.31833213685194
5.31921465461376
5.32009848081808
5.32098361355754
5.3218700585542
5.32275781390072
5.32364687768972
5.32453725373593
5.32542893631728
5.32632193497054
5.32721624397364
5.32811186523394
5.32900879875144
5.32990704261879
5.33080660255804
5.33170747475449
5.33260966302284
5.33351316354838
5.33441798014583
5.33532411090783
5.33623155774172
5.33714032064752
5.33805039962521
5.33896179467481
5.33987450961101
5.34078854061911
5.34170388579175
5.34262055275835
5.34353853961155
5.34445784253665
5.3453784672557
5.34630041186136
5.34722367444626
5.34814825882512
5.34907416499792
5.35000139105733
5.35092994081804
5.35185981237271
5.35279100381397
5.35372352277124
5.35465736161511
5.35559252606763
5.35652901422145
5.35746682607658
5.35840596354036
5.35934642661279
5.36028821529388
5.36123133149097
5.36217577138936
5.3631215368964
5.36406863373415
5.36501705808791
5.36596680995766
5.36691788934342
5.36787030005989
5.36882403829235
5.36977910404082
5.37073550302735
5.37169323143723
5.37265228927047
5.37361268224911
5.37457440274375
5.37553745647645
5.37650184344721
5.37746756365602
5.37843461710288
5.3794030037878
5.38037272561813
5.38134377877916
5.38231616899295
5.38328989435214
5.38426495676409
5.38524135432145
5.38621908702421
5.38719815677973
5.38817856549535
5.38916031126374
5.39014339408487
5.39112781777347
5.39211357660747
5.39310067630893
5.39408911687785
5.39507889640687
5.3960700187107
5.39706247997464
5.39805628210604
5.39905142510489
5.40004791087855
5.40104574133438
5.40204491265765
5.40304542866309
5.40404728744334
5.40505048899839
5.40605503714295
5.40706092996968
5.40806816747856
5.4090767496696
5.4100866803575
5.41109795572755
5.41211057768712
5.41312454814355
5.41413986709684
5.41515653263963
5.41617454667929
5.41719391112316
5.41821462406388
5.41923668740882
5.42026010115797
5.42128486531133
5.42231097605419
5.42333844292332
5.42436726210402
5.42539743168892
5.42642895549273
5.4274618316081
5.42849606003504
5.42953164077354
5.43056857954565
5.43160687253667
5.4326465197466
5.43368752117544
5.4347298806379
5.43577359431927
5.43681866603425
5.43786509387549
5.43891287975035
5.43996202556617
5.44101252750825
5.44206438748395
5.44311760740061
5.44417218725823
5.44522812896416
5.44628542870371
5.44734408838423
5.44840410991305
5.44946549519754
5.45052824233035
5.45159235131147
5.4526578221409
5.45372465672599
5.45479285506676
5.45586241716318
5.45693334492262
5.45800563834508
5.4590792955232
5.46015431836434
5.46123070877584
5.46230846294301
5.46338758658789
5.46446807780314
5.46554993658875
5.46663316294473
5.46771775687107
5.46880372218249
5.46989105697162
5.47097976123846
5.47206983689037
5.47316128011265
5.47425409662735
5.47534828452711
5.47644384381194
5.47754077638918
5.47863908225885
5.47973876142093
5.48083981196808
5.48194223962234
5.48304604056903
5.48415121671548
5.4852577680617
5.48636569460769
5.48747499635344
5.48858567711367
5.48969773498101
5.49081116995547
5.49192598203706
5.49304217122576
5.49415974133628
5.49527869046126
5.49639901860072
5.49752072575465
5.49864381573775
5.49976828664266
5.5008941346547
5.50202136740326
5.50314998298098
5.50427997948053
5.5054113607166
5.50654412287449
5.5076782697689
5.50881380139983
5.50995071776728
5.51108901887125
5.51222870661909
5.5133697771961
5.51451223632434
5.51565608209645
5.51680131641977
5.51794793738698
5.51909594499805
5.52024534116034
5.52139612778121
5.5225483029533
5.52370186858396
5.52485682467319
5.526013171221
5.52717090632003
5.52833003378498
5.52949055552321
5.53065246962736
5.53181577419008
5.53298047302607
5.53414656613534
5.53531404970319
5.536482931359
5.53765320728809
5.53882487939781
5.5399979457808
5.54117240643706
5.54234826708865
5.54352552392087
5.54470417884105
5.54588422994187
5.54706567913065
5.54824852831477
5.54943277749421
5.55061842476162
5.55180547393171
5.55299392309712
5.55418377225787
5.55537502141393
5.55656767438003
5.5577617292488
5.55895718792759
5.56015404850906
5.56135231290056
5.56255197919474
5.56375305120629
5.56495552893522
5.56615941238153
5.56736470154521
5.56857139642628
5.56977949702471
5.57098900334053
5.57219991918843
5.57341224266105
5.5746259737584
5.57584111629518
5.57705766264199
5.57827562233557
5.57949499156124
5.58071577222633
5.5819379624235
5.5831615640601
5.58438657904348
5.58561300546629
5.58684084332853
5.5880700964449
5.5893007610007
5.59053284081063
5.59176633396734
5.59300124237817
5.59423756795049
5.59547530877694
5.59671446485752
5.59795503809958
5.59919702468842
5.60044043225344
5.6016852588873
5.60293150268263
5.6041791655468
5.60542824938714
5.60667874848162
5.60793067045963
5.60918401341382
5.6104387773442
5.61169496225075
5.61295257194819
5.61421159880711
5.61547205045691
5.6167339268976
5.61799722622182
5.61926195033692
5.6205280954282
5.62179566912507
5.62306466952017
5.62433509470616
5.62560694468303
5.62688022326548
5.62815492854616
5.62943106052508
5.63070862110959
5.63198761029967
5.6332680300027
5.6345498783113
5.63583315713285
5.63711786455997
5.63840400440738
5.63969157476773
5.64098057754836
5.64227101274928
5.64356288037048
5.64485618041197
5.64615091478109
5.6474470815705
5.6487446845949
5.65004372194693
5.65134419553395
5.65264610344861
5.6539494495056
5.65525422989023
5.65656044841719
5.65786810508649
5.65917719799078
5.66048773094476
5.66179970394842
5.66311311509442
5.66442796629011
5.66574425944284
5.66706198883055
5.66838116399001
5.66970177919915
5.67102383636533
5.67234733548855
5.67367227847615
5.6749986672355
5.67632649604453
5.67765577062531
5.67898649097782
5.68031865519472
5.68165226709072
5.68298732475845
5.68432382629057
5.68566177740913
5.68700117620678
5.68834202268352
5.6896843187467
5.69102806248898
5.69237325391034
5.69371989873284
5.69506799123444
5.69641753713717
5.69776853262635
5.69912097770197
5.70047487808607
5.70183022996398
5.70318703715037
5.70454529583055
5.70590500981923
5.7072661753017
5.70862879800001
5.70999287600681
5.71135840932211
5.71272539985325
5.71409384760023
5.7154637506557
5.71683511283437
5.71820793222888
5.71958221074658
5.72095794838748
5.72233514705892
5.72371380294621
5.72509391986404
5.72647549971976
5.72785853869868
5.72924304061549
5.73062900547019
5.7320164332628
5.73340532208594
5.73479567575433
5.73618749426797
5.73758077762685
5.73897552583098
5.74037173888035
5.74176941868231
5.74316856523688
5.74456917854404
5.74597126051114
5.74737480923084
5.74877982470314
5.75018631074274
5.75159426544228
5.75300369070911
5.75441458654325
5.75582695294468
5.75724078991341
5.75865609744944
5.76007287936746
5.76149113376013
5.76291086062745
5.76433206187677
5.76575473560074
5.7671788837067
5.76860450810201
5.77003160878667
5.77146018385333
5.77289023520934
5.7743217628547
5.77575476869675
5.77718925273551
5.77862521497096
5.78006265540311
5.78150157593932
5.78294197467222
5.78438385350918
5.78582721626488
5.78727205721728
5.78871838018109
5.79016618706364
5.7916154721429
5.7930662449556
5.79451849787236
5.79597223661522
5.79742745927683
5.79888416776454
5.800342360171
5.80180203840357
5.80326320436958
5.80472585806905
5.80618999568727
5.80765562485364
5.80912273984612
5.81059134257204
5.81206143684612
5.81353302076101
5.81500609431669
5.81648065942053
5.81795671225782
5.81943425855062
5.82091329829892
5.82239382959537
5.82387585434733
5.82535937255479
5.82684438421775
5.82833089124357
5.82981889363225
5.83130839138378
5.83279938449816
5.8342918729754
5.83578585872284
5.83728134174049
5.83877832393569
5.84027680530845
5.84177678395141
5.84327826177193
5.84478124067736
5.84628571876034
5.84779169792823
5.84929917818102
5.85080816142608
5.85231864575603
5.85383063307825
5.85534412148537
5.85685911669945
5.85837561681314
5.85989361801173
5.86141312792463
5.86293413892244
5.86445666054191
5.86598068706098
5.86750622229436
5.86903326242735
5.87056181127465
5.87209186883626
5.87362343701953
5.8751565139171
5.87669109952899
5.87822719957723
5.87976480643244
5.88130392581665
5.88284455772987
5.8843867021721
5.88593036105069
5.8874755324583
5.88902221830226
5.89057041476788
5.89212012948456
5.89367136054496
5.89522410604171
5.89677836788218
5.8983341479737
5.89989144440894
5.90145025718789
5.90301059012525
5.90457244322103
5.90613581456786
5.90770070607311
5.90926711582941
5.91083504955884
5.91240450344667
5.91397547940027
5.91554797932698
5.91712199750475
5.91869754347033
5.92027461150168
5.92185320350614
5.92343332139107
5.92501496515646
5.92659813480231
5.92818282842127
5.92976905173541
5.93135680093
5.93294607791241
5.93453688458998
5.93612921905537
5.93772308130858
5.93931847707165
5.94091540062253
5.94251385577593
5.94411384253184
5.94571536089027
5.94731841275857
5.94892299432203
5.95052911130271
5.95213676370061
5.95374594960837
5.95535666902599
5.95696892386084
5.95858271602025
5.96019804359688
5.96181490849807
5.96343331263119
5.96505325027417
5.96667472905642
5.96829774707058
5.96992230431666
5.97154840079467
5.97317604031929
5.97480521907583
5.97643593706428
5.97806819809936
5.9797020040884
5.98133735121672
5.982974243299
5.98461267652055
5.98625265469608
5.98789417973292
5.98953724972373
5.99118186657586
5.99282802838196
5.99447573895673
5.99612499448547
5.99777580069024
5.99942815375632
6.00108205749843
6.0027375100092
6.004394513196
6.00605306324412
6.00771316969031
6.00937482490517
6.01103803461075
6.01270279689971
6.01436910795733
6.01603697732038
6.0177063992668
6.01937737570395
6.02104990853917
6.02272399586511
6.02439963958912
6.02607684161856
6.02775559813871
6.02943591487165
6.03111778991001
6.03280122516114
6.03448621681034
6.03617276867232
6.03786088265443
6.0395505568493
6.04124179316431
6.04293458969208
6.04462895024734
6.04632487292271
6.04802235771822
6.04972141035589
6.0514220251137
6.05312420580633
6.05482795243378
6.05653326308872
6.05824014158582
6.05994858792511
6.06165860210657
6.06337018413021
6.06508333399602
6.06679805361136
6.06851434297623
6.07023220399798
6.0719516328619
6.07367263529005
6.07539520937508
6.07711935511699
6.07884507442312
6.08057236920084
6.08230123563543
6.0840316775416
6.085763693012
6.08749728395398
6.08923245227489
6.09096919797472
6.09270751914614
6.09444741769648
6.09618889744046
6.09793195265602
6.09967658715785
6.10142280285332
6.10317059783506
6.10491997591779
6.1066709332868
6.10842347184943
6.11017759351305
6.111933300185
6.11369058805058
6.1154494609245
6.11720991689939
6.11897195788262
6.12073558768888
6.12250080250347
6.12426760232639
6.12603599097235
6.12780596462664
6.12957752901131
6.13135068031166
6.13312542424975
6.13490175510352
6.13667967859502
6.13845919090956
6.14024029395448
6.14202299154449
6.14380728177223
6.14559316273035
6.14738064014091
6.1491697101892
6.15096037287523
6.15275263392104
6.15454648951194
6.15634194155527
6.15813899005104
6.15993763499924
6.16173788021458
6.1635397237897
6.16534316381727
6.16714820601931
6.16895484658115
6.17076308741012
6.17257293041357
6.17438437559152
6.1761974210366
6.17801207247087
6.17982832607962
6.18164617995552
6.18346564172795
6.18528670758222
6.18710937942567
6.18893365916567
6.1907595429875
6.19258703470587
6.19441613050608
6.19624683801753
6.19807915533287
6.19991308054475
6.20174861556052
6.20358576038017
6.20542451500372
6.20726488324586
6.20910686319923
6.21095045486385
6.2127956620544
6.21464247904885
6.21649091347659
6.21834096152292
6.22019262509519
6.2220459041934
6.2239008007249
6.22575731087499
6.22761544227308
6.22947518919711
6.23133655736913
6.23319954297444
6.23506414792039
6.23693037220699
6.23879821964893
6.24066768833886
6.24253877827678
6.24441149137005
6.24628582571131
6.24816178320792
6.25003936576722
6.25191857338921
6.2537994060739
6.25568186572863
6.2575659523534
6.25945166404087
6.26133900079104
6.26322796832595
6.26511856473825
6.26701079002795
6.2689046461024
6.27080012914689
6.27269724297612
6.27459599140481
6.27649637061823
6.27839838252376
6.28030202521403
6.28220730250375
6.28411421439291
6.28602276088152
6.28793294387693
6.28984476147179
6.29175821557344
6.29367330618189
6.29559003329714
6.29750840073388
6.29942840658478
6.30135005084982
6.30327333543636
6.30519825843705
6.30712482366659
6.30905302921763
6.31098287890486
6.31291437082095
6.31484750496588
6.31678228324702
6.318718703757
6.32065677031054
6.32259648100027
6.32453784154826
6.32648084623245
6.32842549696018
6.33037179563882
6.33231974417571
6.3342693406635
6.33622058700954
6.33817348130648
6.34012802736902
6.34208422519717
6.34404207288357
6.34600157424292
6.34796272927522
6.34992553607313
6.35188999463663
6.35385611068779
6.35582388041191
6.35779330762368
6.35976439041575
6.36173712878812
6.3637115227408
6.36568757799583
6.36766529073852
6.36964466096886
6.3716256944089
6.3736083853366
6.37559273756666
6.37757874919172
6.37956642593383
6.3815557639783
6.38354676332513
6.38553942969636
6.3875337554626
6.38952975016059
6.39152740806829
6.39352673490774
6.39552772495691
6.39753038203048
6.3995347080358
6.40154070297289
6.40354836684173
6.40555769964232
6.40756870328203
6.40958137394614
6.41159571735671
6.41361173351374
6.41562942241723
6.41764878406718
6.41966981846358
6.4216925275138
6.42371690931047
6.4257429676683
6.4277707025873
6.42980011406745
6.43183120210876
6.43386396671123
6.43589840787486
6.43793452941435
6.43997233323706
6.44201181362092
6.44405297628799
6.44609581933093
6.44814034274972
6.45018654845173
6.4522344383443
6.45428401052008
6.45633526879377
6.45838820935067
6.46044283600549
6.46249914875822
6.46455714760886
6.46661683255742
6.46867820741858
6.47074126837767
6.47280601543466
6.47487245431162
6.47694058500854
6.47901040561807
6.48108191614022
6.48315511848234
6.48523001073706
6.48730659862645
6.48938488215051
6.49146485558718
6.49354652656587
6.49562989127187
6.49771494970519
6.49980170758787
6.50189016301257
6.50398031407194
6.50607216267332
6.50816571263142
6.51026096013153
6.51235790708102
6.51445655538721
6.51655690505013
6.51865895797711
6.52076271035346
6.52286816790123
6.52497532871307
6.52708419278897
6.52919476203629
6.53130703836238
6.53342101604519
6.53553670462147
6.53765410027652
6.53977320110298
6.54189401282292
6.54401653162162
6.54614076322115
6.54826669999209
6.55039434956386
6.55252371193644
6.55465478710985
6.55678757317672
6.55892207204442
6.56105828371294
6.56319621199697
6.56533585689654
6.56747721459692
6.56962028891282
6.57176507793689
6.57391158739119
6.57605981536836
6.5782097618684
6.58036142498397
6.58251481234445
6.58466991441311
6.5868267407267
6.58898528937785
6.59114556036658
6.59330755369289
6.59547127126412
6.59763670926557
6.59980387723399
6.60197276754
6.60414338590562
6.60631572851617
6.6084898010937
6.6106655998235
6.61284312470557
6.61502238146197
6.61720336818535
6.61938608296836
6.62157053153303
6.62375671197204
6.62594462047067
6.62813426275098
6.63032564072032
6.63251875056398
6.63471359800402
6.63691017731839
6.63910849232179
6.64130854492156
6.64351033702506
6.64571386481759
6.6479191302065
6.65012613319178
6.65233487758815
6.65454536339559
6.65675758870677
6.65897155733637
6.6611872654697
6.66340471501412
6.66562390978431
6.66784484978028
6.67006753309468
6.67229196163487
6.67451813540083
6.67674605629992
6.6789757224248
6.68120713759016
6.683440301796
6.68567521504232
6.68791187542177
6.6901502886564
6.69239044902417
6.69463236415447
6.69687603213995
6.69912145107326
6.70136862286176
6.70361754750544
6.705868228819
6.70812066298775
6.71037485573373
6.71263080514959
6.71488850932799
6.71714797017627
6.71940919341649
6.72167217332659
6.72393691372128
6.72620341460055
6.72847167405706
6.73074169399815
6.73301348014588
6.73528702677819
6.73756233770979
6.73983941294068
6.74211825247085
6.74439885630031
6.74668122633641
6.74896536448649
6.75125126693586
6.75353894131392
6.75582837999127
6.7581195905973
6.76041256931732
6.76270731996603
6.76500384063608
6.76730213323482
6.76960219776224
6.77190403421835
6.77420764641786
6.7765130324534
6.77882019232498
6.7811291298473
6.78343984120566
6.78575233021477
6.78806659496726
6.79038264118519
6.79270046314651
6.79502006657328
6.79734144955813
6.79966461210108
6.80198955610947
6.80431628349065
6.80664479233727
6.80897508646403
6.81130716205624
6.81364102292859
6.81597666908108
6.81831410051371
6.82065331913384
6.82299432494146
6.82533711984393
6.82768170002653
6.83002807121133
6.83237623149098
6.83472618277282
6.83707792505685
6.83943145834308
6.8417867826315
6.84414390173682
6.84650281565904
6.8488635224908
6.8512260260468
6.853590320605
6.8559564137948
6.85832430561619
6.86069399416183
6.86306548133907
6.8654387671479
6.86781385158833
6.8701907365677
6.87256942208603
6.87494991005065
6.87733220046157
6.87971629331879
6.88210218862231
6.88448988827947
6.88687939229028
6.88927070446944
6.89166382100226
6.89405874379607
6.89645547475823
6.89885401388873
6.90125436118759
6.9036565166548
6.90606048601241
6.90846626353837
6.91087385304738
6.91328325263209
6.91569446610721
6.91810749538007
6.92052233854333
6.92293899368965
6.92535746463372
6.92777775328289
6.93019985582246
6.93262377988184
6.93504951973897
6.93747707920855
6.93990645829058
6.94233765507772
6.94477067529201
6.94720551511875
6.9496421764653
6.95208066314635
6.95452097134721
6.95696310488257
6.95940706184509
6.96185284604946
6.96430045558833
6.96674989236906
6.9692011544843
6.97165424384139
6.97410916616239
6.97656591572525
6.97902449634466
6.98148490802062
6.98394715075315
6.98641122263488
6.98887713129522
6.99134487291946
6.99381444941497
6.99628585887438
6.99875910320504
7.00123418622167
7.00371110410956
7.0061898606834
7.00867045785055
7.01115289179632
7.01363716633539
7.01612327765307
7.01861123147141
7.02110102969776
7.02359266851742
7.02608614983774
7.02858147747342
7.03107864570241
7.03357766215411
7.03607852301382
7.0385812301889
7.04108578558668
7.04359218920718
7.04610043914304
7.04861053920896
7.05112248940495
7.05363629163834
7.0561519440018
7.05866944840268
7.06118880293361
7.06371001522401
7.06623307955182
7.0687579978244
7.07128477385644
7.07381340192589
7.07634389156951
7.0788762351579
7.08141044032045
7.08394650133511
7.08648442392394
7.08902420427223
7.09156584810204
7.09410935159867
7.09665471857681
7.09920194903647
7.101751044885
7.10430200230769
7.10685482511925
7.10940951331967
7.11196606881632
7.11452449351653
7.11708478551296
7.1196469448056
7.12221097139447
7.1247768710016
7.1273446398123
