6.72434594385916
6.72287354741739
6.72140168884919
6.71993036624719
6.7184595834261
6.71698933466386
6.71551962568253
6.71405045457477
6.71258181943321
6.71111372216521
6.70964616277076
6.70817914124988
6.70671265760255
6.70524671182878
6.70378130392857
6.70231643390192
6.70085210365618
6.699388311284
6.69792505678538
6.69646234397502
6.69500016713087
6.69353853006763
6.69207743087795
6.69061687146918
6.68915685184133
6.68769736817967
6.68623842811364
6.68478002592116
6.6833221635096
6.68186483897159
6.68040805612185
6.67895181305302
6.67749611167246
6.67604094816545
6.67458632443936
6.67313224049418
6.67167869823726
6.67022569576126
6.66877323497351
6.66732131396668
6.66586993655547
6.66441909511047
6.66296879726108
6.66151904109996
6.6600698266271
6.65862115193515
6.65717301702411
6.6557254257087
6.65427837608154
6.65283186814266
6.65138590189203
6.64994047732967
6.64849559636293
6.6470512551771
6.64560745567954
6.64416420168494
6.64272148747126
6.6412793168532
6.6398376879234
6.63839660258922
6.63695606085065
6.63551606080035
6.63407660434567
6.63263768957925
6.63119932222316
6.62976149464798
6.62832421066842
6.62688747028447
6.6254512754035
6.62401562221079
6.62258051261369
6.62114594851957
6.61971192802107
6.61827845111818
6.61684551781091
6.61541313000662
6.61398128961264
6.61254998899958
6.61111923579684
6.60968902618972
6.60825936208557
6.60683024348439
6.60540166847883
6.60397363897624
6.60254615497662
6.60111921647998
6.5996928234863
6.59826697790295
6.59684167591521
6.5954169213378
6.593992710356
6.59256904678453
6.59114592871603
6.5897233561505
6.58830133290265
6.58687985325042
6.58545892100851
6.58403853617692
6.5826186968483
6.58119940683737
6.5797806623294
6.57836246523175
6.57694481363708
6.57552770945273
6.57411115458606
6.57269514522236
6.57127968326898
6.56986477063328
6.5684504054079
6.56703658759285
6.56562331718812
6.56421059800842
6.56279842433169
6.56138679997264
6.55997572302391
6.55856519539286
6.55715521707949
6.55574578426908
6.55433690268371
6.55292857041601
6.55152078746599
6.5501135519263
6.54870686570428
6.54730073070729
6.54589514502798
6.54449010866634
6.54308561971503
6.5416816838961
6.5402782954875
6.53887545639657
6.53747317043803
6.53607143188981
6.53467024647397
6.53326961037581
6.53186952168797
6.53046998803987
6.52907100370945
6.5276725686967
6.52627468490899
6.52487735425365
6.523480572916
6.52208434280337
6.52068866391577
6.51929353816056
6.51789896363037
6.51650494032522
6.51511146633774
6.51371854739
6.51232617966729
6.51093436507696
6.50954309980431
6.50815238766404
6.50676222865616
6.50537262278065
6.50398356813018
6.50259506661209
6.50120712013374
6.49981972488041
6.49843288275947
6.49704659377092
6.49566085791474
6.49427567519095
6.49289104559954
6.49150696914052
6.49012344772123
6.48874047943432
6.4873580642798
6.48597620416501
6.48459489908996
6.48321414714729
6.48183395024436
6.48045430647381
6.479075217743
6.47769668405192
6.47631870349322
6.47494127988162
6.4735644094024
6.47218809396291
6.47081233547051
6.46943713201785
6.46806248360493
6.46668839213909
6.46531485380564
6.46394187051192
6.46256944416529
6.46119757476576
6.45982626040595
6.45845550108589
6.45708530062026
6.45571565328702
6.45434656480822
6.45297803136916
6.45161005869189
6.450242639147
6.44887577654921
6.4475094708985
6.44614372219488
6.44477853043835
6.44341389753627
6.44204982158127
6.44068630257336
6.43932334051254
6.43796093730616
6.43659909104688
6.43523780554938
6.43387707509163
6.43251690348831
6.43115729073944
6.42979823493766
6.42843973989767
6.42708179989741
6.42572442065896
6.42436760027494
6.42301133874537
6.42165563607024
6.42030049224955
6.41894590919066
6.4175918849862
6.41623842154355
6.41488551504798
6.41353316740686
6.41218138243488
6.41083015440999
6.40947948905425
6.40812938255295
6.40677983681345
6.40543084992839
6.40408242380513
6.40273456035101
6.40138725575134
6.40004051191346
6.39869432883737
6.39734870652308
6.39600364687794
6.39465914608724
6.39331520796569
6.39197183251329
6.39062901782268
6.38928676198652
6.38794507072685
6.38660394213634
6.38526337240027
6.38392336724069
6.38258392284292
6.38124504111429
6.37990672014745
6.37856896375712
6.37723176812858
6.37589513707655
6.37455907060101
6.37322356297992
6.37188861802798
6.37055424146724
6.36922042376095
6.36788717063115
6.36655448017051
6.36522235428636
6.36389079107137
6.36255979243287
6.36122935646353
6.35989948697804
6.35857018016169
6.35724143792185
6.35591326025851
6.35458564526431
6.35325859675398
6.35193211091279
6.35060619155545
6.34928083677461
6.34795604657028
6.34663182094245
6.34530816179847
6.34398506913835
6.34266253914737
6.34134057564025
6.34001917861698
6.33869834617022
6.33737808020731
6.3360583788209
6.33473924582569
6.33342067740699
6.33210267547214
6.33078524002115
6.32946837105401
6.32815207047808
6.326836336386
6.32552116687043
6.32420656574606
6.32289253110555
6.32157906485624
6.32026616318343
6.31895383180919
6.31764206501145
6.31633086851226
6.31502023849693
6.31371017687281
6.3124006836399
6.31109175879819
6.30978340044034
6.30847561047369
6.30716839080561
6.30586173762138
6.30455565282835
6.30325013833389
6.30194519223064
6.30064081451859
6.2993370071051
6.29803376808282
6.2967310993591
6.29542899902659
6.29412746899263
6.29282650734989
6.29152611600571
6.29022629305273
6.28892704230566
6.28762835994981
6.28633024789251
6.28503270804113
6.28373573658096
6.28243933541934
6.28114350837099
6.27984824971385
6.27855356135527
6.27725944329525
6.27596589744114
6.2746729218856
6.27338051853597
6.27208868739225
6.27079742654709
6.26950673790784
6.26821662147451
6.26692707343238
6.26563810331823
6.26434970159529
6.26306187207826
6.26177461476714
6.26048792966193
6.25920181867
6.25791627797662
6.25663131139651
6.25534691892966
6.25406309866873
6.25277985061371
6.25149717476461
6.25021507493613
6.24893354731355
6.24765259380425
6.24637221250086
6.24509240531073
6.24381317223387
6.24253451327028
6.24125642841996
6.2399789176829
6.23870198105911
6.23742562045593
6.23614983205867
6.23487461968203
6.23359998141866
6.23232591917591
6.23105242913907
6.2297795170302
6.2285071790346
6.22723541515226
6.2259642291979
6.2246936173568
6.22342358344368
6.22215412364382
6.22088523986459
6.21961693210597
6.21834919846062
6.21708204274324
6.21581546304648
6.21454946127769
6.21328403362217
6.21201918389463
6.21075491209505
6.20949121440874
6.20822809846511
6.20696555663475
6.20570359273236
6.20444220485059
6.20318139489679
6.20192116287096
6.20066150686576
6.19940243260323
6.19814393245397
6.19688601214003
6.19562866975407
6.19437190529608
6.19311572067341
6.19186011397872
6.190605085212
6.18935063437325
6.18809676527719
6.18684347220174
6.18559075896161
6.18433862555682
6.18308707198734
6.18183609443849
6.18058570053967
6.17933588456882
6.1780866484333
6.17683799404046
6.17558991757558
6.17434242094604
6.17309550605917
6.17184916910028
6.17060341388406
6.16935824041052
6.16811364677231
6.16686963296943
6.16562620090922
6.16438334868434
6.16314108010949
6.16189939327732
6.16065828437312
6.15941775911895
6.15817781560746
6.1569384519313
6.15569966999782
6.15446147171436
6.15322385517359
6.15198682228285
6.15075036922743
6.14951449791469
6.14827921215934
6.14704450814667
6.14581038587667
6.14457684725671
6.14334389037942
6.14211151905952
6.14087972757495
6.13964852164776
6.1384178993706
6.13718786074347
6.13595840385902
6.13472953253196
6.13350124485493
6.13227354082793
6.13104642045096
6.12981988372403
6.12859393446183
6.12736856694231
6.12614378307282
6.12491958666807
6.1236959758207
6.12247294862337
6.12125050507607
6.12002864708615
6.11880737656097
6.11758668968582
6.11636658836806
6.11514707260768
6.11392814240469
6.11270979775908
6.11149204057821
6.11027486895472
6.10905828479597
6.10784228619461
6.10662687315063
6.10541204566403
6.10419780754953
6.10298415499241
6.10177108799268
6.10055861036503
6.09934671829478
6.09813541368926
6.09692469654847
6.09571456687243
6.09450502847583
6.09329607372926
6.09208770835478
6.09087992853769
6.08967274000004
6.08846613701977
6.0872601234116
6.08605469917551
6.08484986240417
6.08364561500491
6.0824419550704
6.08123888641532
6.08003640713234
6.0788345153141
6.07763321096059
6.07643249788653
6.07523237418456
6.07403284176203
6.07283389680424
6.07163554121854
6.07043777691228
6.06924060197812
6.0680440183234
6.06684802594812
6.06565262294493
6.06445781122119
6.06326358886954
6.06206995779733
6.06087691609722
6.0596844675839
6.05849260844267
6.05730134248824
6.05611066781325
6.05492058251035
6.05373109039425
6.0525421895576
6.05135388190774
6.05016616553732
6.04897904044635
6.04779250854218
6.04660656791745
6.04542122238687
6.04423646622837
6.04305230325668
6.04186873347179
6.04068575878104
6.03950337346239
6.03832158323788
6.03714038810753
6.03595978425661
6.03477977549985
6.03360035611518
6.03242153563937
6.031243306443
6.03006567043342
6.028888629518
6.02771218369673
6.0265363329696
6.02536107542928
6.02418641107575
6.02301234372372
6.02183887146584
6.02066599239476
6.01949370841783
6.01832202144241
6.01715092765378
6.01598043086665
6.01481052917367
6.01364122257485
6.01247251297752
6.0113044003817
6.01013687906533
6.00896995856516
6.00780363315914
6.00663790284727
6.00547276953691
6.00430823322804
6.00314429392069
6.00198094970748
6.00081820440313
5.99965605610028
5.99849450479893
5.99733355240644
5.9961731951081
5.99501343481126
5.99385427342328
5.99269571094415
5.99153774546653
5.99038037889776
5.9892236093305
5.98806743676474
5.98691186501519
5.98575689217449
5.98460251824266
5.98344874131232
5.98229556329084
5.98114298417822
5.9799910058818
5.97883962649424
5.97768884410819
5.97653866444569
5.9753890817847
5.97424009993992
5.97309171891135
5.97194393679163
5.97079675739548
5.96965017690818
5.96850419532974
5.96735881456751
5.96621403462148
5.96506985549167
5.96392627717806
5.96278329968067
5.96164092299948
5.9604991471345
5.95935797399309
5.95821740357523
5.95707743206623
5.95593806518815
5.95479929721893
5.95366113197326
5.95252356945116
5.95138660774527
5.95025024876294
5.94911449441152
5.94797934087631
5.94684479006467
5.94571084197659
5.94457749661207
5.94344475587846
5.94231261786842
5.94118108258194
5.94005015001902
5.93891982208702
5.93779009687858
5.9366609743937
5.93553245844709
5.93440454522404
5.93327723472455
5.93215053076334
5.93102443143303
5.92989893673365
5.92877404475782
5.92764975741291
5.92652607660627
5.92540300043054
5.92428052888573
5.92315866197183
5.9220374015962
5.92091674775885
5.9197966985524
5.91867725397687
5.91755841784696
5.91644018444062
5.91532255947989
5.91420553915008
5.91308912726589
5.91197332001262
5.91085811929762
5.90974352702823
5.90862953938977
5.90751616210427
5.90640338944969
5.90529122333338
5.90417966566269
5.90306871643763
5.90195837375083
5.90084863760229
5.89973950989938
5.8986309906421
5.89752307983043
5.89641577746438
5.8953090816366
5.89420299806915
5.89309752103997
5.89199265245641
5.89088839231847
5.88978474062615
5.88868169928681
5.88757926639309
5.88647744194498
5.88537622784986
5.8842756241077
5.88317562881117
5.88207624386762
5.88097747118439
5.87987930694678
5.87878175306214
5.87768480762313
5.87658847444444
5.87549275161873
5.874397639146
5.87330313702623
5.8722092471668
5.87111596766034
5.87002329850685
5.86893124161369
5.86783979698086
5.86674896460836
5.86565874258883
5.86456913092227
5.86348013151604
5.8623917462775
5.86130397139192
5.86021680876668
5.85913026030911
5.85804432220452
5.85695899826761
5.85587428849838
5.85479019098948
5.8537067057409
5.85262383466
5.85154157583944
5.8504599292792
5.84937889879399
5.84829848056911
5.84721867651191
5.84613948662239
5.8450609089932
5.84398294743904
5.84290560005257
5.84182886874112
5.84075275159736
5.83967724671392
5.83860235790552
5.83752808517215
5.83645442660646
5.83538138220845
5.83430895388548
5.83323714163754
5.83216594355728
5.83109536155205
5.83002539752921
5.82895604767405
5.82788731580127
5.82681919809618
5.82575169646612
5.82468481281845
5.82361854524581
5.8225528937482
5.82148786023298
5.82042344279279
5.81935964333499
5.81829645995223
5.81723389455185
5.81617194904121
5.81511061769825
5.81404990624502
5.81298981086684
5.81193033537839
5.81087147596498
5.8098132364413
5.80875561490001
5.80769861134111
5.80664222767195
5.80558646007782
5.80453131428079
5.80347678646614
5.80242287854123
5.8013695885987
5.80031691854592
5.79926486838288
5.79821343810957
5.79716262581865
5.79611243532483
5.79506286472074
5.79401391591375
5.79296558508914
5.79191787415427
5.7908707850165
5.78982431576847
5.78877846831752
5.78773324075632
5.78668863499221
5.78564465102519
5.78460128694791
5.78355854466773
5.78251642609199
5.78147492740599
5.78043405051708
5.77939379733262
5.7783541640379
5.77731515444762
5.77627676474708
5.77523899875099
5.77420185645934
5.77316533596479
5.77212943917468
5.77109416418167
5.77005951480045
5.76902548721633
5.76799208333665
5.76695930125407
5.76592714478328
5.76489561010959
5.76386470104769
5.76283441569024
5.76180475403724
5.76077571799603
5.75974730375192
5.75871951702696
5.75769235400644
5.75666581659772
5.75563990289345
5.75461461480098
5.75358995041295
5.75256591163673
5.75154250037965
5.75051971282702
5.74949755088619
5.74847601646451
5.74745510574727
5.74643482445654
5.74541516687026
5.74439613680313
5.74337773425515
5.74235995541161
5.74134280599458
5.740326280282
5.73931038399592
5.73829511522899
5.73728047207386
5.73626645643788
5.73525307022841
5.73424030963074
5.73322818036692
5.7322166767149
5.73120580058204
5.73019555196832
5.72918593278111
5.72817694302041
5.72716858077886
5.72616084605645
5.72515374266791
5.72414726679852
5.72314142035563
5.72213620333925
5.72113161574937
5.720127657586
5.71912432884913
5.71812162953877
5.71711956156227
5.71611812301227
5.71511731198142
5.71411713419178
5.71311758582865
5.71211867070673
5.71112038310396
5.71012272683504
5.70912570189999
5.70812930829879
5.70713354603145
5.70613841319062
5.70514391549835
5.70415004723259
5.70315680839332
5.70216420470263
5.70117223234579
5.70018089323016
5.69919018544839
5.69820010709313
5.69721066579378
5.69622185582829
5.69523367719666
5.69424613371359
5.69325922156438
5.69227294265638
5.69128729698959
5.69030228647136
5.68931790728699
5.68833416515854
5.68735105436395
5.68636857871792
5.68538673631311
5.6844055271495
5.68342495313446
5.68244501426798
5.68146571055006
5.68048704007336
5.67950900474522
5.67853160647299
5.67755484144198
5.67657871346689
5.67560322064035
5.67462836296239
5.67365413852563
5.67268055305214
5.67170760272722
5.67073528755086
5.66976360943042
5.6687925683659
5.66782216244993
5.66685239549724
5.66588326369312
5.66491476894491
5.66394691315997
5.66297969252359
5.66201310894313
5.66104716241859
5.66008185485732
5.65911718435196
5.65815315090252
5.65718975832371
5.65622700089346
5.65526488242647
5.65430340483012
5.65334256428967
5.65238236080515
5.65142279819125
5.65046387263327
5.6495055879459
5.64854794222181
5.64759093355364
5.64663456575609
5.64567883882916
5.6447237508655
5.64376930186511
5.64281549373535
5.64186232838356
5.64090980008769
5.63995791266244
5.63900666610781
5.63805606042381
5.63710609561043
5.63615676976032
5.63520808668819
5.63426004639403
5.63331264506314
5.63236588460288
5.63141976882794
5.63047429392363
5.62952946179729
5.62858526863423
5.62764171824914
5.62669881254938
5.62575654772024
5.62481492566908
5.62387394639589
5.62293360990068
5.6219939180908
5.62105486524419
5.62011645899026
5.61917869742166
5.61824157672369
5.61730510071104
5.61636926747637
5.61543407892703
5.61449953506301
5.61356563397698
5.61263237757627
5.61169976776825
5.61076780264555
5.60983647839348
5.60890580073409
5.60797577157473
5.607046383286
5.6061176434973
5.60518954648658
5.60426209606854
5.60333529224318
5.6024091311958
5.60148361864846
5.6005587526938
5.59963453333182
5.59871096056252
5.59778803057119
5.59686575098726
5.59594411799601
5.59502312969008
5.5941027898842
5.59318309667099
5.59226405195782
5.59134565383733
5.59042790421688
5.58951080309646
5.58859434856873
5.58767854444838
5.58676338501336
5.58584887598573
5.58493501355078
5.58402180152322
5.58310923608835
5.58219732296821
5.58128605644076
5.58037543841334
5.57946547270066
5.57855615358067
5.57764748677541
5.5767394684702
5.57583209866501
5.57492538117457
5.57401931218416
5.57311389360115
5.57220912542552
5.57130500765727
5.57040154029642
5.56949872525031
5.56859656061158
5.56769504638025
5.56679418446365
5.56589397295445
5.56499441375998
5.56409550497291
5.56319725040793
5.56229964434298
5.56140269250013
5.56050639297202
5.55961074385129
5.55871575086002
5.55782140827613
5.55692771991434
5.55603468195993
5.55514229822762
5.55425056871741
5.55335949152193
5.55246906854855
5.55157929598256
5.55069018145337
5.54980171733157
5.54891390933921
5.54802675556895
5.54714025602078
5.54625441069471
5.54536921959073
5.5444846846162
5.54360080195641
5.54271757542607
5.54183500502518
5.54095308884638
5.54007182879703
5.53919122487712
5.53831127708666
5.53743198161095
5.53655334417203
5.53567536476991
5.53479803958989
5.53392137244667
5.53304535952555
5.53217000464122
5.53129530588634
5.53042126516826
5.52954788057963
5.5286751540278
5.52780308551277
5.52693167312719
5.52606091687105
5.52519082246643
5.52432138419125
5.52345260395287
5.52258448175129
5.52171701758651
5.52085021336588
5.5199840652747
5.51911857712768
5.5182537489248
5.51738958066609
5.51652607044417
5.51566321825905
5.51480102792544
5.51393949562863
5.51307862518333
5.51221841277482
5.51135886031047
5.51049996969763
5.50964173712159
5.50878416639705
5.50792725561667
5.50707100859515
5.50621541961042
5.50536049247721
5.50450622528814
5.50365262185794
5.50279967837189
5.50194739673735
5.50109577695431
5.50024481902278
5.49939452294276
5.4985448906216
5.49769591824459
5.49684761153379
5.49599996476715
5.49515298366671
5.49430666251044
5.49346100511302
5.49261601147446
5.49177167968741
5.49092801356657
5.49008501120459
5.48924267069411
5.48840099584985
5.4875599828571
5.48671963743791
5.48587995577758
5.48504093787611
5.48420258182615
5.48336489334975
5.48252787053957
5.48169151148824
5.48085581810313
5.48002078847688
5.47918642642419
5.47835273003772
5.47751969931746
5.47668733426341
5.47585563487557
5.4750246030613
5.47419423691324
5.4733645364314
5.47253550352312
5.47170713628105
5.47087943661255
5.47005240451761
5.46922603999624
5.46840034114109
5.46757531176685
5.46675094996617
5.46592725573907
5.46510422908553
5.46428187000555
5.46346018040649
5.462639158381
5.46181880583643
5.46099912086542
5.46018010537533
5.45936175745881
5.45854408093056
5.45772707197587
5.45691073440946
5.45609506632397
5.45528006771939
5.45446573668838
5.45365207704564
5.45283908688382
5.45202676811027
5.45121511881764
5.45040414091329
5.4495938343972
5.44878419736203
5.44797523171514
5.44716693936387
5.44635931649352
5.44555236501144
5.44474608491763
5.44394047621209
5.44313554080218
5.44233127678054
5.44152768414717
5.44072476480943
5.43992251876731
5.43912094411346
5.43832004275524
5.43751981469264
5.43672025992567
5.43592137654697
5.43512316837125
5.43432563349115
5.43352876999933
5.43273258171048
5.43193706862461
5.43114222883436
5.4303480642471
5.42955457295545
5.42876175495944
5.42796961407375
5.42717814839104
5.4263873540966
5.42559723881985
5.42480779683872
5.42401903006057
5.42323094039275
5.42244352402055
5.42165678666604
5.42087072451451
5.42008533756595
5.41930062772773
5.41851659309248
5.41773323556757
5.41695055324563
5.41616854994138
5.41538722374745
5.41460657466386
5.4138266026906
5.41304730782767
5.41226869198242
5.41149075324751
5.41071349162292
5.40993690901602
5.40916100542681
5.40838577894792
5.40761122957937
5.40683736113585
5.40606416980266
5.40529165748716
5.40451982609669
5.40374867372391
5.40297820227617
5.40220840793875
5.40143929452638
5.40067086013168
5.39990310475467
5.39913603221005
5.39836963868312
5.39760392417387
5.39683889249701
5.39607453983783
5.39531087001104
5.39454787920194
5.39378557313258
5.3930239460809
5.39226299995426
5.39150273666002
5.3907431542908
5.38998425475398
5.3892260361422
5.3884685003628
5.3877116474158
5.38695547730118
5.3861999881116
5.38544518366177
5.38469106395168
5.38393762516662
5.38318486921396
5.38243279800104
5.3816814096205
5.38093070407236
5.38018068326396
5.37943134719531
5.37868269395904
5.37793472927723
5.3771874436131
5.37644084459606
5.37569493222612
5.37494970459592
5.37420516170547
5.3734613016474
5.37271812823644
5.37197564147257
5.37123383944844
5.37049272407141
5.36975229534147
5.36901255325863
5.36827349591553
5.36753512331218
5.36679744117063
5.36606044376882
5.36532413492146
5.36458851081384
5.36385357526068
5.36311932826196
5.36238576600298
5.36165289229846
5.36092070714838
5.36018921246011
5.35945840251158
5.35872828111749
5.35799885018521
5.35727010780738
5.35654205207665
5.35581468490036
5.35508801009324
5.3543620219332
5.35363672423497
5.35291211509119
5.35218819640921
5.35146497009638
5.35074243043065
5.35002058122673
5.3492994224846
5.34857895611163
5.34785917829311
5.34714009093639
5.34642169594883
5.34570399142307
5.34498697735911
5.34427065566431
5.34355502443131
5.34284008747482
5.34212584098013
5.34141228685459
5.34069942319086
5.33998725380364
5.33927577487822
5.3385649902293
5.33785489794954
5.33714549803894
5.33643679049749
5.33572877723255
5.33502145824412
5.33431483162485
5.33360890118943
5.33290366121582
5.33219911551871
5.33149526600547
5.33079210886138
5.33008964790116
5.32938788121744
5.32868680690288
5.32798642877218
5.32728674682534
5.32658775915501
5.32588946957589
5.32519187427328
5.32449497324718
5.32379876840494
5.32310325974656
5.32240844727205
5.32171432907404
5.3210209108746
5.32032818695166
5.31963616111995
5.31894483147209
5.31825419991545
5.31756426645002
5.31687502916845
5.31618648807075
5.31549864506426
5.31481150205633
5.31412505523227
5.31343930649943
5.31275425776515
5.31206990521473
5.31138625266288
5.31070329820224
5.31002104374017
5.30933948927667
5.30865863290438
5.30797847653066
5.30729901824815
5.30662026187157
5.3059422035862
5.30526484529939
5.30458818891851
5.30391223062884
5.30323697615245
5.30256241785991
5.30188856528801
5.30121541080731
5.30054295823254
5.29987120756369
5.29920015689341
5.29852980812904
5.2978601612706
5.29719121631808
5.29652297517883
5.2958554359455
5.29518859671074
5.29452246128925
5.29385702968104
5.29319229997874
5.29252827408972
5.29186495010662
5.2912023299368
5.29054041358024
5.28987920103697
5.28921869230696
5.28855888739023
5.28789978819412
5.28724139090394
5.28658369933438
5.28592671157809
5.28527042954244
5.28461485132005
5.28395997881829
5.28330581203716
5.28265235097666
5.28199959372943
5.28134754220282
5.2806961983042
5.28004556203355
5.27939562957618
5.27874640474679
5.27809788373067
5.27745007224988
5.27680296648972
5.27615656645019
5.27551087594599
5.27486589116241
5.27422161400682
5.2735780444792
5.27293518257957
5.27229303212262
5.27165158547894
5.27101085027796
5.27037082079759
5.26973150085256
5.26909289044286
5.26845498766114
5.26781779441476
5.26718131261106
5.26654553652799
5.2659104718876
5.26527611678254
5.26464247312017
5.26400953899314
5.26337731440143
5.26274579934506
5.26211499573138
5.26148490165302
5.26085551901735
5.26022684782437
5.25959888807408
5.25897163785911
5.25834510099419
5.25771927557195
5.25709416349975
5.25646976096288
5.25584607177606
5.25522309212456
5.25460082773046
5.25397927668639
5.25335843517766
5.25273830892632
5.25211889602502
5.2515001945664
5.25088220836517
5.25026493551399
5.2496483779202
5.24903253176909
5.24841740087537
5.24780298333169
5.24718927913805
5.24657629210916
5.2459640184303
5.24535246000884
5.24474161493742
5.24413148893809
5.24352207438145
5.24291337698955
5.2423053967624
5.24169813179264
5.24109158017292
5.24048574571794
5.23988063033507
5.23927622830223
5.23867254534148
5.23806957763814
5.23746732709953
5.23686579563302
5.23626497942391
5.23566488037954
5.23506550040727
5.23446683759974
5.23386889386431
5.23327166538627
5.23267515788768
5.23207936755384
5.2314842962921
5.23088994410245
5.2302963109849
5.22970339884681
5.2291112019661
5.22851972606484
5.22792897114304
5.22733893529333
5.22674961851573
5.22616102271757
5.22557314599151
5.22498599215226
5.22439955547775
5.22381384169004
5.22322884888178
5.22264457896033
5.22206102811098
5.22147819824108
5.22089609125798
5.22031470525433
5.21973404023013
5.21915409809274
5.21857487884215
5.21799638247837
5.21741860709403
5.2168415545965
5.21626522689313
5.21568962207656
5.2151147401468
5.21454057919648
5.21396714304033
5.21339443167833
5.21282244320313
5.21225117952209
5.21168064063521
5.21111082463513
5.21054173342921
5.20997336701745
5.20940572730719
5.2088388123911
5.2082726203618
5.20770715694137
5.20714241640775
5.20657840066828
5.20601511353767
5.20545255120123
5.20489071556629
5.20432960472551
5.20376922249359
5.20320956505583
5.20265063622693
5.20209243600689
5.20153496058102
5.200978213764
5.2004221936485
5.1998669002345
5.19931233542937
5.1987584992331
5.1982053916457
5.19765301266715
5.19710136039012
5.19655043672195
5.19600024357
5.19545078093426
5.19490204500004
5.19435403958203
5.19380676277288
5.1932602183873
5.19271440070323
5.19216931353538
5.19162495688375
5.19108133265568
5.19053843703648
5.18999627193349
5.18945483925407
5.18891413709087
5.18837416735124
5.18783492622047
5.18729641751327
5.18675864122963
5.18622159546222
5.18568528402573
5.1851497050128
5.1846148565161
5.18408074235031
5.18354735870074
5.1830147093821
5.18248279439437
5.18195161183022
5.18142116168963
5.18089144587997
5.18036246249387
5.17983421534605
5.1793067006218
5.17877992022848
5.17825387607342
5.17772856624929
5.17720398884873
5.1766801495938
5.17615704466979
5.1756346740767
5.17511303781453
5.17459213779064
5.17407197591238
5.17355254836504
5.17303385705598
5.17251590007783
5.17199868315267
5.17148220246579
5.17096645801718
5.17045144980684
5.16993717974213
5.1694236459157
5.16891084832755
5.16839879079237
5.16788747140282
5.16737688825155
5.16686704515326
5.1663579402006
5.16584957339357
5.16534194473216
5.16483505612374
5.16432890566095
5.16382349334378
5.16331882298695
5.16281488886839
5.16231169861752
5.16180924460493
5.16130753255267
5.16080656055339
5.16030632860709
5.15980684052848
5.1593080905955
5.1588100807155
5.15831281279583
5.15781628492915
5.15732050093015
5.15682545507678
5.1563311530911
5.15583759497311
5.1553447769081
5.15485270080342
5.15436136856643
5.15387078019713
5.15338093188081
5.15289182933953
5.15240346685123
5.15191585013797
5.15142897538504
5.15094284449981
5.15045745938961
5.14997281623975
5.14948891886493
5.14900576535779
5.14852335571835
5.14804169185394
5.14756077376458
5.1470805995429
5.14660116918891
5.14612248651731
5.1456445477134
5.14516735468453
5.14469090933806
5.14421520976662
5.14374025406288
5.14326604794888
5.14279258760992
5.14231987495335
5.14184790997918
5.14137669078004
5.14090621735595
5.14043649352161
5.13996751736966
5.1394992889001
5.13903180620558
5.13856507500816
5.13809909340049
5.13763385566051
5.13716936751027
5.13670563276448
5.13624264379374
5.13578040441274
5.13531891462149
5.13485817441999
5.13439818380823
5.13393894278622
5.13348045326131
5.13302271332614
5.13256572679543
5.13210948603976
5.13165399868854
5.13119926283442
5.1307452784774
5.13029204371013
5.12983956043995
5.12938783057423
5.12893685220561
5.12848662533409
5.12803715186702
5.12758842989705
5.12714046133154
5.12669324617047
5.12624678059916
5.125801072247
5.12535611539194
5.12491191194133
5.12446846189518
5.12402576716083
5.12358382583094
5.1231426379055
5.12270220529186
5.12226252799003
5.12182360600001
5.12138543741443
5.12094802414067
5.12051136427135
5.1200754616212
5.1196403161902
5.11920592416366
5.11877228935628
5.1183394098607
5.11790728758428
5.11747592252702
5.11704531278156
5.11661546216262
5.11618636685548
5.1157580287675
5.11533044789868
5.11490362615637
5.11447755972587
5.11405225242188
5.1136277042444
5.11320391328608
5.11278088145427
5.11235860684162
5.11193709326284
5.11151633881056
5.1110963434848
5.1106771053782
5.11025863021282
5.10984091226659
5.10942395344688
5.10900775756838
5.1085923208164
5.10817764319092
5.10776372659932
5.10735057294893
5.1069381803324
5.10652654684239
5.1061156762936
5.10570556487131
5.1052962182976
5.1048876308504
5.10447980825177
5.10407274668701
5.10366644615611
5.10326091047378
5.10285613582532
5.10245212602542
5.10204887916675
5.10164639524929
5.10124467618041
5.10084371814539
5.10044352495894
5.10004409662106
5.0996454312244
5.09924753067631
5.09885039688414
5.09845402794055
5.09805842003081
5.09766358078436
5.09726950638648
5.09687619683717
5.09648365404378
5.09609187609897
5.09570086491007
5.09531061856975
5.09492113898536
5.09453242806423
5.09414448199169
5.09375730458241
5.09337089392907
5.09298524812429
5.09260037289014
5.09221626441192
5.09183292459697
5.09145035153795
5.09106854714221
5.09068751140974
5.09030724434055
5.08992774593463
5.089549016192
5.08917105892734
5.08879386841861
5.08841744466581
5.08804179529834
5.08766691459415
5.08729280255323
5.08691946108295
5.08654689209065
5.08617509176162
5.08580406200323
5.08543380472281
5.08506431801303
5.08469560378123
5.08432766202742
5.08396048893688
5.08359408832433
5.08322846209711
5.08286360644052
5.08249952326191
5.08213621256129
5.08177367624601
5.08141191050135
5.08105091914203
5.08069070216805
5.0803312595794
5.07997258946873
5.07961469374341
5.07925757240341
5.0789012235414
5.07854565097209
5.0781908527881
5.07783682898945
5.0774835814835
5.07713110836287
5.07677940962759
5.07642848909235
5.07607834484979
5.07572897499257
5.07538038142805
5.07503256415621
5.07468552317706
5.0743392584906
5.07399377200418
5.07364906181045
5.07330512981676
5.07296197411576
5.07261959661481
5.07227799731389
5.07193717812038
5.07159713521955
5.07125787051876
5.07091938401802
5.07058167762467
5.07024474943136
5.06990860134545
5.06957323145958
5.06923864168111
5.06890483201003
5.06857180244635
5.06823955108271
5.06790808364117
5.06757739439967
5.06724748717292
5.06691836005357
5.06659001304161
5.0662624480444
5.06593566315459
5.06560966218687
5.06528444132656
5.06496000248099
5.06463634755752
5.0643134746488
5.06399138566218
5.06367007678296
5.06334955182584
5.06302980888346
5.06271085177055
5.06239267667238
5.06207528358895
5.06175867633499
5.06144285300312
5.06112781550071
5.06081355810569
5.06050009035484
5.06018740652608
5.05987550661943
5.05956439063488
5.05925406238714
5.0589445180615
5.05863576147266
5.05832778880593
5.05802060196865
5.05771420477553
5.05740859150451
5.05710376406295
5.0567997243582
5.0564964742976
5.05619401006646
5.05589233357213
5.05559144290725
5.05529134188653
5.05499202860262
5.05469350305552
5.05439576715258
5.05409881898645
5.05380266237183
5.05350729158666
5.0532127085383
5.05291891894881
5.05262591709612
5.05233370679495
5.05204228423059
5.05175165321774
5.05146181184905
5.05117276012452
5.05088449995151
5.05059703133001
5.05031035426002
5.05002446874154
5.04973937286723
5.04945506854443
5.0491715576805
5.04888883836807
5.04860691251452
5.04832577821248
5.04804543546196
5.0477658861703
5.0474871303375
5.04720916987093
5.04693200095587
5.04665562549968
5.0463800454097
5.04610525687124
5.045831263699
5.04555806398563
5.04528566154583
5.0450140525649
5.04474323704283
5.04447321879433
5.04420399400471
5.043935568396
5.04366793624617
5.04340109946255
5.04313505804516
5.04286981580869
5.04260536893844
5.0423417174344
5.04207886320395
5.04181680815441
5.0415555484711
5.04129508606136
5.04103542283255
5.04077655878466
5.04051849201034
5.0402612225096
5.04000475028243
5.03974907914354
5.03949420527822
5.03924013059383
5.03898685699771
5.03873438067517
5.03848270544091
5.03823182938757
5.03798175442251
5.03773248054573
5.03748400394253
5.03723633033495
5.0369894559083
5.03674338447729
5.03649811413455
5.03625364297273
5.03600997480655
5.03576710963601
5.03552504555374
5.03528378255974
5.03504332256139
5.03480366746601
5.03456481345892
5.03432676244745
5.03408951443162
5.03385306941142
5.03361742929421
5.03338259217262
5.03314855804667
5.03291533073106
5.03268290641108
5.03245128699408
5.03222047057272
5.03199046096169
5.03176125625365
5.03153285644859
5.03130526345387
5.03107847536214
5.03085249408074
5.03062731579498
5.0304029462269
5.03017938346917
5.02995662942912
5.02973468029206
5.02951353605799
5.02929320244896
5.02907367565027
5.02885495566191
5.02863704439125
5.02841994183828
5.02820364609564
5.0279881590707
5.0277734826708
5.02755961308124
5.02734655602407
5.02713430577725
5.02692286615546
5.02671223525137
5.02650241306497
5.02629340341097
5.02608520247466
5.02587781216339
5.02567123247717
5.02546546532334
5.02526050879456
5.02505636289082
5.02485303142683
5.02465050868053
5.02444879846663
5.02424790078512
5.02404781372866
5.02384854111196
5.02365008102764
5.02345243347573
5.02325559845621
5.02305957787644
5.02286436982907
5.02266997622145
5.02247639896093
5.02228363232546
5.02209168203709
5.02190054618847
5.0217102247796
5.02152071781048
5.02133202528111
5.02114414909884
5.02095708735632
5.02077084196091
5.02058541481995
5.02040080211874
5.02021700767199
5.02003402766499
5.0198518640051
5.01967051859965
5.01948998954132
5.01931027873743
5.01913138428066
5.01895330807833
5.01877605203782
5.01859961043706
5.01842399090545
5.01824918772096
5.01807520469827
5.01790203993004
5.01772969532361
5.01755816897165
5.01738746278149
5.01721757675314
5.01704850897925
5.01688026327452
5.0167128377316
5.01654623235049
5.01638044713119
5.01621548398105
5.01605134290007
5.01588802388825
5.01572552503825
5.01556384635005
5.01540299163837
5.01524296090321
5.01508375032985
5.01492536182566
5.01476779920533
5.01461105865417
5.01445513826481
5.01430004375933
5.01414577513771
5.01399232858526
5.01383970600931
5.01368790740989
5.01353693278698
5.01338678595529
5.01323745928542
5.01308896231411
5.01294128931932
5.0127944422084
5.01264841716665
5.01250322373082
5.0123588542715
5.01221531069606
5.01207259300448
5.01193070310412
5.01178964099499
5.01164940286237
5.01150999633567
5.01137141569285
5.01123366284125
5.01109673968822
5.01096064241906
5.01082537484848
5.01069093506911
5.01055732498832
5.01042454269876
5.01029259010776
5.0101614691227
5.01003117592885
5.00990171243358
5.00977308054424
5.00964527835348
5.00951830776864
5.00939216688237
5.00926685569468
5.00914237802027
5.00901873004443
5.00889591367452
5.00877392891054
5.00865277765984
5.00853245610772
5.00841296997623
5.00829431545066
5.00817649443838
5.00805950503202
5.0079433510463
5.0078280286665
5.00771353979999
5.00759988635411
5.00748706451415
5.00737507809483
5.00726392709615
5.00715360961074
5.00704412754597
5.00693548280918
5.00682767158568
5.00672069769016
5.00661455730792
5.00650925234632
5.0064047847127
5.00630115440707
5.00619835761472
5.00609640005771
5.00599527982869
5.00589499692765
5.00579554944725
5.00569694120218
5.00559917219246
5.00550224051072
5.00540614615697
5.00531088913121
5.00521647324814
5.0051228966004
5.00503015728066
5.00493825719625
5.00484719825454
5.00475697854817
5.00466759807714
5.0045790587488
5.00449136056315
5.0044045035202
5.00431848571258
5.00423330714031
5.00414897352543
5.00406547914589
5.0039828278164
5.0039010176296
5.0038200485855
5.00373992449879
5.00366063964742
5.00358219975346
5.00350460481689
5.00342785102301
5.00335194027918
5.0032768725854
5.00320264984901
5.00312927016267
5.00305673543373
5.00298504566219
5.00291419894069
5.0028442009913
5.0027750441846
5.0027067323353
5.00263926925811
5.00257265113831
5.00250687797591
5.00244195167827
5.00237787033802
5.00231463776988
5.00225225015914
5.0021907113205
5.00213001934661
5.00207017614483
5.00201117790045
5.00195302842817
5.001895727728
5.00183927389258
5.00178367073662
5.00172891444541
5.00167500883366
5.00162195199401
5.00156974392647
5.00151838653838
5.0014678779224
5.00141822189323
5.00136941463617
5.00132145805856
5.00127435025306
5.00122809503437
5.00118269049514
5.00113813663537
5.00109443726976
5.00105158667625
5.00100958866956
5.00096844324968
5.00092815041661
5.0008887120777
5.0008501263256
5.00081239125296
5.00077551067449
5.00073948268283
5.00070431109268
5.00066999018199
5.00063652567282
5.00060391565781
5.00057215822962
5.00054125720294
5.00051121257778
5.00048202244678
5.00045368680994
5.00042620757463
5.00039958474083
5.00037381830855
5.00034890637043
5.00032485274118
5.00030165551345
5.00027931468724
5.00025783216989
5.00023720605406
5.00021743824711
5.00019853065638
5.00018047755981
5.00016328467946
5.00014695010798
5.00013147384538
5.000116857799
5.00010310006148
5.0000902025402
5.00007816332778
5.00006698433158
5.00005666555161
5.00004720889521
5.00003861245504
5.00003087623109
5.00002400213072
5.00001798824657
5.00001283457864
5.00000854303429
5.00000511361351
5.00000254631632
5.00000084305005
5
5.00000002098088
5.0000009059927
5.00000265312809
5.0000052642944
5.0000087375843
5.00001307490512
5.00001827816423
5.00002434354691
5.00003127677523
5.00003907212712
5.00004773532465
5.00005726064576
5.00006764999779
5.00007890910282
5.00009103414612
5.00010402322036
5.00011787823288
5.00013260109103
5.00014818988746
5.00016464652953
5.00018197101724
5.00020016144323
5.00021922162221
5.00023914773946
5.00025994170236
5.00028160541824
5.00030413697976
5.00032753829427
5.00035180745441
5.00037694636754
5.00040295694101
5.00042983345277
5.00045758162486
5.00048619954995
5.00051569104273
5.00054605038114
5.0005772813799
5.00060938213164
5.00064235454373
5.00067619861615
5.00071091434892
5.00074650174203
5.00078296270284
5.00082029341663
5.00085849960547
5.00089757745465
5.00093753077888
5.00097835576345
5.00102005431572
5.00106262452832
5.00110607212333
5.00115039137868
5.00119558610908
5.00124165631452
5.00128860008766
5.00133641933585
5.00138511405908
5.00143468425736
5.00148513183805
5.00153645489378
5.00158865342455
5.00164172743038
5.00169568072596
5.00175050949658
5.00180621374226
5.00186279727768
5.00192026010286
5.00197859840309
5.00203781599308
5.00209791096546
5.00215888713495
5.00222074068684
5.00228347162113
5.00234708184517
5.00241157326632
5.00247694397723
5.00254319397789
5.0026103232683
5.00267833566317
5.00274722544044
5.00281699832218
5.00288765240101
5.00295918767696
5.00303160605737
5.00310490372752
5.00317908259479
5.00325414647387
5.00333009155005
5.00340691782335
5.00348462910845
5.00356322159066
5.00364269908469
5.00372305968317
5.00380430529347
5.00388643591558
5.00396944773479
5.00405334647317
5.00413812831602
5.00422379517067
5.00431034894449
5.00439778582277
5.00448610962022
5.00457532033683
5.00466541606525
5.00475639680549
5.00484826637225
5.00494102285817
5.00503466817061
5.00512919849486
5.00522461573828
5.00532092180822
5.00541811479733
5.00551619661295
5.00561516725509
5.00571502672375
5.00581577692629
5.00591741214063
5.00601993808885
5.00612335667829
5.0062276621869
5.00633286033673
5.00643894540573
5.00654592311596
5.00665379156005
5.00676255073802
5.00687220255722
5.00698274511028
5.00709418030457
5.00720650623273
5.00731972289477
5.00743383410538
5.00754883795721
5.00766473445028
5.00778152358456
5.00789920726743
5.00801778359152
5.00813725255683
5.00825761797808
5.0083788779479
5.0085010324663
5.00862408153328
5.00874802514884
5.00887286331298
5.00899859793304
5.00912522710169
5.00925275272627
5.00938117671413
5.00951049525056
5.00964071024293
5.00977182359859
5.00990383341017
5.01003674158504
5.01017054621584
5.01030524920992
5.01044085056729
5.01057734838059
5.01071474646452
5.01085304291174
5.0109922396296
5.01113233471074
5.01127332815517
5.01141522377758
5.01155801776328
5.01170171392697
5.0118463103613
5.01199180706626
5.01213820213451
5.0122855012881
5.01243370071233
5.01258280231455
5.01273280609476
5.01288371205296
5.01303552018915
5.01318823050333
5.0133418429955
5.01349636148037
5.01365178214322
5.01380810498407
5.01396533381761
5.01412346482914
5.01428250183337
5.01444244101559
5.01460328809786
5.01476503735812
5.01492769451843
5.01509125576408
5.01525572490978
5.01542109814083
5.01558737736457
5.015754562581
5.01592265569749
5.01609165480667
5.01626156372326
5.01643237672518
5.01660409953451
5.01677673024389
5.01695026885332
5.0171247153628
5.01730007167968
5.01747633589661
5.01765350992094
5.01783159184533
5.01801058548446
5.01819048702365
5.01837130027759
5.01855302333894
5.01873565811504
5.01891920269854
5.0191036589968
5.0192890231951
5.01947530483022
5.01966249436539
5.01985059752267
5.02003961239471
5.0202295389815
5.0204203791904
5.0206121330214
5.02080480047452
5.02099837964239
5.02119287624708
5.02138828265916
5.02158460269336
5.02178184207172
5.02197999316484
5.02217905978742
5.02237904193946
5.02257993962097
5.02278175283193
5.02298447966501
5.02318812584225
5.02339268754895
5.02359816859982
5.0238045632728
5.02401187538259
5.0242201049292
5.02442925381998
5.02463932014757
5.02485030200462
5.02506220511319
5.02527502565858
5.02548876554813
5.02570342668921
5.0259190052671
5.02613550318916
5.02635292236273
5.02657126088048
5.02679051874239
5.02701069976318
5.02723180012813
5.02745381983726
5.0276767646126
5.02790062873212
5.02812541410316
5.02835112454042
5.02857775432185
5.02880531107686
5.02903378717604
5.02926318643409
5.02949350885102
5.02972475633417
5.0299569269762
5.0301900207771
5.03042404155158
5.03065898548493
5.03089485257716
5.03113164664297
5.03136936768235
5.03160801188061
5.03184758305246
5.03208808119788
5.03232950440952
5.03257185459475
5.03281513175356
5.03305933397859
5.03330446699191
5.03355052507145
5.03379751203193
5.03404542596599
5.03429427068833
5.03454404429161
5.03479474486847
5.03504637432626
5.03529893457233
5.03555242369934
5.03580684170728
5.03606219050351
5.03631847008802
5.03657568046082
5.0368338216219
5.03709289357128
5.03735289821628
5.03761383364958
5.03787570177851
5.03813850069573
5.03840223230859
5.03866689661709
5.03893249552858
5.03919902522836
5.03946648953112
5.03973488652953
5.04000422003828
5.04027448242797
5.04054568323535
5.04081782055308
5.04109089056644
5.0413648951828
5.04163983440215
5.0419157120392
5.04219252237189
5.04247027112227
5.042748956383
5.04302857815408
5.04330913834285
5.04359063122726
5.04387306443673
5.04415643606389
5.04444074610875
5.0447259945713
5.04501217954421
5.04529930293481
5.04558736665046
5.04587636878381
5.04616631124221
5.04645719402566
5.04674901713416
5.04704178056772
5.04733548051162
5.04763012650263
5.04792571091133
5.04822223755244
5.04851970451861
5.04881811371717
5.04911746514814
5.04941776071887
5.04971899661465
5.05002117665019
5.05032430082548
5.05062836532582
5.05093337587328
5.05123932865314
5.05154622557275
5.05185406853948
5.05216285564596
5.0524725868922
5.05278326418556
5.05309488561866
5.05340745309888
5.05372096853356
5.05403543001535
5.0543508356369
5.05466718921292
5.05498448883604
5.05530273641362
5.05562193194567
5.05594207543218
5.05626316496581
5.05658520436125
5.05690819171115
5.05723212892287
5.0575570159964
5.0578828510244
5.05820963591421
5.05853736875849
5.05886605337194
5.0591956878472
5.05952627409163
5.05985781019788
5.0601902980733
5.06052373771789
5.06085812722429
5.06119347040722
5.06152976535931
5.06186701398793
5.06220521438572
5.06254436655268
5.06288447239616
5.06322553191616
5.06356754511268
5.06391051389308
5.06425443444265
5.06459931057609
5.06494514229341
5.06529192959461
5.06563967247968
5.06598836904127
5.06633802309409
5.06668863082344
5.06704019604401
5.06739272066316
5.06774619895884
5.06810063474575
5.06845602993123
5.06881238260795
5.06916968896118
5.06952795852771
5.06988718558546
5.0702473720418
5.07060851598936
5.07097061742815
5.07133368208023
5.07169770422354
5.07206268767278
5.07242863052061
5.07279553467437
5.07316340204141
5.07353222689969
5.0739020130639
5.07427276434875
5.07464447503218
5.0750171489289
5.07539078413155
5.07576538254749
5.07614094417672
5.07651746901924
5.07689495707504
5.07727341025149
5.07765282664122
5.0780332081516
5.07841455287526
5.07879686462691
5.07918013959185
5.07956437967744
5.07994958679101
5.08033575902523
5.08072289828744
5.08111100267029
5.08150007598849
5.08189011442733
5.08228112180152
5.0826730962037
5.08306603954122
5.08345994799939
5.08385482730026
5.08425067362912
5.08464748889333
5.08504527309288
5.08544402813513
5.08584375211274
5.08624444693304
5.08664611068868
5.08704874719438
5.08745235454278
5.08785693082653
5.08826247795298
5.08866899782948
5.08907649045603
5.08948495392528
5.08989439014459
5.09030479911394
5.09071618083336
5.09112853721017
5.09154186633704
5.09195617012132
5.09237144665564
5.09278769784738
5.09320492178917
5.09362312229571
5.09404229936702
5.09446244918837
5.09488357557449
5.09530567852537
5.095728758041
5.09615281221404
5.09657784485919
5.09700385597646
5.09743084175113
5.09785880599791
5.09828774871681
5.09871766800046
5.09914856766358
5.09958044389145
5.1000133004988
5.10044713557825
5.10088194912982
5.1013177449682
5.1017545192787
5.10219227587601
5.10263101285279
5.10307073020903
5.10351142603739
5.10395310605992
5.10439576646191
5.10483940915072
5.1052840360337
5.10572964329615
5.10617623284541
5.10662380658885
5.10707236452646
5.10752190665824
5.10797243107683
5.1084239396896
5.10887643249654
5.10932990949765
5.10978437260028
5.11023982180444
5.11069625520277
5.11115367470262
5.11161208221135
5.1120714720069
5.11253185171868
5.11299321943934
5.11345557326152
5.11391891318522
5.1143832411178
5.11484855896661
5.11531486291695
5.11578215678352
5.11625043865896
5.11671971045063
5.11718997406589
5.11766122378267
5.11813346341568
5.11860669677963
5.11908091815246
5.11955613134886
5.1200323344615
5.12050952939773
5.12098771615753
5.12146689474092
5.12194706705524
5.1224282292858
5.122910389062
5.12339353684707
5.12387767836308
5.12436281742474
5.12484894830997
5.12533607101879
5.12582419127325
5.12631330525865
5.12680341488234
5.12729452014432
5.12778661913723
5.12827971758314
5.12877380975999
5.12926889948248
5.1297649829359
5.13026206584232
5.13076014629438
5.13125922238474
5.13175929983544
5.13226037292443
5.13276244546641
5.13326551555404
5.13376958509466
5.13427465599563
5.13478072444225
5.13528779234186
5.13579586160182
5.13630493031477
5.13681500038807
5.13732607182172
5.13783814461572
5.13835121686272
5.13886529237741
5.13938037115981
5.13989645130256
5.14041353471301
5.14093162139116
5.14145071133701
5.14197080264321
5.14249189912446
5.14301400078077
5.14353710570478
5.14406121580384
5.14458633107796
5.14511245152714
5.14563957715137
5.14616770795065
5.1466968477397
5.14722699270379
5.14775814284295
5.14829030006451
5.14882346627583
5.14935763956956
5.1498928199457
5.1504290093116
5.1509662057599
5.15150441119797
5.15204362753315
5.15258385095073
5.15312508717279
5.1536673323846
5.15421058467883
5.15475484787016
5.15530012386597
5.15584641075888
5.15639370854892
5.15694201723606
5.15749133872767
5.15804167302375
5.15859301821694
5.1591453762146
5.15969875083143
5.16025313443802
5.16080853466379
5.16136494578667
5.16192237352872
5.16248081407524
5.16304027124093
5.16360074311844
5.16416222970777
5.16472473291628
5.1652882508366
5.1658527853761
5.16641833844212
5.16698490621996
5.16755249061698
5.16812109354052
5.16869071308323
5.16926135115247
5.16983300774824
5.17040568477788
5.1709793784267
5.1715540925094
5.17212982511862
5.17270657625437
5.1732843516387
5.17386314364221
5.17444295798695
5.17502379276557
5.17560564797806
5.17618852553179
5.1767724235194
5.17735734575559
5.17794329033302
5.17853025915903
5.17911824841892
5.17970726192739
5.1802972977771
5.18088835787539
5.18148044222226
5.18207355081772
5.18266768556912
5.18326284456911
5.18385902781768
5.18445623722218
5.18505447468998
5.18565373640637
5.18625402618604
5.18685534212165
5.18745768421321
5.18806105436805
5.18866545258618
5.18927087886761
5.18987733321232
5.19048481562033
5.19109332799898
5.19170286844092
5.19231343885351
5.19292504114409
5.19353767149796
5.19415133182248
5.194766024025
5.19538174619816
5.19599850024932
5.19661628617847
5.19723510398562
5.19785495367077
5.19847583523392
5.19909775058242
5.19972069971626
5.20034468263546
5.20096969743266
5.20159574792255
5.20222283029045
5.20285094835105
5.20348010210435
5.204110289643
5.20474151478171
5.20537377370577
5.20600706832253
5.2066414024467
5.20727677035623
5.20791317777316
5.20855062088279
5.20918910349983
5.20982862180958
5.21046917771939
5.21111077504395
5.21175340806122
5.21239708249325
5.21304179452534
5.21368754797219
5.21433434092645
5.21498217338812
5.21563104917191
5.2162809644631
5.21693192116906
5.21758391738243
5.21823695691791
5.21889103786815
5.21954616214051
5.22020232973499
5.22085953874423
5.22151779489029
5.2221770886364
5.22283743142669
5.2234988175391
5.22416124697362
5.22482472163761
5.22548924153107
5.22615480856135
5.22682141891375
5.22748907640296
5.22815777912165
5.22882753279186
5.22949832978419
5.23017017391334
5.23084306708667
5.23151700739682
5.23219199675114
5.23286803514963
5.23354512068495
5.2342232571718
5.23490244270282
5.23558267727801
5.23626396280473
5.23694629928299
5.23762968480541
5.23831412318672
5.23899961251955
5.23968615089656
5.2403737440398
5.24106238813457
5.24175208508822
5.24244283490075
5.24313463947951
5.24382749691716
5.24452140721369
5.24521637227645
5.24591239210544
5.24660946670067
5.24730759606213
5.24800678018982
5.24870701908375
5.24940831465127
5.25011066689237
5.25081407580706
5.25151854330269
5.25222406556455
5.25293064640736
5.2536382858311
5.25434698383578
5.25505673851405
5.25576755368061
5.25647942552076
5.25719235975656
5.25790635066594
5.25862140206361
5.25933751585694
5.2600546882312
5.26077292490846
5.26149222016666
5.2622125778205
5.26293399786999
5.26365648031513
5.26438002324856
5.26510463048499
5.26583030011706
5.26655703405214
5.26728483038286
5.26801369292393
5.26874361786065
5.26947460900772
5.27020666636514
5.27093978802557
5.27167397589634
5.27240922807011
5.27314554836159
5.27388293486342
5.2746213875756
5.27536090649813
5.27610149544573
5.27684315060367
5.27758587387932
5.27832966527267
5.27907452859844
5.27982046004191
5.28056745960308
5.28131553109667
5.28206467070796
5.28281488034431
5.28356616191307
5.28431851350689
5.28507193894048
5.28582643439912
5.28658200369752
5.28733864111363
5.28809635427686
5.28885514127985
5.28961500021526
5.29037593299043
5.291137937698
5.29190102006005
5.29266517626187
5.29343040439609
5.29419671209214
5.2949640917206
5.29573255091088
5.29650208394093
5.29727269271809
5.29804437914973
5.29881714323583
5.29959098497641
5.30036590437145
5.30114190142097
5.30191897803231
5.30269713039076
5.3034763642184
5.30425667760785
5.30503807246649
5.30582054497959
5.30660409705451
5.30738873059862
5.3081744456119
5.3089612440017
5.30974912004598
5.31053808137414
5.31132812226413
5.31211924653064
5.31291145608104
5.31370474710061
5.31449912340407
5.3152945811767
5.31609112423321
5.31688875257361
5.31768746429054
5.3184872631987
5.31928814548339
5.32009011495932
5.32089316971913
5.32169731167017
5.32250254081245
5.32330885905332
5.32411626257807
5.32492475329406
5.32573433501599
5.3265450020218
5.32735676003355
5.32816960523654
5.32898354144547
5.32979856675299
5.3306146811591
5.33143188657115
5.33225018489649
5.33306957232042
5.33389005265765
5.33471162590817
5.33553428825728
5.33635804351968
5.33718289360274
5.33800883469173
5.33883586869402
5.33966399751696
5.34049322116054
5.34132353771742
5.34215494909495
5.34298745720047
5.343821062034
5.34465575978082
5.34549155425565
5.34632844545847
5.34716643148194
5.34800551804812
5.34884569943495
5.34968697945713
5.35052935620731
5.3513728335002
5.35221740752109
5.35306308208468
5.35390985719099
5.35475772902529
5.3556067014023
5.35645677622937
5.35730794969179
5.35816022560428
5.35901360205947
5.35986808096472
5.36072366232003
5.36158034231069
5.36243812856612
5.36329701917897
5.36415701033452
5.36501810584748
5.36588030571786
5.36674360994564
5.36760801853085
5.36847353147346
5.36934015068084
5.37020787615299
5.37107670979725
5.37194664589158
5.37281769015802
5.37368984068923
5.37456309939256
5.37543746626801
5.37631294131558
5.37718952262791
5.37806721592707
5.378946015491
5.37982592704175
5.38070694485726
5.38158907847431
5.38247231835612
5.38335666831741
5.38424213217287
5.38512870610781
5.38601639012222
5.3869051880308
5.38779509983357
5.3886861217158
5.38957825749222
5.39047150716281
5.39136587072758
5.39226135009388
5.39315794335436
5.39405565050902
5.39495447155786
5.39585441031558
5.39675546296747
5.39765763332826
5.39856091949057
5.39946532336177
5.4003708430345
5.40127748041611
5.40218523741396
5.4030941121207
5.40400410644367
5.40491521656818
5.40582744821627
5.4067407994806
5.40765527036117
5.40857086085798
5.40948757287837
5.41040540451501
5.41132435958259
5.41224443617375
5.41316563238116
5.41408795392686
5.41501139699615
5.41593596349639
5.41686165152021
5.41778846488233
5.4187164016754
5.41964546380676
5.42057565127642
5.42150696217702
5.42243939841592
5.42337296190047
5.42430765072331
5.42524346869916
5.42618041010595
5.42711847875838
5.42805767656383
5.42899800161492
5.42993945581901
5.43088203726875
5.4318257478715
5.43277058762725
5.433716556536
5.43466365650511
5.43561188753457
5.43656124962439
5.43751174086721
5.43846336507774
5.43941612034862
5.44037000667986
5.44132502597881
5.44228117824547
5.44323846347983
5.44419688168191
5.44515643475904
5.44611712080389
5.44707894172379
5.44804189942611
5.4490059920035
5.44997121754859
5.45093758178345
5.45190508089337
5.4528737167857
5.45384348946045
5.45481439891762
5.45578644706455
5.45675963390125
5.45773395561301
5.45870941982925
5.45968602273525
5.46066376433102
5.46164264652392
5.46262266740658
5.46360382888636
5.46458613287061
5.46556957554463
5.46655416072313
5.4675398884061
5.4685267605009
5.46951477128546
5.47050392648185
5.47149422609007
5.47248566820276
5.47347825663463
5.47447198566363
5.47546686291915
5.47646288267915
5.47746004875833
5.47845836115669
5.47945781987423
5.48045842491095
5.48146017626685
5.48246307394193
5.4834671217509
5.48447231587904
5.48547866014107
5.48648615072228
5.48749478953003
5.48850458037901
5.48951551945453
5.49052761057128
5.49154084991457
5.49255524320645
5.49357078472486
5.49458747828452
5.49560532388541
5.49662432152754
5.49764447311826
5.49866577675022
5.49968823242342
5.50071184395257
5.50173660752296
5.50276252694929
5.50378960032421
5.50481783146243
5.50584721654924
5.506877757492
5.50790945238335
5.508942305038
5.50997631545594
5.51101148172983
5.51204780767438
5.51308529138222
5.51412393285336
5.51516373399515
5.51620469290024
5.51724681338333
5.51829009162972
5.51933453145412
5.52038012904181
5.52142689011486
5.52247481085856
5.52352389508762
5.52457414089468
5.52562554827975
5.52667811915018
5.52773185350596
5.5287867513471
5.52984281458095
5.53090003939281
5.53195842769002
5.53301798328729
5.53407870236993
5.53514058875262
5.53620364052803
5.5372678596035
5.53833324407168
5.53939979583992
5.54046751681558
5.54153640509131
5.54260646257445
5.54367768735765
5.54475008134827
5.54582364454631
5.54689837695176
5.54797427856463
5.54905135319962
5.55012959704203
5.55120901390656
5.55228959807116
5.55337135716523
5.55445428928142
5.55553839441973
5.55662367258017
5.55771012185538
5.55879774606006
5.55988654519422
5.5609765173505
5.56206766443626
5.56315998835884
5.5642534872109
5.56534816289979
5.56644401161081
5.56754104097335
5.56863924717273
5.56973862830158
5.57083919008196
5.57194092869918
5.57304384606057
5.5741479402588
5.57525321701591
5.57635967251721
5.57746731057739
5.5785761254744
5.57968612102294
5.58079730103773
5.5819096597967
5.58302320302191
5.58413792689865
5.58525383333428
5.58637092423615
5.58748919578956
5.58860865371656
5.5897292961098
5.59085112487664
5.59197413620236
5.59309833199433
5.59422371415988
5.59535028269904
5.59647803761178
5.59760698080547
5.59873711037276
5.59986842631364
5.60100093053547
5.60213462303824
5.60326950572932
5.60440557860869
5.60554283976901
5.60668129111763
5.60782093265455
5.60896176437977
5.6101037862933
5.61124700030247
5.6123914064073
5.61353700460778
5.61468379490391
5.61583177920305
5.61698095750519
5.61813132981034
5.61928289421115
5.62043565261496
5.62158960692913
5.62274475715365
5.62390110138119
5.62505864342643
5.62621737947469
5.62737731524801
5.62853844502433
5.62970077452572
5.63086430184482
5.63202902888899
5.63319495375086
5.63436207643045
5.63553039692776
5.63669992096483
5.63787064281962
5.63904256630682
5.64021568951909
5.64139001627113
5.64256554274824
5.64374227085776
5.64492020441441
5.64609933960348
5.64727967833231
5.64846122250828
5.6496439664093
5.65082791766481
5.65201307246009
5.65319943270249
5.65438699839201
5.65557577143601
5.65676574992714
5.65795693577274
5.65914932897283
5.66034292952738
5.66153773743642
5.66273375460729
5.66393097913263
5.66512941482716
5.66632905787616
5.66752991209435
5.66873197557437
5.66993525022357
5.67113973985666
5.67234543493688
5.67355234309363
5.67476046623427
5.6759698005441
5.67718034793046
5.67839210839336
5.67960508193279
5.68081927236347
5.68203467396333
5.68325129245443
5.68446912592943
5.68568817820301
5.68690844164579
5.68812992388715
5.68935262492712
5.69057654095097
5.69180167577342
5.69302802748711
5.6942555979994
5.69548438921763
5.69671439732711
5.69794562614254
5.69917807566391
5.70041174589123
5.70164663682451
5.70288274655637
5.70412008271625
5.70535863767472
5.7065984152465
5.70783941543157
5.7090816401373
5.71032508936369
5.71156976120337
5.71281565565636
5.71406277844471
5.71531112575371
5.71656069758337
5.71781149774839
5.71906352052671
5.72031677354775
5.72157125108944
5.72282695887384
5.72408389308625
5.72534205563402
5.72660144842451
5.72786206955036
5.72912392091892
5.73038700253019
5.73165131629154
5.73291685648089
5.73418363072765
5.73545163521714
5.73672087376404
5.73799134446101
5.7392630454007
5.74053598230515
5.74181015135968
5.74308555637898
5.74436219545569
5.74564006858983
5.74691917768874
5.74819952084507
5.74948110187353
5.75076391886676
5.75204797182476
5.75333326265489
5.75461979135714
5.75590755793153
5.75719656428539
5.75848680851137
5.75977829442419
5.76107101630178
5.76236498177356
5.76366018321011
5.76495663014819
5.76625431686576
5.76755324527016
5.76885341536139
5.77015482904681
5.77145748441906
5.77276138338549
5.77406652594611
5.77537291591562
5.77668054757196
5.77798942472984
5.77929954738926
5.78061091745757
5.78192353112007
5.78323739219146
5.78455250067173
5.78586885846826
5.78718646367367
5.78850531247327
5.78982541631117
5.79114676755797
5.79246936621365
5.79379321609293
5.79511831719581
5.79644466761494
5.79777226925766
5.79910112212398
5.8004312300286
5.80176258724947
5.80309519950864
5.80442906489876
5.80576417960512
5.80710055507185
5.80843817985482
5.80977706349081
5.81111719835039
5.81245859206297
5.81380124081387
5.81514514651041
5.81649030915262
5.81783672874048
5.81918440718135
5.82053334447523
5.82188353680742
5.82323499180732
5.82458770566023
5.82594167836615
5.82729691183243
5.82865340605907
5.83001116104608
5.8313701787008
5.83273045711589
5.83409199819869
5.83545480385656
5.83681887218215
5.83818420317545
5.83955079683646
5.8409186569799
5.84228778169841
5.84365817099199
5.84502982676798
5.8464027490264
5.84777693776724
5.84915239299051
5.85052911660354
5.85190710860636
5.85328636899894
5.85466689587395
5.85604869304609
5.85743176051535
5.85881609828175
5.86020170443792
5.86158858279856
5.86297673145634
5.8643661523186
5.86575684538533
5.86714881065655
5.86854205003961
5.86993656353449
5.87133234923386
5.87272940713771
5.8741277429681
5.87552735291032
5.87692823696438
5.87833039894497
5.87973383694476
5.88113855096373
5.88254454100188
5.88395181087393
5.88536035867252
5.88677018439765
5.88818128995668
5.88959367344224
5.8910073367617
5.8924222818224
5.89383850480964
5.89525601144549
5.89667479791522
5.8980948661262
5.89951621798578
5.90093885158661
5.90236277074339
5.90378797164141
5.90521445809539
5.90664222629061
5.90807128194914
5.90950162125627
5.91093324611935
5.91236615844573
5.91380035632807
5.91523584167371
5.91667261448266
5.91811067475491
5.91955002630517
5.92099066531874
5.92243259179562
5.9238758095505
5.92532031667605
5.9267661150796
5.92821320285382
5.9296615838134
5.93111125414363
5.93256222147394
5.93401447626755
5.93546802615388
5.93692287113293
5.93837900929734
5.93983644255447
5.94129516899696
5.94275519243953
5.94421651097481
5.9456791246028
5.94714303523087
5.94860824476637
5.95007475130193
5.95154255293021
5.95301165728062
5.9544820586311
5.95595375888901
5.95742675996169
5.95890105994179
5.96037666073667
5.96185356234633
5.96333176477076
5.96481126991733
5.96629207969337
5.96777419028419
5.96925760359715
5.97074232153958
5.97222834220415
5.97371566940554
5.97520429932908
5.97669423578944
5.97818547878664
5.97967802641333
5.9811718824842
5.98266704509191
5.98416351805116
5.98566129563989
5.98716038358016
5.98866077996463
5.99016248479328
5.99166549997347
5.99316982550521
5.99467546329584
5.99618240953066
5.99769066993172
5.99920024068433
6.00071112560319
6.00222332468829
6.00373683603229
6.00525165963519
6.00676779740433
6.00828525124707
6.00980402116342
6.01132410524601
6.0128455054022
6.01436822353935
6.0158922577501
6.0174176099418
6.01894428011445
6.02047226826806
6.02200157630998
6.02353220233285
6.02506414824403
6.02659741595086
6.02813200163865
6.02966791102946
6.03120514030857
6.03274369138334
6.03428356616113
6.03582476273457
6.03736728301103
6.03891112889785
6.04045629658034
6.04200278987319
6.0435506087764
6.04509975138263
6.04665022150658
6.0482020172409
6.04975514049293
6.05130959317004
6.05286537145751
6.05442247917005
6.05598091440032
6.05754068096301
6.05910177504341
6.0606642023636
6.06222795720151
6.06379304337184
6.06535946278195
6.06692721161713
6.06849629559944
6.07006671091418
6.07163846137605
6.07321154317034
6.07478596011177
6.07636171410768
6.07793880134337
6.07951722372619
6.0810969831635
6.08267807774793
6.0842605112942
6.08584428189496
6.08742938955021
6.08901583616728
6.09060362365356
6.09219274819431
6.0937832116969
6.09537501797604
6.09696816321701
6.09856265123453
6.10015847821388
6.10175564987713
6.10335416431693
6.10495401962591
6.10655521961879
6.10815776429557
6.10976165365625
6.11136688579346
6.11297346261458
6.11458138984165
6.11619066175262
6.11780127834748
6.11941324344095
6.12102655512566
6.12264121721633
6.12425722589826
6.12587458498613
6.12749329257261
6.1291133524724
6.13073476087079
6.13235751967514
6.13398163079279
6.13560709422376
6.13723390996803
6.13886207802561
6.14049160030386
6.14212247489541
6.14375470561498
6.14538828864785
6.1470232297161
6.14865952691236
6.15029717832928
6.15193618587421
6.15357655145452
6.15521827507019
6.15686135481388
6.15850579450028
6.16015159222206
6.16179875179391
6.16344726749377
6.16509714695106
6.16674838635107
6.16840098760116
6.17005495070132
6.17171027565155
6.17336696245186
6.1750250130096
6.17668442732476
6.17834520539735
6.18000734913472
6.18167085853687
6.18333573169644
6.18500197242815
6.18666957882464
6.18833855279326
6.19000889624137
6.19168060535426
6.19335368203928
6.19502813011115
6.19670394575514
6.19838113278597
6.20005968929629
6.20173961719345
6.20342091647745
6.20510358714829
6.20678763111332
6.20847304837254
6.2101598370186
6.21184800277356
6.21353753800801
6.21522845035135
6.21692073980359
6.21861440255003
6.22030944049801
6.22200585746224
6.22370365153537
6.2254028227174
6.22710337100832
6.22880530022285
6.23050860654628
6.23221329379332
6.2339193600566
6.23562680724349
6.23733563535399
6.23904584438808
6.24075743625314
6.24247041285651
6.24418477038348
6.24590050883405
6.24761763583764
6.24933614376484
6.2510560383377
6.25277731764887
6.2544999836057
6.2562240362082
6.25794947354901
6.25967629944284
6.26140451388968
6.26313411879689
6.26486511034976
6.2665974885483
6.26833126102192
6.27006642204855
6.27180297353555
6.27354091739027
6.27528025170536
6.27702097838818
6.27876309934607
6.28050661267168
6.28225151836502
6.28399782214814
6.28574551829898
6.28749460872489
6.28924509533324
6.29099698003137
6.29275025900457
6.29450493606756
6.29626101312768
6.29801848446287
6.29977735770256
6.30153762903202
6.30329930035862
6.30506237168236
6.30682684491058
6.30859271813594
6.31035999326578
6.31212867030012
6.31389874923894
6.31567023389696
6.31744311855211
6.3192174108338
6.32099310501999
6.32277020683272
6.32454871436465
6.32632862761577
6.32810994658609
6.3298926750903
6.33167680931371
6.33346235116367
6.33524930445488
6.33703766346528
6.33882743391694
6.34061861390249
6.34241120723666
6.34420520819737
6.34600062250668
6.34779745207196
6.34959569117113
6.35139534361891
6.3531964094153
6.35499889046765
6.35680278677596
6.35860809643287
6.36041482325309
6.36222296532928
6.36403252456877
6.36584350287894
6.36765589835241
6.36946971289655
6.371284944604
6.37310159538212
6.3749196652309
6.37673915796506
6.37856006976987
6.38038240446006
6.38220615822092
6.3840313367745
6.38585793821345
6.38768596253778
6.38951540974747
6.39134628365724
6.39317858235974
6.39501230585496
6.39684745414291
6.39868402913093
6.40052203272638
6.40236146111456
6.40420232001752
6.40604460752792
6.40788832364574
6.40973346837099
6.41158004361103
6.4134280512732
6.41527748754281
6.4171283581419
6.41898065734843
6.42083439088444
6.42268955684259
6.42454615903758
6.42640419174736
6.42826366260134
6.43012456969215
6.4319869092051
6.4338506849549
6.43571589884889
6.43758255088708
6.43945063916211
6.44132016748868
6.4431911320521
6.44506353666707
6.44693738324095
6.44881266795901
6.45068939463598
6.45256756517921
6.45444717577398
6.4563282264203
6.45821072474759
6.46009466503377
6.46198004727886
6.46386687529755
6.46575514908986
6.46764486865577
6.46953603399528
6.47142864510841
6.4733227039025
6.47521821419225
6.47711516834826
6.47901357399994
6.48091342733258
6.48281473025353
6.48471748467015
6.48662168867508
6.48852734417568
6.4904344530793
6.49234301347859
6.49425302918825
6.49616449639358
6.49807741890928
6.499991794828
6.50190762796445
6.50382491450391
6.50574365826111
6.50766385732867
6.50958551552132
6.51150863093169
6.51343320355979
6.51535923531297
6.51728672809858
6.51921568000927
6.52114609485974
6.5230779688353
6.52501130384328
6.5269460998837
6.52888236077126
6.53082008269125
6.53275926945838
6.53469992107264
6.53664203562669
6.53858561693524
6.54053066309092
6.54247717600109
6.54442515948046
6.54637460589962
6.54832552288797
6.55027790663082
6.55223175903551
6.55418708200939
6.55614387555248
6.55810213966476
6.56006187243889
6.56202307959692
6.5639857592315
6.56594991324998
6.56791553783766
6.56988263680925
6.57185121016474
6.57382125981148
6.57579278384213
6.57776578416404
6.5797402607772
6.58171621558898
6.58369364859936
6.585672557901
6.5876529473086
6.58963481682216
6.59161816453434
6.59360299425983
6.59558930218393
6.5975770940287
6.59956636788678
6.60155712375818
6.6035493616429
6.60554308726299
6.6075382948964
6.60953498835782
6.61153316383257
6.61353282895004
6.61553397798818
6.6175366147617
6.61954073927059
6.62154635151486
6.6235534553092
6.62556204493157
6.62757212419667
6.6295836969192
6.63159675928446
6.6336113131998
6.63562735675787
6.63764489568073
6.63966392615366
6.64168445008403
6.64370646937919
6.64572998213178
6.64775499215652
6.64978149563868
6.65180949639299
6.65383899441944
6.65586999162537
6.65790248610345
6.65993647785367
6.66197196878339
6.66400896079995
6.666047451996
6.6680874442789
6.670128939556
6.67217193401259
6.67421643337073
6.67626243381572
6.67830994106962
6.68035895131771
6.68240946456001
6.68446148651856
6.68651501147131
6.68857004323297
6.69062658180353
6.69268462909035
6.69474418318608
6.69680524790542
6.69886782134102
6.70093190349287
6.70299749626834
6.70506460157477
6.70713321941216
6.70920334787317
6.71127498695779
6.71334814048073
6.71542280844198
6.71749899084155
6.71957668767944
6.721655900863
6.72373662848488
