0.190256572
0.168203839
0.186931967
0.189565955
0.194855802
0.194364005
0.192778063
0.188535474
0.191479985
0.195986596
0.197836554
0.194998608
0.195910256
0.199165245
0.201951074
0.200517742
0.202677746
0.200618585
0.206059006
0.204624008
0.20709484
0.206127749
0.209066483
0.208879791
0.215098921
0.216473871
0.219879639
0.217972473
0.219346123
0.218844335
0.221779608
0.22252694
0.22077383
0.219489026
0.223516275
0.222543076
0.225944428
0.224189078
0.223839525
0.225052016
0.226889051
0.224350627
0.223530492
0.222553646
0.227826335
0.228254808
0.228370314
0.22723535
0.229693665
0.229026507
0.231952625
0.230659515
0.229365928
0.228071861
0.231621061
0.234388528
0.23418676
0.232734505
0.232688011
0.236234776
0.238531048
0.235826827
0.237028359
0.239479394
0.24130493
0.238754964
0.241985745
0.239434772
0.239852042
0.241362554
0.243185056
0.240788297
0.240109774
0.239743235
0.24343868
0.242133607
0.244734262
0.242490646
0.240090256
0.235970591
0.220131648
0.225542176
0.239077173
0.240736638
0.243801818
0.243741463
0.24321182
0.244400388
0.248244664
0.249119648
0.249212837
0.24821173
0.246428825
0.248239121
0.251923865
0.252951806
0.251010442
0.248131022
0.251032294
0.252058006
0.252145656
0.250982743
0.252788015
0.25412397
0.257490608
0.256169175
0.25562842
0.254930842
0.258920189
0.259471459
0.258928401
0.255103513
0.260653043
0.261514489
0.264250351
0.264173125
0.265657811
0.263704407
0.266281661
0.269639572
0.267215638
0.267291107
0.266428477
0.266346497
0.267357666
0.268836981
0.265940691
0.264918794
0.267177539
0.270998174
0.269036948
0.266606358
0.266831403
0.268149582
0.270560892
0.271721583
0.269912902
0.268572349
0.26801242
0.274951865
0.277515682
0.27820387
0.272172676
0.2516096
0.263702139
0.281575292
0.281010307
0.280288433
0.281597168
0.279780261
0.28405646
0.283175763
0.283075668
0.286724925
0.290061031
0.290583985
0.287668786
0.289909181
0.289961419
0.292356749
0.292095169
0.293864177
0.293445022
0.293806453
0.296510967
0.298121062
0.298792989
0.298526744
0.296072327
0.299242236
0.300848968
0.300736274
0.30015415
0.300665096
0.30086286
0.306684941
0.305475086
0.304733295
0.301647065
0.305278896
0.305472535
0.304571732
0.301951484
0.30245554
0.303896399
0.305492809
0.302713518
0.302746025
0.304340329
0.307183927
0.308933069
0.305681503
0.305397977
0.30948874
0.30951629
0.308293126
0.308162996
0.307407149
0.308838083
0.307455797
0.31013529
0.310001559
0.309554603
0.313325671
0.315846012
0.317584373
0.312915753
0.312933902
0.313732566
0.314999246
0.314858938
0.315967893
0.313013608
0.315527333
0.313977814
0.314927552
0.315407794
0.314481039
0.314959786
0.315281533
0.314196279
0.314516522
0.313273511
0.312185994
0.31469147
0.315164938
0.312981395
0.314390842
0.313299525
0.315488694
0.315333347
0.315489734
0.316739101
0.318456449
0.318610525
0.317670078
0.316572607
0.317036861
0.316562837
0.319056785
0.318268702
0.319979839
0.319502693
0.320431012
0.321827296
0.321660294
0.324305002
0.324448921
0.322248299
0.326296885
0.326750927
0.326110423
0.324375373
0.326702024
0.327309126
0.329321678
0.327114677
0.325375623
0.327698264
0.328145099
0.325934876
0.326380094
0.325418252
0.328518098
0.328335881
0.33065285
0.333281503
0.331221839
0.332442606
0.333818804
0.335194181
0.333756235
0.335286215
0.338065371
0.33881245
0.338308701
0.337960373
0.340736215
0.343667476
0.344879153
0.343277496
0.345112503
0.343665423
0.347686256
0.349518748
0.3488504
0.35146246
0.350011176
0.350434048
0.353668573
0.353777251
0.354666331
0.351960811
0.35612944
0.357172216
0.356964139
0.357536457
0.360295418
0.361022272
0.362217018
0.361692153
0.358510177
0.357514839
0.356362387
0.35708407
0.357023636
0.354931085
0.352837666
0.351524626
0.353023215
0.353895932
0.349142775
0.348607494
0.350883836
0.34987805
0.349652636
0.347551343
0.348886668
0.348033611
0.349054671
0.346324846
0.344531635
0.347112538
0.348911302
0.347740426
0.34625616
0.347271002
0.346409951
0.345391756
0.348122666
0.350071429
0.348894294
0.347716261
0.347006077
0.348794992
0.350114255
0.347682614
0.348375069
0.347816617
0.349757259
0.351228242
0.350354566
0.34994873
0.349854482
0.353665571
0.355913246
0.354722506
0.3514996
0.349994527
0.350519785
0.355419124
0.353598792
0.353183789
0.352767862
0.352663511
0.357089486
0.354483284
0.352344904
0.352861846
0.355096609
0.352330441
0.353625841
0.354295309
0.352620092
0.354693941
0.354110603
0.355245079
0.354503616
0.352979964
0.353955371
0.356023587
0.355278361
0.34968844
0.348628826
0.350380765
0.351819258
0.348881803
0.34578715
0.342691546
0.341469991
0.344153735
0.345586525
0.346237112
0.350324243
0.350191669
0.350995637
0.350392397
0.350881948
0.351214289
0.349514418
0.349219836
0.34970554
0.34878403
0.350830305
0.352719364
0.356169955
0.357744578
0.356349483
0.355109667
0.35855638
0.35934587
0.359196888
0.355921931
0.35655225
0.358900343
0.360934958
0.359531096
0.358282505
0.359376683
0.361407382
0.361718348
0.359215832
0.357337332
0.360614097
0.361077377
0.36060217
0.359188476
0.359180044
0.360420623
0.362441461
0.361180058
0.359761413
0.356935526
0.360671144
0.362843268
0.361264396
0.362340777
0.361228661
0.362459297
0.362907684
0.36476132
0.359270205
0.359246839
0.35890997
0.362165847
0.362764469
0.363362086
0.359896197
0.360804301
0.361398897
0.361679983
0.358991311
0.359895377
0.361110932
0.363262975
0.363382755
0.360376521
0.357056772
0.362017257
0.364476726
0.363185178
0.362986362
0.360286526
0.359460671
0.361915046
0.363899649
0.364008229
0.359272037
0.361253571
0.359015331
0.361776065
0.359692023
0.359325703
0.361927107
0.360464981
0.359470576
0.359100141
0.356228676
0.358199928
0.356263898
0.356514335
0.356607488
0.355762106
0.355853189
0.357349486
0.355250995
0.357213967
0.352144651
0.354418045
0.352315399
0.353649212
0.353575735
0.352719965
0.352644402
0.353817795
0.353271394
0.353973949
0.351706707
0.354594669
0.353887834
0.352867451
0.353252269
0.350979789
0.353081258
0.353775427
0.352124794
0.351098109
0.347726622
0.347479081
0.348636737
0.353699587
0.349698882
0.350853371
0.352006804
0.354096679
0.348997996
0.348742005
0.347859954
0.352445593
0.353905172
0.353176189
0.349321144
0.351871287
0.354107867
0.355249633
0.354202835
0.351279972
0.349762293
0.350587298
0.348598736
0.348327857
0.346805909
0.347939143
0.348133808
0.349264903
0.347582428
0.346992631
0.342964263
0.343778573
0.34302931
0.343997723
0.341215063
0.341400078
0.340021519
0.342704383
0.341011172
0.339785634
0.339027769
0.339050075
0.341415054
0.341591454
0.338016774
0.334128514
0.335239174
0.338067503
0.33808225
0.336689666
0.331702248
0.334057498
0.335005414
0.333295996
0.330804243
0.331436405
0.329098732
0.336759973
0.335826377
0.337547943
0.333487173
0.337394064
0.334581117
0.336610831
0.334576955
0.335666989
0.337849683
0.337687536
0.340024298
0.339078718
0.337663296
0.339215531
0.337485423
0.337316722
0.337146926
0.335569786
0.334616551
0.337255971
0.337550545
0.335812773
0.334230155
0.334833939
0.333874127
0.333069466
0.332888707
0.3338006
0.332211393
0.332808588
0.330435932
0.333218426
0.33224982
0.334248863
0.334371804
0.333556144
0.334770632
0.335202767
0.3340713
0.333563729
0.333992555
0.336764027
0.332503145
0.331991158
0.334915567
0.33502637
0.334823567
0.333994659
0.334102144
0.335458523
0.333688795
0.33129296
0.329677267
0.331029216
0.329255057
0.33107354
0.327890914
0.326269679
0.326834834
0.32677388
0.326868066
0.327742392
0.326584357
0.326362711
0.326139954
0.325291086
0.325066107
0.323433765
0.324925311
0.327196995
0.328686316
0.327674524
0.323380369
0.326897601
0.327288719
0.325022473
0.324473863
0.326267889
0.3239983
0.325321346
0.324924527
0.323589093
0.319908793
0.320446128
0.320201097
0.322923699
0.321113936
0.318990555
0.320459809
0.323959195
0.320894964
0.319392116
0.3189819
0.319508067
0.318314366
0.318057047
0.31639236
0.315351555
0.314622131
0.316235338
0.317378677
0.316333397
0.313099498
0.314395729
0.312253341
0.313703584
0.313746457
0.31238196
0.313203843
0.312774607
0.312813
0.312850273
0.310542675
0.309015207
0.311705369
0.310488159
0.310519829
0.308987878
0.308548557
0.308733114
0.307510299
0.310192614
0.310530057
0.311960129
0.31026408
0.307785659
0.305618616
0.305169202
0.304406166
0.306454508
0.304751728
0.302422827
0.303999053
0.300417908
0.299960641
0.300596001
0.30123024
0.298738356
0.2998391
0.299063722
0.300318472
0.3000096
0.300949606
0.299232239
0.29767
0.298606639
0.298917156
0.297820301
0.295159823
0.297341973
0.299835501
0.299202907
0.301381691
0.301371853
0.298392143
0.29994256
0.298991856
0.30007128
0.301774582
0.304101762
0.30330282
0.302815257
0.302639071
0.305118014
0.304939586
0.304135036
0.305516865
0.306272572
0.306245908
0.305280623
0.304470467
0.303346689
0.304878041
0.308127022
0.311999882
0.311809122
0.308648491
0.30579924
0.311542618
0.311191126
0.305994764
0.307203532
0.30387993
0.301023959
0.303010618
0.305621158
0.304636828
0.302245129
0.301727311
0.304020874
0.300844569
0.303135895
0.300113603
0.298027692
0.299065664
0.296508767
0.295982003
0.294829121
0.293675122
0.295332506
0.293395022
0.293175172
0.292641706
0.293825873
0.296102673
0.297597108
0.293777927
0.290113881
0.288636219
0.293407441
0.293958799
0.291540293
0.289589421
0.287949936
0.289590586
0.289980123
0.291462296
0.292005856
0.294735803
0.293558387
0.293473609
0.294325218
0.291738215
0.288212601
0.291873375
0.293033038
0.29356659
0.292067781
0.290255362
0.292191833
0.293189694
0.293561445
0.292525838
0.292426621
0.291857546
0.292693612
0.290872321
0.289362422
0.291288915
0.290558051
0.290763581
0.294093004
0.292733822
0.292467283
0.293762139
0.29239964
0.291661036
0.290140078
0.290649266
0.289907351
0.292601831
0.292013959
0.290331235
0.290522408
0.291493729
0.291213949
0.291870568
0.292526086
0.293024253
0.291490071
0.290423539
0.289824658
0.290474678
0.28909235
0.291771424
0.2938244
0.292595029
0.295270812
0.297320498
0.297025338
0.295791582
0.295962982
0.296602037
0.295989998
0.294126865
0.300700138
0.300241069
0.296968407
0.299475904
0.301669809
0.300893872
0.300116845
0.300276228
0.301684522
0.301529226
0.300747841
0.301215368
0.300588058
0.30058466
0.302611425
0.301043354
0.300880447
0.300247705
0.299301377
0.298353966
0.299124221
0.298799642
0.298161481
0.293928487
0.296569412
0.298271755
0.297160517
0.2960482
0.297591053
0.299757826
0.300048521
0.301588138
0.299532928
0.30185164
0.301825526
0.301798337
0.303020072
0.303146982
0.302960318
0.303866331
0.30789627
0.308643887
0.309390433
0.312792157
0.31478656
0.315373643
0.314553407
0.314200852
0.313847228
0.315211287
0.318605528
0.320904954
0.321640813
0.322219357
0.327953086
0.328217001
0.326917353
0.325460392
0.326658619
0.328324534
0.327801889
0.327590683
0.328628417
0.327946343
0.33116946
0.33470402
0.335737523
0.334426219
0.333582609
0.336956695
0.335485976
0.334482954
0.333791379
0.336067501
0.337092571
0.336710341
0.337733311
0.33594273
0.330869851
0.331733424
0.33322095
0.335176178
0.333692861
0.330802248
0.33134809
0.331267889
0.331499144
0.329698107
0.328521028
0.329217908
0.330382498
0.328577299
0.32895856
0.329495033
0.32768672
0.330096119
0.330785733
0.327411811
0.329505606
0.329879616
0.329315094
0.32890579
0.327557955
0.328240339
0.330484194
0.329758269
0.332000067
0.329553337
0.32851183
0.326063048
0.328925741
0.32850616
0.325116805
0.324538928
0.327085029
0.325567609
0.326861669
0.328623459
0.326634231
0.324018986
0.325308973
0.325660445
0.322260901
0.324485344
0.324677522
0.324712438
0.322871342
0.320404235
0.322623618
0.321091992
0.324090608
0.324119466
0.322272317
0.322611662
0.326387503
0.326881089
0.327842422
0.325834003
0.328199583
0.328376662
0.331365241
0.332321571
0.331870654
0.33173124
0.329872079
0.329418174
0.331775774
0.334132381
0.334144245
0.339467618
0.339008751
0.339642643
0.338400547
0.350751213
0.361850892
0.355762086
0.339672294
0.339987768
0.340771009
0.340459518
0.341240795
0.348271093
0.345300411
0.3452975
0.346231112
0.346069998
0.344032908
0.346213594
0.346830806
0.348228295
0.346187313
0.344770361
0.344133688
0.343496047
0.346294939
0.346905364
0.342983573
0.338279567
0.340762098
0.341524916
0.340724273
0.343672668
0.340995105
0.340504082
0.342043352
0.342956666
0.342931524
0.344467927
0.343034627
0.344725375
0.345477671
0.346072767
0.344948163
0.345853862
0.346914862
0.347506167
0.347784027
0.347279693
0.348805665
0.349236946
0.349823536
0.349315436
0.347868897
0.348608921
0.350129258
0.346804909
0.346292126
0.34702841
0.346045012
0.351779432
0.355012923
0.354964234
0.353195868
0.353457824
0.354031355
0.353353962
0.356581895
0.357933906
0.361316246
0.364541415
0.365109416
0.365832749
0.364523915
0.365089166
0.369716002
0.368248175
0.365216935
0.362809785
0.363526725
0.364242756
0.361676629
0.363953346
0.360135408
0.358972816
0.357496821
0.358676174
0.358917126
0.360250929
0.358927584
0.361978341
0.359715703
0.36198342
0.357843993
0.359953674
0.363156214
0.362607864
0.362839875
0.360883499
0.360488736
0.365718088
0.368915306
0.366017891
0.366713344
0.364439168
0.367320362
0.365513178
0.366986367
0.369239931
0.371023871
0.370150688
0.368182883
0.372151707
0.372213413
0.373993
0.37202172
0.371924574
0.372139065
0.370790192
0.371784207
0.368714862
0.368457158
0.370073595
0.367157926
0.366897651
0.370074022
0.370280789
0.370799206
0.368191771
0.365427238
0.365161856
0.363020629
0.361659805
0.360454388
0.360654378
0.362103527
0.361364335
0.364218055
0.362852187
0.361485483
0.361992944
0.359062071
0.358630366
0.35679158
0.355733215
0.355611521
0.3551765
0.355521903
0.356803982
0.356678988
0.356865673
0.355645287
0.354424081
0.354452059
0.353541719
0.353411815
0.351874847
0.355962067
0.354735976
0.356790326
0.357125117
0.360115351
0.35716728
0.357030904
0.356268726
0.356599496
0.359429466
0.362883638
0.361649512
0.359320841
0.358553875
0.358723615
0.359205064
0.355935723
0.352509343
0.349707175
0.356747971
0.361444232
0.360670959
0.360678155
0.36052832
0.360846456
0.360695064
0.358042896
0.358983703
0.356798737
0.357112998
0.360238989
0.35867671
0.356488664
0.358987351
0.360860273
0.358982432
0.356322579
0.358661965
0.358969341
0.35740096
0.356456823
0.353636931
0.356597535
0.358151138
0.35845399
0.357818593
0.357963698
0.359670557
0.362001672
0.361832043
0.360255423
0.360865562
0.360224963
0.361771126
0.362066553
0.364236246
0.362811456
0.360917185
0.361990934
0.362595205
0.363042498
0.361614066
0.36221616
0.365786282
0.366699433
0.365580614
0.365086078
0.363809575
0.364719857
0.363285676
0.362475783
0.360258929
0.361010117
0.361604347
0.360791621
0.362634441
0.362445309
0.358974225
0.359877441
0.35968621
0.357619281
0.356176658
0.355983341
0.356258082
0.357000882
0.356180494
0.353953168
0.354693906
0.35465271
0.355235831
0.355037021
0.354212532
0.350574864
0.35021777
0.351891251
0.354345308
0.351798694
0.34878266
0.350765956
0.349936086
0.3501993
0.350149351
0.350254989
0.350203716
0.348745534
0.349630444
0.346452199
0.347492049
0.348218746
0.349882292
0.349045188
0.348832436
0.347056538
0.345904995
0.349440308
0.35203748
0.352134012
0.349417406
0.352950163
0.354763534
0.355482522
0.355575878
0.355981104
0.357010701
0.359133421
0.359068016
0.362595736
0.360341585
0.362774312
0.365675171
0.364044163
0.365693789
0.364374051
0.36539745
0.366888989
0.366192418
0.36690149
0.365734957
0.367380319
0.364962578
0.363950487
0.363094047
0.362705759
0.360285625
0.363958647
0.364662326
0.365521664
0.363724164
0.365988575
0.364346151
0.364265642
0.366840801
0.366759129
0.367145628
0.366594049
0.367760645
0.369707916
0.368060865
0.368444493
0.368358802
0.367647543
0.366779469
0.370598331
0.37066663
0.372140619
0.372051549
0.372430671
0.374527988
0.374124751
0.372783462
0.373160373
0.376349235
0.375631299
0.375069069
0.375131295
0.374411729
0.376191623
0.377189728
0.379906047
0.37777808
0.374555831
0.37383305
0.373734739
0.377229649
0.375724034
0.371249144
0.370679981
0.375110297
0.372665093
0.374125621
0.370585634
0.370326382
0.368504118
0.369962593
0.37079556
0.371003019
0.369491222
0.366885172
0.365684869
0.363859067
0.363751515
0.361143468
0.359472425
0.360457139
0.360347611
0.357581344
0.359658339
0.360328597
0.359748371
0.356980163
0.357023974
0.356129805
0.355078909
0.356683788
0.357975693
0.355048376
0.352433088
0.353411082
0.35595111
0.358959423
0.356029772
0.35559966
0.357200339
0.35708181
0.356962825
0.355124635
0.354535994
0.356446902
0.357419861
0.356673623
0.352801939
0.349711063
0.352400995
0.354621737
0.356217041
0.355468158
0.352218842
0.351312843
0.352593913
0.353249554
0.352967268
0.348778306
0.349432671
0.349930365
0.351677638
0.349518244
0.347827183
0.349573207
0.351943819
0.349157771
0.348558813
0.349209448
0.347359678
0.344415754
0.345065179
0.347120454
0.34448783
0.342011061
0.343596397
0.343150091
0.344265894
0.341943808
0.340402585
0.340579727
0.344193986
0.344214113
0.343921361
0.340659481
0.340834725
0.340853344
0.341965342
0.341514469
0.339656978
0.340299119
0.340315896
0.34158231
0.341285863
0.340207807
0.342723143
0.343050623
0.342284
0.343548275
0.34434345
0.344357027
0.346401507
0.346258143
0.345020687
0.345657889
0.346294753
0.34005628
0.342879972
0.346484581
0.343838858
0.326349056
0.326358927
0.336993471
0.346846442
0.343417841
0.337020169
0.33171593
0.326255124
0.322512754
0.323926321
0.336120827
0.341596275
0.344102665
0.343796251
0.338177033
0.339276264
0.343656446
0.34569258
0.345853419
0.343201464
0.342267967
0.34024043
0.340868855
0.341653244
0.338843599
0.335877421
0.338535963
0.339475476
0.341195963
0.342916175
0.342604863
0.339168281
0.33995018
0.339013062
0.339950678
0.342919281
0.341825123
0.341980705
0.34072978
0.344791098
0.343852163
0.344631726
0.345411039
0.348377603
0.347281422
0.348216246
0.346494578
0.345397669
0.343831772
0.347578139
0.34726177
0.346632669
0.343659587
0.345061275
0.347712737
0.345676474
0.342858737
0.342697029
0.339097602
0.338935457
0.336429347
0.334079273
0.338916488
0.334534742
0.334684039
0.33733313
0.338732017
0.337943202
0.334810437
0.334333723
0.334325563
0.333692209
0.332589913
0.324612426
0.32194725
0.327875638
0.334428841
0.333169361
0.332222201
0.333462361
0.334702345
0.333442154
0.331244289
0.329515003
0.332473049
0.334649676
0.333388639
0.330564938
0.328053575
0.327885803
0.328811624
0.326924788
0.32675655
0.327056909
0.328919618
0.32687593
0.324519595
0.322944367
0.319337746
0.320418486
0.322749087
0.323673302
0.325691132
0.32286508
0.321913898
0.324243838
0.3242299
0.323747089
0.321389154
0.317468599
0.317141676
0.317595885
0.31883123
0.314441462
0.315520332
0.316599094
0.315958999
0.318131299
0.317178495
0.315131841
0.314960087
0.315569486
0.315866289
0.313350499
0.311303368
0.311912397
0.311271339
0.313911445
0.311551468
0.310441409
0.31089377
0.308846053
0.310704511
0.309750395
0.308327456
0.307685698
0.306731372
0.30765198
0.304353774
0.305430506
0.308382177
0.30695879
0.307879098
0.30504935
0.301438301
0.303764701
0.305778552
0.307323608
0.307462368
0.307913586
0.304771014
0.304597153
0.309735755
0.305968072
0.308294107
0.309057611
0.304196086
0.307459534
0.307285457
0.307580107
0.305374736
0.302388096
0.302213939
0.300321017
0.299365582
0.298566385
0.29854843
0.298061716
0.298512498
0.296150776
0.294570303
0.29392733
0.29344061
0.291860144
0.292310934
0.291824233
0.290400042
0.289288364
0.28927045
0.290658802
0.290953422
0.286873062
0.287480224
0.28496241
0.286038372
0.289926863
0.287721633
0.285047685
0.28456127
0.285949892
0.285619801
0.28122725
0.283709741
0.282911025
0.283674855
0.284907482
0.284421409
0.285341637
0.286105668
0.274526005
0.272477649
0.278241853
0.284787367
0.283207945
0.281941088
0.281143048
0.282688827
0.281578427
0.2820306
0.281076598
0.280122673
0.278700076
0.277590061
0.277573878
0.276307779
0.275354268
0.273307094
0.270947512
0.270463022
0.271384876
0.271525577
0.270416375
0.270401025
0.268042026
0.264276882
0.265199344
0.262528163
0.260325843
0.254842385
0.254046541
0.256844563
0.256986452
0.256503461
0.254926842
0.255225347
0.258023977
0.254728985
0.255027872
0.252514391
0.251563543
0.250300331
0.249506005
0.248399319
0.247449025
0.248373873
0.248205116
0.247724006
0.247399296
0.245824736
0.244875329
0.245019827
0.244539481
0.243903044
0.240923018
0.235599404
0.229807204
0.232140171
0.237910807
0.237587862
0.23507759
0.236942492
0.23662007
0.237235326
0.235350762
0.231591379
0.231269681
0.231729418
0.231408093
0.232024458
0.231078514
0.229507763
0.226843458
0.224960601
0.221359192
0.220101735
0.21868823
0.218837431
0.217268089
0.214292705
0.213036283
0.212717573
0.211149078
0.210049549
0.210825239
0.208788649
0.209096031
0.208778638
0.210961471
0.212988282
0.211109073
0.210167596
0.208132603
0.208910345
0.208750825
0.210622795
0.210463756
0.208273711
0.206708911
0.206863108
0.208423804
0.208422251
0.210139701
0.212169907
0.208887868
0.210449839
0.21138707
0.210137064
0.209981072
0.211075346
0.209826138
0.208889701
0.207328536
0.207017644
0.209363278
0.21061544
0.209680382
0.206714355
0.204217361
0.201095653
0.203130481
0.202978099
0.204076008
0.20111171
0.200491456
0.198152749
0.199251841
0.197538733
0.195669677
0.195363425
0.19427623
0.194126842
0.192259014
0.191797748
0.186805546
0.185563659
0.186665839
0.184955839
0.183714909
0.183568053
0.182484021
0.183900317
0.18297319
0.182358895
0.179713681
0.182693802
0.180518009
0.158498804
0.154604939
0.176336415
0.180411985
0.18183165
0.182001663
0.182015775
0.181092737
0.181576303
0.185185223
0.185357
0.184279135
0.182732881
0.184624489
0.184016461
0.183721298
0.182801504
0.179225828
0.178931775
0.179731844
0.181157289
0.18055186
0.18135306
0.178560891
0.177487855
0.177821453
0.176280436
0.174583558
0.17257457
0.175097223
0.17621402
0.173268712
0.172198801
0.17316054
0.172560179
0.174303971
0.174173167
0.167636519
0.16656903
0.165189451
0.164122783
0.161962779
0.16370944
0.162487769
0.159547767
0.160045685
0.159762776
0.159324042
0.158573234
0.156572854
0.156447904
0.153354636
0.152136802
0.149669402
0.14845244
0.148954667
0.148363585
0.148710445
0.146714
0.1437805
0.143816199
0.144321097
0.145295197
0.144551001
0.144432259
0.143532724
0.144664898
0.146266283
0.14646188
0.146345441
0.145291967
0.145645212
0.145842675
0.14557186
0.142801518
0.143000401
0.14351226
0.143712097
0.143912415
0.144581964
0.143533247
0.144203765
0.146124771
0.146640015
0.14434325
0.146578227
0.145844949
0.146205916
0.146567381
0.144741846
0.141666812
0.13968603
0.140049504
0.133069734
0.122652972
0.125986719
0.142133479
0.146093252
0.14630354
0.147451845
0.145631919
0.145375013
0.14683738
0.14392527
0.145701185
0.144196378
0.14284835
0.146344603
0.145622638
0.145057458
0.144649063
0.145647456
0.144458888
0.144052112
0.145364628
0.145583939
0.144241296
0.143524201
0.146401405
0.145997911
0.14512622
0.143317584
0.145103254
0.141108232
0.13445752
0.14140112
0.144126533
0.143883761
0.145204056
0.144493669
0.144408852
0.144168356
0.144084684
0.144001587
0.144700317
0.143524625
0.145005763
0.143987484
0.142813537
0.144921426
0.144217401
0.142420215
0.139686119
0.140390115
0.141094704
0.141331139
0.14125567
0.14133705
0.140794029
0.139782861
0.138459796
0.135418586
0.137221732
0.134650487
0.135048602
0.132166079
0.131159169
0.131871623
0.134615945
0.137360884
0.136200194
0.134102624
0.135130678
0.134440607
0.134219912
0.133687345
0.131280407
0.128561601
0.130530927
0.133750888
0.132752735
0.13675522
0.137633344
0.135855858
0.137360266
0.138240317
0.138652264
0.137814859
0.136821852
0.138329496
0.140619042
0.138846741
0.139887596
0.145147858
0.145565028
0.144107858
0.14296385
0.139476755
0.141302825
0.140317061
0.140269465
0.142253788
0.141582533
0.1395057
0.138210792
0.139416559
0.138279254
0.139798877
0.138350431
0.138933917
0.137018087
0.137602941
0.136157233
0.135962212
0.140767882
0.142917992
0.139756296
0.140345294
0.137966237
0.138869129
0.137428969
0.13755201
0.136894502
0.135612699
0.1349566
0.132269959
0.137084025
0.137055051
0.135464288
0.136061738
0.139941152
0.138040032
0.138639629
0.142364944
0.14405973
0.140286488
0.140732719
0.144460925
0.144908607
0.148169516
0.147837405
0.145631025
0.143737877
0.144189212
0.147610032
0.14696909
0.146641385
0.14740817
0.148956946
0.150506464
0.152369226
0.152201484
0.149221989
0.148118242
0.151233995
0.153412999
0.152155256
0.152304517
0.153704534
0.157917808
0.158225591
0.158534133
0.158374687
0.157591003
0.155870584
0.153525931
0.154932045
0.154932677
0.15399658
0.155248754
0.1580642
0.158224171
0.159009918
0.158858942
0.158708744
0.159028076
0.15887944
0.159044086
0.159990766
0.161250732
0.158761485
0.160648026
0.161441607
0.164423479
0.167718644
0.166014602
0.165561356
0.166358906
0.166688505
0.169206403
0.169068851
0.170807102
0.169421156
0.171317265
0.17477668
0.174643153
0.174666685
0.174066027
0.171747431
0.173492148
0.17351893
0.174327777
0.177168691
0.178916673
0.180665475
0.179602599
0.180571795
0.180604314
0.182043909
0.18676558
0.183831828
0.180273906
0.177966814
0.177379304
0.179292627
0.179644284
0.181403027
0.178943856
0.179141774
0.182153031
0.18172763
0.18286557
0.184785604
0.183581482
0.181753207
0.182582028
0.181380449
0.182210969
0.18397984
0.185437064
0.182832641
0.181947823
0.180126362
0.179555758
0.180392262
0.182948377
0.182536603
0.184000691
0.183121893
0.18411896
0.184335644
0.184084445
0.184771614
0.184053404
0.187867315
0.186525848
0.189247755
0.187595537
0.188912945
0.19116873
0.190300394
0.190682938
0.192003862
0.194106919
0.195898359
0.195971934
0.196202645
0.192840493
0.195885479
0.200962604
0.20400937
0.205182028
0.204011829
0.201905024
0.205111615
0.205194102
0.207621236
0.20661177
0.211853204
0.213970538
0.210151276
0.210395417
0.212827962
0.213230164
0.216445772
0.214193539
0.216473465
0.214691801
0.214629799
0.21613121
0.217477285
0.220074275
0.220797181
0.220583504
0.224433246
0.228127657
0.227916739
0.222394243
0.220935169
0.22541452
0.224894796
0.227344748
0.226358127
0.228966185
0.232200172
0.23246634
0.23195219
0.233001473
0.233895439
0.233696591
0.234279928
0.237051703
0.238105666
0.237598068
0.238341411
0.239866945
0.242955921
0.242764591
0.244605456
0.244103516
0.244227524
0.242789979
0.242915882
0.246323986
0.248951791
0.248611797
0.250616507
0.25277842
0.253847539
0.256323863
0.255988645
0.257685635
0.256727334
0.257332493
0.257626114
0.256983196
0.260716242
0.262419002
0.260841477
0.263483669
0.261439327
0.263614704
0.26391605
0.265155866
0.266709153
0.264513412
0.265131145
0.265124851
0.263557033
0.26667769
0.266518074
0.266515687
0.265733028
0.265107599
0.267295651
0.267453435
0.264487201
0.266365701
0.267307686
0.267938156
0.266069613
0.273420807
0.271710489
0.26937616
0.271574072
0.270647975
0.26831662
0.269892507
0.271469389
0.267422265
0.258688637
0.265893506
0.279349372
0.277962486
0.28017035
0.277379213
0.279276578
0.280549944
0.280261814
0.281068437
0.281251064
0.282215947
0.280838086
0.282586233
0.284960387
0.2840543
0.284867973
0.285057656
0.288529601
0.289502558
0.288445279
0.288326513
0.288833762
0.289342026
0.292820057
0.292080356
0.294466672
0.293885258
0.292679863
0.293037988
0.292303385
0.292194805
0.293493497
0.295105713
0.296250203
0.296301969
0.297448512
0.298752331
0.302088428
0.303394303
0.301732458
0.299759143
0.298568109
0.298940606
0.300720386
0.303126199
0.304595546
0.304034678
0.303318595
0.304478549
0.304545789
0.305395317
0.305777134
0.30647249
0.309825136
0.311460072
0.3095023
0.31098307
0.312308633
0.31629149
0.31730664
0.315666586
0.315277578
0.317389616
0.318877701
0.320835584
0.322482015
0.322254496
0.324528027
0.325865108
0.327359491
0.328542426
0.329726413
0.331223954
0.333972549
0.333597198
0.333379153
0.335193414
0.337946231
0.339918856
0.342517539
0.342617281
0.342249332
0.342351192
0.345735364
0.348651847
0.346413141
0.346987998
0.347563918
0.352047152
0.35121895
0.351954314
0.352065743
0.352334488
0.35119805
0.350687679
0.352990876
0.352326392
0.352756728
0.354906883
0.355339358
0.353741655
0.353707523
0.354143213
0.357704976
0.357517813
0.355300473
0.356365458
0.356494017
0.357248653
0.359254364
0.362042402
0.359050268
0.359965461
0.361662982
0.363517833
0.363186262
0.365668272
0.365495112
0.364073034
0.366558286
0.367013371
0.370750788
0.369176789
0.368853873
0.371344541
0.373211294
0.370860381
0.370854305
0.371005564
0.37272041
0.372405093
0.373965864
0.375996473
0.37474692
0.374123456
0.374594832
0.375067298
0.374134604
0.373359251
0.373209989
0.373686819
0.374633491
0.379643756
0.379811364
0.376855066
0.377024861
0.376102001
0.377680236
0.378322066
0.381152492
0.380859014
0.381660383
0.382462848
0.385766411
0.385321072
0.38534558
0.385058688
0.386022894
0.38589445
0.384673356
0.387672111
0.391609468
0.391485425
0.393393734
0.396396894
0.398307406
0.396937771
0.397912988
0.400608059
0.398772983
0.396001511
0.397293643
0.39983688
0.402224972
0.403364168
0.402004471
0.402520879
0.402100894
0.403557015
0.403607993
0.403347579
0.403244521
0.403767572
0.402104231
0.403879498
0.404874624
0.40337086
0.404836954
0.408335408
0.406991223
0.405335647
0.403837432
0.405465328
0.405375584
0.402318202
0.402386932
0.401206774
0.405808978
0.406506044
0.406266723
0.405091015
0.40516642
0.406180438
0.40625807
0.406961816
0.405791676
0.4038414
0.405173489
0.406194193
0.405341012
0.407301446
0.408794246
0.409038161
0.407876943
0.40827934
0.409776604
0.408774984
0.410586981
0.412400095
0.414526825
0.415873424
0.415658639
0.419663722
0.419451173
0.419864742
0.419810679
0.418820235
0.419705909
0.420592701
0.423199363
0.422838393
0.422478542
0.423369811
0.423949699
0.424530706
0.421987833
0.42257108
0.423311697
0.424209684
0.42542129
0.425071518
0.424097865
0.424375333
0.424185172
0.424621131
0.424276961
0.425808912
0.427341984
0.427157427
0.425880241
0.430072926
0.429579233
0.428149161
0.428751461
0.431386132
0.431053174
0.430096339
0.431953125
0.435217283
0.433170062
0.432373964
0.435953987
0.439066383
0.4384299
0.43857579
0.437472801
0.442308435
0.441363941
0.439483069
0.439165819
0.439318441
0.440878435
0.440720802
0.440720541
0.442283902
0.440567135
0.444632741
0.444324468
0.444798568
0.44293004
0.440593884
0.44263385
0.444674938
0.445935899
0.446572981
0.445336185
0.447538012
0.44599096
0.44710128
0.448368972
0.447294035
0.44809522
0.447335027
0.447669706
0.448005506
0.445686177
0.44243047
0.443394634
0.447172419
0.445795075
0.445981352
0.445856251
0.44620102
0.44732816
0.44658142
0.447554551
0.447747552
0.448097924
0.448449416
0.451458278
0.44821826
0.446385612
0.451272833
0.450379924
0.449488135
0.449066214
0.448332913
0.446506981
0.451244668
0.451452223
0.450879647
0.45030819
0.45036285
0.454324879
0.450788026
0.44975229
0.446686422
0.449715421
0.453995537
0.45358927
0.45177787
0.451998837
0.45425217
0.455569119
0.454543435
0.450862616
0.449214162
0.451004324
0.454045602
0.452712994
0.4538815
0.451769872
0.451534357
0.452549957
0.45294167
0.451771997
0.448728437
0.44802974
0.448269656
0.448510685
0.448440325
0.445246078
0.444240443
0.449954668
0.448795006
0.445917704
0.444447763
0.445635182
0.445104961
0.4459821
0.446547848
0.444458456
0.443463923
0.445282998
0.447103182
0.446580723
0.444809372
0.446164129
0.445019992
0.446220713
0.44336004
0.440656722
0.441704511
0.443690905
0.445053404
0.443604508
0.442781716
0.444928778
0.445670694
0.445632463
0.443720335
0.445403059
0.445993136
0.445021815
0.444832845
0.444957477
0.443676959
0.445678791
0.447837973
0.446717005
0.446690886
0.444634616
0.444454444
0.446306621
0.445503645
0.443920515
0.445932233
0.444663797
0.444021457
0.444005212
0.446021313
0.444757258
0.445681797
0.44410743
0.441752907
0.442993226
0.442047138
0.441727141
0.442501987
0.442027923
0.4388987
0.438739317
0.439049773
0.440142569
0.441548954
0.438893927
0.436239988
0.435930886
0.438435371
0.437815942
0.440010099
0.436736591
0.436589168
0.43659908
0.438953825
0.436934653
0.436947815
0.438524559
0.437758634
0.439337541
0.439511278
0.438592346
0.436111993
0.43753897
0.435685775
0.435083658
0.432920118
0.432945156
0.43422127
0.433935959
0.429589224
0.433056064
0.431992728
0.434524215
0.434088026
0.432090409
0.430875114
0.43122339
0.432041486
0.431141903
0.432118389
0.429033445
0.430324568
0.42739801
0.427441268
0.426235593
0.425030984
0.42429619
0.423874961
0.422829795
0.420379444
0.420742655
0.420325678
0.419597263
0.418557408
0.415956114
0.412887129
0.414350454
0.415502337
0.415561527
0.414059274
0.412245578
0.410432937
0.411902602
0.413060821
0.409376343
0.407255419
0.407948046
0.407391726
0.405898956
0.408157237
0.406197817
0.402833196
0.404938373
0.405482098
0.404151869
0.402978937
0.4047758
0.404542457
0.404622659
0.402828903
0.40134869
0.401119519
0.402922639
0.398945549
0.399656999
0.396775738
0.396864264
0.398828828
0.399075679
0.396198565
0.392072486
0.391697442
0.392729681
0.390481704
0.391047258
0.390207593
0.389837709
0.389312604
0.391288529
0.389046731
0.386337211
0.385972468
0.38842125
0.388058557
0.385821888
0.384367493
0.38572662
0.38599302
0.38797919
0.38684138
0.383048339
0.383631317
0.387340313
0.386050325
0.382573853
0.381754647
0.384373955
0.386056776
0.38555311
0.385987956
0.385955063
0.38592318
0.385579806
0.384612441
0.381146083
0.380961982
0.382497637
0.386690546
0.38494696
0.382735627
0.381306546
0.382847216
0.384388887
0.384525308
0.382006478
0.378707395
0.376190559
0.37914347
0.381784875
0.380208525
0.378164418
0.376121304
0.377204181
0.376881799
0.375622906
0.375302502
0.374826836
0.375445907
0.375128464
0.371374505
0.371215281
0.37011954
0.369962282
0.369649754
0.367619457
0.364808889
0.365436799
0.367003187
0.370758052
0.370920142
0.366708206
0.366403494
0.368756004
0.367828236
0.368932689
0.365819361
0.365675752
0.366626861
0.367578936
0.366656977
0.366985983
0.366534702
0.366084384
0.365166277
0.363780382
0.361145445
0.360386468
0.359940948
0.361527634
0.362802776
0.360328873
0.359418423
0.361321425
0.360725379
0.360755283
0.360786137
0.361599189
0.359288188
0.358853133
0.358106523
0.356423358
0.357084885
0.358059855
0.358098265
0.358137615
0.357240404
0.36040663
0.362011293
0.362679391
0.362254674
0.359018391
0.357189289
0.358486119
0.357596378
0.354988817
0.354725933
0.357432727
0.356390445
0.357224089
0.355402406
0.354362895
0.352543055
0.354786636
0.356093635
0.351464052
0.351054136
0.351895135
0.356018299
0.353892377
0.351611116
0.351987016
0.353457576
0.355241545
0.354526422
0.352093455
0.353255143
0.352230235
0.353081231
0.354089378
0.353692175
0.351733372
0.352900468
0.35438096
0.354299849
0.352500882
0.352421558
0.355155627
0.355234337
0.356095188
0.356488176
0.352975803
0.353683066
0.356109964
0.353850246
0.353310161
0.352302207
0.353951384
0.35403894
0.355533624
0.355310434
0.35383812
0.355022931
0.357614864
0.361457669
0.356707595
0.353520889
0.354710052
0.358400082
0.359434728
0.356876487
0.35556911
0.359262595
0.35967569
0.362745895
0.362848207
0.359357627
0.359149152
0.361129031
0.365609763
0.362435097
0.361136281
0.360150815
0.364947446
0.364276174
0.362824497
0.363404914
0.360079924
0.361912026
0.363276217
0.362141248
0.361007116
0.36112382
0.362022609
0.363547231
0.362103936
0.361911472
0.362969838
0.362779032
0.363057803
0.361149899
0.35814907
0.356711564
0.35902488
0.361339016
0.359278971
0.357532244
0.357192584
0.361541238
0.361828206
0.359303486
0.358498327
0.359568977
0.357359186
0.356243952
0.356223274
0.355890899
0.354621827
0.358822307
0.358961087
0.356131915
0.355334791
0.354538462
0.360305429
0.359354438
0.356997989
0.35479858
0.354631211
0.355870879
0.357736333
0.355852572
0.354750844
0.355993648
0.360518483
0.358950347
0.358476739
0.360035157
0.36034435
0.363154317
0.363777556
0.362995315
0.359713844
0.36002689
0.360028203
0.363467781
0.359408122
0.359411725
0.360041089
0.361608712
0.362239593
0.363183731
0.361316123
0.359761768
0.361176916
0.364936564
0.362915711
0.358395606
0.361376247
0.360920132
0.359683511
0.358603881
0.357993742
0.361134341
0.361775678
0.360699001
0.360404308
0.358547848
0.355754619
0.35796212
0.3600141
0.357691806
0.356463988
0.355549394
0.358073022
0.357316121
0.35405994
0.353773226
0.352549729
0.355233197
0.353386129
0.354508522
0.351100375
0.352536688
0.352411208
0.351036433
0.349193613
0.349382746
0.34957258
0.349294363
0.349016845
0.350458773
0.348620147
0.347250964
0.349319973
0.351077173
0.346897561
0.346312387
0.346352899
0.346394095
0.344873474
0.346947284
0.343396773
0.344221941
0.345204035
0.344155554
0.340295247
0.340810611
0.340701645
0.341062099
0.344391969
0.340378755
0.336834954
0.337979316
0.339905589
0.339957521
0.341572611
0.339438357
0.341679757
0.341734309
0.340695764
0.340907867
0.337683119
0.339459017
0.338266811
0.339418997
0.336509325
0.335787793
0.340379399
0.337627893
0.337377021
0.334626783
0.333595927
0.330065701
0.332629854
0.334569634
0.33338504
0.327982319
0.331173971
0.332647493
0.332402884
0.331846393
0.328946767
0.330266505
0.333461856
0.331189067
0.325323137
0.323207815
0.327030599
0.328822737
0.328896727
0.326315068
0.325140259
0.325684797
0.327323681
0.325994409
0.32732198
0.324431391
0.323572642
0.323964481
0.324044405
0.323499913
0.318581005
0.320068927
0.319838678
0.322421506
0.317504911
0.31524514
0.319235941
0.322602313
0.320500504
0.320274263
0.316611087
0.319042225
0.319755176
0.320312437
0.316026507
0.316584885
0.317143818
0.317859555
0.312482094
0.314605183
0.314541322
0.313540507
0.312227737
0.310915511
0.308041327
0.306573934
0.306669578
0.30801576
0.307018726
0.306803475
0.303620007
0.305124568
0.303660907
0.301729022
0.299016413
0.297710576
0.29812401
0.296506714
0.293014935
0.295304922
0.291501674
0.292230188
0.290927963
0.288844997
0.290981288
0.290305585
0.289161635
0.290049437
0.29000024
0.287295291
0.283653339
0.286886882
0.289027168
0.290699196
0.285965463
0.285450968
0.288374459
0.289579685
0.286254144
0.285429083
0.284135752
0.282686647
0.283581769
0.284164864
0.283185931
0.281269968
0.282323224
0.285251947
0.284587384
0.281423285
0.277947147
0.278533968
0.280371247
0.277990232
0.277328421
0.275729563
0.278349905
0.278783196
0.276560684
0.276369868
0.273991994
0.277083312
0.27751882
0.274829766
0.269797399
0.268046715
0.267702714
0.271734144
0.272172253
0.271360789
0.269768501
0.270364136
0.271428942
0.267181669
0.263872313
0.263688374
0.2639736
0.264571738
0.265639036
0.264362994
0.262931109
0.264468379
0.267256053
0.267544128
0.263145104
0.261246477
0.261379496
0.26541916
0.264459216
0.261468413
0.258009249
0.261112972
0.26468583
0.262634071
0.259176444
0.255875446
0.260387326
0.262868333
0.260974713
0.261112715
0.256407338
0.25795233
0.256841438
0.257293411
0.252901997
0.252729694
0.250370251
0.248948665
0.246433684
0.248762807
0.246717283
0.247015858
0.245439781
0.247926551
0.243694914
0.238369871
0.239763918
0.239752054
0.239271777
0.236760585
0.230812227
0.232832949
0.234072751
0.235781631
0.234834586
0.233575366
0.232003967
0.232620388
0.233393378
0.233697934
0.230252804
0.232276737
0.237425981
0.237106783
0.232569142
0.231469307
0.233182274
0.238333043
0.236765362
0.237072977
0.232849639
0.236595344
0.237997591
0.242056378
0.242209203
0.240643564
0.240171959
0.244075637
0.244073345
0.245790082
0.240944595
0.242193133
0.242504444
0.245472276
0.239534128
0.238283746
0.240783629
0.244846276
0.244065435
0.242659853
0.240629528
0.24203696
0.241257145
0.240165082
0.239698269
0.235950455
0.235796636
0.237986812
0.23580223
0.231586638
0.231277536
0.230187419
0.232847538
0.230976639
0.229105971
0.226923033
0.227552821
0.231464084
0.230531821
0.229756029
0.228199206
0.225236351
0.227273711
0.228842535
0.22666157
0.226355816
0.226519019
0.228244928
0.229189791
0.231228606
0.227955121
0.229056835
0.228439995
0.228604599
0.228456895
0.225965632
0.227537058
0.22957742
0.227242967
0.225221197
0.224293357
0.225084447
0.223063213
0.224479654
0.222458769
0.220281805
0.22341751
0.224365882
0.224533169
0.22032562
0.221430733
0.222536005
0.221610184
0.21990327
0.220540259
0.221021149
0.21525219
0.214483379
0.217152213
0.217321191
0.217646562
0.215628323
0.213610222
0.212373507
0.207699426
0.205994228
0.20772666
0.206959221
0.204941908
0.207299719
0.204970154
0.205765709
0.205936383
0.207200923
0.203153078
0.203167847
0.202870226
0.203041464
0.202119059
0.20197801
0.198868313
0.199352468
0.201555471
0.202039823
0.202836769
0.198165059
0.19943094
0.199759411
0.197744219
0.195572863
0.19121409
0.1959179
0.200778038
0.196419505
0.195029797
0.192858914
0.191313102
0.19007986
0.191346686
0.184176078
0.182786784
0.182491303
0.185320881
0.184869268
0.181761461
0.183184958
0.184139758
0.184157108
0.182924506
0.178410701
0.17874069
0.177976972
0.181275795
0.180355906
0.176311054
0.174297486
0.176815202
0.178551698
0.174194473
0.173118525
0.170792601
0.170185451
0.172547072
0.171314962
0.172426619
0.172600791
0.172306226
0.171855423
0.169998379
0.168766342
0.16847181
0.167708532
0.168976506
0.167275728
0.167918699
0.165749165
0.166860874
0.170785075
0.173615516
0.168320944
0.165213859
0.166169257
0.168374637
0.168236247
0.166222834
0.165771898
0.167195936
0.165494946
0.164262676
0.163967874
0.161798038
0.162128166
0.162927007
0.165288308
0.159993318
0.155635783
0.160184454
0.163014326
0.1625629
0.159298922
0.15853489
0.158239553
0.158725409
0.158117455
0.155009441
0.153620113
0.15551197
0.15662251
0.155545481
0.153843381
0.152766208
0.15168896
0.152174135
0.152190482
0.152831748
0.151597931
0.149582779
0.151317541
0.153520964
0.149786796
0.147771287
0.146693182
0.149833732
0.149536683
0.147677034
0.145036032
0.145988676
0.148191215
0.149612395
0.148220965
0.146360673
0.145906517
0.148108496
0.147341606
0.145168347
0.143619966
0.144102711
0.145210331
0.145692823
0.143987686
0.142126167
0.143858265
0.146840228
0.146072053
0.146553739
0.144691534
0.143610435
0.144560442
0.142854052
0.144428762
0.144753322
0.144296479
0.142433232
0.144476077
0.145893764
0.143717541
0.144353654
0.142645854
0.146406637
0.141573502
0.141583946
0.139875468
0.140979316
0.136770488
0.136936482
0.138352296
0.137892929
0.136183377
0.13744239
0.137294965
0.1338661
0.132780794
0.136539045
0.13576585
0.132492457
0.131562616
0.133132573
0.136264828
0.136271877
0.136591219
0.135191603
0.135198025
0.135204235
0.13427273
0.134903509
0.133190319
0.136164409
0.137107027
0.12617442
0.130866587
0.138058526
0.139312735
0.142597962
0.144320455
0.144948963
0.144639733
0.144642763
0.147926802
0.144491847
0.144025397
0.1426212
0.144498004
0.145124557
0.141688356
0.140595651
0.143408939
0.143565719
0.145284738
0.145440994
0.143878236
0.143252712
0.142939419
0.145438357
0.145905772
0.143404164
0.14262103
0.140431368
0.142772676
0.144176203
0.141829447
0.145576155
0.145260076
0.146193708
0.14650205
0.147747598
0.144930351
0.146175308
0.148669967
0.147101825
0.147564631
0.148964632
0.150989328
0.152544965
0.153319043
0.153780309
0.155491262
0.157514399
0.158599718
0.159997219
0.158581898
0.156228755
0.157312786
0.161365241
0.158698617
0.158844163
0.158676876
0.159290505
0.162247548
0.165829254
0.166129369
0.163929143
0.166259823
0.167496407
0.170607645
0.167156033
0.16620407
0.171189255
0.171174084
0.173971057
0.175517672
0.176907676
0.165797319
0.183124097
0.182481759
0.177620304
0.176195979
0.177583783
0.182721213
0.183014519
0.179713697
0.180943747
0.186235916
0.193402702