0.001027558
0.001145977
0.001653003
0.001673637
0.001911006
0.002286986
0.00248908
0.002126664
0.001652864
0.001833308
0.002402372
0.002656933
0.002112617
0.001910052
0.001783615
0.002045806
0.002009128
0.002282957
0.00225792
0.00224652
0.001905008
0.001389635
0.001497278
0.001399815
0.001362872
0.001120826
0.000642429
0.000505807
0.000882838
0.001242273
0.001115364
0.000939614
0.000902523
0.001269719
0.001338078
0.001451353
0.001750171
0.001781407
0.001795065
0.001853646
0.002254027
0.002949336
0.003220822
0.003834115
0.004007966
0.003773626
0.003599848
0.004017884
0.00410586
0.004113778
0.003979142
0.003467576
0.003579084
0.002860543
0.002874454
0.002948945
0.003177767
0.003029673
0.003145289
0.003243368
0.003277036
0.003605671
0.00371365
0.003710349
0.004048896
0.004151168
0.004610917
0.004990645
0.005384104
0.005775671
0.006180974
0.006521888
0.006626543
0.007057438
0.006908328
0.007335463
0.007635721
0.007387229
0.007011865
0.00672838
0.006677401
0.006249556
0.006241721
0.0062164
0.006189218
0.005816429
0.005504285
0.005330912
0.005249438
0.005447365
0.005534071
0.005822057
0.0054832
0.005283129
0.005596844
0.005877475
0.005843771
0.006386362
0.006583373
0.006184809
0.006550044
0.006850958
0.007446927
0.007884828
0.007914664
0.008473937
0.008375149
0.008024553
0.008094026
0.00898982
0.009133813
0.009276006
0.008853903
0.008555005
0.00842619
0.008295586
0.009006944
0.009341517
0.009189932
0.008552192
0.008053298
0.008505755
0.008784563
0.008983475
0.008774369
0.008954121
0.00866336
0.008698963
0.009060932
0.009452395
0.009623353
0.009183185
0.009460018
0.00978198
0.010336572
0.010405047
0.010596783
0.010880532
0.011178172
0.01134908
0.011502633
0.01165446
0.011976437
0.011765442
0.011646477
0.011385171
0.011200275
0.010654292
0.01045035
0.010322826
0.009881098
0.009828292
0.009633163
0.009733212
0.009347191
0.009318854
0.009976328
0.01067899
0.010473718
0.010266765
0.010308134
0.009988451
0.009479594
0.008953442
0.008753746
0.008489884
0.007661859
0.007113423
0.00656333
0.006058456
0.00598943
0.006043753
0.006174555
0.006319336
0.006337475
0.0060571
0.005915713
0.005944567
0.006643665
0.007028634
0.007068226
0.007403071
0.007939419
0.0084429
0.008976015
0.009507518
0.010349911
0.010815697
0.011201753
0.012039332
0.013000313
0.013272197
0.012901863
0.013029938
0.01342205
0.013781327
0.013717147
0.014495136
0.015240299
0.015327637
0.01511653
0.015310103
0.015986486
0.016380056
0.016928315
0.017240642
0.017223289
0.016360635
0.015652682
0.015615057
0.015638389
0.015644556
0.01528981
0.015292904
0.015419466
0.015450749
0.015824256
0.01610249
0.016035452
0.015779398
0.015912453
0.015918996
0.016236531
0.016396309
0.016101459
0.016086359
0.016554136
0.017317294
0.01832896
0.018854762
0.018738454
0.016995662
0.015188891
0.014161893
0.014555295
0.014790977
0.01352519
0.011726688
0.009442349
0.007265925
0.005588045
0.007064962
0.009087303
0.010420697
0.010158897
0.009395654
0.010162224
0.012255483
0.014503559
0.016968956
0.019151677
0.019879849
0.019731601
0.01950381
0.01966523
0.020372113
0.019905714
0.018859784
0.018249951
0.017935595
0.018104217
0.018146446
0.017952911
0.017757988
0.017421056
0.017176494
0.017805554
0.017901989
0.017997052
0.017840748
0.017823702
0.017899045
0.018504278
0.01871753
0.019273179
0.019858729
0.020192931
0.021010165
0.021622934
0.02243749
0.023172587
0.023921978
0.024513791
0.024994904
0.02536532
0.026250043
0.026930326
0.026999922
0.026865083
0.026510189
0.025872742
0.02531212
0.024625203
0.024968242
0.024763116
0.024087954
0.023942758
0.024265031
0.025023528
0.025702626
0.026333578
0.026947638
0.027576058
0.027328217
0.026829119
0.026188141
0.026092787
0.026246184
0.026085837
0.025846123
0.025933296
0.026128609
0.02632269
0.026234292
0.02667592
0.0277882
0.028336761
0.028571608
0.028852116
0.029334541
0.029425136
0.029452028
0.029587096
0.030299094
0.031150524
0.03179764
0.031927945
0.032041442
0.031935011
0.031468029
0.031374874
0.03134305
0.031606936
0.032010283
0.032178097
0.031969755
0.03210401
0.032455867
0.033353452
0.034312396
0.034817075
0.034726868
0.034682404
0.034746187
0.034668218
0.034589128
0.034571419
0.034568219
0.034704533
0.034870987
0.035036337
0.035497459
0.035676234
0.035541413
0.035655501
0.035706
0.035505415
0.035163123
0.034601004
0.034319059
0.034176669
0.033986336
0.033873064
0.033805606
0.033940216
0.034636272
0.035003153
0.035181486
0.035140026
0.034847526
0.03502274
0.03547817
0.035854445
0.036339069
0.036213296
0.035477128
0.035146195
0.035314249
0.035778169
0.036459834
0.036718623
0.036507662
0.036451957
0.036754636
0.037337577
0.038450784
0.039547384
0.039861758
0.040175158
0.041128212
0.04217405
0.043125174
0.043747214
0.044212048
0.044816554
0.044873236
0.045132097
0.045530641
0.045537622
0.045106168
0.044517533
0.04442797
0.044665607
0.044433574
0.043794374
0.04343551
0.043075737
0.043043182
0.043040974
0.042819116
0.042846363
0.043013343
0.042554435
0.042188391
0.042321466
0.042453664
0.042569362
0.04237169
0.04236065
0.042614373
0.04291411
0.042853617
0.043057896
0.043198826
0.043213911
0.043431279
0.043413434
0.043363504
0.043515869
0.043870532
0.042943121
0.042186765
0.042226468
0.042734108
0.043272189
0.04338759
0.043267814
0.04364724
0.043822747
0.043653713
0.044390142
0.044985162
0.045173153
0.045016617
0.045187434
0.045576233
0.045839266
0.046148413
0.046378677
0.046545687
0.046977571
0.047596209
0.048135979
0.04895626
0.049197679
0.049235242
0.049631452
0.049792562
0.049843576
0.049425123
0.049084081
0.048757955
0.048649872
0.048056713
0.047665979
0.047712051
0.048616806
0.049192749
0.049658633
0.050108213
0.05022899
0.050224095
0.049906032
0.049743553
0.049752287
0.049775989
0.048908412
0.04830581
0.047827561
0.04769242
0.04796289
0.048357724
0.049048802
0.049629877
0.049819703
0.049196409
0.047900623
0.047479225
0.048088467
0.048790855
0.049164515
0.049584454
0.049847548
0.050344427
0.051387595
0.05255518
0.054237811
0.055122993
0.055288853
0.05565727
0.056337624
0.056861167
0.05727478
0.057515965
0.057162852
0.057465444
0.057986244
0.058694008
0.059307488
0.059357939
0.059142238
0.059019766
0.05888115
0.05861702
0.058821129
0.058759107
0.058665331
0.058586681
0.058913786
0.059552899
0.060191525
0.060579666
0.060498578
0.060807638
0.0611006
0.061721219
0.062122623
0.06210169
0.061267801
0.060527208
0.060114291
0.059669678
0.060193372
0.060622879
0.060551952
0.060605594
0.060736934
0.060664727
0.061295226
0.062128435
0.062554982
0.063121747
0.063234984
0.063269696
0.063929012
0.065181686
0.066246472
0.067154623
0.067687394
0.067813538
0.068048685
0.068392837
0.068799125
0.068861301
0.068813745
0.067609586
0.066936327
0.066512722
0.066276275
0.066555115
0.066911746
0.067236796
0.067264646
0.067823422
0.06766313
0.068002523
0.068372855
0.068852254
0.069284476
0.069294523
0.069148024
0.069282484
0.069619782
0.069706795
0.070059153
0.070692485
0.07046617
0.067973961
0.065122113
0.064707505
0.064605139
0.064440021
0.064430904
0.064218416
0.064349438
0.064073972
0.064454523
0.067194219
0.070449314
0.071485438
0.072302593
0.072869535
0.073623767
0.074284042
0.07455349
0.074744615
0.07535742
0.076329409
0.076863712
0.077444706
0.077900522
0.078324913
0.078202257
0.078454434
0.079018948
0.079427052
0.079631876
0.079680298
0.079744197
0.079667327
0.079949692
0.080247546
0.081029643
0.081545987
0.081765331
0.08196893
0.082094287
0.081938281
0.082141541
0.082360322
0.082250877
0.082141334
0.082109823
0.082093848
0.082202788
0.082671021
0.082732927
0.082888509
0.082840896
0.082855717
0.083104851
0.083322678
0.083337325
0.083711297
0.084475847
0.08456848
0.0849267
0.085409885
0.086174289
0.087110542
0.087937396
0.088686107
0.089262927
0.089433487
0.089666539
0.090399587
0.091210762
0.091631315
0.091926877
0.092191202
0.092783667
0.093188653
0.093062412
0.093233075
0.093247519
0.093465124
0.093245269
0.093150457
0.093071317
0.093414104
0.093147571
0.092959222
0.093692812
0.094285843
0.09489457
0.094972122
0.095127877
0.095143091
0.09484589
0.09429878
0.093204889
0.091314222
0.089236156
0.088751947
0.088970972
0.089455736
0.090253118
0.091019372
0.091785751
0.092583509
0.093756401
0.09633568
0.09850885
0.09913529
0.099355629
0.099122996
0.098906144
0.099142578
0.099722927
0.099897194
0.100259133
0.100449373
0.100733544
0.100892898
0.10058369
0.100852799
0.101231479
0.101235358
0.100661316
0.100540606
0.100263857
0.099331073
0.099242258
0.099106791
0.099471551
0.099602167
0.099701767
0.10000473
0.100386061
0.100548888
0.100805715
0.101859671
0.101929509
0.10209336
0.102132476
0.102062487
0.10202402
0.101782707
0.101776049
0.101457176
0.101435467
0.101476551
0.101752306
0.102247112
0.102445347
0.102753266
0.103092746
0.103448168
0.103803909
0.104534974
0.104938241
0.104951215
0.104777024
0.104290673
0.104070289
0.104209627
0.104349316
0.104754985
0.104582887
0.104301776
0.104177281
0.104350031
0.104648156
0.104790408
0.104589291
0.10420106
0.103703843
0.103097644
0.104007467
0.104839566
0.10535957
0.105645607
0.105900806
0.106375172
0.106881208
0.107168917
0.107222679
0.107714372
0.107034626
0.106652194
0.10700458
0.107185538
0.107429447
0.107408185
0.107199881
0.107288914
0.107628414
0.107484008
0.107699451
0.107602871
0.107272397
0.106879908
0.106409784
0.106237026
0.106939766
0.10731488
0.107502999
0.107535376
0.107630764
0.107461043
0.107463716
0.108310662
0.109189385
0.109896764
0.110307803
0.110625629
0.111178373
0.111762912
0.112160502
0.112699269
0.112910469
0.11259098
0.112256431
0.11254745
0.112714041
0.112959334
0.113252082
0.114326663
0.115104957
0.115477592
0.116413322
0.11734965
0.118036581
0.118224119
0.118474766
0.118788528
0.119212281
0.119105406
0.118764782
0.118987285
0.118319797
0.118059195
0.118174233
0.118524289
0.118703118
0.118788849
0.118703359
0.118899778
0.11959686
0.119841483
0.120368025
0.120395242
0.120563761
0.120514211
0.12032472
0.120339043
0.120510309
0.120760395
0.120808057
0.121231421
0.121874243
0.1220959
0.122396397
0.123260113
0.123733925
0.123739712
0.123668104
0.123628479
0.123870841
0.124035818
0.123998414
0.124524258
0.124597729
0.124140704
0.124278188
0.12480706
0.125149198
0.124476481
0.123976412
0.12394587
0.124134859
0.124309007
0.124327694
0.124425297
0.124461196
0.124544769
0.12451977
0.125011202
0.125253444
0.125074624
0.124896622
0.124906941
0.125136834
0.125195681
0.125270984
0.125097123
0.125111601
0.124986297
0.124830589
0.125066356
0.125318601
0.125290454
0.125278792
0.12556487
0.12564869
0.125983382
0.12656895
0.127108521
0.127352099
0.127143439
0.126638793
0.126213165
0.125913433
0.125911477
0.125535425
0.125144655
0.125036047
0.125162727
0.125649701
0.126293847
0.127079543
0.127506792
0.127934974
0.127770342
0.128450399
0.1290064
0.128969597
0.128574368
0.128289469
0.127677402
0.127410045
0.127378027
0.127378228
0.127238774
0.12664717
0.125994045
0.125560651
0.125800118
0.125603073
0.125750771
0.12550884
0.125658533
0.125934228
0.126351555
0.126598017
0.127345492
0.127953359
0.128202871
0.128578407
0.128970595
0.129520063
0.129633066
0.129684606
0.130018437
0.130025188
0.129829862
0.129651212
0.130082992
0.13067208
0.130902855
0.130587821
0.130742604
0.130914085
0.131211642
0.131822777
0.132716244
0.133235798
0.132803315
0.132653175
0.132910381
0.133496811
0.133974969
0.134282358
0.134434607
0.134541094
0.134164322
0.134054295
0.134523516
0.134884488
0.135168466
0.135422326
0.135896074
0.136667836
0.136956366
0.136964793
0.136911871
0.137188226
0.137293863
0.137510036
0.137555497
0.138039624
0.138290547
0.137745768
0.137577166
0.138222244
0.13910288
0.139094078
0.139180216
0.139439422
0.139887325
0.139945803
0.139630484
0.140035121
0.140862844
0.141285529
0.141725056
0.142650177
0.143373397
0.143441592
0.143229767
0.1433473
0.143731694
0.143726702
0.143644827
0.143689198
0.143578568
0.143344191
0.143423568
0.14373858
0.144211103
0.144450517
0.144456824
0.144480027
0.14439513
0.144249012
0.144229174
0.144148121
0.143880855
0.143802381
0.14356895
0.143602441
0.143762233
0.143845203
0.14367948
0.143577567
0.143101967
0.143252684
0.143451594
0.143573702
0.143619011
0.143603148
0.143588618
0.143841048
0.143844815
0.143943675
0.144512628
0.144442305
0.144420207
0.144915088
0.14517695
0.145174548
0.145345384
0.145314462
0.145441158
0.145069227
0.145042422
0.144548245
0.143008575
0.141735915
0.142214642
0.14253851
0.142770023
0.142565432
0.142565366
0.143394829
0.143569447
0.14435485
0.14606354
0.146586145
0.145844543
0.145744988
0.145459357
0.145518903
0.145876755
0.145736039
0.145940511
0.146224546
0.146447524
0.146843822
0.146991568
0.146797016
0.146932043
0.147209152
0.147331471
0.147330253
0.147080501
0.146582219
0.146366658
0.146136947
0.146002464
0.145963212
0.145550444
0.145170412
0.144635619
0.144399194
0.14455489
0.144774584
0.144620778
0.144484102
0.144177058
0.143762149
0.143958128
0.144343122
0.144573384
0.144586418
0.144116601
0.143726436
0.143494051
0.143575699
0.143955758
0.144399855
0.144470493
0.144448925
0.144163279
0.144113558
0.144018515
0.144331277
0.144926847
0.145273979
0.145200799
0.14514481
0.144934141
0.144850045
0.145236273
0.145405329
0.145669715
0.145310685
0.145187615
0.145472385
0.146071246
0.146702951
0.146961253
0.14711178
0.146545159
0.146433269
0.146588612
0.14719869
0.147841631
0.147579939
0.14742924
0.146952038
0.14713271
0.147783759
0.148483312
0.148512622
0.148402943
0.14863865
0.148282248
0.148411864
0.148636875
0.148957285
0.148779345
0.148071809
0.148194054
0.148521082
0.148802897
0.148555125
0.14846527
0.148330209
0.14807182
0.147955731
0.148169443
0.148103584
0.147351908
0.147039417
0.146931737
0.146903873
0.14672145
0.146915723
0.146689818
0.146465613
0.146321236
0.146725439
0.147381349
0.147273344
0.146838927
0.146453101
0.146756492
0.146483478
0.146790311
0.14691137
0.147252907
0.147518049
0.147784923
0.148506657
0.149089504
0.149392841
0.149088545
0.149035994
0.149328941
0.149873637
0.149951336
0.149858914
0.149940125
0.149866844
0.149764076
0.149834947
0.150063835
0.150356992
0.149886295
0.149714247
0.149434601
0.148797358
0.148193146
0.147793843
0.147646325
0.14735997
0.146919156
0.146542635
0.146386658
0.145560605
0.14523635
0.145070148
0.145062001
0.144852535
0.144535503
0.144314033
0.143656876
0.143345285
0.143644887
0.143805685
0.14385893
0.144398375
0.144845898
0.1453265
0.145808934
0.146230702
0.146935556
0.146814123
0.146397657
0.146358033
0.146179629
0.145971823
0.145593991
0.145108636
0.14457826
0.14436224
0.144382453
0.144607652
0.144631588
0.14490739
0.144794433
0.144495845
0.144355379
0.144294911
0.144626943
0.145148354
0.145124769
0.145087441
0.144880122
0.144784064
0.144752394
0.144222615
0.143600978
0.143168736
0.14314464
0.142528693
0.142367771
0.142115003
0.142004764
0.141505807
0.141461884
0.141794872
0.141973523
0.141919714
0.141320947
0.14088035
0.140504173
0.140504919
0.140601341
0.140762189
0.140846842
0.140495925
0.140334442
0.140065518
0.139736032
0.139486609
0.139754752
0.139759213
0.139171869
0.138883346
0.138331147
0.138390274
0.138201353
0.137920636
0.13768875
0.137615073
0.13727773
0.137020474
0.137046433
0.136824356
0.136760498
0.136526733
0.13638869
0.13684637
0.1370404
0.137048907
0.136918767
0.136696858
0.13647693
0.136165237
0.135621155
0.13542281
0.13511708
0.134719591
0.13427722
0.134055594
0.133664089
0.133883958
0.134168327
0.133970322
0.133914946
0.133830326
0.133778962
0.133526483
0.133651013
0.133652556
0.133031113
0.131958561
0.131356776
0.131319509
0.131096764
0.130422916
0.129876092
0.129846918
0.129694772
0.12884153
0.128537194
0.128406765
0.128137745
0.12774576
0.127543313
0.127561654
0.127175786
0.12679196
0.126394553
0.12649919
0.1264965
0.126105233
0.125450391
0.12495385
0.124771862
0.124638804
0.124492178
0.124300734
0.123751974
0.12337715
0.123051263
0.123055565
0.122921308
0.122460992
0.12198712
0.120984067
0.120561211
0.119390427
0.118612343
0.118039459
0.117499903
0.1168218
0.116239528
0.116081212
0.115956229
0.11598958
0.115368767
0.115171916
0.115133404
0.114878232
0.115031401
0.114936664
0.114609645
0.114362847
0.113758771
0.113281793
0.113369415
0.113006013
0.112160338
0.111879267
0.111194051
0.110573442
0.110314315
0.109557297
0.109552389
0.109346468
0.10886141
0.108081591
0.108022638
0.107840801
0.107614207
0.107045983
0.106667379
0.106900271
0.106713412
0.106669302
0.106158568
0.10627496
0.105846605
0.105092255
0.104371284
0.104621196
0.103998239
0.103143042
0.102211855
0.101642179
0.101543391
0.101134241
0.100805356
0.100212986
0.099997759
0.0994253
0.099261235
0.09842744
0.097767667
0.097203792
0.09650144
0.096176238
0.095650062
0.094813538
0.094213541
0.093756324
0.093520013
0.093270232
0.092710108
0.092058393
0.091674462
0.091042692
0.090663083
0.090691886
0.090129103
0.089021609
0.087775655
0.087188118
0.086774623
0.086269547
0.085626015
0.085140903
0.084939212
0.084520943
0.083979848
0.083722176
0.08374793
0.083525859
0.082930965
0.081931999
0.081216462
0.080299979
0.079448176
0.07905168
0.07886049
0.078515234
0.077937787
0.077721899
0.077711322
0.077812307
0.077587353
0.078052088
0.078019012
0.0774725
0.077053179
0.077011049
0.076814861
0.076370866
0.075804065
0.075426959
0.075395797
0.074929332
0.074386938
0.074190492
0.074011869
0.07291357
0.072379971
0.071942322
0.071553749
0.071558003
0.07093946
0.070182495
0.069458983
0.068581427
0.0674717
0.06742668
0.066805741
0.06603076
0.065242361
0.064331171
0.063781565
0.063343544
0.063392109
0.063099134
0.063214621
0.063191695
0.063530358
0.063261858
0.063448698
0.063215877
0.062891521
0.062569381
0.061640083
0.061197376
0.060600636
0.059724865
0.059007561
0.058698727
0.058360862
0.058290842
0.058004293
0.057610589
0.057609732
0.057454847
0.057036559
0.056807994
0.055987902
0.055654409
0.054791891
0.054040971
0.053682902
0.053530184
0.052989066
0.05249705
0.05213226
0.051769697
0.051956237
0.05150438
0.051398501
0.051060476
0.050630929
0.049766113
0.04929415
0.048965043
0.048653791
0.04831352
0.047834855
0.047092797
0.046556094
0.046115374
0.045770637
0.045568756
0.045228484
0.04415607
0.043570264
0.043158566
0.042233478
0.041623123
0.040843129
0.040237243
0.039571093
0.039172802
0.038807997
0.038914177
0.038788218
0.038289495
0.038308633
0.038658132
0.039087993
0.03902009
0.039157549
0.039172245
0.039173553
0.039520848
0.039511005
0.039550275
0.039357407
0.038994902
0.038228385
0.037745355
0.037358314
0.037145385
0.03673157
0.036226243
0.036004404
0.035894178
0.035739316
0.035633567
0.035951932
0.03628816
0.035986001
0.035295456
0.034997775
0.034733582
0.034971628
0.034836912
0.03428256
0.033667946
0.033102445
0.032836058
0.032650034
0.032481874
0.032300327
0.032121017
0.031240821
0.030800364
0.030784018
0.030957411
0.030742417
0.03018591
0.029616016
0.029251484
0.028873564
0.028685382
0.028390061
0.027753227
0.02655613
0.02570502
0.024934271
0.024181383
0.023665106
0.022838565
0.02163926
0.020676565
0.020153605
0.01997663
0.02033314
0.020285634
0.020255988
0.020228576
0.020250273
0.020649203
0.021347242
0.021110013
0.021140643
0.020392254
0.019911723
0.019245924
0.018629232
0.018249145
0.017730665
0.01682379
0.015950396
0.015376106
0.014663421
0.014640466
0.014432239
0.014179366
0.013678721
0.013305304
0.013230989
0.013408901
0.013292165
0.012958904
0.01237787
0.012142811
0.011988102
0.011694993
0.011138482
0.010396696
0.009422757
0.008216666
0.007122173
0.006029901
0.00518985
0.00432077
0.003313286
0.002683021
0.002508101
0.002116649
0.001868041
0.002137275
0.002439977
0.002776145
0.002802029
0.002517629
0.002157319
0.001752348
0.001646466
0.001480298
0.001144467
0.000842098
0.000573191
0.000665869
0.001010758
0.001248481
0.001363414
0.001511805
0.001521778
0.001627709
0.001767096
0.001689939
0.001880611
0.001932864
0.00170607
0.001465854
0.001555965
0.001476403
0.001461542
0.001886382
0.002016545
0.001883283
0.001611593
0.001810851
0.00159043
0.001184705
0.000828051
0.00094234
0.000996323
0.000693123
0.000267116
0.000405799
0.000406048
9.59865E-05
0.000616238
0.001013678
0.00121018
0.000955743
0.000703492
0.000531549
0.000814916
0.000319215
0.000122571
-7.18915E-05
-0.000936049
-0.001141778
-0.001251578
-0.00107795
-0.000855271
-0.000911667
-0.000684638
-0.000205435
-0.000114684
-0.000131136
0.000260833
0.000389346
0.000348154
0.00046538
0.000553522
0.001175081
0.001173805
0.001034069
0.001052745
0.001292333
0.001534083
0.001199867
0.001055311
0.000662912
0.000100796
-0.00019354
-0.000345096
-0.000275748
-0.000579247
-0.000802469
-0.000836041
-0.000336214
-0.000224863
-0.00028324
0.000144904
-6.54312E-05
-0.000101748
6.72033E-05
0.000253921
6.77796E-05
-0.000100598
-0.000219962
-8.71885E-05
0.000188346
-0.000237111
-0.000551058
-0.000612873
-0.001016308
-0.001058237
-0.001082412
-0.00129196
-0.001593131
-0.002048427
-0.002548474
-0.002671399
-0.002776577
-0.003160885
-0.003136824
-0.002985646
-0.002457351
-0.002286316
-0.002128792
-0.001547281
-0.000838658
-0.000627926
-0.000446334
0.000112364
0.000516919
0.000345453
0.000660465
0.000680705
0.00065617
0.000571234
0.000379022
0.001079531
0.001625885
0.001658708
0.001615498
0.001965004
0.001550975
0.00162341
0.001963556
0.001946412
0.002118853
0.002184001
0.002329355
0.002383039
0.002813801
0.00305914
0.003681554
0.004352917
0.004651352
0.004858109
0.005176309
0.004980953
0.005022038
0.004987063
0.004735401
0.004454551
0.003863262
0.003461531
0.003358733
0.003617365
0.003518677
0.003531416
0.003593082
0.004172421
0.004097559
0.004727868
0.005125847
0.005197744
0.004974808
0.004691411
0.004956928
0.005052607
0.004697196
0.004453193
0.004539347
0.003768156
0.003623994
0.003653734
0.004138624
