                    Count                    Target                     Error                Dwell Time           Expected Figure             Sputter Yield              Error in RMS           Target Elements             Unit Elements            Total Elements 
                      255  1.306474685279648043e+02  1.924727598354508018e+00  1.200000000000000000e+02  1.287227409296102962e+02  0.000000000000000000e+00  8.821939215024920955e-01  4.320000000000000000e+02  2.550000000000000000e+02  9.420000000000000000e+02 
                      256  1.302116681548477573e+02 -1.521257519610429654e+00  1.200000000000000000e+02  1.317329256744581869e+02  7.159384406640000292e-07 
                      257  1.306919074377663321e+02 -4.021982747285647974e+00  1.200000000000000000e+02  1.347138901850519801e+02  1.438002269460999916e-06 
                      258  1.325458424653037639e+02 -5.107693353556243210e+00  1.200000000000000000e+02  1.376535358188600071e+02  2.160614632874000190e-06 
                      259  1.357076473910357208e+02 -4.840054206258457725e+00  1.200000000000000000e+02  1.405477015972941786e+02  2.866659717414999876e-06 
                      260  1.398106039009449262e+02 -3.589669258253422868e+00  1.200000000000000000e+02  1.434002731591983490e+02  3.531218935200000082e-06 
                      261  1.444024793025958786e+02 -1.802735196034205956e+00  1.200000000000000000e+02  1.462052144986300846e+02  4.118186948173000020e-06 
                      262  1.490730335161150606e+02  1.282584758604912167e-01  1.200000000000000000e+02  1.489447750402545694e+02  4.582983536991999661e-06 
                      263  1.535040597393278858e+02  1.901665656168233909e+00  1.200000000000000000e+02  1.516023940831596519e+02  4.894920198980999814e-06 
                      264  1.574679468367388324e+02  3.316413372771847889e+00  1.200000000000000000e+02  1.541515334639669845e+02  5.061339020714999803e-06 
                      265  1.608161780251132313e+02  4.260152536468410744e+00  1.200000000000000000e+02  1.565560254886448206e+02  5.128267739317000028e-06 
                      266  1.634728380838899682e+02  4.699317823347342937e+00  1.200000000000000000e+02  1.587735202605426252e+02  5.162152313423999723e-06 
                      267  1.654271976853168553e+02  4.665450945115594550e+00  1.200000000000000000e+02  1.607617467402012608e+02  5.224878299425999864e-06 
                      268  1.667288353982709737e+02  4.239162019397866743e+00  1.200000000000000000e+02  1.624896733788731069e+02  5.353253277846999785e-06 
                      269  1.674793317359992102e+02  3.535072358930761993e+00  1.200000000000000000e+02  1.639442593770684482e+02  5.558422180901000380e-06 
                      270  1.678044462409517337e+02  2.675354531413688619e+00  1.200000000000000000e+02  1.651290917095380451e+02  5.835946250620999829e-06 
                      271  1.678211683751194983e+02  1.757724468359754155e+00  1.200000000000000000e+02  1.660634439067597441e+02  6.167925168988000072e-06 
                      272  1.676263377368078125e+02  8.591934030970378444e-01  1.200000000000000000e+02  1.667671443337107746e+02  6.525233287833999603e-06 
                      273  1.673019511517494493e+02  3.897751732807819280e-02  1.200000000000000000e+02  1.672629736344213711e+02  6.871603367374000225e-06 
                      274  1.669223734744037415e+02 -6.743801520832448659e-01  1.200000000000000000e+02  1.675967536264869864e+02  7.164337458664999948e-06 
                      275  1.665532078856788871e+02 -1.259505019630978495e+00  1.200000000000000000e+02  1.678127129053098656e+02  7.370584363502999847e-06 
                      276  1.662383041443461593e+02 -1.711786171256534317e+00  1.200000000000000000e+02  1.679500903156026936e+02  7.490925841856000238e-06 
                      277  1.659970228382957202e+02 -2.044384191529900363e+00  1.200000000000000000e+02  1.680414070298256206e+02  7.548814575746000210e-06 
                      278  1.658411586718483477e+02 -2.271019827570540883e+00  1.200000000000000000e+02  1.681121784994188886e+02  7.551348211726000085e-06 
                      279  1.657882352260252219e+02 -2.393884133731091879e+00  1.200000000000000000e+02  1.681821193597563138e+02  7.469388610777999746e-06 
                      280  1.658629450405557577e+02 -2.404921813379360174e+00  1.200000000000000000e+02  1.682678668539351179e+02  7.259712625741000180e-06 
                      281  1.660970133396107258e+02 -2.289629985975579984e+00  1.200000000000000000e+02  1.683866433255863058e+02  6.909816250631000343e-06 
                      282  1.665250133647342921e+02 -2.034862006293423065e+00  4.491433040807535690e+03  1.685598753710277151e+02  6.460776836007999675e-06 
                      283  1.671716920367855721e+02 -1.644084308816502471e+00  8.580747620671905679e+03  1.688157763456020746e+02  5.986900798748999840e-06 
                      284  1.680446377222929470e+02 -1.148152760221080371e+00  1.025669863162796173e+04  1.691927904825140274e+02  5.563599999902999881e-06 
                      285  1.691416148222836853e+02 -5.940048783953955081e-01  9.547475533539591197e+03  1.697356197006790808e+02  5.245798433991999628e-06 
                      286  1.704571847867480869e+02 -3.189643057675084492e-02  6.713309679670423066e+03  1.704890812173248378e+02  5.053985741475000053e-06 
                      287  1.719797182822337618e+02  4.877723362713766164e-01  2.224770500463685948e+03  1.714919459459623852e+02  4.981741869277000350e-06 
                      288  1.736892304862233800e+02  9.180587360435197297e-01  1.200000000000000000e+02  1.727711717501798603e+02  5.021903844755000393e-06 
                      289  1.755591399153269663e+02  1.221105404603008537e+00  1.200000000000000000e+02  1.743380345107239577e+02  5.171638156494000296e-06 
                      290  1.775605067258468637e+02  1.373788993075407916e+00  1.200000000000000000e+02  1.761867177327714558e+02  5.408402381413999871e-06 
                      291  1.796709055481369433e+02  1.375346136758196280e+00  1.200000000000000000e+02  1.782955594113787470e+02  5.686761726663999917e-06 
                      292  1.818810081073973492e+02  1.250306931845614145e+00  1.200000000000000000e+02  1.806307011755517351e+02  5.978477052313999980e-06 
                      293  1.841882822041573036e+02  1.037276853125717935e+00  1.200000000000000000e+02  1.831510053510315856e+02  6.307594681439999784e-06 
                      294  1.865840722544235462e+02  7.712083545539769602e-01  1.200000000000000000e+02  1.858128638998695692e+02  6.734332872021000349e-06 
                      295  1.890512453661882546e+02  4.769604637877762343e-01  1.200000000000000000e+02  1.885742849024004784e+02  7.306293800286000032e-06 
                      296  1.915727192114837862e+02  1.743196572076328721e-01  1.290685669450319438e+03  1.913983995542761534e+02  8.038179992752000742e-06 
                      297  1.941377089934652247e+02 -1.064634731187084071e-01  9.579063510018439047e+03  1.942441724665839331e+02  8.938885663104000675e-06 
                      298  1.967421734659421588e+02 -3.346773893039198811e-01  1.709218350558544626e+04  1.970768508552460787e+02  1.004034907742000073e-05 
                      299  1.993869758997250301e+02 -5.003859032277659935e-01  2.283977977112783628e+04  1.998873618029527961e+02  1.139357983631100061e-05 
                      300  2.020725711228864441e+02 -5.995954748444205507e-01  2.606507742567446257e+04  2.026721665977308646e+02  1.304256250528799979e-05 
                      301  2.047909292288920540e+02 -6.390310041053623991e-01  2.631705998901722342e+04  2.054299602329974164e+02  1.500602481233200027e-05 
                      302  2.075245311798277044e+02 -6.340868300052306950e-01  2.346092509711850289e+04  2.081586180098329351e+02  1.727826569619000081e-05 
                      303  2.102547934266599157e+02 -5.980896604735903566e-01  1.764755410408505850e+04  2.108528830871335060e+02  1.983572839809499938e-05 
                      304  2.129673336156584185e+02 -5.365037224833884011e-01  9.261267594507631657e+03  2.135038373381418069e+02  2.265079737878899897e-05 
                      305  2.156505763107711573e+02 -4.503091176924840511e-01  1.200000000000000000e+02  2.161008854284636413e+02  2.571705267169200110e-05 
                      306  2.182962135571899580e+02 -3.392151372065370651e-01  1.200000000000000000e+02  2.186354286943964951e+02  2.905933902308699914e-05 
                      307  2.208995109853300391e+02 -2.044284838497674173e-01  1.200000000000000000e+02  2.211039394691798066e+02  3.270611408858700188e-05 
                      308  2.234542793862461281e+02 -5.427347109579727658e-02  1.200000000000000000e+02  2.235085528573419253e+02  3.664452889293400267e-05 
                      309  2.259515779579701302e+02  9.616814586550503918e-02  1.200000000000000000e+02  2.258554098121046252e+02  4.080052242899100031e-05 
                      310  2.283873909234071391e+02  2.350698806733078072e-01  1.200000000000000000e+02  2.281523210427338313e+02  4.505993156472599709e-05 
                      311  2.307661602343439995e+02  3.592940303558407322e-01  1.200000000000000000e+02  2.304068662039881588e+02  4.930960885749900312e-05 
                      312  2.330926213679480270e+02  4.674337280257816474e-01  1.200000000000000000e+02  2.326251876399222454e+02  5.347055378918300327e-05 
                      313  2.353647770886978492e+02  5.534723245018255966e-01  1.200000000000000000e+02  2.348113047641960236e+02  5.751343452669600007e-05 
                      314  2.375771287926089599e+02  6.094251493636306805e-01  1.200000000000000000e+02  2.369677036432453292e+02  6.146027744213800048e-05 
                      315  2.397248507714912762e+02  6.304305403203329661e-01  1.200000000000000000e+02  2.390944202311709432e+02  6.536919489142099847e-05 
                      316  2.418026046898857828e+02  6.149695279679292526e-01  1.200000000000000000e+02  2.411876351619178536e+02  6.931009180837200648e-05 
                      317  2.438033993464398748e+02  5.641341058349382820e-01  1.200000000000000000e+02  2.432392652406049365e+02  7.335882891448400670e-05 
                      318  2.457199859872959848e+02  4.826839968382614643e-01  1.200000000000000000e+02  2.452373019904577234e+02  7.760497910976800495e-05 
                      319  2.475472565022300273e+02  3.799173818530903191e-01  1.200000000000000000e+02  2.471673391203769370e+02  8.214197805577499903e-05 
                      320  2.492842078789465177e+02  2.692082631109826707e-01  1.200000000000000000e+02  2.490149996158355350e+02  8.704479561860900192e-05 
                      321  2.509327642794388851e+02  1.643859587192650906e-01  1.200000000000000000e+02  2.507683783207196200e+02  9.236168736397799730e-05 
                      322  2.524937535581121040e+02  7.393076691730016137e-02  1.200000000000000000e+02  2.524198227911948038e+02  9.812664828881999463e-05 
                      323  2.539655962075319167e+02 -1.373407163043793844e-03  1.200000000000000000e+02  2.539669696146949605e+02  1.043875176728440059e-04 
                      324  2.553473942029038426e+02 -6.656983770335500594e-02  1.200000000000000000e+02  2.554139640406071976e+02  1.112344835946019981e-04 
                      325  2.566415804913249872e+02 -1.282572334855558438e-01  1.200000000000000000e+02  2.567698377248105430e+02  1.188042502714059989e-04 
                      326  2.578539487886146162e+02 -1.918922645936049776e-01  1.200000000000000000e+02  2.580458410532082212e+02  1.272559237008669890e-04 
                      327  2.589922284872624232e+02 -2.606524795588711640e-01  1.200000000000000000e+02  2.592528809668212944e+02  1.367405441873339978e-04 
                      328  2.600646123265125311e+02 -3.351295336041744122e-01  1.200000000000000000e+02  2.603997418601167055e+02  1.473834538242700014e-04 
                      329  2.610792393100255708e+02 -4.133446381695762284e-01  1.200000000000000000e+02  2.614925839481951471e+02  1.592782675581690089e-04 
                      330  2.620449356563614174e+02 -4.903534453823681361e-01  1.200000000000000000e+02  2.625352891017437855e+02  1.724789053008760097e-04 
                      331  2.629737274072651871e+02 -5.563936229955288582e-01  1.200000000000000000e+02  2.635301210302607160e+02  1.869838618554619928e-04 
                      332  2.638811787740954742e+02 -5.978241091219160808e-01  1.200000000000000000e+02  2.644790028832173903e+02  2.027174412180349986e-04 
                      333  2.647820073718962703e+02 -6.038550670301674472e-01  1.200000000000000000e+02  2.653858624389264378e+02  2.195231560667050021e-04 
                      334  2.656877221320299327e+02 -5.716515377512791929e-01  1.200000000000000000e+02  2.662593736697812119e+02  2.371885419279119896e-04 
                      335  2.666092420929402351e+02 -5.053367028148159079e-01  1.200000000000000000e+02  2.671145787957550510e+02  2.554878645334190176e-04 
                      336  2.675593235187008077e+02 -4.128431257327065396e-01  2.588685551042578481e+03  2.679721666444335142e+02  2.742034567407440116e-04 
                      337  2.685504720980032971e+02 -3.047507460385077138e-01  1.306276483494915010e+04  2.688552228440418048e+02  2.931234705390450162e-04 
                      338  2.695883988096589405e+02 -1.960739576923629102e-01  2.024910264844277117e+04  2.697844727673513034e+02  3.120472409555409771e-04 
                      339  2.706673713799596044e+02 -1.062922994597670368e-01  2.433520032658396667e+04  2.707736636794193714e+02  3.308051530110639850e-04 
                      340  2.717731522405330793e+02 -5.338386691647656335e-02  2.559630490979114256e+04  2.718265361074495559e+02  3.492815461103240143e-04 
                      341  2.728900784920503497e+02 -4.612615295889099798e-02  2.432621844712080565e+04  2.729362046450092407e+02  3.674294821736559915e-04 
                      342  2.740064733725888004e+02 -8.054995641737150436e-02  2.081875828754880786e+04  2.740870233290061719e+02  3.852536582433309961e-04 
                      343  2.751173381459031475e+02 -1.410228467480010295e-01  1.539128301296246718e+04  2.752583609926511485e+02  4.027570548800799791e-04 
                      344  2.762250391345485241e+02 -2.043468887512176480e-01  8.416914717387264318e+03  2.764293860232997417e+02  4.198911626797080109e-04 
                      345  2.773384847356288105e+02 -2.455015694996518505e-01  3.462798362246022634e+02  2.775839863051284624e+02  4.365488876334349972e-04 
                      346  2.784704444275951118e+02 -2.444797596308490029e-01  1.200000000000000000e+02  2.787149241872259608e+02  4.525919075778919807e-04 
                      347  2.796334690765232267e+02 -1.925994408292694970e-01  1.200000000000000000e+02  2.798260685173524962e+02  4.678759980503770189e-04 
                      348  2.808380823595365428e+02 -9.360743769315149621e-02  1.200000000000000000e+02  2.809316897972296942e+02  4.822657571667710182e-04 
                      349  2.820936139901009483e+02  4.073270628339287214e-02  1.200000000000000000e+02  2.820528812838175554e+02  4.956532862542779643e-04 
                      350  2.834074065350575324e+02  1.949603007623181838e-01  1.200000000000000000e+02  2.832124462342952143e+02  5.079796193990200126e-04 
                      351  2.847814301888299156e+02  3.516371123691897083e-01  1.200000000000000000e+02  2.844297930764607258e+02  5.192527570476640269e-04 
                      352  2.862091242607491495e+02  4.923714852518514817e-01  1.200000000000000000e+02  2.857167527754972980e+02  5.295539170495729879e-04 
                      353  2.876757498728327960e+02  6.006896671325421266e-01  1.200000000000000000e+02  2.870750602057002538e+02  5.390071686799419604e-04 
                      354  2.891630571871309030e+02  6.667288011691994143e-01  1.200000000000000000e+02  2.884963283859617036e+02  5.477173415685829619e-04 
                      355  2.906540054049458490e+02  6.893480158365719035e-01  1.200000000000000000e+02  2.899646573891092771e+02  5.557349773235890304e-04 
                      356  2.921340476541948874e+02  6.730702274457485146e-01  1.200000000000000000e+02  2.914609774267491389e+02  5.630816685713689465e-04 
                      357  2.935914541712568848e+02  6.236787409633848256e-01  1.200000000000000000e+02  2.929677754302935000e+02  5.697990842180270400e-04 
                      358  2.950189200681775219e+02  5.459673515539407163e-01  1.200000000000000000e+02  2.944729527166235812e+02  5.759694035388819577e-04 
                      359  2.964146514739863960e+02  4.791504962097974385e-01  3.267338993298752484e+03  2.959355009777765986e+02  5.816893904640779885e-04 
                      360  2.977820796062637783e+02  4.508820104080086821e-01  6.408559634002704115e+03  2.973311975958557696e+02  5.870274149748689772e-04 
                      361  2.991288276499614085e+02  4.248155517213945132e-01  8.101498620547714381e+03  2.987040120982400140e+02  5.920025310455999650e-04 
                      362  3.004644293854253192e+02  3.708610055113581438e-01  8.634975251405316158e+03  3.000935683799139611e+02  5.965893154255340163e-04 
                      363  3.017980446189361032e+02  2.666275343157167299e-01  8.407707601475314732e+03  3.015314170846203865e+02  6.007398206889290153e-04 
                      364  3.031381396915638220e+02  9.914046956595257143e-02  7.817833658277821996e+03  3.030389992219978694e+02  6.044179590806290393e-04 
                      365  3.044923702793483358e+02 -1.126911692649059660e-01  7.161728722786168873e+03  3.046050614486132417e+02  6.076309642546540504e-04 
                      366  3.058648305867603199e+02 -3.026038082356308223e-01  6.589943333084664118e+03  3.061674343949959507e+02  6.104382140136600235e-04 
                      367  3.072516663092133058e+02 -4.644863127098233235e-01  6.141084591298933447e+03  3.077161526219231291e+02  6.129374620632810052e-04 
                      368  3.086395968674811456e+02 -5.971011522752860401e-01  5.804657107024798279e+03  3.092366980197564317e+02  6.152533765708549695e-04 
                      369  3.100103952872667605e+02 -7.001227320803309340e-01  5.549678829381574360e+03  3.107105180193470915e+02  6.175274154936059769e-04 
                      370  3.113485677121993831e+02 -7.686492047593560528e-01  5.315041630732808699e+03  3.121172169169587391e+02  6.198794430971860505e-04 
                      371  3.126455667748764427e+02 -7.925575902592640887e-01  4.999537839379308934e+03  3.134381243651357067e+02  6.223549349960610282e-04 
                      372  3.138986318858857203e+02 -7.619702174905000902e-01  4.473002533564553232e+03  3.146606021033762204e+02  6.249112171958250399e-04 
                      373  3.151092093723891026e+02 -6.728666789670114667e-01  3.604980198830317022e+03  3.157820760513561140e+02  6.274530632556050026e-04 
                      374  3.162831422105925867e+02 -5.291270670829817391e-01  2.301581358434590129e+03  3.168122692776755684e+02  6.298691134160019824e-04 
                      375  3.174295318938271748e+02 -3.429676803031043164e-01  5.369771426289212286e+02  3.177724995741302791e+02  6.320450369740380049e-04 
                      376  3.185566502664740938e+02 -1.364627149112607185e-01  1.200000000000000000e+02  3.186931129813853545e+02  6.338824177969060126e-04 
                      377  3.196680000567574780e+02  6.241820101325856740e-02  1.200000000000000000e+02  3.196055818557442194e+02  6.353296045777790226e-04 
                      378  3.207631310887004474e+02  2.262505974370583317e-01  1.200000000000000000e+02  3.205368804912633891e+02  6.363897145513849754e-04 
                      379  3.218426307851319166e+02  3.371795268869846041e-01  1.200000000000000000e+02  3.215054512582449320e+02  6.371012451504310401e-04 
                      380  3.229109948202918758e+02  3.914749915613811027e-01  1.200000000000000000e+02  3.225195198287304947e+02  6.375205012845200055e-04 
                      381  3.239747888551953565e+02  3.966949155664565296e-01  1.200000000000000000e+02  3.235780939396289000e+02  6.377085663968309805e-04 
                      382  3.250400563034918378e+02  3.660437264308598060e-01  1.200000000000000000e+02  3.246740125770609779e+02  6.377108098005499588e-04 
                      383  3.261113230802016574e+02  3.138469938225512124e-01  1.200000000000000000e+02  3.257974760863791062e+02  6.375428869295810506e-04 
                      384  3.271920955472223227e+02  2.534847891794811403e-01  1.200000000000000000e+02  3.269386107580428416e+02  6.372047262683300283e-04 
                      385  3.282861295340298398e+02  1.973862462297688580e-01  3.020685296447145902e+03  3.280887432878000709e+02  6.367110250088609587e-04 
                      386  3.293966001444953804e+02  1.556259507908634987e-01  1.412469971969074504e+04  3.292409741937045169e+02  6.360980922315949545e-04 
                      387  3.305238607949713696e+02  1.332814194988714007e-01  2.386958560228791976e+04  3.303905793754724982e+02  6.353977029334089647e-04 
                      388  3.316662459634263200e+02  1.308811564076677314e-01  3.037732489006951073e+04  3.315353648070186523e+02  6.346127355052670442e-04 
                      389  3.328231834169383774e+02  1.472518043195805149e-01  3.271872898571821133e+04  3.326759316126187969e+02  6.337181644151090431e-04 
                      390  3.339954860405590011e+02  1.798683062802979293e-01  3.078490336214403214e+04  3.338156177342787032e+02  6.326858258900070094e-04 
                      391  3.351816751851615663e+02  2.220193613054561865e-01  2.507346033131083459e+04  3.349596558238561101e+02  6.315096629883699747e-04 
                      392  3.363747848605364084e+02  2.614693028788224183e-01  1.646986925214777148e+04  3.361133155576575859e+02  6.301974866657050062e-04 
                      393  3.375633031534434849e+02  2.836738219855874377e-01  6.051648967305621227e+03  3.372796293314578975e+02  6.287416446761240514e-04 
                      394  3.387356349726092049e+02  2.776975404461836661e-01  1.200000000000000000e+02  3.384579374321630212e+02  6.271100215556980407e-04 
                      395  3.398851107292374536e+02  2.410549696082284754e-01  1.200000000000000000e+02  3.396440557596292251e+02  6.252595940303700035e-04 
                      396  3.410124784450613333e+02  1.805996422748989971e-01  1.200000000000000000e+02  3.408318788027864343e+02  6.231516262989010438e-04 
                      397  3.421248989831084941e+02  1.092414147020690507e-01  1.200000000000000000e+02  3.420156575684064251e+02  6.207599235243819926e-04 
                      398  3.432318718024273494e+02  3.994615556570124681e-02  1.200000000000000000e+02  3.431919256468616481e+02  6.180770162428490507e-04 
                      399  3.443403847461118517e+02 -1.967460523621866741e-02  1.200000000000000000e+02  3.443600593513480703e+02  6.151194119547489765e-04 
                      400  3.454538252620602066e+02 -6.747135029337414380e-02  1.200000000000000000e+02  3.455212966123535807e+02  6.119127492718980446e-04 
                      401  3.465739692889509342e+02 -1.031165279910624122e-01  1.200000000000000000e+02  3.466770858169419967e+02  6.084557816277080203e-04 
                      402  3.477008160107712911e+02 -1.270338745626986565e-01  1.200000000000000000e+02  3.478278498853339897e+02  6.047053331623980380e-04 
                      403  3.488313652092629695e+02 -1.414067741799271971e-01  1.200000000000000000e+02  3.489727719834428967e+02  6.006058368476230314e-04 
                      404  3.499609884613596478e+02 -1.494202150437331511e-01  1.200000000000000000e+02  3.501104086764033809e+02  5.961306833687700455e-04 
                      405  3.510855083219241806e+02 -1.537518379021776127e-01  1.200000000000000000e+02  3.512392601598263582e+02  5.912935923558270464e-04 
                      406  3.522021094036630302e+02 -1.555124050686345072e-01  1.200000000000000000e+02  3.523576218087316647e+02  5.861238773775589777e-04 
                      407  3.533095497542785779e+02 -1.534291780517946790e-01  1.200000000000000000e+02  3.534629789323303726e+02  5.806300409689620036e-04 
                      408  3.544077513385028055e+02 -1.441575358034015153e-01  1.200000000000000000e+02  3.545519088743062071e+02  5.747808949404220038e-04 
                      409  3.554971557937947182e+02 -1.240201049817528656e-01  1.200000000000000000e+02  3.556211758987764711e+02  5.685113437307909605e-04 
                      410  3.565778140964983436e+02 -6.408280413063494052e-02  3.956073554591454922e+03  3.566418969006289785e+02  5.617350475048810523e-04 
                      411  3.576489749141619541e+02  2.866964110597791660e-02  8.577272192350435944e+03  3.576203052730559762e+02  5.543529813885040257e-04 
                      412  3.587106004831554174e+02  1.311330046646048686e-01  1.160951136220165426e+04  3.585794674784908125e+02  5.462620096678829718e-04 
                      413  3.597648176429963769e+02  2.210950759247225506e-01  1.298889395524130850e+04  3.595437225670716543e+02  5.373594497006479792e-04 
                      414  3.608145966000975022e+02  2.788322605323969583e-01  1.283607053936656121e+04  3.605357643395651053e+02  5.275322362861909614e-04 
                      415  3.618605109573752543e+02  2.869870110430383647e-01  1.143337698120249661e+04  3.615735239463322159e+02  5.166456821766439878e-04 
                      416  3.628979882667223933e+02  2.523362881546518111e-01  9.182605323671714359e+03  3.626456519785677415e+02  5.045735342862079633e-04 
                      417  3.639170659568443966e+02  1.781884872750083559e-01  6.547682888755269232e+03  3.637388774695693883e+02  4.912653602919509572e-04 
                      418  3.649060420912876452e+02  5.786802938530399842e-02  3.991643568100928405e+03  3.648481740619023412e+02  4.767886071049620223e-04 
                      419  3.658580561934662683e+02 -1.046237120936552856e-01  1.912143130043714791e+03  3.659626799055599236e+02  4.613059548879669988e-04 
                      420  3.667750796304330834e+02 -2.923827989194478505e-01  5.865760953621647786e+02  3.670674624293525312e+02  4.450099177905470198e-04 
                      421  3.676649637014187419e+02 -4.810287790612619574e-01  1.490169508751787646e+02  3.681459924804800039e+02  4.280660943582109733e-04 
                      422  3.685358905909355940e+02 -6.469768343530972743e-01  6.057739893414540120e+02  3.691828674252886913e+02  4.105985451659849750e-04 
                      423  3.693938485498288173e+02 -7.725688868831070977e-01  1.867260120604391204e+03  3.701664174367119244e+02  3.927111032047130197e-04 
                      424  3.702417572682801392e+02 -8.415114096061415694e-01  3.775006973468676279e+03  3.710832686778862808e+02  3.745052228749709946e-04 
                      425  3.710778856309553930e+02 -8.115208499514210416e-01  6.121762535890077743e+03  3.718894064809068141e+02  3.560694039839289735e-04 
                      426  3.718955456443516709e+02 -7.042537955065313326e-01  8.664153171616781037e+03  3.725997994398582023e+02  3.374705575678050022e-04 
                      427  3.726861094458720913e+02 -5.520374318548419978e-01  1.115464462439762428e+04  3.732381468777269333e+02  3.187699825269710210e-04 
                      428  3.734435642208694617e+02 -3.887485964359029822e-01  1.336673817007105754e+04  3.738323128173053647e+02  3.000356786113279753e-04 
                      429  3.741671961990531941e+02 -2.422682289738418149e-01  1.511921217201237778e+04  3.744094644280270359e+02  2.813384971666130089e-04 
                      430  3.748611203266252687e+02 -1.306565467840528072e-01  1.629075982509778260e+04  3.749917768734093215e+02  2.627606388465929883e-04 
                      431  3.755321080399842231e+02 -6.174535610585962786e-02  1.681431191586490968e+04  3.755938533960900827e+02  2.444295142198289902e-04 
                      432  3.761869739276586415e+02 -3.551875735581688787e-02  1.666234128858214171e+04  3.762224926850144584e+02  2.265437276172239890e-04 
                      433  3.768306123865231712e+02 -3.981412648931836884e-02  1.583921106597131256e+04  3.768704265130124895e+02  2.093545650364780030e-04 
                      434  3.774660469986632165e+02 -3.136526609296197421e-03  1.437960486129772107e+04  3.774691835252725127e+02  1.931156424692369875e-04 
                      435  3.780944859397866367e+02  7.799266974080865111e-02  1.235056698772503842e+04  3.780164932700458280e+02  1.780325335552069936e-04 
                      436  3.787135462643618098e+02  1.987115007034390146e-01  9.860322673521637626e+03  3.785148347636583708e+02  1.642234635453200108e-04 
                      437  3.793164069236111118e+02  3.442808406040853697e-01  7.062687476081579916e+03  3.789721260830070264e+02  1.517049349434359943e-04 
                      438  3.798941453773292096e+02  4.928237349698747494e-01  4.141237365577306264e+03  3.794013216423593349e+02  1.404096492338919927e-04 
                      439  3.804397901268131932e+02  6.211306089629147209e-01  1.282447141171122439e+03  3.798186595178502785e+02  1.302155355882020024e-04 
                      440  3.809506598748663464e+02  7.099323808856752294e-01  1.200000000000000000e+02  3.802407274939806712e+02  1.209739396900489945e-04 
                      441  3.814265318547047059e+02  7.455794967385713790e-01  1.200000000000000000e+02  3.806809523579661345e+02  1.125463628664850045e-04 
                      442  3.818661181636101105e+02  7.198260869193973122e-01  1.200000000000000000e+02  3.811462920766907132e+02  1.048380965780600039e-04 
                      443  3.822676393225767129e+02  6.325864281065491923e-01  1.200000000000000000e+02  3.816350528944701637e+02  9.779769235380099857e-05 
                      444  3.826336433948382592e+02  4.968118142570574491e-01  1.200000000000000000e+02  3.821368315805812017e+02  9.138658378470800243e-05 
                      445  3.829732862258302362e+02  3.382824226757179531e-01  1.200000000000000000e+02  3.826350038031545182e+02  8.555457653840000298e-05 
                      446  3.832987652578741518e+02  1.869967257856615106e-01  1.200000000000000000e+02  3.831117685320884902e+02  8.023435743414199489e-05 
                      447  3.836201428899361190e+02  6.858598187363895704e-02  1.200000000000000000e+02  3.835515569080624800e+02  7.535032333491499654e-05 
                      448  3.839430554250145633e+02 -1.240905621102683654e-03  1.200000000000000000e+02  3.839442963306356660e+02  7.083442850125400375e-05 
                      449  3.842685850999122295e+02 -1.846415735832351857e-02  1.200000000000000000e+02  3.842870492572705530e+02  6.663016704921299459e-05 
                      450  3.845925812129403312e+02  8.230781971803935448e-03  1.529861727668049980e+03  3.845843504309685272e+02  6.268189976972799501e-05 
                      451  3.849057056091748450e+02  5.834314261352346875e-02  3.449616672326768366e+03  3.848473624665613215e+02  5.892159839773999691e-05 
                      452  3.851968690606989867e+02  1.058247179191766918e-01  5.179562661744149409e+03  3.850910443427798100e+02  5.525961550089799826e-05 
                      453  3.854583245906420075e+02  1.268664460363311264e-01  6.674657356951276597e+03  3.853314581446056764e+02  5.159721139804499825e-05 
                      454  3.856893631471656931e+02  1.060280093705046056e-01  7.931991232621679956e+03  3.855833351377951885e+02  4.785986089263099700e-05 
                      455  3.858968216312768504e+02  3.867661502562214082e-02  8.978120226774526600e+03  3.858581450162512283e+02  4.402004448770400260e-05 
                      456  3.860916112583810218e+02 -7.073289675940941379e-02  9.852563907318002748e+03  3.861623441551404312e+02  4.009674173905399756e-05 
                      457  3.862833314068316213e+02 -2.123724116967764530e-01  1.059010540680903978e+04  3.864957038185283977e+02  3.613838683995600172e-05 
                      458  3.864761970226361427e+02 -3.742517091463355428e-01  1.120514339036412093e+04  3.868504487317824783e+02  3.220231195248599970e-05 
                      459  3.866692770701151289e+02 -5.428400368049892677e-01  1.168058423279691306e+04  3.872121171069201182e+02  2.834333522480400033e-05 
                      460  3.868616767367880698e+02 -7.005913876550380337e-01  1.196797615473312544e+04  3.875622681244431078e+02  2.460462775782399839e-05 
                      461  3.870567550897030173e+02 -8.255503649690467682e-01  1.200526621613739735e+04  3.878823054546720641e+02  2.100800567607800169e-05 
                      462  3.872600958423192310e+02 -8.973248761952845598e-01  1.174362548155471632e+04  3.881574207185145156e+02  1.756205028230600063e-05 
                      463  3.874749025774863753e+02 -9.048250461912061837e-01  1.116836697738531620e+04  3.883797276236775815e+02  1.428971159664599972e-05 
                      464  3.877003620220380640e+02 -8.336943668925300699e-01  1.030765082846851874e+04  3.885340563889305940e+02  1.125043634446499950e-05 
                      465  3.879331788884808248e+02 -6.456886230346867706e-01  9.231906470907841140e+03  3.885788675115155115e+02  8.534610931195999551e-06 
                      466  3.881697147781856643e+02 -3.829289814383400881e-01  8.050206949489974249e+03  3.885526437596240044e+02  6.232312201848999894e-06 
                      467  3.884070571876528106e+02 -8.483036004400901220e-02  6.902618251325403435e+03  3.884918875476968196e+02  4.400298672548000124e-06 
                      468  3.886425429744385838e+02  2.139745442423190980e-01  5.941158422292659452e+03  3.884285684301962647e+02  3.045515453238000105e-06 
                      469  3.888726026295229303e+02  4.835414600424883247e-01  5.299717719739189306e+03  3.883890611694804420e+02  2.130418605628999900e-06 
                      470  3.890930832599141240e+02  6.993003453715118667e-01  5.063157455184034006e+03  3.883937829145426122e+02  1.591867824097000010e-06 
                      471  3.893008792694999443e+02  8.437842404266007179e-01  5.246473971910771979e+03  3.884570950290733435e+02  1.350305742801999896e-06 
                      472  3.894942542851440521e+02  9.068410210984438891e-01  5.791085172669011627e+03  3.885874132640456082e+02  1.311160140467000049e-06 
                      473  3.896707687006871197e+02  8.833770176816528874e-01  6.579734961142698921e+03  3.887873916830054668e+02  1.380207892641999913e-06 
                      474  3.898254484646637366e+02  8.248180876100263959e-01  7.466650748802813723e+03  3.890006303770537102e+02  1.480316787903000068e-06 
                      475  3.899524632483255573e+02  7.316435046613491977e-01  8.315369297641174853e+03  3.892208197436642081e+02  1.556988210173999930e-06 
                      476  3.900485515353529991e+02  6.079619320972824426e-01  9.030541863159092827e+03  3.894405896032557166e+02  1.588354453335999930e-06 
                      477  3.901146701067502818e+02  4.638449712846295370e-01  9.572182425969180258e+03  3.896508251354656522e+02  1.590380248995999974e-06 
                      478  3.901552583916769663e+02  3.127916865502129440e-01  9.951896810421754708e+03  3.898424667051267534e+02  1.603380280319999953e-06 
                      479  3.901764107449187122e+02  1.680039167022755464e-01  1.021658793573989169e+04  3.900084068282164367e+02  1.679184824911999906e-06 
                      480  3.901851061174500046e+02  4.039858087566017275e-02  1.042517480634297499e+04  3.901447075365743444e+02  1.871405618469999987e-06 
                      481  3.901894909567639047e+02 -6.145409970582704773e-02  1.062240322309823750e+04  3.902509450564697318e+02  2.210902086163000083e-06 
                      482  3.901978322358691571e+02 -1.321341609298656294e-01  1.081356658688724019e+04  3.903299663967990227e+02  2.685191121719000121e-06 
                      483  3.902162284434041339e+02 -1.711100439189294775e-01  1.094841710740822964e+04  3.903873384873230634e+02  3.248985588601999830e-06 
                      484  3.902475281844660344e+02 -1.829435210398173695e-01  1.092330428182590003e+04  3.904304717055058518e+02  3.844885653986000317e-06 
                      485  3.902919334877792608e+02 -1.760526236081432216e-01  1.060114638814634600e+04  3.904679861113874040e+02  4.412342146561999881e-06 
                      486  3.903479118642336516e+02 -1.609522354811474543e-01  9.838699430000842767e+03  3.905088640997147991e+02  4.896805629331999909e-06 
                      487  3.904126345799533055e+02 -1.270549249948089710e-01  8.483919020480174368e+03  3.905396895049481145e+02  5.262305592828999994e-06 
                      488  3.904819369591283476e+02 -8.290176045017005890e-02  6.464027983920536826e+03  3.905648387195785176e+02  5.498276927147999732e-06 
                      489  3.905499497785233416e+02 -4.318331701188071747e-02  3.833111823377379551e+03  3.905931330955352223e+02  5.621357765669000258e-06 
                      490  3.906085710657162622e+02 -1.766228185505269721e-02  7.661126458343450167e+02  3.906262333475713149e+02  5.673326889720000013e-06 
                      491  3.906480583272855256e+02 -1.110184386629953224e-02  1.200000000000000000e+02  3.906591601711518251e+02  5.702697601785999701e-06 
                      492  3.906600760562404844e+02 -2.233243813492435947e-02  1.200000000000000000e+02  3.906824084943754087e+02  5.730011379248000310e-06 
                      493  3.906409294157008389e+02 -4.431689440360742083e-02  1.200000000000000000e+02  3.906852463101044464e+02  5.737307064002000168e-06 
                      494  3.905910933328136707e+02 -6.801465416759810978e-02  1.200000000000000000e+02  3.906591079869812688e+02  5.704479047581999821e-06 
                      495  3.905121329199260458e+02 -8.762929759751614256e-02  1.200000000000000000e+02  3.905997622175235620e+02  5.646801993092000282e-06 
                      496  3.904060173492240438e+02 -1.015588311257715759e-01  1.200000000000000000e+02  3.905075761803498153e+02  5.609260025757000082e-06 
                      497  3.902766767548347389e+02 -1.095507950326464197e-01  1.200000000000000000e+02  3.903862275498673853e+02  5.636930984728999681e-06 
                      498  3.901298490715331582e+02 -1.110281094227048015e-01  1.200000000000000000e+02  3.902408771809558630e+02  5.758141095127999885e-06 
                      499  3.899717013823767502e+02 -1.050009135482241618e-01  1.200000000000000000e+02  3.900767022959249744e+02  5.981591706944000244e-06 
                      500  3.898070468051674879e+02 -9.107153866193584690e-02  1.200000000000000000e+02  3.898981183438294238e+02  6.296271812275000252e-06 
                      501  3.896364965619482632e+02 -7.402161632472825659e-02  4.823170691844517819e+02  3.897105181782729915e+02  6.675234405820000132e-06 
                      502  3.894559701147734359e+02 -6.274840586070240533e-02  3.467479814000500937e+03  3.895187185206341383e+02  7.078621440125999680e-06 
                      503  3.892601103586070508e+02 -6.590167597113349984e-02  6.143286840750500232e+03  3.893260120345781843e+02  7.457213140008000397e-06 
                      504  3.890449542700391135e+02 -7.805540606750582810e-02  8.366397901631806235e+03  3.891230096761066193e+02  7.762954693655000325e-06 
                      505  3.888075478638994582e+02 -9.858789248784205483e-02  1.007316845534047752e+04  3.889061357563873003e+02  7.950319304112000274e-06 
                      506  3.885454009266895810e+02 -1.285347453463145939e-01  1.127654808267797853e+04  3.886739356720358955e+02  7.969397265377999482e-06 
                      507  3.882574768262666680e+02 -1.670483060077003756e-01  1.204551610037848332e+04  3.884245251322743684e+02  7.780776410035999624e-06 
                      508  3.879442302923855550e+02 -2.120171975997209302e-01  1.247572278199868560e+04  3.881562474899852759e+02  7.391112012752000304e-06 
                      509  3.876054459198691120e+02 -2.627906284009213778e-01  1.266380286018763763e+04  3.878682365482700334e+02  6.873925206136000151e-06 
                      510  3.872397325800987460e+02 -3.206533828027318123e-01  1.269040346520562707e+04  3.875603859629014778e+02  0.000000000000000000e+00 
                      511  3.868473680397246426e+02 -3.855075572400892270e-01  1.261191825459477150e+04  3.872328755969647318e+02  0.000000000000000000e+00 
                      512  3.864317562247593401e+02 -4.540844150564566917e-01  1.245924904457962657e+04  3.868858406398157967e+02  0.000000000000000000e+00 
                      513  3.859971813274341912e+02 -5.039108698628069760e-01  1.224069731657236480e+04  3.865010921972969982e+02  0.000000000000000000e+00 
                      514  3.855473360285320155e+02 -4.811400335190114674e-01  1.194914894467064551e+04  3.860284760620510269e+02  0.000000000000000000e+00 
                      515  3.850861775317640081e+02 -3.958955367244243462e-01  1.157261163304354523e+04  3.854820730684884325e+02  0.000000000000000000e+00 
                      516  3.846170175749977034e+02 -2.684315057659887316e-01  1.110131632334645292e+04  3.848854490807636921e+02  0.000000000000000000e+00 
                      517  3.841407199725169335e+02 -1.234265405581140840e-01  1.052774473524267523e+04  3.842641465130750476e+02  0.000000000000000000e+00 
                      518  3.836557442943951628e+02  1.560537833711350686e-02  9.845151639969322787e+03  3.836401389160580493e+02  0.000000000000000000e+00 
                      519  3.831568078790904792e+02  1.281359640879031758e-01  9.051165097690063703e+03  3.830286719150025760e+02  0.000000000000000000e+00 
                      520  3.826330274457112637e+02  1.957839089581057124e-01  8.155099996862242733e+03  3.824372435367531580e+02  0.000000000000000000e+00 
                      521  3.820715849634208894e+02  2.051841489149524023e-01  7.182645254982289771e+03  3.818664008145059370e+02  0.000000000000000000e+00 
                      522  3.814648534624590184e+02  1.858554324712713424e-01  6.174147617549831011e+03  3.812789980299877470e+02  0.000000000000000000e+00 
                      523  3.808135185698395730e+02  1.780323605229341410e-01  5.177784791684227457e+03  3.806354862093166389e+02  0.000000000000000000e+00 
                      524  3.801250896954021528e+02  1.837991341402585022e-01  4.242071285321725554e+03  3.799412905612618943e+02  0.000000000000000000e+00 
                      525  3.794115269104377148e+02  2.058273618168868779e-01  3.410879547494884719e+03  3.792056995486208280e+02  0.000000000000000000e+00 
                      526  3.786858823268393621e+02  2.461008493201006786e-01  2.722045382012073787e+03  3.784397814775192614e+02  0.000000000000000000e+00 
                      527  3.779572961028691225e+02  3.027847633059082000e-01  2.208265667705453325e+03  3.776545113395632143e+02  0.000000000000000000e+00 
                      528  3.772271147332961618e+02  3.677466759273215757e-01  1.894779978712013417e+03  3.768593680573688403e+02  0.000000000000000000e+00 
                      529  3.764889563173014722e+02  4.272889946970508390e-01  1.792262296957302169e+03  3.760616673226044213e+02  0.000000000000000000e+00 
                      530  3.757324673233444514e+02  4.661716373900617327e-01  1.892317661967675804e+03  3.752662956859543897e+02  0.000000000000000000e+00 
                      531  3.749475957853911723e+02  4.726794046234772395e-01  2.169515118926254672e+03  3.744749163807676950e+02  0.000000000000000000e+00 
                      532  3.741273571621044880e+02  4.413109470366407550e-01  2.585956999483056279e+03  3.736860462150678472e+02  0.000000000000000000e+00 
                      533  3.732693234091785257e+02  3.736548245463495732e-01  3.095901686503020755e+03  3.728956685846321761e+02  0.000000000000000000e+00 
                      534  3.723758961302763737e+02  2.777323684415478056e-01  3.650175526137636098e+03  3.720981637618348259e+02  0.000000000000000000e+00 
                      535  3.714535492454943437e+02  1.662641942806999396e-01  4.200169698608514409e+03  3.712872850512136438e+02  0.000000000000000000e+00 
                      536  3.705098890932320046e+02  5.271903373960640238e-02  4.702591176369542154e+03  3.704571700594923982e+02  0.000000000000000000e+00 
                      537  3.695494158071257402e+02 -5.407151431825241161e-02  5.118190003163654183e+03  3.696034873214439926e+02  0.000000000000000000e+00 
                      538  3.685733374865636733e+02 -1.268479334718222162e-01  5.403067356533313614e+03  3.687001854200354956e+02  0.000000000000000000e+00 
                      539  3.675829320435461796e+02 -1.624368595144005667e-01  5.550906271145202481e+03  3.677453689030605801e+02  0.000000000000000000e+00 
                      540  3.665807727048132847e+02 -1.738426132237691490e-01  5.593096116079348576e+03  3.667546153180370538e+02  0.000000000000000000e+00 
                      541  3.655694077310821513e+02 -1.744204900784325218e-01  5.589265859895360336e+03  3.657438282211605838e+02  0.000000000000000000e+00 
                      542  3.645503930426589818e+02 -1.764329404688851355e-01  5.615393623817268235e+03  3.647268259831278669e+02  0.000000000000000000e+00 
                      543  3.635256501231502853e+02 -1.879095669459047713e-01  5.752347679249013709e+03  3.637135596900961900e+02  0.000000000000000000e+00 
                      544  3.624989903613591764e+02 -2.101643762001685900e-01  6.070087485715085677e+03  3.627091547375593450e+02  0.000000000000000000e+00 
                      545  3.614733406755479450e+02 -2.403900903890985319e-01  6.609146883081803026e+03  3.617137307659370435e+02  0.000000000000000000e+00 
                      546  3.604470178334616435e+02 -2.758937049488281446e-01  7.384507751897344860e+03  3.607229115384104716e+02  0.000000000000000000e+00 
                      547  3.594141192789207935e+02 -3.148887615948297025e-01  8.376677360543955729e+03  3.597290080405156232e+02  0.000000000000000000e+00 
                      548  3.583669208515669311e+02 -3.557340642028066213e-01  9.521415253957798996e+03  3.587226549157697377e+02  0.000000000000000000e+00 
                      549  3.572992990200100394e+02 -3.950794307915543868e-01  1.071066131484457219e+04  3.576943784508015938e+02  0.000000000000000000e+00 
                      550  3.562105475562834727e+02 -4.251766176959677068e-01  1.180618359093788786e+04  3.566357241739794404e+02  0.000000000000000000e+00 
                      551  3.551054315436720117e+02 -4.345897224362147426e-01  1.265649289915536610e+04  3.555400212661082264e+02  0.000000000000000000e+00 
                      552  3.539902215789466027e+02 -4.127436966595041667e-01  1.310665425872289234e+04  3.544029652756061068e+02  0.000000000000000000e+00 
                      553  3.528683283377035309e+02 -3.546504854426189013e-01  1.303256696796713368e+04  3.532229788231461498e+02  0.000000000000000000e+00 
                      554  3.517379392166841399e+02 -2.633302688821004267e-01  1.238373649121898598e+04  3.520012694855662403e+02  0.000000000000000000e+00 
                      555  3.505932558196681725e+02 -1.513231657780238493e-01  1.120379571166570713e+04  3.507445789854461964e+02  0.000000000000000000e+00 
                      556  3.494293632745726654e+02 -3.156043804881392134e-02  9.641113316863402360e+03  3.494609237126214794e+02  0.000000000000000000e+00 
                      557  3.482461664307708133e+02  8.806948876036813090e-02  7.950177661856318991e+03  3.481580969420104452e+02  0.000000000000000000e+00 
                      558  3.470478584835927904e+02  2.048852096078235263e-01  6.481473538790053681e+03  3.468429732739849669e+02  0.000000000000000000e+00 
                      559  3.458408020740821485e+02  3.196649511015721146e-01  5.648963476649520999e+03  3.455211371229805764e+02  0.000000000000000000e+00 
                      560  3.446314574862302607e+02  4.340343576121199476e-01  5.861875099001724266e+03  3.441974231286181407e+02  0.000000000000000000e+00 
                      561  3.434237857949387376e+02  5.437538770293031121e-01  6.460783990317994721e+03  3.428800319179094345e+02  0.000000000000000000e+00 
                      562  3.422184780345588706e+02  6.419558230860502590e-01  7.311329056493723328e+03  3.415765222114728203e+02  0.000000000000000000e+00 
                      563  3.410146524129654608e+02  7.211344861138968554e-01  8.193390141284025958e+03  3.402935179268515640e+02  0.000000000000000000e+00 
                      564  3.398106894735992682e+02  7.741506910047633028e-01  8.852692044491805063e+03  3.390365387825945049e+02  0.000000000000000000e+00 
                      565  3.386033881842520259e+02  7.936773904252163447e-01  9.050240182355890283e+03  3.378097107938268095e+02  0.000000000000000000e+00 
                      566  3.373891143184362136e+02  7.738237029620336216e-01  8.620385555293556536e+03  3.366152906154741800e+02  0.000000000000000000e+00 
                      567  3.361664915016912119e+02  7.133358906701232627e-01  7.526315411736344686e+03  3.354531556110210886e+02  0.000000000000000000e+00 
                      568  3.349359671567525538e+02  6.247076539473823686e-01  5.880963207235563459e+03  3.343112595028051715e+02  0.000000000000000000e+00 
                      569  3.336975136433770217e+02  5.174784452486278497e-01  3.919403695224268176e+03  3.331800351981283939e+02  0.000000000000000000e+00 
                      570  3.324503869675779697e+02  3.941964773380846054e-01  1.941437282611783530e+03  3.320561904902398851e+02  0.000000000000000000e+00 
                      571  3.311935601292511819e+02  2.584425348865693195e-01  2.438281533652900634e+02  3.309351175943646126e+02  0.000000000000000000e+00 
                      572  3.299255979390485436e+02  1.141750780140000643e-01  1.200000000000000000e+02  3.298114228610345435e+02  0.000000000000000000e+00 
                      573  3.286461815189420577e+02 -3.321593246499787710e-02  1.200000000000000000e+02  3.286793974514070555e+02  0.000000000000000000e+00 
                      574  3.273581354139183190e+02 -1.753426530664796701e-01  1.200000000000000000e+02  3.275334780669847987e+02  0.000000000000000000e+00 
                      575  3.260662231381388665e+02 -3.026217731728593208e-01  1.200000000000000000e+02  3.263688449113117258e+02  0.000000000000000000e+00 
                      576  3.247733153534642270e+02 -4.086727986352798325e-01  5.416671533716219074e+02  3.251819881520995068e+02  0.000000000000000000e+00 
                      577  3.234781815058221923e+02 -4.926427351562097101e-01  1.929540657003940396e+03  3.239708242409784020e+02  0.000000000000000000e+00 
                      578  3.221765031061614764e+02 -5.487109867860340273e-01  3.343700126237730728e+03  3.227252140929475104e+02  0.000000000000000000e+00 
                      579  3.208632818985113317e+02 -5.780828692564341509e-01  4.630295586875358822e+03  3.214413647677677659e+02  0.000000000000000000e+00 
                      580  3.195353257102499356e+02 -5.841266818843564579e-01  5.702636098567241788e+03  3.201194523921342920e+02  0.000000000000000000e+00 
                      581  3.181921582034352127e+02 -5.672409971684828633e-01  6.505530153477361637e+03  3.187593992006036956e+02  0.000000000000000000e+00 
                      582  3.168338335264367061e+02 -5.277137953722217389e-01  6.967942454707660545e+03  3.173615473218089278e+02  0.000000000000000000e+00 
                      583  3.154578360396125163e+02 -4.695661342676089589e-01  7.003259027017549670e+03  3.159274021738801252e+02  0.000000000000000000e+00 
                      584  3.140596317441923020e+02 -4.003276859572224566e-01  6.562238721346642706e+03  3.144599594301495245e+02  0.000000000000000000e+00 
                      585  3.126379549805062084e+02 -3.256676628363379677e-01  5.691021266585301419e+03  3.129636226433425463e+02  0.000000000000000000e+00 
                      586  3.111988064283364679e+02 -2.453161213251746631e-01  4.541295310536627767e+03  3.114441225496616426e+02  0.000000000000000000e+00 
                      587  3.097530885441217379e+02 -1.556267797074610826e-01  3.326095240523007760e+03  3.099087153238291990e+02  0.000000000000000000e+00 
                      588  3.083114051592147007e+02 -5.492851906211626556e-02  2.258876132421713464e+03  3.083663336782768170e+02  0.000000000000000000e+00 
                      589  3.068796201323193600e+02  5.255356291581847472e-02  1.504979055225273441e+03  3.068270665694035415e+02  0.000000000000000000e+00 
                      590  3.054554571291175762e+02  1.547330761262060150e-01  1.159191563907217414e+03  3.053007240529913702e+02  0.000000000000000000e+00 
                      591  3.040290952135868565e+02  2.342532710226237214e-01  1.253280442229181517e+03  3.037948419425642328e+02  0.000000000000000000e+00 
                      592  3.025878603416070973e+02  2.750261570323573324e-01  1.754151230412765244e+03  3.023128341845747400e+02  0.000000000000000000e+00 
                      593  3.011207563795285296e+02  2.678444623845734895e-01  2.586211311669427232e+03  3.008529119171439561e+02  0.000000000000000000e+00 
                      594  2.996213998440844080e+02  2.134831447541500893e-01  3.645520468183970934e+03  2.994079166993302579e+02  0.000000000000000000e+00 
                      595  2.980881953187451927e+02  1.222822638122806893e-01  4.818562659551654178e+03  2.979659130549329120e+02  0.000000000000000000e+00 
                      596  2.965210101922916692e+02  9.447415488239130354e-03  6.028232592125224073e+03  2.965115627768034301e+02  0.000000000000000000e+00 
                      597  2.949189757751190655e+02 -1.094539289056797315e-01  7.246186272660393115e+03  2.950284297040247452e+02  0.000000000000000000e+00 
                      598  2.932824996636352353e+02 -2.194866104802599693e-01  8.451087368582018826e+03  2.935019862741154952e+02  0.000000000000000000e+00 
                      599  2.916154436488016586e+02 -3.070432127140634293e-01  9.583450366223818492e+03  2.919224868615157220e+02  0.000000000000000000e+00 
                      600  2.899243276179892632e+02 -3.623192443047855704e-01  1.055452052685683338e+04  2.902866468622940488e+02  0.000000000000000000e+00 
                      601  2.882165248795424191e+02 -3.810301261824520225e-01  1.129631281386007868e+04  2.885975550057248711e+02  0.000000000000000000e+00 
                      602  2.864989689868018559e+02 -3.641293338220066289e-01  1.177105274320468925e+04  2.868630983206238625e+02  0.000000000000000000e+00 
                      603  2.847769477858792015e+02 -3.167792249639092006e-01  1.195429161417693285e+04  2.850937270108431107e+02  0.000000000000000000e+00 
                      604  2.830522645127364854e+02 -2.480230869927595450e-01  1.181248610629633185e+04  2.833002875997292449e+02  0.000000000000000000e+00 
                      605  2.813213487295732307e+02 -1.708338162042650765e-01  1.128906924662163146e+04  2.814921825457774958e+02  0.000000000000000000e+00 
                      606  2.795769846580021749e+02 -9.888348327530138704e-02  1.031786625042531887e+04  2.796758681412774763e+02  0.000000000000000000e+00 
                      607  2.778138726257461713e+02 -3.989543163356756850e-02  8.853169005702588038e+03  2.778537680573797388e+02  0.000000000000000000e+00 
                      608  2.760319412648441357e+02  8.173952284153074288e-03  6.905002608851035802e+03  2.760237673125599827e+02  0.000000000000000000e+00 
                      609  2.742338636578907085e+02  5.432313615330031098e-02  4.558275426136179703e+03  2.741795405217374082e+02  0.000000000000000000e+00 
                      610  2.724189483522779938e+02  1.069846138988737039e-01  1.947150825104788510e+03  2.723119637383791201e+02  0.000000000000000000e+00 
                      611  2.705793129957316978e+02  1.678600694194756215e-01  1.200000000000000000e+02  2.704114529263122222e+02  0.000000000000000000e+00 
                      612  2.687030427493650677e+02  2.325294017589953910e-01  1.200000000000000000e+02  2.684705133476060723e+02  0.000000000000000000e+00 
                      613  2.667808105270146370e+02  2.950959099878218694e-01  1.200000000000000000e+02  2.664857146170268152e+02  0.000000000000000000e+00 
                      614  2.648092908962719321e+02  3.506322001095441010e-01  1.200000000000000000e+02  2.644586586961623880e+02  0.000000000000000000e+00 
                      615  2.627902721123224978e+02  3.943080778713010659e-01  1.200000000000000000e+02  2.623959640344511968e+02  0.000000000000000000e+00 
                      616  2.607283342406441307e+02  4.206071330852410028e-01  1.200000000000000000e+02  2.603077271075588897e+02  0.000000000000000000e+00 
                      617  2.586287510461057764e+02  4.236407611342656310e-01  1.200000000000000000e+02  2.582051102849715107e+02  0.000000000000000000e+00 
                      618  2.564952160028768162e+02  3.972810038931129384e-01  1.200000000000000000e+02  2.560979349989837033e+02  0.000000000000000000e+00 
                      619  2.543290383222656601e+02  3.525760482468740520e-01  1.200000000000000000e+02  2.539764622740187860e+02  0.000000000000000000e+00 
                      620  2.521321523836639074e+02  2.901817536655926233e-01  1.200000000000000000e+02  2.518419706299983147e+02  0.000000000000000000e+00 
                      621  2.499101880379840566e+02  2.131937141213029463e-01  1.200000000000000000e+02  2.496969943238627536e+02  0.000000000000000000e+00 
                      622  2.476709247611995295e+02  1.297978477101651151e-01  1.200000000000000000e+02  2.475411269134893644e+02  0.000000000000000000e+00 
                      623  2.454206603211609661e+02  4.856066923900925758e-02  1.200000000000000000e+02  2.453720996519219568e+02  0.000000000000000000e+00 
                      624  2.431627570661248683e+02 -2.452321756797459784e-02  1.200000000000000000e+02  2.431872802836928429e+02  0.000000000000000000e+00 
                      625  2.408986299076087221e+02 -8.637330207233162582e-02  1.200000000000000000e+02  2.409850032096810537e+02  0.000000000000000000e+00 
                      626  2.386295270730320510e+02 -1.357853514419957719e-01  1.200000000000000000e+02  2.387653124244740468e+02  0.000000000000000000e+00 
                      627  2.363573721571239901e+02 -1.726425178476063138e-01  2.839413998359079869e+03  2.365300146749715964e+02  0.000000000000000000e+00 
                      628  2.340833082286689262e+02 -1.989149208085052578e-01  5.951004817813467525e+03  2.342822231494774314e+02  0.000000000000000000e+00 
                      629  2.318047349558192423e+02 -2.186591030892657272e-01  7.952180866717612844e+03  2.320233940589085080e+02  0.000000000000000000e+00 
                      630  2.295144614417820321e+02 -2.262746045205403789e-01  8.885389105673941231e+03  2.297407360463025725e+02  0.000000000000000000e+00 
                      631  2.272041778287742204e+02 -2.361270993333448587e-01  8.944099186609184471e+03  2.274403049281075653e+02  0.000000000000000000e+00 
                      632  2.248692087912145325e+02 -2.575626049130050887e-01  8.429947400409504553e+03  2.251267713961275376e+02  0.000000000000000000e+00 
                      633  2.225100908023381407e+02 -2.921359083950960667e-01  7.700330618499346201e+03  2.228022267107332368e+02  0.000000000000000000e+00 
                      634  2.201305394387197509e+02 -3.351907756394325588e-01  7.103776473882448954e+03  2.204657302143591835e+02  0.000000000000000000e+00 
                      635  2.177345437783534123e+02 -3.791891798968265448e-01  6.904415716538878769e+03  2.181137329582502389e+02  0.000000000000000000e+00 
                      636  2.153247198122936084e+02 -4.164006765503245333e-01  7.222607975936484763e+03  2.157411204888439329e+02  0.000000000000000000e+00 
                      637  2.129029870251044372e+02 -4.394183098782775687e-01  8.021944833150362683e+03  2.133424053349827147e+02  0.000000000000000000e+00 
                      638  2.104727779891302930e+02 -4.399050676457250120e-01  9.145970342742471985e+03  2.109126830567760180e+02  0.000000000000000000e+00 
                      639  2.080390986824717459e+02 -4.092173989770913067e-01  1.037014733484826502e+04  2.084483160814488372e+02  0.000000000000000000e+00 
                      640  2.056054674069873158e+02 -3.420858054581117358e-01  1.142797295089372892e+04  2.059475532124454276e+02  0.000000000000000000e+00 
                      641  2.031711454332767062e+02 -2.399451386272346554e-01  1.202893934106286906e+04  2.034110905719039408e+02  0.000000000000000000e+00 
                      642  2.007309293487110438e+02 -1.113458553068369383e-01  1.193513246439579962e+04  2.008422752040178807e+02  0.000000000000000000e+00 
                      643  1.982780543386983823e+02  3.131826199171428016e-02  1.105296582687135924e+04  1.982467360767066680e+02  0.000000000000000000e+00 
                      644  1.958085871930491635e+02  1.770164977527599603e-01  9.476758633505045509e+03  1.956315706952964035e+02  0.000000000000000000e+00 
                      645  1.933233900267229615e+02  3.189385551918064721e-01  7.472346352644005492e+03  1.930044514715311550e+02  0.000000000000000000e+00 
                      646  1.908265990282408779e+02  4.536126856164628407e-01  5.387695755710544290e+03  1.903729863426244151e+02  0.000000000000000000e+00 
                      647  1.883223565023121751e+02  5.779222727526303061e-01  3.528934634991876010e+03  1.877444342295595447e+02  0.000000000000000000e+00 
                      648  1.858116549284252983e+02  6.859873535595966132e-01  2.071377984427904266e+03  1.851256675748657017e+02  0.000000000000000000e+00 
                      649  1.832927770888182692e+02  7.695630623598788134e-01  1.034653357708571775e+03  1.825232140264583904e+02  0.000000000000000000e+00 
                      650  1.807657565081595976e+02  8.224685319850095766e-01  2.939420657841457114e+02  1.799432879761745880e+02  0.000000000000000000e+00 
                      651  1.782347770430906451e+02  8.429772861548485707e-01  6.314190149050833725e+02  1.773917997569357965e+02  0.000000000000000000e+00 
                      652  1.757058098182096728e+02  8.316013962833892492e-01  1.098047394207666230e+03  1.748742084219262836e+02  0.000000000000000000e+00 
                      653  1.731835547419591990e+02  7.885368770403431427e-01  1.164215964098914128e+03  1.723950178649188558e+02  0.000000000000000000e+00 
                      654  1.706703449939412280e+02  7.133539937588579960e-01  6.797472195865573212e+02  1.699569910001823700e+02  0.000000000000000000e+00 
                      655  1.681666930620038443e+02  6.062137725999150462e-01  1.200000000000000000e+02  1.675604792894039292e+02  0.000000000000000000e+00 
                      656  1.656727064277365855e+02  4.693567737262753781e-01  1.200000000000000000e+02  1.652033496540103101e+02  0.000000000000000000e+00 
                      657  1.631894054063171779e+02  3.076782848316099717e-01  1.200000000000000000e+02  1.628817271214855680e+02  0.000000000000000000e+00 
                      658  1.607194178458141778e+02  1.270258502356682584e-01  1.200000000000000000e+02  1.605923919955785095e+02  0.000000000000000000e+00 
                      659  1.582669691355212649e+02 -6.504303201882066787e-02  1.200000000000000000e+02  1.583320121675400856e+02  0.000000000000000000e+00 
                      660  1.558374981244643322e+02 -2.590501427765161679e-01  1.200000000000000000e+02  1.560965482672408484e+02  0.000000000000000000e+00 
                      661  1.534376079368463479e+02 -4.428626425908532838e-01  1.200000000000000000e+02  1.538804705794372012e+02  0.000000000000000000e+00 
                      662  1.510748647560743336e+02 -6.014428896685330983e-01  1.200000000000000000e+02  1.516763076457428667e+02  0.000000000000000000e+00 
                      663  1.487559334448488926e+02 -7.191444403122204676e-01  1.200000000000000000e+02  1.494750778851611130e+02  0.000000000000000000e+00 
                      664  1.464836072990836442e+02 -7.838985486145588766e-01  1.200000000000000000e+02  1.472675058476982031e+02  0.000000000000000000e+00 
                      665  1.442565635461377838e+02 -7.894546346619506494e-01  1.200000000000000000e+02  1.450460181807997344e+02  0.000000000000000000e+00 
                      666  1.420728823685336408e+02 -7.330541730001129963e-01  1.200000000000000000e+02  1.428059365415337538e+02  0.000000000000000000e+00 
                      667  1.399308854834133342e+02 -6.139233691231424928e-01  1.200000000000000000e+02  1.405448088525364767e+02  0.000000000000000000e+00 
                      668  1.378238853330602467e+02 -4.378897863200279517e-01  1.200000000000000000e+02  1.382617751193802746e+02  0.000000000000000000e+00 
                      669  1.357352096508333261e+02 -2.213950702127647219e-01  1.200000000000000000e+02  1.359566047210460908e+02  0.000000000000000000e+00 
                      670  1.336390773675983610e+02  1.051705033526673105e-02  1.200000000000000000e+02  1.336285603172630942e+02  0.000000000000000000e+00 
                      671  1.315056794259522235e+02  2.302952262632516067e-01  1.200000000000000000e+02  1.312753841996889719e+02  0.000000000000000000e+00 
                      672  1.293049284203258082e+02  4.119434146828382381e-01  1.200000000000000000e+02  1.288929850056429700e+02  0.000000000000000000e+00 
                      673  1.270072707695221368e+02  5.310086580616797391e-01  1.200000000000000000e+02  1.264762621114604570e+02  0.000000000000000000e+00 
                      674  1.245864475678199597e+02  5.655859142477481782e-01  1.200000000000000000e+02  1.240208616535722115e+02  0.000000000000000000e+00 
                      675  1.220244215863789634e+02  4.989433288645841458e-01  1.200000000000000000e+02  1.215254782575143793e+02  0.000000000000000000e+00 
                      676  1.193140644213430335e+02  3.199025631300145278e-01  1.200000000000000000e+02  1.189941618582130189e+02  0.000000000000000000e+00 
                      677  1.164632323801932330e+02  2.447588670241884756e-02  1.200000000000000000e+02  1.164387564934908141e+02  0.000000000000000000e+00 
                      678  1.135051900645789260e+02 -3.738932922043147755e-01  1.200000000000000000e+02  1.138790833567832408e+02  0.000000000000000000e+00 
                      679  1.105100090168886311e+02 -8.327041343111858396e-01  1.200000000000000000e+02  1.113427131511998169e+02  0.000000000000000000e+00 
                      680  1.075905804031558262e+02 -1.273910171470362229e+00  1.200000000000000000e+02  1.088644905746261884e+02  0.000000000000000000e+00 
                      681  1.049037415938055915e+02 -1.579912356842072541e+00  4.458152332960231433e+03  1.064836539506476640e+02  0.000000000000000000e+00 
                      682  1.026422295784710172e+02 -1.597323117037461770e+00  7.958994379825459873e+03  1.042395526955084790e+02  0.000000000000000000e+00 
                      683  1.010036566429253355e+02 -1.163919164312147814e+00  9.402487014773225383e+03  1.021675758072374833e+02  0.000000000000000000e+00 
                      684  1.001276960734258807e+02 -1.682532709289716877e-01  8.490589683814790988e+03  1.002959493443548524e+02  0.000000000000000000e+00 
                      685  1.000000000000000000e+02  1.356048190053499525e+00  5.039541175728924827e+03  9.864395180994650048e+01  0.000000000000000000e+00 
                      686  1.003607433886501212e+02  3.139155132780615531e+00  1.200000000000000000e+02  9.722158825586950570e+01  0.000000000000000000e+00 
