                   Target                     Error                Dwell Time           Expected Figure             Sputter Yield              Error in RMS           Target Elements             Unit Elements            Total Elements 
 0.000000000000000000e+00  0.000000000000000000e+00  1.065687725692881504e+05  3.191063177078643930e+05  1.000000000000000000e+00  5.855836000570208766e+06  1.000000000000000000e+01  5.000000000000000000e+00  2.000000000000000000e+01 
 0.000000000000000000e+00  0.000000000000000000e+00  2.128375451385763008e+05  3.194063177078643930e+05  1.000000000000000000e+00 
 0.000000000000000000e+00  0.000000000000000000e+00  3.191063177078643930e+05  3.197063177078643930e+05  1.000000000000000000e+00 
 0.000000000000000000e+00  0.000000000000000000e+00  3.000000000000000000e+02  3.200063177078643930e+05  1.000000000000000000e+00 
 0.000000000000000000e+00  0.000000000000000000e+00  3.000000000000000000e+02  3.203063177078643930e+05  1.000000000000000000e+00 
 1.000000000000000000e+04  8.500000000000000000e+03  3.000000000000000000e+02  1.500000000000000000e+03  0.000000000000000000e+00 
 1.000000000000000000e+04  8.500000000000000000e+03  3.000000000000000000e+02  1.500000000000000000e+03  0.000000000000000000e+00 
 1.000000000000000000e+04  8.500000000000000000e+03  3.000000000000000000e+02  1.500000000000000000e+03  0.000000000000000000e+00 
 1.000000000000000000e+04  8.500000000000000000e+03  3.000000000000000000e+02  1.500000000000000000e+03  0.000000000000000000e+00 
 1.000000000000000000e+04  8.500000000000000000e+03  3.000000000000000000e+02  1.500000000000000000e+03  0.000000000000000000e+00 
 1.000000000000000000e+04 -3.928539488801253960e+06  3.000000000000000000e+02  3.938539488801253960e+06  0.000000000000000000e+00 
 1.000000000000000000e+04 -7.265731906603356823e+06  3.000000000000000000e+02  7.275731906603356823e+06  0.000000000000000000e+00 
 1.000000000000000000e+04 -9.362855182407155633e+06  3.937339488801253960e+06  9.372855182407155633e+06  0.000000000000000000e+00 
 1.000000000000000000e+04 -9.579687245213501155e+06  3.337492417802102398e+06  9.589687245213501155e+06  0.000000000000000000e+00 
 1.000000000000000000e+04 -9.759612895458577201e+06  2.097423275803799275e+06  9.769612895458577201e+06  0.000000000000000000e+00 
 0.000000000000000000e+00  0.000000000000000000e+00  2.171320628063449985e+05  5.967517644341128878e+06  0.000000000000000000e+00 
 0.000000000000000000e+00  0.000000000000000000e+00  1.802256502450758999e+05  2.630025226539027411e+06  0.000000000000000000e+00 
 0.000000000000000000e+00  0.000000000000000000e+00  1.352442376838069758e+05  5.326019507352279034e+05  0.000000000000000000e+00 
 0.000000000000000000e+00  0.000000000000000000e+00  9.026282512253794994e+04  3.154698879288828466e+05  0.000000000000000000e+00 
 0.000000000000000000e+00  0.000000000000000000e+00  4.528141256126897497e+04  1.352442376838069758e+05  0.000000000000000000e+00 
