                   Target                     Error                Dwell Time           Expected Figure             Sputter Yield              Error in RMS           Target Elements             Unit Elements            Total Elements 
 1.000000000000000000e+04  8.296000000000000000e+03  3.425000000000000000e+02  1.704000000000000000e+03  1.000000000000000000e+00  8.391212736666851924e+03  1.000000000000000000e+01  5.000000000000000000e+00  2.000000000000000000e+01 
 1.000000000000000000e+04  8.295700000000000728e+03  3.425000000000000000e+02  1.704299999999999955e+03  1.000000000000000000e+00 
 1.000000000000000000e+04  8.312100000000000364e+03  3.425000000000000000e+02  1.687900000000000091e+03  1.000000000000000000e+00 
 1.000000000000000000e+04  8.336700000000000728e+03  3.343000000000000114e+02  1.663300000000000182e+03  1.000000000000000000e+00 
 1.000000000000000000e+04  8.369500000000000000e+03  3.261000000000000227e+02  1.630500000000000000e+03  1.000000000000000000e+00 
 1.000000000000000000e+04  8.410500000000000000e+03  3.178999999999999773e+02  1.589500000000000000e+03  0.000000000000000000e+00 
 1.000000000000000000e+04  8.443299999999999272e+03  3.096999999999999886e+02  1.556700000000000045e+03  0.000000000000000000e+00 
 1.000000000000000000e+04  8.467899999999999636e+03  3.015000000000000000e+02  1.532099999999999909e+03  0.000000000000000000e+00 
 1.000000000000000000e+04  8.484299999999999272e+03  3.015000000000000000e+02  1.515700000000000045e+03  0.000000000000000000e+00 
 1.000000000000000000e+04  8.492799999999999272e+03  3.015000000000000000e+02  1.507200000000000045e+03  0.000000000000000000e+00 
