                   Target                     Error                Dwell Time           Expected Figure             Sputter Yield              Error in RMS           Target Elements             Unit Elements            Total Elements 
 1.000000000000000000e+04 1.491668146240041349e-154  3.000000000000000000e+02 1.390671161567000864e-308  1.000000000000000000e+00  1.000000000000000000e+08  1.000000000000000000e+01  5.000000000000000000e+00  2.000000000000000000e+01 
 1.000000000000000000e+04 1.491668146240041349e-154  3.000000000000000000e+02 6.953238847733556949e-310  1.000000000000000000e+00 
 1.000000000000000000e+04 3.211426697968102537e-322  3.000000000000000000e+02                       nan  1.000000000000000000e+00 
 1.000000000000000000e+04  0.000000000000000000e+00  3.000000000000000000e+02  0.000000000000000000e+00  1.000000000000000000e+00 
 1.000000000000000000e+04 7.905050333459944707e-323  3.000000000000000000e+02  0.000000000000000000e+00  1.000000000000000000e+00 
 1.000000000000000000e+04  0.000000000000000000e+00  3.000000000000000000e+02 3.952525166729972353e-323  0.000000000000000000e+00 
 1.000000000000000000e+04  0.000000000000000000e+00  3.000000000000000000e+02 1.807872510037101124e-308  0.000000000000000000e+00 
 1.000000000000000000e+04 5.562684646268003458e-309  3.000000000000000000e+02 6.929476931863689083e-310  0.000000000000000000e+00 
 1.000000000000000000e+04  0.000000000000000000e+00  3.000000000000000000e+02 6.929476931848669487e-310  0.000000000000000000e+00 
 1.000000000000000000e+04 6.929476931846693224e-310  3.000000000000000000e+02 6.929476931874756153e-310  0.000000000000000000e+00 
