                   Target                     Error                Dwell Time           Expected Figure             Sputter Yield              Error in RMS           Target Elements             Unit Elements            Total Elements 
 1.000000000000000000e+04  9.502585329214325611e+02  1.855948617459844854e+03  9.049741467078567439e+03  1.000000000000000000e+00  4.465686905555638077e+03  1.000000000000000000e+01  5.000000000000000000e+00  2.000000000000000000e+01 
 1.000000000000000000e+04  4.513501039150542056e+02  2.009830772193140092e+03  9.548649896084945794e+03  1.000000000000000000e+00 
 1.000000000000000000e+04  6.251556529958870669e+02  2.139592732449213145e+03  9.374844347004112933e+03  1.000000000000000000e+00 
 1.000000000000000000e+04  1.296832730562680808e+03  1.845568032441186006e+03  8.703167269437319192e+03  1.000000000000000000e+00 
 1.000000000000000000e+04  2.469964126022541677e+03  1.523904192460728837e+03  7.530035873977458323e+03  1.000000000000000000e+00 
 1.000000000000000000e+04  4.119646513174956453e+03  1.184271539893050658e+03  5.880353486825043547e+03  0.000000000000000000e+00 
 1.000000000000000000e+04  5.439423293332421963e+03  8.366993767332794505e+02  4.560576706667578037e+03  0.000000000000000000e+00 
 1.000000000000000000e+04  6.406459564236800361e+03  4.899103452967981411e+02  3.593540435763200094e+03  0.000000000000000000e+00 
 1.000000000000000000e+04  7.008552222761425583e+03  5.257912522837200413e+02  2.991447777238574417e+03  0.000000000000000000e+00 
 1.000000000000000000e+04  7.309051109310285028e+03  5.568679215563514617e+02  2.690948890689715427e+03  0.000000000000000000e+00 
