                   Target                     Error                Dwell Time           Expected Figure             Sputter Yield              Error in RMS           Target Elements             Unit Elements            Total Elements 
 1.000000000000000000e+04  1.159183122817958065e+02  9.035408218709326320e+02  9.884081687718204194e+03  1.000000000000000000e+00  3.238511235366235724e+03  1.000000000000000000e+02  5.000000000000000000e+00  1.100000000000000000e+02 
 1.000000000000000000e+04  6.105098347383682267e+01  9.035408201995593345e+02  9.938949016526163177e+03  2.000000000000000000e+00 
 1.000000000000000000e+04  6.105101055509294383e+01  9.035408175055174524e+02  9.938948989444907056e+03  5.000000000000000000e+00 
 1.000000000000000000e+04  6.105104032544477377e+01  9.035408141666320034e+02  9.938948959674555226e+03  2.000000000000000000e+00 
 1.000000000000000000e+04  6.105105953245947603e+01  9.035408113140060777e+02  9.938948940467540524e+03  1.000000000000000000e+00 
 1.000000000000000000e+04  6.105104677597228147e+01  9.035408110027888142e+02  9.938948953224027719e+03  0.000000000000000000e+00 
 1.000000000000000000e+04  6.105097566939184617e+01  9.035408160531509338e+02  9.938949024330608154e+03  0.000000000000000000e+00 
 1.000000000000000000e+04  6.105082395407043805e+01  9.035408293091369387e+02  9.938949176045929562e+03  0.000000000000000000e+00 
 1.000000000000000000e+04  6.105058965342141164e+01  9.035408521269962421e+02  9.938949410346578588e+03  0.000000000000000000e+00 
 1.000000000000000000e+04  6.105031260285613826e+01  9.035408821371614749e+02  9.938949687397143862e+03  0.000000000000000000e+00 
 1.000000000000000000e+04  6.105009510684612906e+01  9.035409107658504126e+02  9.938949904893153871e+03  0.000000000000000000e+00 
 1.000000000000000000e+04  6.105010976327321259e+01  9.035409216165054431e+02  9.938949890236726787e+03  0.000000000000000000e+00 
 1.000000000000000000e+04  6.105057768170627241e+01  9.035408914295716158e+02  9.938949422318293728e+03  0.000000000000000000e+00 
 1.000000000000000000e+04  6.105169990380090894e+01  9.035407956261934714e+02  9.938948300096199091e+03  0.000000000000000000e+00 
 1.000000000000000000e+04  6.105353327371813066e+01  9.035406199191876340e+02  9.938946466726281869e+03  0.000000000000000000e+00 
 1.000000000000000000e+04  6.105582319217319309e+01  9.035403776512075638e+02  9.938944176807826807e+03  0.000000000000000000e+00 
 1.000000000000000000e+04  6.105784026245237328e+01  9.035401291459692175e+02  9.938942159737547627e+03  0.000000000000000000e+00 
 1.000000000000000000e+04  6.105830979257007129e+01  9.035399947952803359e+02  9.938941690207429929e+03  0.000000000000000000e+00 
 1.000000000000000000e+04  6.105555689048196655e+01  9.035401491955390156e+02  9.938944443109518033e+03  0.000000000000000000e+00 
 1.000000000000000000e+04  6.104798998401383869e+01  9.035407818968044467e+02  9.938952010015986161e+03  0.000000000000000000e+00 
 1.000000000000000000e+04  6.103498131298510998e+01  9.035420146016842864e+02  9.938965018687014890e+03  0.000000000000000000e+00 
 1.000000000000000000e+04  6.101805017648257490e+01  9.035437781422364196e+02  9.938981949823517425e+03  0.000000000000000000e+00 
 1.000000000000000000e+04  6.100201481608564791e+01  9.035456764049732783e+02  9.938997985183914352e+03  0.000000000000000000e+00 
 1.000000000000000000e+04  6.099550037838707794e+01  9.035468952022146141e+02  9.939004499621612922e+03  0.000000000000000000e+00 
 1.000000000000000000e+04  6.100998488634650130e+01  9.035462418684624026e+02  9.938990015113653499e+03  0.000000000000000000e+00 
 1.000000000000000000e+04  6.105660233409616922e+01  9.035424089214326386e+02  9.938943397665903831e+03  0.000000000000000000e+00 
 1.000000000000000000e+04  6.114039041079377057e+01  9.035345211190733608e+02  9.938859609589206229e+03  0.000000000000000000e+00 
 1.000000000000000000e+04  6.125269386656873394e+01  9.035229318814551789e+02  9.938747306133431266e+03  0.000000000000000000e+00 
 1.000000000000000000e+04  6.136395312454260420e+01  9.035100805196025249e+02  9.938636046875457396e+03  0.000000000000000000e+00 
 1.000000000000000000e+04  6.142075569723965600e+01  9.035010345273716439e+02  9.938579244302760344e+03  0.000000000000000000e+00 
 1.000000000000000000e+04  6.135207270058344875e+01  9.035031903407178788e+02  9.938647927299416551e+03  0.000000000000000000e+00 
 1.000000000000000000e+04  6.108902636653692753e+01  9.035245980638060246e+02  9.938910973633463072e+03  0.000000000000000000e+00 
 1.000000000000000000e+04  6.059933052800442965e+01  9.035706298938700911e+02  9.939400669471995570e+03  0.000000000000000000e+00 
 1.000000000000000000e+04  5.993124764169624541e+01  9.036393083178850247e+02  9.940068752358303755e+03  0.000000000000000000e+00 
 1.000000000000000000e+04  5.925324989434739109e+01  9.037165168985442278e+02  9.940746750105652609e+03  0.000000000000000000e+00 
 1.000000000000000000e+04  5.886705772607820109e+01  9.037733191202444232e+02  9.941132942273921799e+03  0.000000000000000000e+00 
 1.000000000000000000e+04  5.916769725521953660e+01  9.037682808428016870e+02  9.940832302744780463e+03  0.000000000000000000e+00 
 1.000000000000000000e+04  6.053003969900055381e+01  9.036574428721230561e+02  9.939469960300999446e+03  0.000000000000000000e+00 
 1.000000000000000000e+04  6.312141160189821676e+01  9.034128576474913643e+02  9.936878588398101783e+03  0.000000000000000000e+00 
 1.000000000000000000e+04  6.667489359010869521e+01  9.030471498395538674e+02  9.933325106409891305e+03  0.000000000000000000e+00 
 1.000000000000000000e+04  7.030148774275949108e+01  9.026368338944907919e+02  9.929698512257240509e+03  0.000000000000000000e+00 
 1.000000000000000000e+04  7.245626332738174824e+01  9.023325312560341445e+02  9.927543736672618252e+03  0.000000000000000000e+00 
 1.000000000000000000e+04  7.118125814653103589e+01  9.023421229461207531e+02  9.928818741853468964e+03  0.000000000000000000e+00 
 1.000000000000000000e+04  6.470228559698443860e+01  9.028760168716712542e+02  9.935297714403015561e+03  0.000000000000000000e+00 
 1.000000000000000000e+04  5.234343628825990891e+01  9.040541969729634957e+02  9.947656563711740091e+03  0.000000000000000000e+00 
 1.000000000000000000e+04  3.555085192684418871e+01  9.057924589504572168e+02  9.964449148073155811e+03  0.000000000000000000e+00 
 1.000000000000000000e+04  1.862980581289593829e+01  9.077065042565448039e+02  9.981370194187104062e+03  0.000000000000000000e+00 
 1.000000000000000000e+04  8.675908583620184800e+00  9.090894339901815329e+02  9.991324091416379815e+03  0.000000000000000000e+00 
 1.000000000000000000e+04  1.422254324670575443e+01  9.090196900501402979e+02  9.985777456753294246e+03  0.000000000000000000e+00 
 1.000000000000000000e+04  4.241710936726667569e+01  9.066320739016450716e+02  9.957582890632733324e+03  0.000000000000000000e+00 
 1.000000000000000000e+04  9.509606958072617999e+01  9.015294864623939475e+02  9.904903930419273820e+03  0.000000000000000000e+00 
 1.000000000000000000e+04  1.648535481012913806e+02  8.942347341092589659e+02  9.835146451898708619e+03  0.000000000000000000e+00 
 1.000000000000000000e+04  2.328495231952674658e+02  8.865031920353567330e+02  9.767150476804732534e+03  0.000000000000000000e+00 
 1.000000000000000000e+04  2.703319849231083936e+02  8.812753504552682671e+02  9.729668015076891606e+03  0.000000000000000000e+00 
 1.000000000000000000e+04  2.452986617223523353e+02  8.820848610365011382e+02  9.754701338277647665e+03  0.000000000000000000e+00 
 1.000000000000000000e+04  1.342116345236281632e+02  8.918804225475769272e+02  9.865788365476371837e+03  0.000000000000000000e+00 
 1.000000000000000000e+04 -6.363480444614833687e+01  9.114622950540936017e+02  1.006363480444614834e+04  0.000000000000000000e+00 
 1.000000000000000000e+04 -3.139634942262528057e+02  9.380165901020295678e+02  1.031396349422625281e+04  0.000000000000000000e+00 
 1.000000000000000000e+04 -5.440280987356454716e+02  9.644444428399652907e+02  1.054402809873564547e+04  0.000000000000000000e+00 
 1.000000000000000000e+04 -6.536894657025895867e+02  9.801866453804086632e+02  1.065368946570258959e+04  0.000000000000000000e+00 
 1.000000000000000000e+04 -5.434819158636364591e+02  9.739371185168490683e+02  1.054348191586363646e+04  0.000000000000000000e+00 
 1.000000000000000000e+04 -1.556893165633318858e+02  9.379765259848888945e+02  1.015568931656333189e+04  0.000000000000000000e+00 
 1.000000000000000000e+04  4.831177023517484486e+02  8.730255377088298019e+02  9.516882297648251551e+03  0.000000000000000000e+00 
 1.000000000000000000e+04  1.235907922564329056e+03  7.916947288071198727e+02  8.764092077435670944e+03  0.000000000000000000e+00 
 1.000000000000000000e+04  1.863558829019524637e+03  7.184749810032353707e+02  8.136441170980475363e+03  0.000000000000000000e+00 
 1.000000000000000000e+04  2.079738928130418572e+03  6.846408699910525684e+02  7.920261071869581428e+03  0.000000000000000000e+00 
 1.000000000000000000e+04  1.647407542877212109e+03  7.183695306591237113e+02  8.352592457122787891e+03  0.000000000000000000e+00 
 1.000000000000000000e+04  4.955838300246159633e+02  8.316729697824808909e+02  9.504416169975384037e+03  0.000000000000000000e+00 
 1.000000000000000000e+04 -1.193491531511537687e+03  1.009642143276867614e+03  1.119349153151153769e+04  0.000000000000000000e+00 
 1.000000000000000000e+04 -2.966065042181237004e+03  1.205387103199944022e+03  1.296606504218123700e+04  0.000000000000000000e+00 
 1.000000000000000000e+04 -4.205926589850421806e+03  1.352791138503225056e+03  1.420592658985042181e+04  0.000000000000000000e+00 
 1.000000000000000000e+04 -4.308859226274227694e+03  1.382589992838849867e+03  1.430885922627422769e+04  0.000000000000000000e+00 
 1.000000000000000000e+04 -2.933585213696147548e+03  1.256374561979841246e+03  1.293358521369614755e+04  0.000000000000000000e+00 
 1.000000000000000000e+04 -2.350124339444701036e+02  9.721907579139025302e+02  1.023501243394447010e+04  0.000000000000000000e+00 
 1.000000000000000000e+04  2.952445103251291584e+03  5.893597637882124900e+02  7.047554896748708416e+03  0.000000000000000000e+00 
 1.000000000000000000e+04  5.449089714509672376e+03  3.000000000000000000e+02  4.550910285490327624e+03  0.000000000000000000e+00 
 1.000000000000000000e+04  6.295712482861285935e+03  3.000000000000000000e+02  3.704287517138714065e+03  0.000000000000000000e+00 
 1.000000000000000000e+04  5.805265621898733116e+03  3.000000000000000000e+02  4.194734378101266884e+03  0.000000000000000000e+00 
 1.000000000000000000e+04  3.554714413299902844e+03  4.149277533505016322e+02  6.445285586700097156e+03  0.000000000000000000e+00 
 1.000000000000000000e+04 -9.595701655599605147e+02  9.648788714002637334e+02  1.095957016555996051e+04  0.000000000000000000e+00 
 1.000000000000000000e+04 -5.912356844113570332e+03  1.540889077147061698e+03  1.591235684411357033e+04  0.000000000000000000e+00 
 1.000000000000000000e+04 -9.460552998809424025e+03  1.923542147563515755e+03  1.946055299880942403e+04  0.000000000000000000e+00 
 1.000000000000000000e+04 -1.017784433954280030e+04  2.016141667100202540e+03  2.017784433954280030e+04  0.000000000000000000e+00 
 1.000000000000000000e+04 -7.487446508164004626e+03  1.763901901097054861e+03  1.748744650816400463e+04  0.000000000000000000e+00 
 1.000000000000000000e+04 -2.449527340697517502e+03  1.181358829573586036e+03  1.244952734069751750e+04  0.000000000000000000e+00 
 1.000000000000000000e+04  3.226411130917583250e+03  3.493938617676379863e+02  6.773588869082416750e+03  0.000000000000000000e+00 
 1.000000000000000000e+04  5.719853446891138447e+03  3.000000000000000000e+02  4.280146553108861553e+03  0.000000000000000000e+00 
 1.000000000000000000e+04  6.650606138232362355e+03  3.000000000000000000e+02  3.349393861767638100e+03  0.000000000000000000e+00 
 1.000000000000000000e+04  6.197130782876636658e+03  3.000000000000000000e+02  3.802869217123362887e+03  0.000000000000000000e+00 
 1.000000000000000000e+04  4.369323433786746136e+03  3.000000000000000000e+02  5.630676566213253864e+03  0.000000000000000000e+00 
 1.000000000000000000e+04 -3.166944193568542687e+02  8.028692171233627732e+02  1.031669441935685427e+04  0.000000000000000000e+00 
 1.000000000000000000e+04 -6.522849932628065289e+03  1.624938131966528090e+03  1.652284993262806529e+04  0.000000000000000000e+00 
 1.000000000000000000e+04 -1.108057726666400413e+04  2.152472069806983654e+03  2.108057726666400413e+04  0.000000000000000000e+00 
 1.000000000000000000e+04 -1.165193031671260542e+04  2.187476698934735396e+03  2.165193031671260542e+04  0.000000000000000000e+00 
 1.000000000000000000e+04 -8.662022444238427852e+03  1.890518038703194861e+03  1.866202244423842785e+04  0.000000000000000000e+00 
 1.000000000000000000e+04 -2.883074504407255517e+03  1.003628473052044683e+03  1.288307450440725552e+04  0.000000000000000000e+00 
 1.000000000000000000e+04  1.049362070082157516e+03  6.747498369419120081e+02  8.950637929917842484e+03  0.000000000000000000e+00 
 1.000000000000000000e+04  3.134076689502758200e+03  5.469196889220828552e+02  6.865923310497241800e+03  0.000000000000000000e+00 
 1.000000000000000000e+04  3.475702561995411997e+03  5.852743825568327338e+02  6.524297438004588003e+03  0.000000000000000000e+00 
 1.000000000000000000e+04  3.429266866736003067e+03  6.076479538372933575e+02  6.570733133263996933e+03  0.000000000000000000e+00 
