                   Target                     Error                Dwell Time           Expected Figure             Sputter Yield              Error in RMS           Target Elements             Unit Elements            Total Elements 
 1.000000000000000000e+04 -1.026347442127909744e+03  9.561021340120092873e+02  1.102634744212790974e+04  1.000000000000000000e+00  6.168665688428680369e+03  1.000000000000000000e+01  5.000000000000000000e+00  2.000000000000000000e+01 
 1.000000000000000000e+04 -6.610432954405921919e+03  1.638016708452050807e+03  1.661043295440592192e+04  2.000000000000000000e+00 
 1.000000000000000000e+04 -1.048458553453318746e+04  2.069803355163760898e+03  2.048458553453318746e+04  5.000000000000000000e+00 
 1.000000000000000000e+04 -1.058152415333271347e+04  2.068538433794128196e+03  2.058152415333271347e+04  2.000000000000000000e+00 
 1.000000000000000000e+04 -7.496785957406682428e+03  1.766356340210013514e+03  1.749678595740668243e+04  1.000000000000000000e+00 
 1.000000000000000000e+04 -1.903238271406557033e+03  9.284958851624709268e+02  1.190323827140655703e+04  0.000000000000000000e+00 
 1.000000000000000000e+04  1.963377200166502007e+03  6.011322632796545804e+02  8.036622799833497993e+03  0.000000000000000000e+00 
 1.000000000000000000e+04  4.048565768795134318e+03  4.572432048207368211e+02  5.951434231204865682e+03  0.000000000000000000e+00 
 1.000000000000000000e+04  4.298307042714485760e+03  4.931269632587959109e+02  5.701692957285514240e+03  0.000000000000000000e+00 
 1.000000000000000000e+04  3.915695307866719304e+03  5.482038688618097240e+02  6.084304692133280696e+03  0.000000000000000000e+00 
