                   Target                     Error                Dwell Time           Expected Figure             Sputter Yield              Error in RMS           Target Elements             Unit Elements            Total Elements 
 0.000000000000000000e+00  0.000000000000000000e+00  8.055121119735008106e+06  2.301407585920502245e+07  1.000000000000000000e+00  3.023505714480610275e+10  1.000000000000000000e+01  5.000000000000000000e+00  2.000000000000000000e+01 
 0.000000000000000000e+00  0.000000000000000000e+00  1.534281723947001621e+07  2.301437585920502245e+07  1.000000000000000000e+00 
 0.000000000000000000e+00  0.000000000000000000e+00  2.301407585920502245e+07  2.301467585920502245e+07  1.000000000000000000e+00 
 0.000000000000000000e+00  0.000000000000000000e+00  3.000000000000000000e+02  2.301497585920502245e+07  1.000000000000000000e+00 
 0.000000000000000000e+00  0.000000000000000000e+00  3.000000000000000000e+02  2.301527585920502245e+07  1.000000000000000000e+00 
 1.000000000000000000e+04  8.500000000000000000e+03  3.000000000000000000e+02  1.500000000000000000e+03  0.000000000000000000e+00 
 1.000000000000000000e+04  8.500000000000000000e+03  3.000000000000000000e+02  1.500000000000000000e+03  0.000000000000000000e+00 
 1.000000000000000000e+04  8.500000000000000000e+03  3.000000000000000000e+02  1.500000000000000000e+03  0.000000000000000000e+00 
 1.000000000000000000e+04  8.500000000000000000e+03  3.000000000000000000e+02  1.500000000000000000e+03  0.000000000000000000e+00 
 1.000000000000000000e+04  8.500000000000000000e+03  3.000000000000000000e+02  1.500000000000000000e+03  0.000000000000000000e+00 
 1.000000000000000000e+04 -2.088793150879539490e+10  3.000000000000000000e+02  2.088794150879539490e+10  0.000000000000000000e+00 
 1.000000000000000000e+04 -3.813755692450625610e+10  3.000000000000000000e+02  3.813756692450625610e+10  0.000000000000000000e+00 
 1.000000000000000000e+04 -4.870194675007662964e+10  2.088794030879539490e+10  4.870195675007662964e+10  0.000000000000000000e+00 
 1.000000000000000000e+04 -4.918801443912557983e+10  1.724962571571086121e+10  4.918802443912557983e+10  0.000000000000000000e+00 
 1.000000000000000000e+04 -4.959301859031707764e+10  1.056439012557037735e+10  4.959302859031707764e+10  0.000000000000000000e+00 
 0.000000000000000000e+00  0.000000000000000000e+00  4.860679890489463806e+08  2.900884169491530609e+10  0.000000000000000000e+00 
 0.000000000000000000e+00  0.000000000000000000e+00  4.050044511914958954e+08  1.175921597920444107e+10  0.000000000000000000e+00 
 0.000000000000000000e+00  0.000000000000000000e+00  3.037534133936218023e+08  1.194825853634064198e+09  0.000000000000000000e+00 
 0.000000000000000000e+00  0.000000000000000000e+00  2.025023755957479477e+08  7.087578645851176977e+08  0.000000000000000000e+00 
 0.000000000000000000e+00  0.000000000000000000e+00  1.012513377978739738e+08  3.037534133936218023e+08  0.000000000000000000e+00 
