                   Target                     Error                Dwell Time           Expected Figure             Sputter Yield              Error in RMS           Target Elements             Unit Elements            Total Elements 
 1.000000000000000000e+04 -1.829785895729259209e+03  2.367938912728808191e+03  1.182978589572925921e+04  1.000000000000000000e+00  3.568983914976883625e+03  1.000000000000000000e+01  5.000000000000000000e+00  2.000000000000000000e+01 
 1.000000000000000000e+04 -3.927095077654334091e+03  3.032419488726609870e+03  1.392709507765433409e+04  1.000000000000000000e+00 
 1.000000000000000000e+04 -4.918278949614625162e+03  3.597461689356328407e+03  1.491827894961462516e+04  1.000000000000000000e+00 
 1.000000000000000000e+04 -4.650330040169996209e+03  3.218153455434445732e+03  1.465033004016999621e+04  1.000000000000000000e+00 
 1.000000000000000000e+04 -3.084647724631775418e+03  2.702305403368432962e+03  1.308464772463177542e+04  1.000000000000000000e+00 
 1.000000000000000000e+04 -3.320880595077433100e+02  2.099990003284179238e+03  1.033208805950774331e+04  0.000000000000000000e+00 
 1.000000000000000000e+04  1.886598606247594944e+03  1.466737173188388169e+03  8.113401393752405056e+03  0.000000000000000000e+00 
 1.000000000000000000e+04  3.427497829794153404e+03  8.449020242322961849e+02  6.572502170205846596e+03  0.000000000000000000e+00 
 1.000000000000000000e+04  4.206955050521414705e+03  9.994667896791080466e+02  5.793044949478585295e+03  0.000000000000000000e+00 
 1.000000000000000000e+04  4.490036952628626750e+03  1.161406179821875412e+03  5.509963047371373250e+03  0.000000000000000000e+00 
