                   Target                     Error                Dwell Time           Expected Figure             Sputter Yield              Error in RMS           Target Elements             Unit Elements            Total Elements 
 1.000000000000000000e+04  4.071259803669119719e+03  1.218314270873838723e+03  5.928740196330880281e+03  1.000000000000000000e+00  6.102781375723935525e+03  1.000000000000000000e+01  5.000000000000000000e+00  2.000000000000000000e+01 
 1.000000000000000000e+04  3.931731809592197351e+03  1.260121636109633755e+03  6.068268190407802649e+03  1.000000000000000000e+00 
 1.000000000000000000e+04  4.169159342947999903e+03  1.295221204943819203e+03  5.830840657052000097e+03  1.000000000000000000e+00 
 1.000000000000000000e+04  4.637408498240517474e+03  1.119862528913918823e+03  5.362591501759482526e+03  1.000000000000000000e+00 
 1.000000000000000000e+04  5.336924874722126333e+03  9.373210162107892529e+02  4.663075125277873667e+03  1.000000000000000000e+00 
 1.000000000000000000e+04  6.260907739628751187e+03  7.500651155813221749e+02  3.739092260371248813e+03  0.000000000000000000e+00 
 1.000000000000000000e+04  6.999831314573051714e+03  5.606052596280239868e+02  3.000168685426947832e+03  0.000000000000000000e+00 
 1.000000000000000000e+04  7.548383978115787613e+03  3.712383400371944049e+02  2.451616021884212842e+03  0.000000000000000000e+00 
 1.000000000000000000e+04  7.903852383191745503e+03  3.809389539696179554e+02  2.096147616808254497e+03  0.000000000000000000e+00 
 1.000000000000000000e+04  8.086404153234298974e+03  3.887683526680543764e+02  1.913595846765701026e+03  0.000000000000000000e+00 
