                   Target                     Error                Dwell Time           Expected Figure             Sputter Yield              Error in RMS           Target Elements             Unit Elements            Total Elements 
 0.000000000000000000e+00  0.000000000000000000e+00  6.248696047400168254e+02  1.274608814241035589e+03  1.000000000000000000e+00  1.562816561552032908e+03  1.000000000000000000e+02  5.000000000000000000e+00  1.100000000000000000e+02 
 0.000000000000000000e+00  0.000000000000000000e+00  9.497392094866473826e+02  2.874087233242863476e+03  1.000000000000000000e+00 
 0.000000000000000000e+00  0.000000000000000000e+00  1.274608814241035589e+03  4.798435257006084612e+03  1.000000000000000000e+00 
 0.000000000000000000e+00  0.000000000000000000e+00  1.599478419001828115e+03  6.722783280779027336e+03  1.000000000000000000e+00 
 0.000000000000000000e+00  0.000000000000000000e+00  1.924348023763221136e+03  8.647131304523845756e+03  1.000000000000000000e+00 
 1.000000000000000000e+04  7.031294860648231406e+02  1.924348023772942497e+03  9.296870513935176859e+03  0.000000000000000000e+00 
 1.000000000000000000e+04  3.782598815948786068e+02  1.924348023744819329e+03  9.621740118405121393e+03  0.000000000000000000e+00 
 1.000000000000000000e+04  3.782598821622596006e+02  1.924348023652365555e+03  9.621740117837740399e+03  0.000000000000000000e+00 
 1.000000000000000000e+04  3.782598830807401100e+02  1.924348023471772876e+03  9.621740116919259890e+03  0.000000000000000000e+00 
 1.000000000000000000e+04  3.782598842870993394e+02  1.924348023195840597e+03  9.621740115712900661e+03  0.000000000000000000e+00 
 1.000000000000000000e+04  3.782598855201777042e+02  1.924348022854461078e+03  9.621740114479822296e+03  0.000000000000000000e+00 
 1.000000000000000000e+04  3.782598862410668517e+02  1.924348022538460555e+03  9.621740113758933148e+03  0.000000000000000000e+00 
 1.000000000000000000e+04  3.782598856016447826e+02  1.924348022419286281e+03  9.621740114398355217e+03  0.000000000000000000e+00 
 1.000000000000000000e+04  3.782598825245004264e+02  1.924348022750884411e+03  9.621740117475499574e+03  0.000000000000000000e+00 
 1.000000000000000000e+04  3.782598759677766793e+02  1.924348023835263575e+03  9.621740124032223321e+03  0.000000000000000000e+00 
 1.000000000000000000e+04  3.782598654354478640e+02  1.924348025931603843e+03  9.621740134564552136e+03  0.000000000000000000e+00 
 1.000000000000000000e+04  3.782598517393962538e+02  1.924348029095185211e+03  9.621740148260603746e+03  0.000000000000000000e+00 
 1.000000000000000000e+04  3.782598379100563761e+02  1.924348032951615778e+03  9.621740162089943624e+03  0.000000000000000000e+00 
 1.000000000000000000e+04  3.782598299845194560e+02  1.924348036446934429e+03  9.621740170015480544e+03  0.000000000000000000e+00 
 1.000000000000000000e+04  3.782598371965323167e+02  1.924348037664605272e+03  9.621740162803467683e+03  0.000000000000000000e+00 
 1.000000000000000000e+04  3.782598709112535289e+02  1.924348033857140308e+03  9.621740129088746471e+03  0.000000000000000000e+00 
 1.000000000000000000e+04  3.782599415939148457e+02  1.924348021883172578e+03  9.621740058406085154e+03  0.000000000000000000e+00 
 1.000000000000000000e+04  3.782600533205022657e+02  1.924347999236893884e+03  9.621739946679497734e+03  0.000000000000000000e+00 
 1.000000000000000000e+04  3.782601959848489059e+02  1.924347965764272658e+03  9.621739804015151094e+03  0.000000000000000000e+00 
 1.000000000000000000e+04  3.782603365326231142e+02  1.924347925938017625e+03  9.621739663467376886e+03  0.000000000000000000e+00 
 1.000000000000000000e+04  3.782604122133161582e+02  1.924347891192793440e+03  9.621739587786683842e+03  0.000000000000000000e+00 
 1.000000000000000000e+04  3.782603306798173435e+02  1.924347881335399279e+03  9.621739669320182657e+03  0.000000000000000000e+00 
 1.000000000000000000e+04  3.782599831149218517e+02  1.924347923556200840e+03  9.621740016885078148e+03  0.000000000000000000e+00 
 1.000000000000000000e+04  3.782592763804441347e+02  1.924348047297771473e+03  9.621740723619555865e+03  0.000000000000000000e+00 
 1.000000000000000000e+04  3.782581871773509192e+02  1.924348273502913344e+03  9.621741812822649081e+03  0.000000000000000000e+00 
 1.000000000000000000e+04  3.782568342091672093e+02  1.924348597927269793e+03  9.621743165790832791e+03  0.000000000000000000e+00 
 1.000000000000000000e+04  3.782555529476976517e+02  1.924348970538493631e+03  9.621744447052302348e+03  0.000000000000000000e+00 
 1.000000000000000000e+04  3.782549430084800406e+02  1.924349276524383868e+03  9.621745056991519959e+03  0.000000000000000000e+00 
 1.000000000000000000e+04  3.782558440150132810e+02  1.924349328559242849e+03  9.621744155984986719e+03  0.000000000000000000e+00 
 1.000000000000000000e+04  3.782591887738126388e+02  1.924348883442128908e+03  9.621740811226187361e+03  0.000000000000000000e+00 
 1.000000000000000000e+04  3.782656917205258651e+02  1.924347696920738599e+03  9.621734308279474135e+03  0.000000000000000000e+00 
 1.000000000000000000e+04  3.782753656496934127e+02  1.924345625779693137e+03  9.621724634350306587e+03  0.000000000000000000e+00 
 1.000000000000000000e+04  3.782869272006228130e+02  1.924342773577670869e+03  9.621713072799377187e+03  0.000000000000000000e+00 
 1.000000000000000000e+04  3.782972491356413229e+02  1.924339654630075756e+03  9.621702750864358677e+03  0.000000000000000000e+00 
 1.000000000000000000e+04  3.783011277900768619e+02  1.924337321891198371e+03  9.621698872209923138e+03  0.000000000000000000e+00 
 1.000000000000000000e+04  3.782917201614436635e+02  1.924337374985721908e+03  9.621708279838556336e+03  0.000000000000000000e+00 
 1.000000000000000000e+04  3.782620102510936704e+02  1.924341747125256461e+03  9.621737989748906330e+03  0.000000000000000000e+00 
 1.000000000000000000e+04  3.782075212113923044e+02  1.924352181206303612e+03  9.621792478788607696e+03  0.000000000000000000e+00 
 1.000000000000000000e+04  3.781301417947524897e+02  1.924369364540426432e+03  9.621869858205247510e+03  0.000000000000000000e+00 
 1.000000000000000000e+04  3.780423689752351493e+02  1.924391810930899510e+03  9.621957631024764851e+03  0.000000000000000000e+00 
 1.000000000000000000e+04  3.779705525456629402e+02  1.924414754402361950e+03  9.622029447454337060e+03  0.000000000000000000e+00 
 1.000000000000000000e+04  3.779550496681185905e+02  1.924429519944773119e+03  9.622044950331881410e+03  0.000000000000000000e+00 
 1.000000000000000000e+04  3.780448728278315684e+02  1.924423997635876731e+03  9.621955127172168432e+03  0.000000000000000000e+00 
 1.000000000000000000e+04  3.782848454809209215e+02  1.924384867417970554e+03  9.621715154519079078e+03  0.000000000000000000e+00 
 1.000000000000000000e+04  3.786948510362526577e+02  1.924301987771185395e+03  9.621305148963747342e+03  0.000000000000000000e+00 
 1.000000000000000000e+04  3.792436728258853691e+02  1.924174781749272825e+03  9.620756327174114631e+03  0.000000000000000000e+00 
 1.000000000000000000e+04  3.798239421799062256e+02  1.924019514389441383e+03  9.620176057820093774e+03  0.000000000000000000e+00 
 1.000000000000000000e+04  3.802389669339336251e+02  1.923875175846243792e+03  9.619761033066066375e+03  0.000000000000000000e+00 
 1.000000000000000000e+04  3.802151248139743984e+02  1.923804598063949243e+03  9.619784875186025602e+03  0.000000000000000000e+00 
 1.000000000000000000e+04  3.794529370849195402e+02  1.923886963017159815e+03  9.620547062915080460e+03  0.000000000000000000e+00 
 1.000000000000000000e+04  3.777236046987254667e+02  1.924198623869230687e+03  9.622276395301274533e+03  0.000000000000000000e+00 
 1.000000000000000000e+04  3.750043557331937336e+02  1.924781702118498060e+03  9.624995644266806266e+03  0.000000000000000000e+00 
 1.000000000000000000e+04  3.716261369641670171e+02  1.925604508232436956e+03  9.628373863035832983e+03  0.000000000000000000e+00 
 1.000000000000000000e+04  3.683846073021322809e+02  1.926523847029480521e+03  9.631615392697867719e+03  0.000000000000000000e+00 
 1.000000000000000000e+04  3.665469204176188214e+02  1.927265181786186076e+03  9.633453079582381179e+03  0.000000000000000000e+00 
 1.000000000000000000e+04  3.676838272453314858e+02  1.927440153531266105e+03  9.632316172754668514e+03  0.000000000000000000e+00 
 1.000000000000000000e+04  3.732799828503666504e+02  1.926619389003011975e+03  9.626720017149633350e+03  0.000000000000000000e+00 
 1.000000000000000000e+04  3.841314631730529072e+02  1.924467601404723155e+03  9.615868536826947093e+03  0.000000000000000000e+00 
 1.000000000000000000e+04  3.996270743103723362e+02  1.920927691424445811e+03  9.600372925689627664e+03  0.000000000000000000e+00 
 1.000000000000000000e+04  4.171174727963443729e+02  1.916413701463500274e+03  9.582882527203655627e+03  0.000000000000000000e+00 
 1.000000000000000000e+04  4.316635231776708679e+02  1.911944542393946222e+03  9.568336476822329132e+03  0.000000000000000000e+00 
 1.000000000000000000e+04  4.364796126595974783e+02  1.909128990517041302e+03  9.563520387340402522e+03  0.000000000000000000e+00 
 1.000000000000000000e+04  4.243113082293457410e+02  1.909921551023395978e+03  9.575688691770654259e+03  0.000000000000000000e+00 
 1.000000000000000000e+04  3.897866678615882847e+02  1.916111601942518064e+03  9.610213332138411715e+03  0.000000000000000000e+00 
 1.000000000000000000e+04  3.323855285532135895e+02  1.928582005893751557e+03  9.667614471446786411e+03  0.000000000000000000e+00 
 1.000000000000000000e+04  2.592529363314424700e+02  1.946469182761703905e+03  9.740747063668557530e+03  0.000000000000000000e+00 
 1.000000000000000000e+04  1.867547288602363551e+02  1.966530129825415997e+03  9.813245271139763645e+03  0.000000000000000000e+00 
 1.000000000000000000e+04  1.395455081502441317e+02  1.983054143245169143e+03  9.860454491849755868e+03  0.000000000000000000e+00 
 1.000000000000000000e+04  1.460827126462008891e+02  1.988609809413722814e+03  9.853917287353799111e+03  0.000000000000000000e+00 
 1.000000000000000000e+04  2.305904376578691881e+02  1.975791226603742871e+03  9.769409562342130812e+03  0.000000000000000000e+00 
 1.000000000000000000e+04  4.027034499379951740e+02  1.939931978265749194e+03  9.597296550062004826e+03  0.000000000000000000e+00 
 1.000000000000000000e+04  6.471992975739649410e+02  1.882022404813747016e+03  9.352800702426035059e+03  0.000000000000000000e+00 
 1.000000000000000000e+04  9.171356909691130568e+02  1.810941130965043385e+03  9.082864309030886943e+03  0.000000000000000000e+00 
 1.000000000000000000e+04  1.136431456652424458e+03  1.744113961777752365e+03  8.863568543347575542e+03  0.000000000000000000e+00 
 1.000000000000000000e+04  1.213556676369520574e+03  1.705854833208594528e+03  8.786443323630479426e+03  0.000000000000000000e+00 
 1.000000000000000000e+04  1.065599396679446727e+03  1.720636212582437338e+03  8.934400603320553273e+03  0.000000000000000000e+00 
 1.000000000000000000e+04  6.495149011260291445e+02  1.804897185096650901e+03  9.350485098873970855e+03  0.000000000000000000e+00 
 1.000000000000000000e+04 -4.834303528987220488e+00  1.958898410655117232e+03  1.000483430352898722e+04  0.000000000000000000e+00 
 1.000000000000000000e+04 -7.804873374869566760e+02  2.160198457331171994e+03  1.078048733748695668e+04  0.000000000000000000e+00 
 1.000000000000000000e+04 -1.482122404246052611e+03  2.360204037863610210e+03  1.148212240424605261e+04  0.000000000000000000e+00 
 1.000000000000000000e+04 -1.868664214179159899e+03  2.496289246540408385e+03  1.186866421417915990e+04  0.000000000000000000e+00 
 1.000000000000000000e+04 -1.707084535548656277e+03  2.506532251855745017e+03  1.170708453554865628e+04  0.000000000000000000e+00 
 1.000000000000000000e+04 -8.954748128950977843e+02  2.345440220588224292e+03  1.089547481289509778e+04  0.000000000000000000e+00 
 1.000000000000000000e+04  4.940715846330876957e+02  1.998618778700667917e+03  9.505928415366912304e+03  0.000000000000000000e+00 
 1.000000000000000000e+04  2.202928561766503663e+03  1.548594315210051036e+03  7.797071438233496337e+03  0.000000000000000000e+00 
 1.000000000000000000e+04  3.805923997005913407e+03  1.106742849012223360e+03  6.194076002994086593e+03  0.000000000000000000e+00 
 1.000000000000000000e+04  4.761853189290482078e+03  7.976752747223299593e+02  5.238146810709517922e+03  0.000000000000000000e+00 
 1.000000000000000000e+04  4.703745217606939150e+03  7.424447853488132978e+02  5.296254782393060850e+03  0.000000000000000000e+00 
 1.000000000000000000e+04  3.489129670597410950e+03  1.042689586416099473e+03  6.510870329402589050e+03  0.000000000000000000e+00 
 1.000000000000000000e+04  1.225949193901107719e+03  1.606702286893594419e+03  8.774050806098892281e+03  0.000000000000000000e+00 
 1.000000000000000000e+04 -1.736867806118561930e+03  2.321358396021752469e+03  1.173686780611856193e+04  0.000000000000000000e+00 
 1.000000000000000000e+04 -4.043402078397890364e+03  3.060855751418631826e+03  1.404340207839789036e+04  0.000000000000000000e+00 
 1.000000000000000000e+04 -5.284020811555970795e+03  3.705261785368484198e+03  1.528402081155597079e+04  0.000000000000000000e+00 
 1.000000000000000000e+04 -5.206944669652559242e+03  3.349223858695427680e+03  1.520694466965255924e+04  0.000000000000000000e+00 
 1.000000000000000000e+04 -3.733892284190722421e+03  2.847321020051673258e+03  1.373389228419072242e+04  0.000000000000000000e+00 
 1.000000000000000000e+04 -9.458423163435909373e+02  2.244282254118340461e+03  1.094584231634359094e+04  0.000000000000000000e+00 
 1.000000000000000000e+04  1.370800123816239648e+03  1.587803365956795460e+03  8.629199876183760352e+03  0.000000000000000000e+00 
 1.000000000000000000e+04  3.099012524571953691e+03  9.172118175213545328e+02  6.900987475428046309e+03  0.000000000000000000e+00 
 1.000000000000000000e+04  4.166501358888366667e+03  1.032581418535596868e+03  5.833498641111633333e+03  0.000000000000000000e+00 
 1.000000000000000000e+04  4.729796068801101683e+03  1.119108619295959215e+03  5.270203931198898317e+03  0.000000000000000000e+00 
 0.000000000000000000e+00  0.000000000000000000e+00  1.176793419801927712e+03  5.196373605710185984e+03  0.000000000000000000e+00 
 0.000000000000000000e+00  0.000000000000000000e+00  1.024508656044060217e+03  4.163792187174589344e+03  0.000000000000000000e+00 
 0.000000000000000000e+00  0.000000000000000000e+00  8.433814920326423135e+02  3.044683567878630129e+03  0.000000000000000000e+00 
 0.000000000000000000e+00  0.000000000000000000e+00  6.622543280212544232e+02  1.867890148076702644e+03  0.000000000000000000e+00 
 0.000000000000000000e+00  0.000000000000000000e+00  4.811271640102199854e+02  8.433814920326423135e+02  0.000000000000000000e+00 
