 3.000000000000000000e+02 
 9.000000000000000000e+02 
 2.400000000000000000e+03 
 3.000000000000000000e+03 
 3.300000000000000000e+03 
 3.300000000000000000e+03 
 3.300000000000000000e+03 
 3.300000000000000000e+03 
 3.300000000000000000e+03 
 3.300000000000000000e+03 
 3.300000000000000000e+03 
 3.300000000000000000e+03 
 3.300000000000000000e+03 
 3.300000000000000000e+03 
 3.300000000000000000e+03 
 3.300000000000000000e+03 
 3.300000000000000000e+03 
 3.300000000000000000e+03 
 3.300000000000000000e+03 
 3.300000000000000000e+03 
 3.300000000000000000e+03 
 3.300000000000000000e+03 
 3.300000000000000000e+03 
 3.300000000000000000e+03 
 3.300000000000000000e+03 
 3.300000000000000000e+03 
 3.300000000000000000e+03 
 3.300000000000000000e+03 
 3.300000000000000000e+03 
 3.300000000000000000e+03 
 3.300000000000000000e+03 
 3.300000000000000000e+03 
 3.300000000000000000e+03 
 3.300000000000000000e+03 
 3.300000000000000000e+03 
 3.300000000000000000e+03 
 3.300000000000000000e+03 
 3.300000000000000000e+03 
 3.300000000000000000e+03 
 3.300000000000000000e+03 
 3.300000000000000000e+03 
 3.300000000000000000e+03 
 3.300000000000000000e+03 
 3.300000000000000000e+03 
 3.300000000000000000e+03 
 3.300000000000000000e+03 
 3.300000000000000000e+03 
 3.300000000000000000e+03 
 3.300000000000000000e+03 
 3.300000000000000000e+03 
 3.300000000000000000e+03 
 3.300000000000000000e+03 
 3.300000000000000000e+03 
 3.300000000000000000e+03 
 3.300000000000000000e+03 
 3.300000000000000000e+03 
 3.300000000000000000e+03 
 3.300000000000000000e+03 
 3.300000000000000000e+03 
 3.300000000000000000e+03 
 3.300000000000000000e+03 
 3.300000000000000000e+03 
 3.300000000000000000e+03 
 3.300000000000000000e+03 
 3.300000000000000000e+03 
 3.300000000000000000e+03 
 3.300000000000000000e+03 
 3.300000000000000000e+03 
 3.300000000000000000e+03 
 3.300000000000000000e+03 
 3.300000000000000000e+03 
 3.300000000000000000e+03 
 3.300000000000000000e+03 
 3.300000000000000000e+03 
 3.300000000000000000e+03 
 3.300000000000000000e+03 
 3.300000000000000000e+03 
 3.300000000000000000e+03 
 3.300000000000000000e+03 
 3.300000000000000000e+03 
 3.300000000000000000e+03 
 3.300000000000000000e+03 
 3.300000000000000000e+03 
 3.300000000000000000e+03 
 3.300000000000000000e+03 
 3.300000000000000000e+03 
 3.300000000000000000e+03 
 3.300000000000000000e+03 
 3.300000000000000000e+03 
 3.300000000000000000e+03 
 3.300000000000000000e+03 
 3.300000000000000000e+03 
 3.300000000000000000e+03 
 3.300000000000000000e+03 
 3.300000000000000000e+03 
 3.300000000000000000e+03 
 3.300000000000000000e+03 
 3.300000000000000000e+03 
 3.300000000000000000e+03 
 3.300000000000000000e+03 
 3.300000000000000000e+03 
 3.300000000000000000e+03 
 3.300000000000000000e+03 
 3.300000000000000000e+03 
 3.300000000000000000e+03 
 3.300000000000000000e+03 
 3.300000000000000000e+03 
 3.300000000000000000e+03 
 3.300000000000000000e+03 
 3.300000000000000000e+03 
 3.300000000000000000e+03 
 3.300000000000000000e+03 
 3.300000000000000000e+03 
 3.300000000000000000e+03 
 3.300000000000000000e+03 
 3.300000000000000000e+03 
 3.300000000000000000e+03 
 3.300000000000000000e+03 
 3.300000000000000000e+03 
 3.300000000000000000e+03 
 3.300000000000000000e+03 
 3.300000000000000000e+03 
 3.300000000000000000e+03 
 3.300000000000000000e+03 
 3.300000000000000000e+03 
 3.300000000000000000e+03 
 3.300000000000000000e+03 
 3.300000000000000000e+03 
 3.300000000000000000e+03 
 3.300000000000000000e+03 
 3.300000000000000000e+03 
 3.300000000000000000e+03 
 3.300000000000000000e+03 
 3.300000000000000000e+03 
 3.300000000000000000e+03 
 3.300000000000000000e+03 
 3.300000000000000000e+03 
 3.300000000000000000e+03 
 3.300000000000000000e+03 
 3.300000000000000000e+03 
 3.300000000000000000e+03 
 3.300000000000000000e+03 
 3.300000000000000000e+03 
 3.300000000000000000e+03 
 3.300000000000000000e+03 
 3.300000000000000000e+03 
 3.300000000000000000e+03 
 3.300000000000000000e+03 
 3.300000000000000000e+03 
 3.300000000000000000e+03 
 3.300000000000000000e+03 
 3.300000000000000000e+03 
 3.300000000000000000e+03 
 3.300000000000000000e+03 
 3.300000000000000000e+03 
 3.300000000000000000e+03 
 3.300000000000000000e+03 
 3.300000000000000000e+03 
 3.300000000000000000e+03 
 3.300000000000000000e+03 
 3.300000000000000000e+03 
 3.300000000000000000e+03 
 3.300000000000000000e+03 
 3.300000000000000000e+03 
 3.300000000000000000e+03 
 3.300000000000000000e+03 
 3.300000000000000000e+03 
 3.300000000000000000e+03 
 3.300000000000000000e+03 
 3.300000000000000000e+03 
 3.300000000000000000e+03 
 3.300000000000000000e+03 
 3.300000000000000000e+03 
 3.300000000000000000e+03 
 3.300000000000000000e+03 
 3.300000000000000000e+03 
 3.300000000000000000e+03 
 3.300000000000000000e+03 
 3.300000000000000000e+03 
 3.300000000000000000e+03 
 3.300000000000000000e+03 
 3.300000000000000000e+03 
 3.300000000000000000e+03 
 3.300000000000000000e+03 
 3.300000000000000000e+03 
 3.300000000000000000e+03 
 3.300000000000000000e+03 
 3.300000000000000000e+03 
 3.300000000000000000e+03 
 3.300000000000000000e+03 
 3.300000000000000000e+03 
 3.300000000000000000e+03 
 3.300000000000000000e+03 
 3.300000000000000000e+03 
 3.300000000000000000e+03 
 3.300000000000000000e+03 
 3.300000000000000000e+03 
 3.300000000000000000e+03 
 3.300000000000000000e+03 
 3.300000000000000000e+03 
 3.300000000000000000e+03 
 3.300000000000000000e+03 
 3.300000000000000000e+03 
 3.300000000000000000e+03 
 3.300000000000000000e+03 
 3.300000000000000000e+03 
 3.300000000000000000e+03 
 3.300000000000000000e+03 
 3.300000000000000000e+03 
 3.300000000000000000e+03 
 3.300000000000000000e+03 
 3.300000000000000000e+03 
 3.300000000000000000e+03 
 3.300000000000000000e+03 
 3.300000000000000000e+03 
 3.300000000000000000e+03 
 3.300000000000000000e+03 
 3.300000000000000000e+03 
 3.300000000000000000e+03 
 3.300000000000000000e+03 
 3.300000000000000000e+03 
 3.300000000000000000e+03 
 3.300000000000000000e+03 
 3.300000000000000000e+03 
 3.300000000000000000e+03 
 3.300000000000000000e+03 
 3.300000000000000000e+03 
 3.300000000000000000e+03 
 3.300000000000000000e+03 
 3.300000000000000000e+03 
 3.300000000000000000e+03 
 3.300000000000000000e+03 
 3.300000000000000000e+03 
 3.300000000000000000e+03 
 3.300000000000000000e+03 
 3.300000000000000000e+03 
 3.300000000000000000e+03 
 3.300000000000000000e+03 
 3.300000000000000000e+03 
 3.300000000000000000e+03 
 3.300000000000000000e+03 
 3.300000000000000000e+03 
 3.300000000000000000e+03 
 3.300000000000000000e+03 
 3.300000000000000000e+03 
 3.300000000000000000e+03 
 3.300000000000000000e+03 
 3.300000000000000000e+03 
 3.300000000000000000e+03 
 3.300000000000000000e+03 
 3.300000000000000000e+03 
 3.300000000000000000e+03 
 3.000000000000000000e+03 
 2.400000000000000000e+03 
 9.000000000000000000e+02 
 3.000000000000000000e+02 
