                   Target                     Error                Dwell Time           Expected Figure             Sputter Yield              Error in RMS           Target Elements             Unit Elements            Total Elements 
 1.000000000000000000e+04  8.500000000000000000e+03  3.000000000000000000e+02  1.500000000000000000e+03  1.000000000000000000e+00  5.880345609057035446e+08  1.000000000000000000e+01  5.000000000000000000e+00  2.000000000000000000e+01 
 1.000000000000000000e+04  8.500000000000000000e+03  3.000000000000000000e+02  1.500000000000000000e+03  1.000000000000000000e+00 
 1.000000000000000000e+04  8.500000000000000000e+03  3.000000000000000000e+02  1.500000000000000000e+03  1.000000000000000000e+00 
 1.000000000000000000e+04  8.500000000000000000e+03  3.000000000000000000e+02  1.500000000000000000e+03  1.000000000000000000e+00 
 1.000000000000000000e+04  8.500000000000000000e+03  3.000000000000000000e+02  1.500000000000000000e+03  1.000000000000000000e+00 
 1.000000000000000000e+04 -4.012133199519328475e+08  3.000000000000000000e+02  4.012233199519328475e+08  0.000000000000000000e+00 
 1.000000000000000000e+04 -7.328596760795722008e+08  3.000000000000000000e+02  7.328696760795722008e+08  0.000000000000000000e+00 
 1.000000000000000000e+04 -9.404991180073812008e+08  4.012221199519328475e+08  9.405091180073812008e+08  0.000000000000000000e+00 
 1.000000000000000000e+04 -9.601094386354446411e+08  3.316466561276394129e+08  9.601194386354446411e+08  0.000000000000000000e+00 
 1.000000000000000000e+04 -9.764436951378953457e+08  2.076397419278090298e+08  9.764536951378953457e+08  0.000000000000000000e+00 
