     Count               Iteration-1               Iteration-4               Iteration-8              Iteration-12              Iteration-16              Iteration-20              Iteration-24              Iteration-28              Iteration-31 
         0  0.000000000000000000e+00 -1.920000000000000000e+02  1.000000000000000000e+02 -1.503534999999999968e+02  9.956123261005468805e+01  9.920540656848008609e+01  9.903605545636020224e+01  9.880181568973610240e+01 -1.295065801300321766e+02 
         1  0.000000000000000000e+00 -2.960000000000000000e+02  2.000000000000000000e+02 -2.252579999999999814e+02  1.972636748054405871e+02  1.954315679048520451e+02  1.949128107332413720e+02  1.944279206491673904e+02 -1.890363653554557004e+02 
         2  0.000000000000000000e+00 -4.280000000000000000e+02  3.000000000000000000e+02 -3.241689999999999827e+02  2.917650942025999257e+02  2.862558326083531597e+02  2.847043064243757158e+02  2.834340104203736246e+02 -2.744582452229369665e+02 
         3  0.000000000000000000e+00 -5.680000000000000000e+02  4.000000000000000000e+02 -4.299389999999999645e+02  3.839855605231841764e+02  3.738200604829644931e+02  3.711327392983563414e+02  3.693723631016855506e+02 -3.703261241175273426e+02 
         4  0.000000000000000000e+00 -7.100000000000000000e+02  5.000000000000000000e+02 -5.374237499999999272e+02  4.818342585152185507e+02  4.700451533475225574e+02  4.662743431649968784e+02  4.635213184089042215e+02 -4.684723048740695504e+02 
         5  0.000000000000000000e+00 -8.520000000000000000e+02  6.000000000000000000e+02 -6.449084999999997763e+02  5.875143506141123453e+02  5.790498004592644747e+02  5.743853102234136259e+02  5.688498886799605998e+02 -5.664844609195667999e+02 
         6  0.000000000000000000e+00 -1.012000000000000000e+03  7.000000000000000000e+02 -7.678260000000000218e+02  6.952845588078453147e+02  6.920490763225827777e+02  6.901863700614635491e+02  6.879655104505667396e+02 -6.622685086136530117e+02 
         7  0.000000000000000000e+00 -1.244000000000000000e+03  8.000000000000000000e+02 -9.524745000000000346e+02  7.988040234130905901e+02  7.979308930462069611e+02  7.971718702799654466e+02  7.960945785091320204e+02 -7.900055868296376502e+02 
         8  0.000000000000000000e+00 -1.728000000000000000e+03  9.000000000000000000e+02 -1.353181499999999687e+03  9.000000000000000000e+02  9.000000000000000000e+02  9.000000000000000000e+02  9.000000000000000000e+02 -1.020250460019161665e+03 
         9  0.000000000000000000e+00 -2.644000000000000000e+03  1.000000000000000000e+03 -2.124274499999999989e+03  1.000000000000000000e+03  9.909155740781452550e+02  9.588612330624972628e+02  9.250329825775363588e+02 -1.477219643466926755e+03 
        10  0.000000000000000000e+00 -3.290000000000000000e+03  2.000000000000000000e+03 -2.535513750000000073e+03  1.985264970869990066e+03  1.911396259475896386e+03  1.795945645220033839e+03  1.689351955561717205e+03 -1.418986386426553054e+03 
        11  0.000000000000000000e+00 -4.368000000000000000e+03  3.000000000000000000e+03 -3.317139000000000124e+03  2.936403033104779297e+03  2.705931938940981581e+03  2.389548881893028010e+03  2.103715841660573915e+03 -1.785150048098051229e+03 
        12  0.000000000000000000e+00 -5.698000000000000000e+03  4.000000000000000000e+03 -4.314822750000001179e+03  3.808763445580994812e+03  3.276558819991713790e+03  2.786182223391253501e+03  2.396943264097858446e+03 -2.232468616083088818e+03 
        13  0.000000000000000000e+00 -7.100000000000000000e+03  5.000000000000000000e+03 -5.374237499999999272e+03  4.638547874133001642e+03  3.868582882726354455e+03  3.261563324087380352e+03  2.793545218338629184e+03 -2.552981107478789454e+03 
        14  0.000000000000000000e+00 -8.520000000000000000e+03  6.000000000000000000e+03 -6.449084999999999127e+03  5.456294693559862026e+03  4.486821691868564812e+03  3.769604919508159128e+03  3.212781263955622762e+03 -2.852910633334842714e+03 
        15  0.000000000000000000e+00 -9.920000000000000000e+03  7.000000000000000000e+03 -7.506784999999998035e+03  6.233077253918992938e+03  5.102977155980366661e+03  4.263645103886754441e+03  3.605646302719620508e+03 -3.164069159245036644e+03 
        16  0.000000000000000000e+00 -1.124000000000000000e+04  8.000000000000000000e+03 -8.495894999999996799e+03  6.884005358485583201e+03  5.600571678585792142e+03  4.658199979440105380e+03  3.926531868255844529e+03 -3.502325356482511779e+03 
        17  0.000000000000000000e+00 -1.228000000000000000e+04  9.000000000000000000e+03 -9.244939999999998690e+03  7.473437412736300757e+03  6.062507276549528797e+03  5.041210359555699142e+03  4.251867035424926144e+03 -3.799265093988142326e+03 
        18  0.000000000000000000e+00 -1.284000000000000000e+04  1.000000000000000000e+04 -9.582444999999996071e+03  8.175729409804471288e+03  6.610075398437144031e+03  5.486167054733621626e+03  4.618252148619631953e+03 -4.033275408146762857e+03 
        19  0.000000000000000000e+00 -1.370000000000000000e+04  1.000000000000000000e+04 -1.031978749999999854e+04  8.422020897550724840e+03  6.879819155774250248e+03  5.746753998507947472e+03  4.856231212399356991e+03 -4.328597002917169448e+03 
        20  0.000000000000000000e+00 -1.408000000000000000e+04  1.000000000000000000e+04 -1.064559000000000015e+04  8.782802222322190573e+03  7.234648215637653266e+03  6.061109192562174940e+03  5.128252540317869716e+03 -4.558715066501552428e+03 
        21  0.000000000000000000e+00 -1.418000000000000000e+04  1.000000000000000000e+04 -1.073132749999999942e+04  9.060190878259241799e+03  7.542339187955521993e+03  6.348098106277812803e+03  5.385370634426642937e+03 -4.756556474701808838e+03 
        22  0.000000000000000000e+00 -1.420000000000000000e+04  1.000000000000000000e+04 -1.074847499999999854e+04  9.218798603696448481e+03  7.745273726976613034e+03  6.550942141046801225e+03  5.576404461860595802e+03 -4.967628495312161249e+03 
        23  0.000000000000000000e+00 -1.420000000000000000e+04  1.000000000000000000e+04 -1.074847499999999854e+04  9.315066688220817014e+03  7.917521364629574236e+03  6.740421074505728029e+03  5.761442608002539600e+03 -5.140822508582992668e+03 
        24  0.000000000000000000e+00 -1.420000000000000000e+04  1.000000000000000000e+04 -1.074847499999999854e+04  9.377113167692421484e+03  8.061047051344314241e+03  6.907080397228953188e+03  5.928224482398813052e+03 -5.288990868038279586e+03 
        25  0.000000000000000000e+00 -1.420000000000000000e+04  1.000000000000000000e+04 -1.074847499999999854e+04  9.410979306280858509e+03  8.167022157700698699e+03  7.037757762137734971e+03  6.063426138270257070e+03 -5.426530442718385530e+03 
        26  0.000000000000000000e+00 -1.420000000000000000e+04  1.000000000000000000e+04 -1.074847499999999854e+04  9.424918371337049393e+03  8.241096554241650665e+03  7.141024094521562802e+03  6.177582058577650059e+03 -5.544832337048850604e+03 
        27  0.000000000000000000e+00 -1.420000000000000000e+04  1.000000000000000000e+04 -1.074847499999999854e+04  9.429284468885563911e+03  8.293399640964024002e+03  7.224360275922079381e+03  6.275140153044163526e+03 -5.643942677327924685e+03 
        28  0.000000000000000000e+00 -1.420000000000000000e+04  1.000000000000000000e+04 -1.074847499999999854e+04  9.430275282883003456e+03  8.329840929388610675e+03  7.289922366307491757e+03  6.355652300186072353e+03 -5.728298393873650639e+03 
        29  0.000000000000000000e+00 -1.420000000000000000e+04  1.000000000000000000e+04 -1.074847499999999854e+04  9.430434392727613158e+03  8.353767858199924376e+03  7.339327151618426797e+03  6.420296012097183848e+03 -5.799688755290229892e+03 
        30  0.000000000000000000e+00 -1.420000000000000000e+04  1.000000000000000000e+04 -1.074847499999999854e+04  9.430451083068537628e+03  8.368509822271369558e+03  7.375775885893030136e+03  6.471967980819613331e+03 -5.858683513140464129e+03 
        31  0.000000000000000000e+00 -1.420000000000000000e+04  1.000000000000000000e+04 -1.074847499999999854e+04  9.430451638012658805e+03  8.377181461762082108e+03  7.402414408554933289e+03  6.513025010134801960e+03 -5.906669107649811849e+03 
        32  0.000000000000000000e+00 -1.420000000000000000e+04  1.000000000000000000e+04 -1.074847499999999854e+04  9.430451638012658805e+03  8.382079606823774157e+03  7.421489597522087934e+03  6.545009562955359797e+03 -5.945492991009941761e+03 
        33  0.000000000000000000e+00 -1.420000000000000000e+04  1.000000000000000000e+04 -1.074847499999999854e+04  9.430451638012658805e+03  8.384686420889653164e+03  7.434732363524841276e+03  6.569415272743802234e+03 -5.976599836076811698e+03 
        34  0.000000000000000000e+00 -1.420000000000000000e+04  1.000000000000000000e+04 -1.074847499999999854e+04  9.430451638012658805e+03  8.385956632247392918e+03  7.443655726914027582e+03  6.587771980283857374e+03 -6.001128422660172873e+03 
        35  0.000000000000000000e+00 -1.420000000000000000e+04  1.000000000000000000e+04 -1.074847499999999854e+04  9.430451638012658805e+03  8.386510410694076199e+03  7.449519976351626610e+03  6.601396626713012665e+03 -6.020187836264130965e+03 
        36  0.000000000000000000e+00 -1.420000000000000000e+04  1.000000000000000000e+04 -1.074847499999999854e+04  9.430451638012658805e+03  8.386723404464113628e+03  7.453275246929329114e+03  6.611335952265596461e+03 -6.034825596598826451e+03 
        37  0.000000000000000000e+00 -1.420000000000000000e+04  1.000000000000000000e+04 -1.074847499999999854e+04  9.430451638012658805e+03  8.386795134582782339e+03  7.455604690969114017e+03  6.618444941883127285e+03 -6.045930521893140394e+03 
        38  0.000000000000000000e+00 -1.420000000000000000e+04  1.000000000000000000e+04 -1.074847499999999854e+04  9.430451638012658805e+03  8.386816186483119964e+03  7.456997244684402176e+03  6.623433531119261716e+03 -6.054233675101559129e+03 
        39  0.000000000000000000e+00 -1.420000000000000000e+04  1.000000000000000000e+04 -1.074847499999999854e+04  9.430451638012658805e+03  8.386821546365481481e+03  7.457797961061084607e+03  6.626870731430746673e+03 -6.060347839295314770e+03 
        40  0.000000000000000000e+00 -1.420000000000000000e+04  1.000000000000000000e+04 -1.074847499999999854e+04  9.430451638012658805e+03  8.386822723084165773e+03  7.458240358933458992e+03  6.629193451200843811e+03 -6.064784338709045187e+03 
        41  0.000000000000000000e+00 -1.420000000000000000e+04  1.000000000000000000e+04 -1.074847499999999854e+04  9.430451638012658805e+03  8.386822943769497215e+03  7.458474400772584886e+03  6.630729704010796013e+03 -6.067956537280453631e+03 
        42  0.000000000000000000e+00 -1.420000000000000000e+04  1.000000000000000000e+04 -1.074847499999999854e+04  9.430451638012658805e+03  8.386822978621446964e+03  7.458592113249445902e+03  6.631722818307917805e+03 -6.070189528259705185e+03 
        43  0.000000000000000000e+00 -1.420000000000000000e+04  1.000000000000000000e+04 -1.074847499999999854e+04  9.430451638012658805e+03  8.386822983153822861e+03  7.458647878976477841e+03  6.632349914692904349e+03 -6.071735427492629242e+03 
        44  0.000000000000000000e+00 -1.420000000000000000e+04  1.000000000000000000e+04 -1.074847499999999854e+04  9.430451638012658805e+03  8.386822983621537787e+03  7.458672536704659251e+03  6.632736378532973504e+03 -6.072787434530895553e+03 
        45  0.000000000000000000e+00 -1.420000000000000000e+04  1.000000000000000000e+04 -1.074847499999999854e+04  9.430451638012658805e+03  8.386822983657486475e+03  7.458682636590231596e+03  6.632968443560228479e+03 -6.073490917429404362e+03 
        46  0.000000000000000000e+00 -1.420000000000000000e+04  1.000000000000000000e+04 -1.074847499999999854e+04  9.430451638012658805e+03  8.386822983659287274e+03  7.458686447872100871e+03  6.633103924967436797e+03 -6.073952882821928142e+03 
        47  0.000000000000000000e+00 -1.420000000000000000e+04  1.000000000000000000e+04 -1.074847499999999854e+04  9.430451638012658805e+03  8.386822983659325473e+03  7.458687767838038781e+03  6.633180654523051999e+03 -6.074250503725494127e+03 
        48  0.000000000000000000e+00 -1.420000000000000000e+04  1.000000000000000000e+04 -1.074847499999999854e+04  9.430451638012658805e+03  8.386822983659325473e+03  7.458688186263177158e+03  6.633222725013307354e+03 -6.074438421297663808e+03 
        49  0.000000000000000000e+00 -1.420000000000000000e+04  1.000000000000000000e+04 -1.074847499999999854e+04  9.430451638012658805e+03  8.386822983659325473e+03  7.458688307405585874e+03  6.633245007627764608e+03 -6.074554597771320914e+03 
        50  0.000000000000000000e+00 -1.420000000000000000e+04  1.000000000000000000e+04 -1.074847499999999854e+04  9.430451638012658805e+03  8.386822983659325473e+03  7.458688339371538859e+03  6.633256375526450938e+03 -6.074624858087181565e+03 
        51  0.000000000000000000e+00 -1.420000000000000000e+04  1.000000000000000000e+04 -1.074847499999999854e+04  9.430451638012658805e+03  8.386822983659325473e+03  7.458688347040690132e+03  6.633261940901613343e+03 -6.074666377382487553e+03 
        52  0.000000000000000000e+00 -1.420000000000000000e+04  1.000000000000000000e+04 -1.074847499999999854e+04  9.430451638012658805e+03  8.386822983659325473e+03  7.458688348708539706e+03  6.633264544079995176e+03 -6.074690317639135174e+03 
        53  0.000000000000000000e+00 -1.420000000000000000e+04  1.000000000000000000e+04 -1.074847499999999854e+04  9.430451638012658805e+03  8.386822983659325473e+03  7.458688349036019645e+03  6.633265702144941315e+03 -6.074703765649019260e+03 
        54  0.000000000000000000e+00 -1.420000000000000000e+04  1.000000000000000000e+04 -1.074847499999999854e+04  9.430451638012658805e+03  8.386822983659325473e+03  7.458688349093770739e+03  6.633266190056878258e+03 -6.074711112668890564e+03 
        55  0.000000000000000000e+00 -1.420000000000000000e+04  1.000000000000000000e+04 -1.074847499999999854e+04  9.430451638012658805e+03  8.386822983659325473e+03  7.458688349102852953e+03  6.633266384036303862e+03 -6.074715009567722518e+03 
        56  0.000000000000000000e+00 -1.420000000000000000e+04  1.000000000000000000e+04 -1.074847499999999854e+04  9.430451638012658805e+03  8.386822983659325473e+03  7.458688349104115332e+03  6.633266456598162222e+03 -6.074717012283777876e+03 
        57  0.000000000000000000e+00 -1.420000000000000000e+04  1.000000000000000000e+04 -1.074847499999999854e+04  9.430451638012658805e+03  8.386822983659325473e+03  7.458688349104269037e+03  6.633266482078956869e+03 -6.074718007240204315e+03 
        58  0.000000000000000000e+00 -1.420000000000000000e+04  1.000000000000000000e+04 -1.074847499999999854e+04  9.430451638012658805e+03  8.386822983659325473e+03  7.458688349104284498e+03  6.633266490463923219e+03 -6.074718483791104518e+03 
        59  0.000000000000000000e+00 -1.420000000000000000e+04  1.000000000000000000e+04 -1.074847499999999854e+04  9.430451638012658805e+03  8.386822983659325473e+03  7.458688349104286317e+03  6.633266493045902280e+03 -6.074718703203172481e+03 
        60  0.000000000000000000e+00 -1.420000000000000000e+04  1.000000000000000000e+04 -1.074847499999999854e+04  9.430451638012658805e+03  8.386822983659325473e+03  7.458688349104286317e+03  6.633266493788957632e+03 -6.074718800020966228e+03 
        61  0.000000000000000000e+00 -1.420000000000000000e+04  1.000000000000000000e+04 -1.074847499999999854e+04  9.430451638012658805e+03  8.386822983659325473e+03  7.458688349104286317e+03  6.633266493988565344e+03 -6.074718840848248874e+03 
        62  0.000000000000000000e+00 -1.420000000000000000e+04  1.000000000000000000e+04 -1.074847499999999854e+04  9.430451638012658805e+03  8.386822983659325473e+03  7.458688349104286317e+03  6.633266494038552992e+03 -6.074718857259056676e+03 
        63  0.000000000000000000e+00 -1.420000000000000000e+04  1.000000000000000000e+04 -1.074847499999999854e+04  9.430451638012658805e+03  8.386822983659325473e+03  7.458688349104286317e+03  6.633266494050205438e+03 -6.074718863532949399e+03 
        64  0.000000000000000000e+00 -1.420000000000000000e+04  1.000000000000000000e+04 -1.074847499999999854e+04  9.430451638012658805e+03  8.386822983659325473e+03  7.458688349104286317e+03  6.633266494052730195e+03 -6.074718865810034913e+03 
        65  0.000000000000000000e+00 -1.420000000000000000e+04  1.000000000000000000e+04 -1.074847499999999854e+04  9.430451638012658805e+03  8.386822983659325473e+03  7.458688349104286317e+03  6.633266494053234965e+03 -6.074718866593482744e+03 
        66  0.000000000000000000e+00 -1.420000000000000000e+04  1.000000000000000000e+04 -1.074847499999999854e+04  9.430451638012658805e+03  8.386822983659325473e+03  7.458688349104286317e+03  6.633266494053327733e+03 -6.074718866848692414e+03 
        67  0.000000000000000000e+00 -1.420000000000000000e+04  1.000000000000000000e+04 -1.074847499999999854e+04  9.430451638012658805e+03  8.386822983659325473e+03  7.458688349104286317e+03  6.633266494053342285e+03 -6.074718866927327326e+03 
        68  0.000000000000000000e+00 -1.420000000000000000e+04  1.000000000000000000e+04 -1.074847499999999854e+04  9.430451638012658805e+03  8.386822983659325473e+03  7.458688349104286317e+03  6.633266494053344104e+03 -6.074718866950219308e+03 
        69  0.000000000000000000e+00 -1.420000000000000000e+04  1.000000000000000000e+04 -1.074847499999999854e+04  9.430451638012658805e+03  8.386822983659325473e+03  7.458688349104286317e+03  6.633266494053344104e+03 -6.074718866956511192e+03 
        70  0.000000000000000000e+00 -1.420000000000000000e+04  1.000000000000000000e+04 -1.074847499999999854e+04  9.430451638012658805e+03  8.386822983659325473e+03  7.458688349104286317e+03  6.633266494053344104e+03 -6.074718866958142826e+03 
        71  0.000000000000000000e+00 -1.420000000000000000e+04  1.000000000000000000e+04 -1.074847499999999854e+04  9.430451638012658805e+03  8.386822983659325473e+03  7.458688349104286317e+03  6.633266494053344104e+03 -6.074718866958543003e+03 
        72  0.000000000000000000e+00 -1.420000000000000000e+04  1.000000000000000000e+04 -1.074847499999999854e+04  9.430451638012658805e+03  8.386822983659325473e+03  7.458688349104286317e+03  6.633266494053344104e+03 -6.074718866958633953e+03 
        73  0.000000000000000000e+00 -1.420000000000000000e+04  1.000000000000000000e+04 -1.074847499999999854e+04  9.430451638012658805e+03  8.386822983659325473e+03  7.458688349104286317e+03  6.633266494053344104e+03 -6.074718866958652143e+03 
        74  0.000000000000000000e+00 -1.420000000000000000e+04  1.000000000000000000e+04 -1.074847499999999854e+04  9.430451638012658805e+03  8.386822983659325473e+03  7.458688349104286317e+03  6.633266494053344104e+03 -6.074718866958655781e+03 
        75  0.000000000000000000e+00 -1.420000000000000000e+04  1.000000000000000000e+04 -1.074847499999999854e+04  9.430451638012658805e+03  8.386822983659325473e+03  7.458688349104286317e+03  6.633266494053344104e+03 -6.074718866958657600e+03 
        76  0.000000000000000000e+00 -1.420000000000000000e+04  1.000000000000000000e+04 -1.074847499999999854e+04  9.430451638012658805e+03  8.386822983659325473e+03  7.458688349104286317e+03  6.633266494053344104e+03 -6.074718866958657600e+03 
        77  0.000000000000000000e+00 -1.420000000000000000e+04  1.000000000000000000e+04 -1.074847499999999854e+04  9.430451638012658805e+03  8.386822983659325473e+03  7.458688349104286317e+03  6.633266494053344104e+03 -6.074718866958657600e+03 
        78  0.000000000000000000e+00 -1.420000000000000000e+04  1.000000000000000000e+04 -1.074847499999999854e+04  9.430451638012658805e+03  8.386822983659325473e+03  7.458688349104286317e+03  6.633266494053344104e+03 -6.074718866958657600e+03 
        79  0.000000000000000000e+00 -1.420000000000000000e+04  1.000000000000000000e+04 -1.074847499999999854e+04  9.430451638012658805e+03  8.386822983659325473e+03  7.458688349104286317e+03  6.633266494053344104e+03 -6.074718866958657600e+03 
        80  0.000000000000000000e+00 -1.420000000000000000e+04  1.000000000000000000e+04 -1.074847499999999854e+04  9.430451638012658805e+03  8.386822983659325473e+03  7.458688349104286317e+03  6.633266494053344104e+03 -6.074718866958657600e+03 
        81  0.000000000000000000e+00 -1.420000000000000000e+04  1.000000000000000000e+04 -1.074847499999999854e+04  9.430451638012658805e+03  8.386822983659325473e+03  7.458688349104286317e+03  6.633266494053344104e+03 -6.074718866958657600e+03 
        82  0.000000000000000000e+00 -1.420000000000000000e+04  1.000000000000000000e+04 -1.074847499999999854e+04  9.430451638012658805e+03  8.386822983659325473e+03  7.458688349104286317e+03  6.633266494053344104e+03 -6.074718866958657600e+03 
        83  0.000000000000000000e+00 -1.420000000000000000e+04  1.000000000000000000e+04 -1.074847499999999854e+04  9.430451638012658805e+03  8.386822983659325473e+03  7.458688349104286317e+03  6.633266494053344104e+03 -6.074718866958657600e+03 
        84  0.000000000000000000e+00 -1.420000000000000000e+04  1.000000000000000000e+04 -1.074847499999999854e+04  9.430451638012658805e+03  8.386822983659325473e+03  7.458688349104286317e+03  6.633266494053344104e+03 -6.074718866958657600e+03 
        85  0.000000000000000000e+00 -1.420000000000000000e+04  1.000000000000000000e+04 -1.074847499999999854e+04  9.430451638012658805e+03  8.386822983659325473e+03  7.458688349104286317e+03  6.633266494053344104e+03 -6.074718866958657600e+03 
        86  0.000000000000000000e+00 -1.420000000000000000e+04  1.000000000000000000e+04 -1.074847499999999854e+04  9.430451638012658805e+03  8.386822983659325473e+03  7.458688349104286317e+03  6.633266494053344104e+03 -6.074718866958657600e+03 
        87  0.000000000000000000e+00 -1.420000000000000000e+04  1.000000000000000000e+04 -1.074847499999999854e+04  9.430451638012658805e+03  8.386822983659325473e+03  7.458688349104286317e+03  6.633266494053344104e+03 -6.074718866958657600e+03 
        88  0.000000000000000000e+00 -1.420000000000000000e+04  1.000000000000000000e+04 -1.074847499999999854e+04  9.430451638012658805e+03  8.386822983659325473e+03  7.458688349104286317e+03  6.633266494053344104e+03 -6.074718866958657600e+03 
        89  0.000000000000000000e+00 -1.420000000000000000e+04  1.000000000000000000e+04 -1.074847499999999854e+04  9.430451638012658805e+03  8.386822983659325473e+03  7.458688349104286317e+03  6.633266494053344104e+03 -6.074718866958657600e+03 
        90  0.000000000000000000e+00 -1.420000000000000000e+04  1.000000000000000000e+04 -1.074847499999999854e+04  9.430451638012658805e+03  8.386822983659325473e+03  7.458688349104286317e+03  6.633266494053344104e+03 -6.074718866958657600e+03 
        91  0.000000000000000000e+00 -1.420000000000000000e+04  1.000000000000000000e+04 -1.074847499999999854e+04  9.430451638012658805e+03  8.386822983659325473e+03  7.458688349104286317e+03  6.633266494053344104e+03 -6.074718866958657600e+03 
        92  0.000000000000000000e+00 -1.420000000000000000e+04  1.000000000000000000e+04 -1.074847499999999854e+04  9.430451638012658805e+03  8.386822983659325473e+03  7.458688349104286317e+03  6.633266494053344104e+03 -6.074718866958657600e+03 
        93  0.000000000000000000e+00 -1.420000000000000000e+04  1.000000000000000000e+04 -1.074847499999999854e+04  9.430451638012658805e+03  8.386822983659325473e+03  7.458688349104286317e+03  6.633266494053344104e+03 -6.074718866958657600e+03 
        94  0.000000000000000000e+00 -1.420000000000000000e+04  1.000000000000000000e+04 -1.074847499999999854e+04  9.430451638012658805e+03  8.386822983659325473e+03  7.458688349104286317e+03  6.633266494053344104e+03 -6.074718866958657600e+03 
        95  0.000000000000000000e+00 -1.420000000000000000e+04  1.000000000000000000e+04 -1.074847499999999854e+04  9.430451638012658805e+03  8.386822983659325473e+03  7.458688349104286317e+03  6.633266494053344104e+03 -6.074718866958657600e+03 
        96  0.000000000000000000e+00 -1.420000000000000000e+04  1.000000000000000000e+04 -1.074847499999999854e+04  9.430451638012658805e+03  8.386822983659325473e+03  7.458688349104286317e+03  6.633266494053344104e+03 -6.074718866958657600e+03 
        97  0.000000000000000000e+00 -1.420000000000000000e+04  1.000000000000000000e+04 -1.074847499999999854e+04  9.430451638012658805e+03  8.386822983659325473e+03  7.458688349104286317e+03  6.633266494053344104e+03 -6.074718866958657600e+03 
        98  0.000000000000000000e+00 -1.420000000000000000e+04  1.000000000000000000e+04 -1.074847499999999854e+04  9.430451638012658805e+03  8.386822983659325473e+03  7.458688349104286317e+03  6.633266494053344104e+03 -6.074718866958657600e+03 
        99  0.000000000000000000e+00 -1.420000000000000000e+04  1.000000000000000000e+04 -1.074847499999999854e+04  9.430451638012658805e+03  8.386822983659325473e+03  7.458688349104286317e+03  6.633266494053344104e+03 -6.074718866958657600e+03 
       100  0.000000000000000000e+00 -1.420000000000000000e+04  1.000000000000000000e+04 -1.074847499999999854e+04  9.430451638012658805e+03  8.386822983659325473e+03  7.458688349104286317e+03  6.633266494053344104e+03 -6.074718866958657600e+03 
       101  0.000000000000000000e+00 -1.420000000000000000e+04  1.000000000000000000e+04 -1.074847499999999854e+04  9.430451638012658805e+03  8.386822983659325473e+03  7.458688349104286317e+03  6.633266494053344104e+03 -6.074718866958657600e+03 
       102  0.000000000000000000e+00 -1.420000000000000000e+04  1.000000000000000000e+04 -1.074847499999999854e+04  9.430451638012658805e+03  8.386822983659325473e+03  7.458688349104286317e+03  6.633266494053344104e+03 -6.074718866958657600e+03 
       103  0.000000000000000000e+00 -1.420000000000000000e+04  1.000000000000000000e+04 -1.074847499999999854e+04  9.430451638012658805e+03  8.386822983659325473e+03  7.458688349104286317e+03  6.633266494053344104e+03 -6.074718866958657600e+03 
       104  0.000000000000000000e+00 -1.420000000000000000e+04  1.000000000000000000e+04 -1.074847499999999854e+04  9.430451638012658805e+03  8.386822983659325473e+03  7.458688349104286317e+03  6.633266494053344104e+03 -6.074718866958657600e+03 
       105  0.000000000000000000e+00 -1.420000000000000000e+04  1.000000000000000000e+04 -1.074847499999999854e+04  9.430451638012658805e+03  8.386822983659325473e+03  7.458688349104286317e+03  6.633266494053344104e+03 -6.074718866958657600e+03 
       106  0.000000000000000000e+00 -1.420000000000000000e+04  1.000000000000000000e+04 -1.074847499999999854e+04  9.430451638012658805e+03  8.386822983659325473e+03  7.458688349104286317e+03  6.633266494053344104e+03 -6.074718866958657600e+03 
       107  0.000000000000000000e+00 -1.420000000000000000e+04  1.000000000000000000e+04 -1.074847499999999854e+04  9.430451638012658805e+03  8.386822983659325473e+03  7.458688349104286317e+03  6.633266494053344104e+03 -6.074718866958657600e+03 
       108  0.000000000000000000e+00 -1.420000000000000000e+04  1.000000000000000000e+04 -1.074847499999999854e+04  9.430451638012658805e+03  8.386822983659325473e+03  7.458688349104286317e+03  6.633266494053344104e+03 -6.074718866958657600e+03 
       109  0.000000000000000000e+00 -1.420000000000000000e+04  1.000000000000000000e+04 -1.074847499999999854e+04  9.430451638012658805e+03  8.386822983659325473e+03  7.458688349104286317e+03  6.633266494053344104e+03 -6.074718866958657600e+03 
       110  0.000000000000000000e+00 -1.420000000000000000e+04  1.000000000000000000e+04 -1.074847499999999854e+04  9.430451638012658805e+03  8.386822983659325473e+03  7.458688349104286317e+03  6.633266494053344104e+03 -6.074718866958657600e+03 
       111  0.000000000000000000e+00 -1.420000000000000000e+04  1.000000000000000000e+04 -1.074847499999999854e+04  9.430451638012658805e+03  8.386822983659325473e+03  7.458688349104286317e+03  6.633266494053344104e+03 -6.074718866958657600e+03 
       112  0.000000000000000000e+00 -1.420000000000000000e+04  1.000000000000000000e+04 -1.074847499999999854e+04  9.430451638012658805e+03  8.386822983659325473e+03  7.458688349104286317e+03  6.633266494053344104e+03 -6.074718866958657600e+03 
       113  0.000000000000000000e+00 -1.420000000000000000e+04  1.000000000000000000e+04 -1.074847499999999854e+04  9.430451638012658805e+03  8.386822983659325473e+03  7.458688349104286317e+03  6.633266494053344104e+03 -6.074718866958657600e+03 
       114  0.000000000000000000e+00 -1.420000000000000000e+04  1.000000000000000000e+04 -1.074847499999999854e+04  9.430451638012658805e+03  8.386822983659325473e+03  7.458688349104286317e+03  6.633266494053344104e+03 -6.074718866958657600e+03 
       115  0.000000000000000000e+00 -1.420000000000000000e+04  1.000000000000000000e+04 -1.074847499999999854e+04  9.430451638012658805e+03  8.386822983659325473e+03  7.458688349104286317e+03  6.633266494053344104e+03 -6.074718866958657600e+03 
       116  0.000000000000000000e+00 -1.420000000000000000e+04  1.000000000000000000e+04 -1.074847499999999854e+04  9.430451638012658805e+03  8.386822983659325473e+03  7.458688349104286317e+03  6.633266494053344104e+03 -6.074718866958657600e+03 
       117  0.000000000000000000e+00 -1.420000000000000000e+04  1.000000000000000000e+04 -1.074847499999999854e+04  9.430451638012658805e+03  8.386822983659325473e+03  7.458688349104286317e+03  6.633266494053344104e+03 -6.074718866958657600e+03 
       118  0.000000000000000000e+00 -1.420000000000000000e+04  1.000000000000000000e+04 -1.074847499999999854e+04  9.430451638012658805e+03  8.386822983659325473e+03  7.458688349104286317e+03  6.633266494053344104e+03 -6.074718866958657600e+03 
       119  0.000000000000000000e+00 -1.420000000000000000e+04  1.000000000000000000e+04 -1.074847499999999854e+04  9.430451638012658805e+03  8.386822983659325473e+03  7.458688349104286317e+03  6.633266494053344104e+03 -6.074718866958657600e+03 
       120  0.000000000000000000e+00 -1.420000000000000000e+04  1.000000000000000000e+04 -1.074847499999999854e+04  9.430451638012658805e+03  8.386822983659325473e+03  7.458688349104286317e+03  6.633266494053344104e+03 -6.074718866958657600e+03 
       121  0.000000000000000000e+00 -1.420000000000000000e+04  1.000000000000000000e+04 -1.074847499999999854e+04  9.430451638012658805e+03  8.386822983659325473e+03  7.458688349104286317e+03  6.633266494053344104e+03 -6.074718866958657600e+03 
       122  0.000000000000000000e+00 -1.420000000000000000e+04  1.000000000000000000e+04 -1.074847499999999854e+04  9.430451638012658805e+03  8.386822983659325473e+03  7.458688349104286317e+03  6.633266494053344104e+03 -6.074718866958657600e+03 
       123  0.000000000000000000e+00 -1.420000000000000000e+04  1.000000000000000000e+04 -1.074847499999999854e+04  9.430451638012658805e+03  8.386822983659325473e+03  7.458688349104286317e+03  6.633266494053344104e+03 -6.074718866958657600e+03 
       124  0.000000000000000000e+00 -1.420000000000000000e+04  1.000000000000000000e+04 -1.074847499999999854e+04  9.430451638012658805e+03  8.386822983659325473e+03  7.458688349104286317e+03  6.633266494053344104e+03 -6.074718866958657600e+03 
       125  0.000000000000000000e+00 -1.420000000000000000e+04  1.000000000000000000e+04 -1.074847499999999854e+04  9.430451638012658805e+03  8.386822983659325473e+03  7.458688349104286317e+03  6.633266494053344104e+03 -6.074718866958657600e+03 
       126  0.000000000000000000e+00 -1.420000000000000000e+04  1.000000000000000000e+04 -1.074847499999999854e+04  9.430451638012658805e+03  8.386822983659325473e+03  7.458688349104286317e+03  6.633266494053344104e+03 -6.074718866958657600e+03 
       127  0.000000000000000000e+00 -1.420000000000000000e+04  1.000000000000000000e+04 -1.074847499999999854e+04  9.430451638012658805e+03  8.386822983659325473e+03  7.458688349104286317e+03  6.633266494053344104e+03 -6.074718866958657600e+03 
       128  0.000000000000000000e+00 -1.420000000000000000e+04  1.000000000000000000e+04 -1.074847499999999854e+04  9.430451638012658805e+03  8.386822983659325473e+03  7.458688349104286317e+03  6.633266494053344104e+03 -6.074718866958657600e+03 
       129  0.000000000000000000e+00 -1.420000000000000000e+04  1.000000000000000000e+04 -1.074847499999999854e+04  9.430451638012658805e+03  8.386822983659325473e+03  7.458688349104286317e+03  6.633266494053344104e+03 -6.074718866958657600e+03 
       130  0.000000000000000000e+00 -1.420000000000000000e+04  1.000000000000000000e+04 -1.074847499999999854e+04  9.430451638012658805e+03  8.386822983659325473e+03  7.458688349104286317e+03  6.633266494053344104e+03 -6.074718866958657600e+03 
       131  0.000000000000000000e+00 -1.420000000000000000e+04  1.000000000000000000e+04 -1.074847499999999854e+04  9.430451638012658805e+03  8.386822983659325473e+03  7.458688349104286317e+03  6.633266494053344104e+03 -6.074718866958657600e+03 
       132  0.000000000000000000e+00 -1.420000000000000000e+04  1.000000000000000000e+04 -1.074847499999999854e+04  9.430451638012658805e+03  8.386822983659325473e+03  7.458688349104286317e+03  6.633266494053344104e+03 -6.074718866958657600e+03 
       133  0.000000000000000000e+00 -1.420000000000000000e+04  1.000000000000000000e+04 -1.074847499999999854e+04  9.430451638012658805e+03  8.386822983659325473e+03  7.458688349104286317e+03  6.633266494053344104e+03 -6.074718866958657600e+03 
       134  0.000000000000000000e+00 -1.420000000000000000e+04  1.000000000000000000e+04 -1.074847499999999854e+04  9.430451638012658805e+03  8.386822983659325473e+03  7.458688349104286317e+03  6.633266494053344104e+03 -6.074718866958657600e+03 
       135  0.000000000000000000e+00 -1.420000000000000000e+04  1.000000000000000000e+04 -1.074847499999999854e+04  9.430451638012658805e+03  8.386822983659325473e+03  7.458688349104286317e+03  6.633266494053344104e+03 -6.074718866958657600e+03 
       136  0.000000000000000000e+00 -1.420000000000000000e+04  1.000000000000000000e+04 -1.074847499999999854e+04  9.430451638012658805e+03  8.386822983659325473e+03  7.458688349104286317e+03  6.633266494053344104e+03 -6.074718866958657600e+03 
       137  0.000000000000000000e+00 -1.420000000000000000e+04  1.000000000000000000e+04 -1.074847499999999854e+04  9.430451638012658805e+03  8.386822983659325473e+03  7.458688349104286317e+03  6.633266494053344104e+03 -6.074718866958657600e+03 
       138  0.000000000000000000e+00 -1.420000000000000000e+04  1.000000000000000000e+04 -1.074847499999999854e+04  9.430451638012658805e+03  8.386822983659325473e+03  7.458688349104286317e+03  6.633266494053344104e+03 -6.074718866958657600e+03 
       139  0.000000000000000000e+00 -1.420000000000000000e+04  1.000000000000000000e+04 -1.074847499999999854e+04  9.430451638012658805e+03  8.386822983659325473e+03  7.458688349104286317e+03  6.633266494053344104e+03 -6.074718866958657600e+03 
       140  0.000000000000000000e+00 -1.420000000000000000e+04  1.000000000000000000e+04 -1.074847499999999854e+04  9.430451638012658805e+03  8.386822983659325473e+03  7.458688349104286317e+03  6.633266494053344104e+03 -6.074718866958657600e+03 
       141  0.000000000000000000e+00 -1.420000000000000000e+04  1.000000000000000000e+04 -1.074847499999999854e+04  9.430451638012658805e+03  8.386822983659325473e+03  7.458688349104286317e+03  6.633266494053344104e+03 -6.074718866958657600e+03 
       142  0.000000000000000000e+00 -1.420000000000000000e+04  1.000000000000000000e+04 -1.074847499999999854e+04  9.430451638012658805e+03  8.386822983659325473e+03  7.458688349104286317e+03  6.633266494053344104e+03 -6.074718866958657600e+03 
       143  0.000000000000000000e+00 -1.420000000000000000e+04  1.000000000000000000e+04 -1.074847499999999854e+04  9.430451638012658805e+03  8.386822983659325473e+03  7.458688349104286317e+03  6.633266494053344104e+03 -6.074718866958657600e+03 
       144  0.000000000000000000e+00 -1.420000000000000000e+04  1.000000000000000000e+04 -1.074847499999999854e+04  9.430451638012658805e+03  8.386822983659325473e+03  7.458688349104286317e+03  6.633266494053344104e+03 -6.074718866958657600e+03 
       145  0.000000000000000000e+00 -1.420000000000000000e+04  1.000000000000000000e+04 -1.074847499999999854e+04  9.430451638012658805e+03  8.386822983659325473e+03  7.458688349104286317e+03  6.633266494053344104e+03 -6.074718866958657600e+03 
       146  0.000000000000000000e+00 -1.420000000000000000e+04  1.000000000000000000e+04 -1.074847499999999854e+04  9.430451638012658805e+03  8.386822983659325473e+03  7.458688349104286317e+03  6.633266494053344104e+03 -6.074718866958657600e+03 
       147  0.000000000000000000e+00 -1.420000000000000000e+04  1.000000000000000000e+04 -1.074847499999999854e+04  9.430451638012658805e+03  8.386822983659325473e+03  7.458688349104286317e+03  6.633266494053344104e+03 -6.074718866958657600e+03 
       148  0.000000000000000000e+00 -1.420000000000000000e+04  1.000000000000000000e+04 -1.074847499999999854e+04  9.430451638012658805e+03  8.386822983659325473e+03  7.458688349104286317e+03  6.633266494053344104e+03 -6.074718866958657600e+03 
       149  0.000000000000000000e+00 -1.420000000000000000e+04  1.000000000000000000e+04 -1.074847499999999854e+04  9.430451638012658805e+03  8.386822983659325473e+03  7.458688349104286317e+03  6.633266494053344104e+03 -6.074718866958657600e+03 
       150  0.000000000000000000e+00 -1.420000000000000000e+04  1.000000000000000000e+04 -1.074847499999999854e+04  9.430451638012658805e+03  8.386822983659325473e+03  7.458688349104286317e+03  6.633266494053344104e+03 -6.074718866958657600e+03 
       151  0.000000000000000000e+00 -1.420000000000000000e+04  1.000000000000000000e+04 -1.074847499999999854e+04  9.430451638012658805e+03  8.386822983659325473e+03  7.458688349104286317e+03  6.633266494053344104e+03 -6.074718866958657600e+03 
       152  0.000000000000000000e+00 -1.420000000000000000e+04  1.000000000000000000e+04 -1.074847499999999854e+04  9.430451638012658805e+03  8.386822983659325473e+03  7.458688349104286317e+03  6.633266494053344104e+03 -6.074718866958657600e+03 
       153  0.000000000000000000e+00 -1.420000000000000000e+04  1.000000000000000000e+04 -1.074847499999999854e+04  9.430451638012658805e+03  8.386822983659325473e+03  7.458688349104286317e+03  6.633266494053344104e+03 -6.074718866958657600e+03 
       154  0.000000000000000000e+00 -1.420000000000000000e+04  1.000000000000000000e+04 -1.074847499999999854e+04  9.430451638012658805e+03  8.386822983659325473e+03  7.458688349104286317e+03  6.633266494053344104e+03 -6.074718866958657600e+03 
       155  0.000000000000000000e+00 -1.420000000000000000e+04  1.000000000000000000e+04 -1.074847499999999854e+04  9.430451638012658805e+03  8.386822983659325473e+03  7.458688349104286317e+03  6.633266494053344104e+03 -6.074718866958657600e+03 
       156  0.000000000000000000e+00 -1.420000000000000000e+04  1.000000000000000000e+04 -1.074847499999999854e+04  9.430451638012658805e+03  8.386822983659325473e+03  7.458688349104286317e+03  6.633266494053344104e+03 -6.074718866958657600e+03 
       157  0.000000000000000000e+00 -1.420000000000000000e+04  1.000000000000000000e+04 -1.074847499999999854e+04  9.430451638012658805e+03  8.386822983659325473e+03  7.458688349104286317e+03  6.633266494053344104e+03 -6.074718866958657600e+03 
       158  0.000000000000000000e+00 -1.420000000000000000e+04  1.000000000000000000e+04 -1.074847499999999854e+04  9.430451638012658805e+03  8.386822983659325473e+03  7.458688349104286317e+03  6.633266494053344104e+03 -6.074718866958657600e+03 
       159  0.000000000000000000e+00 -1.420000000000000000e+04  1.000000000000000000e+04 -1.074847499999999854e+04  9.430451638012658805e+03  8.386822983659325473e+03  7.458688349104286317e+03  6.633266494053344104e+03 -6.074718866958657600e+03 
       160  0.000000000000000000e+00 -1.420000000000000000e+04  1.000000000000000000e+04 -1.074847499999999854e+04  9.430451638012658805e+03  8.386822983659325473e+03  7.458688349104286317e+03  6.633266494053344104e+03 -6.074718866958657600e+03 
       161  0.000000000000000000e+00 -1.420000000000000000e+04  1.000000000000000000e+04 -1.074847499999999854e+04  9.430451638012658805e+03  8.386822983659325473e+03  7.458688349104286317e+03  6.633266494053344104e+03 -6.074718866958657600e+03 
       162  0.000000000000000000e+00 -1.420000000000000000e+04  1.000000000000000000e+04 -1.074847499999999854e+04  9.430451638012658805e+03  8.386822983659325473e+03  7.458688349104286317e+03  6.633266494053344104e+03 -6.074718866958657600e+03 
       163  0.000000000000000000e+00 -1.420000000000000000e+04  1.000000000000000000e+04 -1.074847499999999854e+04  9.430451638012658805e+03  8.386822983659325473e+03  7.458688349104286317e+03  6.633266494053344104e+03 -6.074718866958657600e+03 
       164  0.000000000000000000e+00 -1.420000000000000000e+04  1.000000000000000000e+04 -1.074847499999999854e+04  9.430451638012658805e+03  8.386822983659325473e+03  7.458688349104286317e+03  6.633266494053344104e+03 -6.074718866958657600e+03 
       165  0.000000000000000000e+00 -1.420000000000000000e+04  1.000000000000000000e+04 -1.074847499999999854e+04  9.430451638012658805e+03  8.386822983659325473e+03  7.458688349104286317e+03  6.633266494053344104e+03 -6.074718866958657600e+03 
       166  0.000000000000000000e+00 -1.420000000000000000e+04  1.000000000000000000e+04 -1.074847499999999854e+04  9.430451638012658805e+03  8.386822983659325473e+03  7.458688349104286317e+03  6.633266494053344104e+03 -6.074718866958657600e+03 
       167  0.000000000000000000e+00 -1.420000000000000000e+04  1.000000000000000000e+04 -1.074847499999999854e+04  9.430451638012658805e+03  8.386822983659325473e+03  7.458688349104286317e+03  6.633266494053344104e+03 -6.074718866958657600e+03 
       168  0.000000000000000000e+00 -1.420000000000000000e+04  1.000000000000000000e+04 -1.074847499999999854e+04  9.430451638012658805e+03  8.386822983659325473e+03  7.458688349104286317e+03  6.633266494053344104e+03 -6.074718866958657600e+03 
       169  0.000000000000000000e+00 -1.420000000000000000e+04  1.000000000000000000e+04 -1.074847499999999854e+04  9.430451638012658805e+03  8.386822983659325473e+03  7.458688349104286317e+03  6.633266494053344104e+03 -6.074718866958657600e+03 
       170  0.000000000000000000e+00 -1.420000000000000000e+04  1.000000000000000000e+04 -1.074847499999999854e+04  9.430451638012658805e+03  8.386822983659325473e+03  7.458688349104286317e+03  6.633266494053344104e+03 -6.074718866958657600e+03 
       171  0.000000000000000000e+00 -1.420000000000000000e+04  1.000000000000000000e+04 -1.074847499999999854e+04  9.430451638012658805e+03  8.386822983659325473e+03  7.458688349104286317e+03  6.633266494053344104e+03 -6.074718866958655781e+03 
       172  0.000000000000000000e+00 -1.420000000000000000e+04  1.000000000000000000e+04 -1.074847499999999854e+04  9.430451638012658805e+03  8.386822983659325473e+03  7.458688349104286317e+03  6.633266494053344104e+03 -6.074718866958653962e+03 
       173  0.000000000000000000e+00 -1.420000000000000000e+04  1.000000000000000000e+04 -1.074847499999999854e+04  9.430451638012658805e+03  8.386822983659325473e+03  7.458688349104286317e+03  6.633266494053344104e+03 -6.074718866958633953e+03 
       174  0.000000000000000000e+00 -1.420000000000000000e+04  1.000000000000000000e+04 -1.074847499999999854e+04  9.430451638012658805e+03  8.386822983659325473e+03  7.458688349104286317e+03  6.633266494053344104e+03 -6.074718866958543003e+03 
       175  0.000000000000000000e+00 -1.420000000000000000e+04  1.000000000000000000e+04 -1.074847499999999854e+04  9.430451638012658805e+03  8.386822983659325473e+03  7.458688349104286317e+03  6.633266494053344104e+03 -6.074718866958144645e+03 
       176  0.000000000000000000e+00 -1.420000000000000000e+04  1.000000000000000000e+04 -1.074847499999999854e+04  9.430451638012658805e+03  8.386822983659325473e+03  7.458688349104286317e+03  6.633266494053344104e+03 -6.074718866956513011e+03 
       177  0.000000000000000000e+00 -1.420000000000000000e+04  1.000000000000000000e+04 -1.074847499999999854e+04  9.430451638012658805e+03  8.386822983659325473e+03  7.458688349104286317e+03  6.633266494053344104e+03 -6.074718866950219308e+03 
       178  0.000000000000000000e+00 -1.420000000000000000e+04  1.000000000000000000e+04 -1.074847499999999854e+04  9.430451638012658805e+03  8.386822983659325473e+03  7.458688349104286317e+03  6.633266494053342285e+03 -6.074718866927327326e+03 
       179  0.000000000000000000e+00 -1.420000000000000000e+04  1.000000000000000000e+04 -1.074847499999999854e+04  9.430451638012658805e+03  8.386822983659325473e+03  7.458688349104286317e+03  6.633266494053327733e+03 -6.074718866848692414e+03 
       180  0.000000000000000000e+00 -1.420000000000000000e+04  1.000000000000000000e+04 -1.074847499999999854e+04  9.430451638012658805e+03  8.386822983659325473e+03  7.458688349104286317e+03  6.633266494053234055e+03 -6.074718866593480925e+03 
       181  0.000000000000000000e+00 -1.420000000000000000e+04  1.000000000000000000e+04 -1.074847499999999854e+04  9.430451638012658805e+03  8.386822983659325473e+03  7.458688349104286317e+03  6.633266494052727467e+03 -6.074718865810033094e+03 
       182  0.000000000000000000e+00 -1.420000000000000000e+04  1.000000000000000000e+04 -1.074847499999999854e+04  9.430451638012658805e+03  8.386822983659325473e+03  7.458688349104286317e+03  6.633266494050202709e+03 -6.074718863532945761e+03 
       183  0.000000000000000000e+00 -1.420000000000000000e+04  1.000000000000000000e+04 -1.074847499999999854e+04  9.430451638012658805e+03  8.386822983659325473e+03  7.458688349104286317e+03  6.633266494038552082e+03 -6.074718857259054857e+03 
       184  0.000000000000000000e+00 -1.420000000000000000e+04  1.000000000000000000e+04 -1.074847499999999854e+04  9.430451638012658805e+03  8.386822983659325473e+03  7.458688349104286317e+03  6.633266493988565344e+03 -6.074718840848247055e+03 
       185  0.000000000000000000e+00 -1.420000000000000000e+04  1.000000000000000000e+04 -1.074847499999999854e+04  9.430451638012658805e+03  8.386822983659325473e+03  7.458688349104286317e+03  6.633266493788958542e+03 -6.074718800020964409e+03 
       186  0.000000000000000000e+00 -1.420000000000000000e+04  1.000000000000000000e+04 -1.074847499999999854e+04  9.430451638012658805e+03  8.386822983659325473e+03  7.458688349104286317e+03  6.633266493045903189e+03 -6.074718703203170662e+03 
       187  0.000000000000000000e+00 -1.420000000000000000e+04  1.000000000000000000e+04 -1.074847499999999854e+04  9.430451638012658805e+03  8.386822983659325473e+03  7.458688349104284498e+03  6.633266490463922310e+03 -6.074718483791104518e+03 
       188  0.000000000000000000e+00 -1.420000000000000000e+04  1.000000000000000000e+04 -1.074847499999999854e+04  9.430451638012658805e+03  8.386822983659325473e+03  7.458688349104267218e+03  6.633266482078952322e+03 -6.074718007240204315e+03 
       189  0.000000000000000000e+00 -1.420000000000000000e+04  1.000000000000000000e+04 -1.074847499999999854e+04  9.430451638012658805e+03  8.386822983659325473e+03  7.458688349104111694e+03  6.633266456598160403e+03 -6.074717012283777876e+03 
       190  0.000000000000000000e+00 -1.420000000000000000e+04  1.000000000000000000e+04 -1.074847499999999854e+04  9.430451638012658805e+03  8.386822983659325473e+03  7.458688349102849315e+03  6.633266384036300224e+03 -6.074715009567724337e+03 
       191  0.000000000000000000e+00 -1.420000000000000000e+04  1.000000000000000000e+04 -1.074847499999999854e+04  9.430451638012658805e+03  8.386822983659325473e+03  7.458688349093767101e+03  6.633266190056877349e+03 -6.074711112668890564e+03 
       192  0.000000000000000000e+00 -1.420000000000000000e+04  1.000000000000000000e+04 -1.074847499999999854e+04  9.430451638012658805e+03  8.386822983659325473e+03  7.458688349036017826e+03  6.633265702144943134e+03 -6.074703765649019260e+03 
       193  0.000000000000000000e+00 -1.420000000000000000e+04  1.000000000000000000e+04 -1.074847499999999854e+04  9.430451638012658805e+03  8.386822983659325473e+03  7.458688348708536068e+03  6.633264544079994266e+03 -6.074690317639136993e+03 
       194  0.000000000000000000e+00 -1.420000000000000000e+04  1.000000000000000000e+04 -1.074847499999999854e+04  9.430451638012658805e+03  8.386822983659325473e+03  7.458688347040690132e+03  6.633261940901613343e+03 -6.074666377382487553e+03 
       195  0.000000000000000000e+00 -1.420000000000000000e+04  1.000000000000000000e+04 -1.074847499999999854e+04  9.430451638012658805e+03  8.386822983659325473e+03  7.458688339371539769e+03  6.633256375526447300e+03 -6.074624858087183384e+03 
       196  0.000000000000000000e+00 -1.420000000000000000e+04  1.000000000000000000e+04 -1.074847499999999854e+04  9.430451638012658805e+03  8.386822983659325473e+03  7.458688307405587693e+03  6.633245007627761879e+03 -6.074554597771319095e+03 
       197  0.000000000000000000e+00 -1.420000000000000000e+04  1.000000000000000000e+04 -1.074847499999999854e+04  9.430451638012658805e+03  8.386822983659325473e+03  7.458688186263176249e+03  6.633222725013301897e+03 -6.074438421297663808e+03 
       198  0.000000000000000000e+00 -1.420000000000000000e+04  1.000000000000000000e+04 -1.074847499999999854e+04  9.430451638012658805e+03  8.386822983659325473e+03  7.458687767838036052e+03  6.633180654523048361e+03 -6.074250503725494127e+03 
       199  0.000000000000000000e+00 -1.420000000000000000e+04  1.000000000000000000e+04 -1.074847499999999854e+04  9.430451638012658805e+03  8.386822983659287274e+03  7.458686447872099961e+03  6.633103924967434978e+03 -6.073952882821924504e+03 
       200  0.000000000000000000e+00 -1.420000000000000000e+04  1.000000000000000000e+04 -1.074847499999999854e+04  9.430451638012658805e+03  8.386822983657486475e+03  7.458682636590232505e+03  6.632968443560228479e+03 -6.073490917429404362e+03 
       201  0.000000000000000000e+00 -1.420000000000000000e+04  1.000000000000000000e+04 -1.074847499999999854e+04  9.430451638012658805e+03  8.386822983621537787e+03  7.458672536704661979e+03  6.632736378532972594e+03 -6.072787434530895553e+03 
       202  0.000000000000000000e+00 -1.420000000000000000e+04  1.000000000000000000e+04 -1.074847499999999854e+04  9.430451638012658805e+03  8.386822983153824680e+03  7.458647878976483298e+03  6.632349914692903440e+03 -6.071735427492627423e+03 
       203  0.000000000000000000e+00 -1.420000000000000000e+04  1.000000000000000000e+04 -1.074847499999999854e+04  9.430451638012658805e+03  8.386822978621448783e+03  7.458592113249452268e+03  6.631722818307915986e+03 -6.070189528259703366e+03 
       204  0.000000000000000000e+00 -1.420000000000000000e+04  1.000000000000000000e+04 -1.074847499999999854e+04  9.430451638012658805e+03  8.386822943769500853e+03  7.458474400772591252e+03  6.630729704010798741e+03 -6.067956537280451812e+03 
       205  0.000000000000000000e+00 -1.420000000000000000e+04  1.000000000000000000e+04 -1.074847499999999854e+04  9.430451638012658805e+03  8.386822723084169411e+03  7.458240358933464449e+03  6.629193451200845630e+03 -6.064784338709045187e+03 
       206  0.000000000000000000e+00 -1.420000000000000000e+04  1.000000000000000000e+04 -1.074847499999999854e+04  9.430451638012658805e+03  8.386821546365483300e+03  7.457797961061089154e+03  6.626870731430749402e+03 -6.060347839295318408e+03 
       207  0.000000000000000000e+00 -1.420000000000000000e+04  1.000000000000000000e+04 -1.074847499999999854e+04  9.430451638012658805e+03  8.386816186483119964e+03  7.456997244684405814e+03  6.623433531119265353e+03 -6.054233675101559129e+03 
       208  0.000000000000000000e+00 -1.420000000000000000e+04  1.000000000000000000e+04 -1.074847499999999854e+04  9.430451638012658805e+03  8.386795134582782339e+03  7.455604690969117655e+03  6.618444941883131833e+03 -6.045930521893136756e+03 
       209  0.000000000000000000e+00 -1.420000000000000000e+04  1.000000000000000000e+04 -1.074847499999999854e+04  9.430451638012658805e+03  8.386723404464113628e+03  7.453275246929330933e+03  6.611335952265597371e+03 -6.034825596598828270e+03 
       210  0.000000000000000000e+00 -1.420000000000000000e+04  1.000000000000000000e+04 -1.074847499999999854e+04  9.430451638012658805e+03  8.386510410694074380e+03  7.449519976351629339e+03  6.601396626713012665e+03 -6.020187836264132784e+03 
       211  0.000000000000000000e+00 -1.420000000000000000e+04  1.000000000000000000e+04 -1.074847499999999854e+04  9.430451638012658805e+03  8.385956632247389280e+03  7.443655726914028492e+03  6.587771980283856465e+03 -6.001128422660174692e+03 
       212  0.000000000000000000e+00 -1.420000000000000000e+04  1.000000000000000000e+04 -1.074847499999999854e+04  9.430451638012658805e+03  8.384686420889651345e+03  7.434732363524841276e+03  6.569415272743802234e+03 -5.976599836076815336e+03 
       213  0.000000000000000000e+00 -1.420000000000000000e+04  1.000000000000000000e+04 -1.074847499999999854e+04  9.430451638012658805e+03  8.382079606823775975e+03  7.421489597522086115e+03  6.545009562955361616e+03 -5.945492991009943580e+03 
       214  0.000000000000000000e+00 -1.420000000000000000e+04  1.000000000000000000e+04 -1.074847499999999854e+04  9.430451638012658805e+03  8.377181461762087565e+03  7.402414408554934198e+03  6.513025010134805598e+03 -5.906669107649813668e+03 
       215  0.000000000000000000e+00 -1.420000000000000000e+04  1.000000000000000000e+04 -1.074847499999999854e+04  9.430451083068537628e+03  8.368509822271375015e+03  7.375775885893026498e+03  6.471967980819612421e+03 -5.858683513140465948e+03 
       216  0.000000000000000000e+00 -1.420000000000000000e+04  1.000000000000000000e+04 -1.074847499999999854e+04  9.430434392727613158e+03  8.353767858199928014e+03  7.339327151618426797e+03  6.420296012097184757e+03 -5.799688755290231711e+03 
       217  0.000000000000000000e+00 -1.420000000000000000e+04  1.000000000000000000e+04 -1.074847499999999854e+04  9.430275282883003456e+03  8.329840929388614313e+03  7.289922366307492666e+03  6.355652300186071443e+03 -5.728298393873650639e+03 
       218  0.000000000000000000e+00 -1.420000000000000000e+04  1.000000000000000000e+04 -1.074847499999999854e+04  9.429284468885563911e+03  8.293399640964025821e+03  7.224360275922083019e+03  6.275140153044165345e+03 -5.643942677327921047e+03 
       219  0.000000000000000000e+00 -1.420000000000000000e+04  1.000000000000000000e+04 -1.074847499999999854e+04  9.424918371337047574e+03  8.241096554241650665e+03  7.141024094521563711e+03  6.177582058577651878e+03 -5.544832337048848785e+03 
       220  0.000000000000000000e+00 -1.420000000000000000e+04  1.000000000000000000e+04 -1.074847499999999854e+04  9.410979306280860328e+03  8.167022157700697790e+03  7.037757762137736790e+03  6.063426138270258889e+03 -5.426530442718387349e+03 
       221  0.000000000000000000e+00 -1.420000000000000000e+04  1.000000000000000000e+04 -1.074847499999999854e+04  9.377113167692423303e+03  8.061047051344311512e+03  6.907080397228955917e+03  5.928224482398813961e+03 -5.288990868038281405e+03 
       222  0.000000000000000000e+00 -1.420000000000000000e+04  1.000000000000000000e+04 -1.074847499999999854e+04  9.315066688220817014e+03  7.917521364629570598e+03  6.740421074505732577e+03  5.761442608002542329e+03 -5.140822508582992668e+03 
       223  0.000000000000000000e+00 -1.420000000000000000e+04  1.000000000000000000e+04 -1.074847499999999854e+04  9.218798603696446662e+03  7.745273726976609396e+03  6.550942141046803044e+03  5.576404461860599440e+03 -4.967628495312163068e+03 
       224  0.000000000000000000e+00 -1.418000000000000000e+04  1.000000000000000000e+04 -1.073132749999999942e+04  9.060190878259239980e+03  7.542339187955521083e+03  6.348098106277813713e+03  5.385370634426646575e+03 -4.756556474701807019e+03 
       225  0.000000000000000000e+00 -1.408000000000000000e+04  1.000000000000000000e+04 -1.064558999999999651e+04  8.782802222322190573e+03  7.234648215637655085e+03  6.061109192562174940e+03  5.128252540317871535e+03 -4.558715066501552428e+03 
       226  0.000000000000000000e+00 -1.370000000000000000e+04  1.000000000000000000e+04 -1.031978749999999854e+04  8.422020897550724840e+03  6.879819155774252067e+03  5.746753998507949291e+03  4.856231212399357901e+03 -4.328597002917163991e+03 
       227  0.000000000000000000e+00 -1.284000000000000000e+04  1.000000000000000000e+04 -9.582444999999996071e+03  8.175729409804473107e+03  6.610075398437145850e+03  5.486167054733623445e+03  4.618252148619631953e+03 -4.033275408146764676e+03 
       228  0.000000000000000000e+00 -1.228000000000000000e+04  9.000000000000000000e+03 -9.244940000000002328e+03  7.473437412736300757e+03  6.062507276549529706e+03  5.041210359555701871e+03  4.251867035424926144e+03 -3.799265093988147783e+03 
       229  0.000000000000000000e+00 -1.124000000000000000e+04  8.000000000000000000e+03 -8.495895000000000437e+03  6.884005358485581382e+03  5.600571678585793961e+03  4.658199979440107199e+03  3.926531868255847257e+03 -3.502325356482513598e+03 
       230  0.000000000000000000e+00 -9.920000000000000000e+03  7.000000000000000000e+03 -7.506784999999998035e+03  6.233077253918991119e+03  5.102977155980368480e+03  4.263645103886756260e+03  3.605646302719623236e+03 -3.164069159245040282e+03 
       231  0.000000000000000000e+00 -8.520000000000000000e+03  6.000000000000000000e+03 -6.449084999999999127e+03  5.456294693559860207e+03  4.486821691868566631e+03  3.769604919508160492e+03  3.212781263955626855e+03 -2.852910633334844533e+03 
       232  0.000000000000000000e+00 -7.100000000000000000e+03  5.000000000000000000e+03 -5.374237499999999272e+03  4.638547874133000732e+03  3.868582882726354910e+03  3.261563324087380352e+03  2.793545218338631003e+03 -2.552981107478790364e+03 
       233  0.000000000000000000e+00 -5.698000000000000000e+03  4.000000000000000000e+03 -4.314822749999999360e+03  3.808763445580993903e+03  3.276558819991712880e+03  2.786182223391252592e+03  2.396943264097860265e+03 -2.232468616083091547e+03 
       234  0.000000000000000000e+00 -4.368000000000000000e+03  3.000000000000000000e+03 -3.317138999999999214e+03  2.936403033104778842e+03  2.705931938940980672e+03  2.389548881893028010e+03  2.103715841660574370e+03 -1.785150048098053958e+03 
       235  0.000000000000000000e+00 -3.290000000000000000e+03  2.000000000000000000e+03 -2.535513750000000073e+03  1.985264970869989838e+03  1.911396259475895931e+03  1.795945645220033839e+03  1.689351955561717659e+03 -1.418986386426554873e+03 
       236  0.000000000000000000e+00 -2.644000000000000000e+03  1.000000000000000000e+03 -2.124274499999999989e+03  1.000000000000000000e+03  9.909155740781452550e+02  9.588612330624972628e+02  9.250329825775363588e+02 -1.477219643466928119e+03 
       237  0.000000000000000000e+00 -1.728000000000000000e+03  9.000000000000000000e+02 -1.353181499999999687e+03  9.000000000000000000e+02  9.000000000000000000e+02  9.000000000000000000e+02  9.000000000000000000e+02 -1.020250460019161892e+03 
       238  0.000000000000000000e+00 -1.244000000000000000e+03  8.000000000000000000e+02 -9.524744999999998072e+02  7.988040234130905901e+02  7.979308930462069611e+02  7.971718702799654466e+02  7.960945785091319067e+02 -7.900055868296376502e+02 
       239  0.000000000000000000e+00 -1.012000000000000000e+03  7.000000000000000000e+02 -7.678260000000000218e+02  6.952845588078452010e+02  6.920490763225827777e+02  6.901863700614635491e+02  6.879655104505666259e+02 -6.622685086136530117e+02 
       240  0.000000000000000000e+00 -8.520000000000000000e+02  6.000000000000000000e+02 -6.449085000000000036e+02  5.875143506141122316e+02  5.790498004592643611e+02  5.743853102234136259e+02  5.688498886799604861e+02 -5.664844609195667999e+02 
       241  0.000000000000000000e+00 -7.100000000000000000e+02  5.000000000000000000e+02 -5.374237499999999272e+02  4.818342585152184938e+02  4.700451533475225574e+02  4.662743431649969352e+02  4.635213184089041647e+02 -4.684723048740695504e+02 
       242  0.000000000000000000e+00 -5.680000000000000000e+02  4.000000000000000000e+02 -4.299389999999999645e+02  3.839855605231841764e+02  3.738200604829643225e+02  3.711327392983562845e+02  3.693723631016854938e+02 -3.703261241175274563e+02 
       243  0.000000000000000000e+00 -4.280000000000000000e+02  3.000000000000000000e+02 -3.241689999999999827e+02  2.917650942025998688e+02  2.862558326083530460e+02  2.847043064243756589e+02  2.834340104203736814e+02 -2.744582452229370801e+02 
       244  0.000000000000000000e+00 -2.960000000000000000e+02  2.000000000000000000e+02 -2.252579999999999814e+02  1.972636748054405871e+02  1.954315679048519883e+02  1.949128107332413435e+02  1.944279206491673904e+02 -1.890363653554558141e+02 
       245  0.000000000000000000e+00 -1.920000000000000000e+02  1.000000000000000000e+02 -1.503534999999999968e+02  9.956123261005467384e+01  9.920540656848007188e+01  9.903605545636017382e+01  9.880181568973611661e+01 -1.295065801300322335e+02 
