                    Count                    Target                     Error                Dwell Time           Expected Figure             Sputter Yield              Error in RMS           Target Elements             Unit Elements            Total Elements 
                        0  0.000000000000000000e+00  0.000000000000000000e+00  0.000000000000000000e+00  0.000000000000000000e+00  1.000000000000000000e+00  3.489592439908003829e+00  2.460000000000000000e+02  5.000000000000000000e+00  2.560000000000000000e+02 
                        1  0.000000000000000000e+00  0.000000000000000000e+00  0.000000000000000000e+00  0.000000000000000000e+00  2.000000000000000000e+00 
                        2  0.000000000000000000e+00  0.000000000000000000e+00  0.000000000000000000e+00  2.099917124520238598e+00  5.000000000000000000e+00 
                        3  0.000000000000000000e+00  0.000000000000000000e+00  0.000000000000000000e+00  1.068369877715786131e+01  2.000000000000000000e+00 
                        4  0.000000000000000000e+00  0.000000000000000000e+00  2.103109964835204071e+00  4.178340325827603863e+01  1.000000000000000000e+00 
                        5  1.000000000000000000e+02 -5.997296853957863050e-01  6.479316044561545418e+00  1.005997296853957863e+02  0.000000000000000000e+00 
                        6  2.000000000000000000e+02  1.445062471942776483e+00  1.834630447691802146e+01  1.985549375280572235e+02  0.000000000000000000e+00 
                        7  3.000000000000000000e+02 -2.413598673557544316e-01  2.732544166542575326e+01  3.002413598673557544e+02  0.000000000000000000e+00 
                        8  4.000000000000000000e+02 -3.218833448215207227e+00  3.714882179631838710e+01  4.032188334482152072e+02  0.000000000000000000e+00 
                        9  5.000000000000000000e+02  3.588380862221356438e+00  4.605959861321793625e+01  4.964116191377786436e+02  0.000000000000000000e+00 
                       10  6.000000000000000000e+02  3.244648932712721034e+00  5.229690396944756259e+01  5.967553510672872790e+02  0.000000000000000000e+00 
                       11  7.000000000000000000e+02 -1.033887003185532194e+01  6.009355664575128486e+01  7.103388700318553219e+02  0.000000000000000000e+00 
                       12  8.000000000000000000e+02  5.703301170716144952e+00  8.589916696893095605e+01  7.942966988292838550e+02  0.000000000000000000e+00 
                       13  9.000000000000000000e+02  9.056881976486920394e+00  8.686813529289143787e+01  8.909431180235130796e+02  0.000000000000000000e+00 
                       14  1.000000000000000000e+03 -1.662005135579988746e+01  1.894264599664606408e+01  1.016620051355799887e+03  0.000000000000000000e+00 
                       15  2.000000000000000000e+03  7.272020263956392228e+00  1.874233008666699050e+02  1.992727979736043608e+03  0.000000000000000000e+00 
                       16  3.000000000000000000e+03  6.036562816657806252e+00  2.862399673091563841e+02  2.993963437183342194e+03  0.000000000000000000e+00 
                       17  4.000000000000000000e+03 -6.762973958045222389e+00  3.589344303757429770e+02  4.006762973958045222e+03  0.000000000000000000e+00 
                       18  5.000000000000000000e+03 -5.268232185781016597e-01  4.515314069081615571e+02  5.000526823218578102e+03  0.000000000000000000e+00 
                       19  6.000000000000000000e+03 -2.051323689302080311e-01  5.486471280204393679e+02  6.000205132368930208e+03  0.000000000000000000e+00 
                       20  7.000000000000000000e+03  8.211807751835294766e+00  6.413545958963781004e+02  6.991788192248164705e+03  0.000000000000000000e+00 
                       21  8.000000000000000000e+03 -6.631904342966663535e+00  7.123429107346956926e+02  8.006631904342966664e+03  0.000000000000000000e+00 
                       22  9.000000000000000000e+03 -8.367980394863479887e+00  8.120460478240712519e+02  9.008367980394863480e+03  0.000000000000000000e+00 
                       23  1.000000000000000000e+04  1.846460059159107914e+01  9.890124740988931080e+02  9.981535399408408921e+03  0.000000000000000000e+00 
                       24  1.000000000000000000e+04 -9.923326204574550502e+00  9.034464178589441872e+02  1.000992332620457455e+04  0.000000000000000000e+00 
                       25  1.000000000000000000e+04 -6.316581049839442130e+00  8.944498315370238970e+02  1.000631658104983944e+04  0.000000000000000000e+00 
                       26  1.000000000000000000e+04  1.131893508473694965e+01  9.130607879962295783e+02  9.988681064915263050e+03  0.000000000000000000e+00 
                       27  1.000000000000000000e+04 -3.551419350595097058e+00  9.116406800232916794e+02  1.000355141935059510e+04  0.000000000000000000e+00 
                       28  1.000000000000000000e+04 -3.780993379179562908e+00  9.083527321711533205e+02  1.000378099337917956e+04  0.000000000000000000e+00 
                       29  1.000000000000000000e+04  3.270713978878120543e+00  9.079780562244070552e+02  9.996729286021121879e+03  0.000000000000000000e+00 
                       30  1.000000000000000000e+04  3.448022850934648886e-01  9.095109434111583369e+02  9.999655197714906535e+03  0.000000000000000000e+00 
                       31  1.000000000000000000e+04 -1.280146347253321437e+00  9.095240964781759203e+02  1.000128014634725332e+04  0.000000000000000000e+00 
                       32  1.000000000000000000e+04  7.971591344721673522e-02  9.088329153516569932e+02  9.999920284086552783e+03  0.000000000000000000e+00 
                       33  1.000000000000000000e+04  4.438605169816582929e-01  9.089732152311863729e+02  9.999556139483018342e+03  0.000000000000000000e+00 
                       34  1.000000000000000000e+04 -3.003614704539359082e-02  9.091943182410050213e+02  1.000003003614704539e+04  0.000000000000000000e+00 
                       35  1.000000000000000000e+04 -1.822028014230454573e-01  9.091245860284170703e+02  1.000018220280142305e+04  0.000000000000000000e+00 
                       36  1.000000000000000000e+04  7.005894085523323156e-03  9.090554334456497827e+02  9.999992994105914477e+03  0.000000000000000000e+00 
                       37  1.000000000000000000e+04  7.415234637119283434e-02  9.090777832775386287e+02  9.999925847653628807e+03  0.000000000000000000e+00 
                       38  1.000000000000000000e+04 -1.422806732080061920e-03  9.091030314779758328e+02  1.000000142280673208e+04  0.000000000000000000e+00 
                       39  1.000000000000000000e+04 -3.005722284433431923e-02  9.090964294576838256e+02  1.000003005722284433e+04  0.000000000000000000e+00 
                       40  1.000000000000000000e+04 -3.310399088150006719e-03  9.090868551079148574e+02  1.000000331039908815e+04  0.000000000000000000e+00 
                       41  1.000000000000000000e+04  9.844973765211761929e-03  9.090884989379034096e+02  9.999990155026234788e+03  0.000000000000000000e+00 
                       42  1.000000000000000000e+04  1.446349237085087225e-03  9.090920128723764719e+02  9.999998553650762915e+03  0.000000000000000000e+00 
                       43  1.000000000000000000e+04 -4.626391601050272584e-03  9.090918441696563832e+02  1.000000462639160105e+04  0.000000000000000000e+00 
                       44  1.000000000000000000e+04 -2.459669032759848051e-03  9.090906070870490794e+02  1.000000245966903276e+04  0.000000000000000000e+00 
                       45  1.000000000000000000e+04  1.305971090914681554e-04  9.090904735772335243e+02  9.999999869402890909e+03  0.000000000000000000e+00 
                       46  1.000000000000000000e+04 -1.793778992578154430e-04  9.090908756527601327e+02  1.000000017937789926e+04  0.000000000000000000e+00 
                       47  1.000000000000000000e+04 -1.175921170215588063e-03  9.090909956759733177e+02  1.000000117592117022e+04  0.000000000000000000e+00 
                       48  1.000000000000000000e+04 -1.286300788706284948e-03  9.090908831589023293e+02  1.000000128630078871e+04  0.000000000000000000e+00 
                       49  1.000000000000000000e+04 -9.628285224607679993e-04  9.090908184044176323e+02  1.000000096282852246e+04  0.000000000000000000e+00 
                       50  1.000000000000000000e+04 -8.461745128442998976e-04  9.090908410232641472e+02  1.000000084617451284e+04  0.000000000000000000e+00 
                       51  1.000000000000000000e+04 -9.297978031099773943e-04  9.090908679488782127e+02  1.000000092979780311e+04  0.000000000000000000e+00 
                       52  1.000000000000000000e+04 -9.944643097696825862e-04  9.090908673353798122e+02  1.000000099446430977e+04  0.000000000000000000e+00 
                       53  1.000000000000000000e+04 -9.857764052867423743e-04  9.090908582763507866e+02  1.000000098577640529e+04  0.000000000000000000e+00 
                       54  1.000000000000000000e+04 -9.622357993066543713e-04  9.090908558538686748e+02  1.000000096223579931e+04  0.000000000000000000e+00 
                       55  1.000000000000000000e+04 -9.585436637280508876e-04  9.090908580210784748e+02  1.000000095854366373e+04  0.000000000000000000e+00 
                       56  1.000000000000000000e+04 -9.658048475102987140e-04  9.090908594310166109e+02  1.000000096580484751e+04  0.000000000000000000e+00 
                       57  1.000000000000000000e+04 -9.699734364403411746e-04  9.090908591628940485e+02  1.000000096997343644e+04  0.000000000000000000e+00 
                       58  1.000000000000000000e+04 -9.694377058622194454e-04  9.090908586048755069e+02  1.000000096943770586e+04  0.000000000000000000e+00 
                       59  1.000000000000000000e+04 -9.681893370725447312e-04  9.090908584799931305e+02  1.000000096818933707e+04  0.000000000000000000e+00 
                       60  1.000000000000000000e+04 -9.681309093139134347e-04  9.090908585963122732e+02  1.000000096813090931e+04  0.000000000000000000e+00 
                       61  1.000000000000000000e+04 -9.686885096016339958e-04  9.090908586669235092e+02  1.000000096868850960e+04  0.000000000000000000e+00 
                       62  1.000000000000000000e+04 -9.690644365036860108e-04  9.090908586494053907e+02  1.000000096906443650e+04  0.000000000000000000e+00 
                       63  1.000000000000000000e+04 -9.691445702628698200e-04  9.090908586146948664e+02  1.000000096914457026e+04  0.000000000000000000e+00 
                       64  1.000000000000000000e+04 -9.691379691503243521e-04  9.090908586014536468e+02  1.000000096913796915e+04  0.000000000000000000e+00 
                       65  1.000000000000000000e+04 -9.691682935226708651e-04  9.090908586029670460e+02  1.000000096916829352e+04  0.000000000000000000e+00 
                       66  1.000000000000000000e+04 -9.692265393823618069e-04  9.090908586049096129e+02  1.000000096922653938e+04  0.000000000000000000e+00 
                       67  1.000000000000000000e+04 -9.692747426015557721e-04  9.090908586033103802e+02  1.000000096927474260e+04  0.000000000000000000e+00 
                       68  1.000000000000000000e+04 -9.693018582765944302e-04  9.090908586005768939e+02  1.000000096930185828e+04  0.000000000000000000e+00 
                       69  1.000000000000000000e+04 -9.693163501651724800e-04  9.090908585987635888e+02  1.000000096931635017e+04  0.000000000000000000e+00 
                       70  1.000000000000000000e+04 -9.693268129922216758e-04  9.090908585979706231e+02  1.000000096932681299e+04  0.000000000000000000e+00 
                       71  1.000000000000000000e+04 -9.693358533695572987e-04  9.090908585975827236e+02  1.000000096933585337e+04  0.000000000000000000e+00 
                       72  1.000000000000000000e+04 -9.693430274637648836e-04  9.090908585972408673e+02  1.000000096934302746e+04  0.000000000000000000e+00 
                       73  1.000000000000000000e+04 -9.693480023997835815e-04  9.090908585969141313e+02  1.000000096934800240e+04  0.000000000000000000e+00 
                       74  1.000000000000000000e+04 -9.693512110970914364e-04  9.090908585966611781e+02  1.000000096935121110e+04  0.000000000000000000e+00 
                       75  1.000000000000000000e+04 -9.693533047538949177e-04  9.090908585964959912e+02  1.000000096935330475e+04  0.000000000000000000e+00 
                       76  1.000000000000000000e+04 -9.693547417555237189e-04  9.090908585963943551e+02  1.000000096935474176e+04  0.000000000000000000e+00 
                       77  1.000000000000000000e+04 -9.693557458376744762e-04  9.090908585963280757e+02  1.000000096935574584e+04  0.000000000000000000e+00 
                       78  1.000000000000000000e+04 -9.693564334156690165e-04  9.090908585962814641e+02  1.000000096935643342e+04  0.000000000000000000e+00 
                       79  1.000000000000000000e+04 -9.693568808870622888e-04  9.090908585962486086e+02  1.000000096935688089e+04  0.000000000000000000e+00 
                       80  1.000000000000000000e+04 -9.693571682873880491e-04  9.090908585962265533e+02  1.000000096935716829e+04  0.000000000000000000e+00 
                       81  1.000000000000000000e+04 -9.693573483673390001e-04  9.090908585962120014e+02  1.000000096935734837e+04  0.000000000000000000e+00 
                       82  1.000000000000000000e+04 -9.693574629636714235e-04  9.090908585962031339e+02  1.000000096935746296e+04  0.000000000000000000e+00 
                       83  1.000000000000000000e+04 -9.693575339042581618e-04  9.090908585961973358e+02  1.000000096935753390e+04  0.000000000000000000e+00 
                       84  1.000000000000000000e+04 -9.693575775600038469e-04  9.090908585961939252e+02  1.000000096935757756e+04  0.000000000000000000e+00 
                       85  1.000000000000000000e+04 -9.693576030258554965e-04  9.090908585961916515e+02  1.000000096935760303e+04  0.000000000000000000e+00 
                       86  1.000000000000000000e+04 -9.693576193967601284e-04  9.090908585961902872e+02  1.000000096935761940e+04  0.000000000000000000e+00 
                       87  1.000000000000000000e+04 -9.693576266727177426e-04  9.090908585961896051e+02  1.000000096935762667e+04  0.000000000000000000e+00 
                       88  1.000000000000000000e+04 -9.693576321296859533e-04  9.090908585961890367e+02  1.000000096935763213e+04  0.000000000000000000e+00 
                       89  1.000000000000000000e+04 -9.693576357676647604e-04  9.090908585961886956e+02  1.000000096935763577e+04  0.000000000000000000e+00 
                       90  1.000000000000000000e+04 -9.693576375866541639e-04  9.090908585961885819e+02  1.000000096935763759e+04  0.000000000000000000e+00 
                       91  1.000000000000000000e+04 -9.693576394056435674e-04  9.090908585961884683e+02  1.000000096935763941e+04  0.000000000000000000e+00 
                       92  1.000000000000000000e+04 -9.693576394056435674e-04  9.090908585961884683e+02  1.000000096935763941e+04  0.000000000000000000e+00 
                       93  1.000000000000000000e+04 -9.693576394056435674e-04  9.090908585961884683e+02  1.000000096935763941e+04  0.000000000000000000e+00 
                       94  1.000000000000000000e+04 -9.693576394056435674e-04  9.090908585961884683e+02  1.000000096935763941e+04  0.000000000000000000e+00 
                       95  1.000000000000000000e+04 -9.693576394056435674e-04  9.090908585961884683e+02  1.000000096935763941e+04  0.000000000000000000e+00 
                       96  1.000000000000000000e+04 -9.693576394056435674e-04  9.090908585961884683e+02  1.000000096935763941e+04  0.000000000000000000e+00 
                       97  1.000000000000000000e+04 -9.693576394056435674e-04  9.090908585961884683e+02  1.000000096935763941e+04  0.000000000000000000e+00 
                       98  1.000000000000000000e+04 -9.693576394056435674e-04  9.090908585961884683e+02  1.000000096935763941e+04  0.000000000000000000e+00 
                       99  1.000000000000000000e+04 -9.693576394056435674e-04  9.090908585961884683e+02  1.000000096935763941e+04  0.000000000000000000e+00 
                      100  1.000000000000000000e+04 -9.693576394056435674e-04  9.090908585961884683e+02  1.000000096935763941e+04  0.000000000000000000e+00 
                      101  1.000000000000000000e+04 -9.693576394056435674e-04  9.090908585961884683e+02  1.000000096935763941e+04  0.000000000000000000e+00 
                      102  1.000000000000000000e+04 -9.693576394056435674e-04  9.090908585961884683e+02  1.000000096935763941e+04  0.000000000000000000e+00 
                      103  1.000000000000000000e+04 -9.693576394056435674e-04  9.090908585961884683e+02  1.000000096935763941e+04  0.000000000000000000e+00 
                      104  1.000000000000000000e+04 -9.693576394056435674e-04  9.090908585961884683e+02  1.000000096935763941e+04  0.000000000000000000e+00 
                      105  1.000000000000000000e+04 -9.693576394056435674e-04  9.090908585961884683e+02  1.000000096935763941e+04  0.000000000000000000e+00 
                      106  1.000000000000000000e+04 -9.693576394056435674e-04  9.090908585961884683e+02  1.000000096935763941e+04  0.000000000000000000e+00 
                      107  1.000000000000000000e+04 -9.693576394056435674e-04  9.090908585961884683e+02  1.000000096935763941e+04  0.000000000000000000e+00 
                      108  1.000000000000000000e+04 -9.693576394056435674e-04  9.090908585961884683e+02  1.000000096935763941e+04  0.000000000000000000e+00 
                      109  1.000000000000000000e+04 -9.693576394056435674e-04  9.090908585961884683e+02  1.000000096935763941e+04  0.000000000000000000e+00 
                      110  1.000000000000000000e+04 -9.693576394056435674e-04  9.090908585961884683e+02  1.000000096935763941e+04  0.000000000000000000e+00 
                      111  1.000000000000000000e+04 -9.693576394056435674e-04  9.090908585961884683e+02  1.000000096935763941e+04  0.000000000000000000e+00 
                      112  1.000000000000000000e+04 -9.693576394056435674e-04  9.090908585961884683e+02  1.000000096935763941e+04  0.000000000000000000e+00 
                      113  1.000000000000000000e+04 -9.693576394056435674e-04  9.090908585961884683e+02  1.000000096935763941e+04  0.000000000000000000e+00 
                      114  1.000000000000000000e+04 -9.693576394056435674e-04  9.090908585961884683e+02  1.000000096935763941e+04  0.000000000000000000e+00 
                      115  1.000000000000000000e+04 -9.693576394056435674e-04  9.090908585961884683e+02  1.000000096935763941e+04  0.000000000000000000e+00 
                      116  1.000000000000000000e+04 -9.693576394056435674e-04  9.090908585961884683e+02  1.000000096935763941e+04  0.000000000000000000e+00 
                      117  1.000000000000000000e+04 -9.693576394056435674e-04  9.090908585961884683e+02  1.000000096935763941e+04  0.000000000000000000e+00 
                      118  1.000000000000000000e+04 -9.693576394056435674e-04  9.090908585961884683e+02  1.000000096935763941e+04  0.000000000000000000e+00 
                      119  1.000000000000000000e+04 -9.693576394056435674e-04  9.090908585961884683e+02  1.000000096935763941e+04  0.000000000000000000e+00 
                      120  1.000000000000000000e+04 -9.693576394056435674e-04  9.090908585961884683e+02  1.000000096935763941e+04  0.000000000000000000e+00 
                      121  1.000000000000000000e+04 -9.693576394056435674e-04  9.090908585961884683e+02  1.000000096935763941e+04  0.000000000000000000e+00 
                      122  1.000000000000000000e+04 -9.693576394056435674e-04  9.090908585961884683e+02  1.000000096935763941e+04  0.000000000000000000e+00 
                      123  1.000000000000000000e+04 -9.693576394056435674e-04  9.090908585961884683e+02  1.000000096935763941e+04  0.000000000000000000e+00 
                      124  1.000000000000000000e+04 -9.693576394056435674e-04  9.090908585961884683e+02  1.000000096935763941e+04  0.000000000000000000e+00 
                      125  1.000000000000000000e+04 -9.693576394056435674e-04  9.090908585961884683e+02  1.000000096935763941e+04  0.000000000000000000e+00 
                      126  1.000000000000000000e+04 -9.693576394056435674e-04  9.090908585961884683e+02  1.000000096935763941e+04  0.000000000000000000e+00 
                      127  1.000000000000000000e+04 -9.693576394056435674e-04  9.090908585961884683e+02  1.000000096935763941e+04  0.000000000000000000e+00 
                      128  1.000000000000000000e+04 -9.693576394056435674e-04  9.090908585961884683e+02  1.000000096935763941e+04  0.000000000000000000e+00 
                      129  1.000000000000000000e+04 -9.693576394056435674e-04  9.090908585961884683e+02  1.000000096935763941e+04  0.000000000000000000e+00 
                      130  1.000000000000000000e+04 -9.693576394056435674e-04  9.090908585961884683e+02  1.000000096935763941e+04  0.000000000000000000e+00 
                      131  1.000000000000000000e+04 -9.693576394056435674e-04  9.090908585961884683e+02  1.000000096935763941e+04  0.000000000000000000e+00 
                      132  1.000000000000000000e+04 -9.693576394056435674e-04  9.090908585961884683e+02  1.000000096935763941e+04  0.000000000000000000e+00 
                      133  1.000000000000000000e+04 -9.693576394056435674e-04  9.090908585961884683e+02  1.000000096935763941e+04  0.000000000000000000e+00 
                      134  1.000000000000000000e+04 -9.693576394056435674e-04  9.090908585961884683e+02  1.000000096935763941e+04  0.000000000000000000e+00 
                      135  1.000000000000000000e+04 -9.693576394056435674e-04  9.090908585961884683e+02  1.000000096935763941e+04  0.000000000000000000e+00 
                      136  1.000000000000000000e+04 -9.693576394056435674e-04  9.090908585961884683e+02  1.000000096935763941e+04  0.000000000000000000e+00 
                      137  1.000000000000000000e+04 -9.693576394056435674e-04  9.090908585961884683e+02  1.000000096935763941e+04  0.000000000000000000e+00 
                      138  1.000000000000000000e+04 -9.693576394056435674e-04  9.090908585961884683e+02  1.000000096935763941e+04  0.000000000000000000e+00 
                      139  1.000000000000000000e+04 -9.693576394056435674e-04  9.090908585961884683e+02  1.000000096935763941e+04  0.000000000000000000e+00 
                      140  1.000000000000000000e+04 -9.693576394056435674e-04  9.090908585961884683e+02  1.000000096935763941e+04  0.000000000000000000e+00 
                      141  1.000000000000000000e+04 -9.693576394056435674e-04  9.090908585961884683e+02  1.000000096935763941e+04  0.000000000000000000e+00 
                      142  1.000000000000000000e+04 -9.693576394056435674e-04  9.090908585961884683e+02  1.000000096935763941e+04  0.000000000000000000e+00 
                      143  1.000000000000000000e+04 -9.693576394056435674e-04  9.090908585961884683e+02  1.000000096935763941e+04  0.000000000000000000e+00 
                      144  1.000000000000000000e+04 -9.693576394056435674e-04  9.090908585961884683e+02  1.000000096935763941e+04  0.000000000000000000e+00 
                      145  1.000000000000000000e+04 -9.693576394056435674e-04  9.090908585961884683e+02  1.000000096935763941e+04  0.000000000000000000e+00 
                      146  1.000000000000000000e+04 -9.693576394056435674e-04  9.090908585961884683e+02  1.000000096935763941e+04  0.000000000000000000e+00 
                      147  1.000000000000000000e+04 -9.693576394056435674e-04  9.090908585961884683e+02  1.000000096935763941e+04  0.000000000000000000e+00 
                      148  1.000000000000000000e+04 -9.693576394056435674e-04  9.090908585961884683e+02  1.000000096935763941e+04  0.000000000000000000e+00 
                      149  1.000000000000000000e+04 -9.693576394056435674e-04  9.090908585961884683e+02  1.000000096935763941e+04  0.000000000000000000e+00 
                      150  1.000000000000000000e+04 -9.693576394056435674e-04  9.090908585961884683e+02  1.000000096935763941e+04  0.000000000000000000e+00 
                      151  1.000000000000000000e+04 -9.693576394056435674e-04  9.090908585961884683e+02  1.000000096935763941e+04  0.000000000000000000e+00 
                      152  1.000000000000000000e+04 -9.693576394056435674e-04  9.090908585961884683e+02  1.000000096935763941e+04  0.000000000000000000e+00 
                      153  1.000000000000000000e+04 -9.693576394056435674e-04  9.090908585961884683e+02  1.000000096935763941e+04  0.000000000000000000e+00 
                      154  1.000000000000000000e+04 -9.693576394056435674e-04  9.090908585961884683e+02  1.000000096935763941e+04  0.000000000000000000e+00 
                      155  1.000000000000000000e+04 -9.693576394056435674e-04  9.090908585961884683e+02  1.000000096935763941e+04  0.000000000000000000e+00 
                      156  1.000000000000000000e+04 -9.693576394056435674e-04  9.090908585961884683e+02  1.000000096935763941e+04  0.000000000000000000e+00 
                      157  1.000000000000000000e+04 -9.693576394056435674e-04  9.090908585961884683e+02  1.000000096935763941e+04  0.000000000000000000e+00 
                      158  1.000000000000000000e+04 -9.693576394056435674e-04  9.090908585961884683e+02  1.000000096935763941e+04  0.000000000000000000e+00 
                      159  1.000000000000000000e+04 -9.693576394056435674e-04  9.090908585961884683e+02  1.000000096935763941e+04  0.000000000000000000e+00 
                      160  1.000000000000000000e+04 -9.693576394056435674e-04  9.090908585961884683e+02  1.000000096935763941e+04  0.000000000000000000e+00 
                      161  1.000000000000000000e+04 -9.693576394056435674e-04  9.090908585961884683e+02  1.000000096935763941e+04  0.000000000000000000e+00 
                      162  1.000000000000000000e+04 -9.693576394056435674e-04  9.090908585961884683e+02  1.000000096935763941e+04  0.000000000000000000e+00 
                      163  1.000000000000000000e+04 -9.693576394056435674e-04  9.090908585961884683e+02  1.000000096935763941e+04  0.000000000000000000e+00 
                      164  1.000000000000000000e+04 -9.693576394056435674e-04  9.090908585961885819e+02  1.000000096935763941e+04  0.000000000000000000e+00 
                      165  1.000000000000000000e+04 -9.693576375866541639e-04  9.090908585961885819e+02  1.000000096935763759e+04  0.000000000000000000e+00 
                      166  1.000000000000000000e+04 -9.693576375866541639e-04  9.090908585961886956e+02  1.000000096935763759e+04  0.000000000000000000e+00 
                      167  1.000000000000000000e+04 -9.693576321296859533e-04  9.090908585961889230e+02  1.000000096935763213e+04  0.000000000000000000e+00 
                      168  1.000000000000000000e+04 -9.693576284917071462e-04  9.090908585961894914e+02  1.000000096935762849e+04  0.000000000000000000e+00 
                      169  1.000000000000000000e+04 -9.693576193967601284e-04  9.090908585961904009e+02  1.000000096935761940e+04  0.000000000000000000e+00 
                      170  1.000000000000000000e+04 -9.693576030258554965e-04  9.090908585961917652e+02  1.000000096935760303e+04  0.000000000000000000e+00 
                      171  1.000000000000000000e+04 -9.693575775600038469e-04  9.090908585961939252e+02  1.000000096935757756e+04  0.000000000000000000e+00 
                      172  1.000000000000000000e+04 -9.693575320852687582e-04  9.090908585961973358e+02  1.000000096935753209e+04  0.000000000000000000e+00 
                      173  1.000000000000000000e+04 -9.693574611446820199e-04  9.090908585962032475e+02  1.000000096935746114e+04  0.000000000000000000e+00 
                      174  1.000000000000000000e+04 -9.693573465483495966e-04  9.090908585962121151e+02  1.000000096935734655e+04  0.000000000000000000e+00 
                      175  1.000000000000000000e+04 -9.693571682873880491e-04  9.090908585962263260e+02  1.000000096935716829e+04  0.000000000000000000e+00 
                      176  1.000000000000000000e+04 -9.693568827060516924e-04  9.090908585962486086e+02  1.000000096935688271e+04  0.000000000000000000e+00 
                      177  1.000000000000000000e+04 -9.693564334156690165e-04  9.090908585962813504e+02  1.000000096935643342e+04  0.000000000000000000e+00 
                      178  1.000000000000000000e+04 -9.693557458376744762e-04  9.090908585963280757e+02  1.000000096935574584e+04  0.000000000000000000e+00 
                      179  1.000000000000000000e+04 -9.693547417555237189e-04  9.090908585963944688e+02  1.000000096935474176e+04  0.000000000000000000e+00 
                      180  1.000000000000000000e+04 -9.693533029349055141e-04  9.090908585964961048e+02  1.000000096935330293e+04  0.000000000000000000e+00 
                      181  1.000000000000000000e+04 -9.693512092781020328e-04  9.090908585966612918e+02  1.000000096935120928e+04  0.000000000000000000e+00 
                      182  1.000000000000000000e+04 -9.693480023997835815e-04  9.090908585969143587e+02  1.000000096934800240e+04  0.000000000000000000e+00 
                      183  1.000000000000000000e+04 -9.693430256447754800e-04  9.090908585972408673e+02  1.000000096934302564e+04  0.000000000000000000e+00 
                      184  1.000000000000000000e+04 -9.693358533695572987e-04  9.090908585975828373e+02  1.000000096933585337e+04  0.000000000000000000e+00 
                      185  1.000000000000000000e+04 -9.693268129922216758e-04  9.090908585979706231e+02  1.000000096932681299e+04  0.000000000000000000e+00 
                      186  1.000000000000000000e+04 -9.693163483461830765e-04  9.090908585987637025e+02  1.000000096931634835e+04  0.000000000000000000e+00 
                      187  1.000000000000000000e+04 -9.693018582765944302e-04  9.090908586005770076e+02  1.000000096930185828e+04  0.000000000000000000e+00 
                      188  1.000000000000000000e+04 -9.692747444205451757e-04  9.090908586033101528e+02  1.000000096927474442e+04  0.000000000000000000e+00 
                      189  1.000000000000000000e+04 -9.692265375633724034e-04  9.090908586049096129e+02  1.000000096922653756e+04  0.000000000000000000e+00 
                      190  1.000000000000000000e+04 -9.691682935226708651e-04  9.090908586029671596e+02  1.000000096916829352e+04  0.000000000000000000e+00 
                      191  1.000000000000000000e+04 -9.691379709693137556e-04  9.090908586014535331e+02  1.000000096913797097e+04  0.000000000000000000e+00 
                      192  1.000000000000000000e+04 -9.691445720818592235e-04  9.090908586146947528e+02  1.000000096914457208e+04  0.000000000000000000e+00 
                      193  1.000000000000000000e+04 -9.690644383226754144e-04  9.090908586494053907e+02  1.000000096906443832e+04  0.000000000000000000e+00 
                      194  1.000000000000000000e+04 -9.686885096016339958e-04  9.090908586669233955e+02  1.000000096868850960e+04  0.000000000000000000e+00 
                      195  1.000000000000000000e+04 -9.681309111329028383e-04  9.090908585963121595e+02  1.000000096813091113e+04  0.000000000000000000e+00 
                      196  1.000000000000000000e+04 -9.681893388915341347e-04  9.090908584799930168e+02  1.000000096818933889e+04  0.000000000000000000e+00 
                      197  1.000000000000000000e+04 -9.694377058622194454e-04  9.090908586048755069e+02  1.000000096943770586e+04  0.000000000000000000e+00 
                      198  1.000000000000000000e+04 -9.699734364403411746e-04  9.090908591628938211e+02  1.000000096997343644e+04  0.000000000000000000e+00 
                      199  1.000000000000000000e+04 -9.658048493292881176e-04  9.090908594310167246e+02  1.000000096580484933e+04  0.000000000000000000e+00 
                      200  1.000000000000000000e+04 -9.585436673660296947e-04  9.090908580210782475e+02  1.000000095854366737e+04  0.000000000000000000e+00 
                      201  1.000000000000000000e+04 -9.622357993066543713e-04  9.090908558538686748e+02  1.000000096223579931e+04  0.000000000000000000e+00 
                      202  1.000000000000000000e+04 -9.857764052867423743e-04  9.090908582763509003e+02  1.000000098577640529e+04  0.000000000000000000e+00 
                      203  1.000000000000000000e+04 -9.944643097696825862e-04  9.090908673353798122e+02  1.000000099446430977e+04  0.000000000000000000e+00 
                      204  1.000000000000000000e+04 -9.297978067479562014e-04  9.090908679488783264e+02  1.000000092979780675e+04  0.000000000000000000e+00 
                      205  1.000000000000000000e+04 -8.461745128442998976e-04  9.090908410232640335e+02  1.000000084617451284e+04  0.000000000000000000e+00 
                      206  1.000000000000000000e+04 -9.628285260987468064e-04  9.090908184044174050e+02  1.000000096282852610e+04  0.000000000000000000e+00 
                      207  1.000000000000000000e+04 -1.286300790525274351e-03  9.090908831589023293e+02  1.000000128630079053e+04  0.000000000000000000e+00 
                      208  1.000000000000000000e+04 -1.175921170215588063e-03  9.090909956759732040e+02  1.000000117592117022e+04  0.000000000000000000e+00 
                      209  1.000000000000000000e+04 -1.793779010768048465e-04  9.090908756527600190e+02  1.000000017937790108e+04  0.000000000000000000e+00 
                      210  1.000000000000000000e+04  1.305971090914681554e-04  9.090904735772334107e+02  9.999999869402890909e+03  0.000000000000000000e+00 
                      211  1.000000000000000000e+04 -2.459669032759848051e-03  9.090906070870490794e+02  1.000000245966903276e+04  0.000000000000000000e+00 
                      212  1.000000000000000000e+04 -4.626391601050272584e-03  9.090918441696562695e+02  1.000000462639160105e+04  0.000000000000000000e+00 
                      213  1.000000000000000000e+04  1.446349235266097821e-03  9.090920128723764719e+02  9.999998553650764734e+03  0.000000000000000000e+00 
                      214  1.000000000000000000e+04  9.844973765211761929e-03  9.090884989379034096e+02  9.999990155026234788e+03  0.000000000000000000e+00 
                      215  1.000000000000000000e+04 -3.310399091787985526e-03  9.090868551079148574e+02  1.000000331039909179e+04  0.000000000000000000e+00 
                      216  1.000000000000000000e+04 -3.005722284433431923e-02  9.090964294576837119e+02  1.000003005722284433e+04  0.000000000000000000e+00 
                      217  1.000000000000000000e+04 -1.422806730261072516e-03  9.091030314779759465e+02  1.000000142280673026e+04  0.000000000000000000e+00 
                      218  1.000000000000000000e+04  7.415234637119283434e-02  9.090777832775387424e+02  9.999925847653628807e+03  0.000000000000000000e+00 
                      219  1.000000000000000000e+04  7.005894085523323156e-03  9.090554334456497827e+02  9.999992994105914477e+03  0.000000000000000000e+00 
                      220  1.000000000000000000e+04 -1.822028014230454573e-01  9.091245860284170703e+02  1.000018220280142305e+04  0.000000000000000000e+00 
                      221  1.000000000000000000e+04 -3.003614704539359082e-02  9.091943182410051350e+02  1.000003003614704539e+04  0.000000000000000000e+00 
                      222  1.000000000000000000e+04  4.438605169816582929e-01  9.089732152311863729e+02  9.999556139483018342e+03  0.000000000000000000e+00 
                      223  1.000000000000000000e+04  7.971591344903572462e-02  9.088329153516568795e+02  9.999920284086550964e+03  0.000000000000000000e+00 
                      224  1.000000000000000000e+04 -1.280146347253321437e+00  9.095240964781759203e+02  1.000128014634725332e+04  0.000000000000000000e+00 
                      225  1.000000000000000000e+04  3.448022850952838780e-01  9.095109434111587916e+02  9.999655197714904716e+03  0.000000000000000000e+00 
                      226  1.000000000000000000e+04  3.270713978878120543e+00  9.079780562244068278e+02  9.996729286021121879e+03  0.000000000000000000e+00 
                      227  1.000000000000000000e+04 -3.780993379179562908e+00  9.083527321711536615e+02  1.000378099337917956e+04  0.000000000000000000e+00 
                      228  1.000000000000000000e+04 -3.551419350591459079e+00  9.116406800232917931e+02  1.000355141935059146e+04  0.000000000000000000e+00 
                      229  1.000000000000000000e+04  1.131893508473876864e+01  9.130607879962294646e+02  9.988681064915261231e+03  0.000000000000000000e+00 
                      230  1.000000000000000000e+04 -6.316581049839442130e+00  8.944498315370241244e+02  1.000631658104983944e+04  0.000000000000000000e+00 
                      231  1.000000000000000000e+04 -9.923326204574550502e+00  9.034464178589441872e+02  1.000992332620457455e+04  0.000000000000000000e+00 
                      232  1.000000000000000000e+04  1.846460059159107914e+01  9.890124740988929943e+02  9.981535399408408921e+03  0.000000000000000000e+00 
                      233  9.000000000000000000e+03 -8.367980394863479887e+00  8.120460478240711382e+02  9.008367980394863480e+03  0.000000000000000000e+00 
                      234  8.000000000000000000e+03 -6.631904342966663535e+00  7.123429107346958062e+02  8.006631904342966664e+03  0.000000000000000000e+00 
                      235  7.000000000000000000e+03  8.211807751835294766e+00  6.413545958963779867e+02  6.991788192248164705e+03  0.000000000000000000e+00 
                      236  6.000000000000000000e+03 -2.051323689311175258e-01  5.486471280204394816e+02  6.000205132368931118e+03  0.000000000000000000e+00 
                      237  5.000000000000000000e+03 -5.268232185781016597e-01  4.515314069081615003e+02  5.000526823218578102e+03  0.000000000000000000e+00 
                      238  4.000000000000000000e+03 -6.762973958045222389e+00  3.589344303757429202e+02  4.006762973958045222e+03  0.000000000000000000e+00 
                      239  3.000000000000000000e+03  6.036562816657351505e+00  2.862399673091563272e+02  2.993963437183342648e+03  0.000000000000000000e+00 
                      240  2.000000000000000000e+03  7.272020263956164854e+00  1.874233008666698765e+02  1.992727979736043835e+03  0.000000000000000000e+00 
                      241  1.000000000000000000e+03 -1.662005135580011483e+01  1.894264599664606052e+01  1.016620051355800115e+03  0.000000000000000000e+00 
                      242  9.000000000000000000e+02  9.056881976486806707e+00  8.686813529289142366e+01  8.909431180235131933e+02  0.000000000000000000e+00 
                      243  8.000000000000000000e+02  5.703301170716144952e+00  8.589916696893094183e+01  7.942966988292838550e+02  0.000000000000000000e+00 
                      244  7.000000000000000000e+02 -1.033887003185543563e+01  6.009355664575129907e+01  7.103388700318554356e+02  0.000000000000000000e+00 
                      245  6.000000000000000000e+02  3.244648932712721034e+00  5.229690396944755548e+01  5.967553510672872790e+02  0.000000000000000000e+00 
                      246  5.000000000000000000e+02  3.588380862221470124e+00  4.605959861321793625e+01  4.964116191377785299e+02  0.000000000000000000e+00 
                      247  4.000000000000000000e+02 -3.218833448215093540e+00  3.714882179631838710e+01  4.032188334482150935e+02  0.000000000000000000e+00 
                      248  3.000000000000000000e+02 -2.413598673556407448e-01  2.732544166542576747e+01  3.002413598673556407e+02  0.000000000000000000e+00 
                      249  2.000000000000000000e+02  1.445062471942833326e+00  1.834630447691803212e+01  1.985549375280571667e+02  0.000000000000000000e+00 
                      250  1.000000000000000000e+02 -5.997296853957578833e-01  6.479316044561542753e+00  1.005997296853957579e+02  0.000000000000000000e+00 
                      251  0.000000000000000000e+00  0.000000000000000000e+00  2.103109964835204515e+00  4.178340325827602442e+01  0.000000000000000000e+00 
                      252  0.000000000000000000e+00  0.000000000000000000e+00  0.000000000000000000e+00  1.068369877715785066e+01  0.000000000000000000e+00 
                      253  0.000000000000000000e+00  0.000000000000000000e+00  0.000000000000000000e+00  2.099917124520237266e+00  0.000000000000000000e+00 
                      254  0.000000000000000000e+00  0.000000000000000000e+00  0.000000000000000000e+00  0.000000000000000000e+00  0.000000000000000000e+00 
                      255  0.000000000000000000e+00  0.000000000000000000e+00  0.000000000000000000e+00  0.000000000000000000e+00  0.000000000000000000e+00 
