                    Count                    Target                     Error                Dwell Time           Expected Figure             Sputter Yield              Error in RMS           Target Elements             Unit Elements            Total Elements 
                        0  0.000000000000000000e+00  0.000000000000000000e+00  0.000000000000000000e+00  0.000000000000000000e+00  1.000000000000000000e+00  5.317409244508839450e+00  2.460000000000000000e+02  5.000000000000000000e+00  2.560000000000000000e+02 
                        1  0.000000000000000000e+00  0.000000000000000000e+00  0.000000000000000000e+00  0.000000000000000000e+00  2.000000000000000000e+00 
                        2  0.000000000000000000e+00  0.000000000000000000e+00  0.000000000000000000e+00  2.049327355907910153e+00  5.000000000000000000e+00 
                        3  0.000000000000000000e+00  0.000000000000000000e+00  0.000000000000000000e+00  1.056889209057008827e+01  2.000000000000000000e+00 
                        4  0.000000000000000000e+00  0.000000000000000000e+00  2.049327355907910153e+00  4.134003021956887380e+01  1.000000000000000000e+00 
                        5  1.000000000000000000e+02 -3.339958367896684877e-01  6.470237378754268853e+00  1.003339958367896685e+02  0.000000000000000000e+00 
                        6  2.000000000000000000e+02  1.566682556362735568e+00  1.815291868252078444e+01  1.984333174436372644e+02  0.000000000000000000e+00 
                        7  3.000000000000000000e+02 -9.711111874493667528e-01  2.757831686616093236e+01  3.009711111874493668e+02  0.000000000000000000e+00 
                        8  4.000000000000000000e+02 -3.308311131378161463e+00  3.752228818529506071e+01  4.033083111313781615e+02  0.000000000000000000e+00 
                        9  5.000000000000000000e+02  4.992990607147646642e+00  4.525887574225869514e+01  4.950070093928523534e+02  0.000000000000000000e+00 
                       10  6.000000000000000000e+02  3.450090719693548635e+00  5.186956630554274028e+01  5.965499092803064514e+02  0.000000000000000000e+00 
                       11  7.000000000000000000e+02 -1.419292967791921001e+01  6.235060483372236462e+01  7.141929296779192100e+02  0.000000000000000000e+00 
                       12  8.000000000000000000e+02  8.543633455081021566e+00  8.446082841533547025e+01  7.914563665449189784e+02  0.000000000000000000e+00 
                       13  9.000000000000000000e+02  1.376567876035971949e+01  8.452024032529233466e+01  8.862343212396402805e+02  0.000000000000000000e+00 
                       14  1.000000000000000000e+03 -2.635515926936886899e+01  2.354096784466945991e+01  1.026355159269368869e+03  0.000000000000000000e+00 
                       15  2.000000000000000000e+03  1.204097386381454271e+01  1.852789222594463752e+02  1.987959026136185457e+03  0.000000000000000000e+00 
                       16  3.000000000000000000e+03  9.460588951269073732e+00  2.845911664612086156e+02  2.990539411048730926e+03  0.000000000000000000e+00 
                       17  4.000000000000000000e+03 -1.059669416667247788e+01  3.607799059019048400e+02  4.010596694166672478e+03  0.000000000000000000e+00 
                       18  5.000000000000000000e+03 -1.774118654897392844e+00  4.519249545753158372e+02  5.001774118654897393e+03  0.000000000000000000e+00 
                       19  6.000000000000000000e+03  8.692347833912208444e-01  5.483860003246529686e+02  5.999130765216608779e+03  0.000000000000000000e+00 
                       20  7.000000000000000000e+03  1.247405031872585823e+01  6.392263668639936895e+02  6.987525949681274142e+03  0.000000000000000000e+00 
                       21  8.000000000000000000e+03 -1.028157403338718723e+01  7.141182148128197014e+02  8.010281574033387187e+03  0.000000000000000000e+00 
                       22  9.000000000000000000e+03 -1.365913075502794527e+01  8.144607305110447442e+02  9.013659130755027945e+03  0.000000000000000000e+00 
                       23  1.000000000000000000e+04  2.920634427922595933e+01  9.839303048945587307e+02  9.970793655720774041e+03  0.000000000000000000e+00 
                       24  1.000000000000000000e+04 -1.514209710979775991e+01  9.060320719210524203e+02  1.001514209710979776e+04  0.000000000000000000e+00 
                       25  1.000000000000000000e+04 -9.457379371542629087e+00  8.960383115709672666e+02  1.000945737937154263e+04  0.000000000000000000e+00 
                       26  1.000000000000000000e+04  1.556891570709558437e+01  9.105837740624400567e+02  9.984431084292904416e+03  0.000000000000000000e+00 
                       27  1.000000000000000000e+04 -3.746310026899664081e+00  9.121038246551626116e+02  1.000374631002689966e+04  0.000000000000000000e+00 
                       28  1.000000000000000000e+04 -5.262618262686373782e+00  9.091958696073933197e+02  1.000526261826268637e+04  0.000000000000000000e+00 
                       29  1.000000000000000000e+04  3.242705992750416044e+00  9.076295878404522455e+02  9.996757294007249584e+03  0.000000000000000000e+00 
                       30  1.000000000000000000e+04  1.108724977842939552e+00  9.092326711720502317e+02  9.998891275022157060e+03  0.000000000000000000e+00 
                       31  1.000000000000000000e+04 -1.203747422068772721e+00  9.096484485909386422e+02  1.000120374742206877e+04  0.000000000000000000e+00 
                       32  1.000000000000000000e+04 -3.645247217427822761e-01  9.089759766917311481e+02  1.000036452472174278e+04  0.000000000000000000e+00 
                       33  1.000000000000000000e+04  4.238909563937340863e-01  9.089146208993599885e+02  9.999576109043606266e+03  0.000000000000000000e+00 
                       34  1.000000000000000000e+04  1.787670103112759534e-01  9.091258311104389804e+02  9.999821232989688724e+03  0.000000000000000000e+00 
                       35  1.000000000000000000e+04 -1.603005982342438074e-01  9.091509403515269696e+02  1.000016030059823424e+04  0.000000000000000000e+00 
                       36  1.000000000000000000e+04 -8.164957159897312522e-02  9.090849782439897808e+02  1.000008164957159897e+04  0.000000000000000000e+00 
                       37  1.000000000000000000e+04  5.351043378323083743e-02  9.090693592323813164e+02  9.999946489566216769e+03  0.000000000000000000e+00 
                       38  1.000000000000000000e+04  3.614616738377662841e-02  9.090903280733933798e+02  9.999963853832616223e+03  0.000000000000000000e+00 
                       39  1.000000000000000000e+04 -1.396139609096280765e-02  9.090981404180166692e+02  1.000001396139609096e+04  0.000000000000000000e+00 
                       40  1.000000000000000000e+04 -1.538158002222189680e-02  9.090922359208650505e+02  1.000001538158002222e+04  0.000000000000000000e+00 
                       41  1.000000000000000000e+04  2.015561245571007021e-03  9.090887720851101221e+02  9.999997984438754429e+03  0.000000000000000000e+00 
                       42  1.000000000000000000e+04  5.844510558745241724e-03  9.090900488960498933e+02  9.999994155489441255e+03  0.000000000000000000e+00 
                       43  1.000000000000000000e+04  6.078960668673971668e-04  9.090914139613574889e+02  9.999999392103933133e+03  0.000000000000000000e+00 
                       44  1.000000000000000000e+04 -1.853692723670974374e-03  9.090913029953901514e+02  1.000000185369272367e+04  0.000000000000000000e+00 
                       45  1.000000000000000000e+04 -6.799217153456993401e-04  9.090908464291563860e+02  1.000000067992171535e+04  0.000000000000000000e+00 
                       46  1.000000000000000000e+04  4.330086467234650627e-04  9.090907690386936792e+02  9.999999566991353277e+03  0.000000000000000000e+00 
                       47  1.000000000000000000e+04  3.475393132248427719e-04  9.090908897464075835e+02  9.999999652460686775e+03  0.000000000000000000e+00 
                       48  1.000000000000000000e+04 -3.674875733850058168e-05  9.090909464513670173e+02  1.000000003674875734e+04  0.000000000000000000e+00 
                       49  1.000000000000000000e+04 -1.229691333719529212e-04  9.090909263193707375e+02  1.000000012296913337e+04  0.000000000000000000e+00 
                       50  1.000000000000000000e+04 -2.825905539793893695e-05  9.090909033216721582e+02  1.000000002825905540e+04  0.000000000000000000e+00 
                       51  1.000000000000000000e+04  2.895190846174955368e-05  9.090909020797946596e+02  9.999999971048091538e+03  0.000000000000000000e+00 
                       52  1.000000000000000000e+04  1.880638592410832644e-05  9.090909084009957724e+02  9.999999981193614076e+03  0.000000000000000000e+00 
                       53  1.000000000000000000e+04 -2.078471879940479994e-06  9.090909108844105049e+02  1.000000000207847188e+04  0.000000000000000000e+00 
                       54  1.000000000000000000e+04 -6.436512194341048598e-06  9.090909099385522723e+02  1.000000000643651219e+04  0.000000000000000000e+00 
                       55  1.000000000000000000e+04 -1.828979293350130320e-06  9.090909088975279246e+02  1.000000000182897929e+04  0.000000000000000000e+00 
                       56  1.000000000000000000e+04  1.178977981908246875e-06  9.090909087788776333e+02  9.999999998821022018e+03  0.000000000000000000e+00 
                       57  1.000000000000000000e+04  1.003134457278065383e-06  9.090909090220706048e+02  9.999999998996865543e+03  0.000000000000000000e+00 
                       58  1.000000000000000000e+04  7.239577826112508774e-08  9.090909091488848617e+02  9.999999999927604222e+03  0.000000000000000000e+00 
                       59  1.000000000000000000e+04 -2.542383299442008138e-07  9.090909091334592631e+02  1.000000000025423833e+04  0.000000000000000000e+00 
                       60  1.000000000000000000e+04 -1.290372892981395125e-07  9.090909090932429990e+02  1.000000000012903729e+04  0.000000000000000000e+00 
                       61  1.000000000000000000e+04  1.410808181390166283e-08  9.090909090806156883e+02  9.999999999985891918e+03  0.000000000000000000e+00 
                       62  1.000000000000000000e+04  4.160210664849728346e-08  9.090909090857870751e+02  9.999999999958397893e+03  0.000000000000000000e+00 
                       63  1.000000000000000000e+04  1.504122337792068720e-08  9.090909090912941792e+02  9.999999999984958777e+03  0.000000000000000000e+00 
                       64  1.000000000000000000e+04 -4.187313606962561607e-09  9.090909090923991016e+02  1.000000000000418731e+04  0.000000000000000000e+00 
                       65  1.000000000000000000e+04 -5.939000402577221394e-09  9.090909090915009756e+02  1.000000000000593900e+04  0.000000000000000000e+00 
                       66  1.000000000000000000e+04 -1.740772859193384647e-09  9.090909090908135113e+02  1.000000000000174077e+04  0.000000000000000000e+00 
                       67  1.000000000000000000e+04  6.893969839438796043e-10  9.090909090907165364e+02  9.999999999999310603e+03  0.000000000000000000e+00 
                       68  1.000000000000000000e+04  7.839844329282641411e-10  9.090909090908392045e+02  9.999999999999216016e+03  0.000000000000000000e+00 
                       69  1.000000000000000000e+04  2.164597390219569206e-10  9.090909090909211727e+02  9.999999999999783540e+03  0.000000000000000000e+00 
                       70  1.000000000000000000e+04 -8.549250196665525436e-11  9.090909090909320867e+02  1.000000000000008549e+04  0.000000000000000000e+00 
                       71  1.000000000000000000e+04 -9.640643838793039322e-11  9.090909090909178758e+02  1.000000000000009641e+04  0.000000000000000000e+00 
                       72  1.000000000000000000e+04 -3.092281986027956009e-11  9.090909090909082124e+02  1.000000000000003092e+04  0.000000000000000000e+00 
                       73  1.000000000000000000e+04  9.094947017729282379e-12  9.090909090909065071e+02  9.999999999999990905e+03  0.000000000000000000e+00 
                       74  1.000000000000000000e+04  1.273292582482099533e-11  9.090909090909079850e+02  9.999999999999987267e+03  0.000000000000000000e+00 
                       75  1.000000000000000000e+04  5.456968210637569427e-12  9.090909090909090082e+02  9.999999999999994543e+03  0.000000000000000000e+00 
                       76  1.000000000000000000e+04  0.000000000000000000e+00  9.090909090909092356e+02  1.000000000000000000e+04  0.000000000000000000e+00 
                       77  1.000000000000000000e+04  0.000000000000000000e+00  9.090909090909091219e+02  1.000000000000000000e+04  0.000000000000000000e+00 
                       78  1.000000000000000000e+04  0.000000000000000000e+00  9.090909090909090082e+02  1.000000000000000000e+04  0.000000000000000000e+00 
                       79  1.000000000000000000e+04  0.000000000000000000e+00  9.090909090909090082e+02  1.000000000000000000e+04  0.000000000000000000e+00 
                       80  1.000000000000000000e+04  0.000000000000000000e+00  9.090909090909090082e+02  1.000000000000000000e+04  0.000000000000000000e+00 
                       81  1.000000000000000000e+04  0.000000000000000000e+00  9.090909090909091219e+02  1.000000000000000000e+04  0.000000000000000000e+00 
                       82  1.000000000000000000e+04  0.000000000000000000e+00  9.090909090909091219e+02  1.000000000000000000e+04  0.000000000000000000e+00 
                       83  1.000000000000000000e+04  0.000000000000000000e+00  9.090909090909090082e+02  1.000000000000000000e+04  0.000000000000000000e+00 
                       84  1.000000000000000000e+04  1.818989403545856476e-12  9.090909090909088945e+02  9.999999999999998181e+03  0.000000000000000000e+00 
                       85  1.000000000000000000e+04  0.000000000000000000e+00  9.090909090909090082e+02  1.000000000000000000e+04  0.000000000000000000e+00 
                       86  1.000000000000000000e+04  1.818989403545856476e-12  9.090909090909090082e+02  9.999999999999998181e+03  0.000000000000000000e+00 
                       87  1.000000000000000000e+04  0.000000000000000000e+00  9.090909090909090082e+02  1.000000000000000000e+04  0.000000000000000000e+00 
                       88  1.000000000000000000e+04  0.000000000000000000e+00  9.090909090909090082e+02  1.000000000000000000e+04  0.000000000000000000e+00 
                       89  1.000000000000000000e+04  3.637978807091712952e-12  9.090909090909088945e+02  9.999999999999996362e+03  0.000000000000000000e+00 
                       90  1.000000000000000000e+04  3.637978807091712952e-12  9.090909090909088945e+02  9.999999999999996362e+03  0.000000000000000000e+00 
                       91  1.000000000000000000e+04  3.637978807091712952e-12  9.090909090909088945e+02  9.999999999999996362e+03  0.000000000000000000e+00 
                       92  1.000000000000000000e+04  3.637978807091712952e-12  9.090909090909088945e+02  9.999999999999996362e+03  0.000000000000000000e+00 
                       93  1.000000000000000000e+04  3.637978807091712952e-12  9.090909090909088945e+02  9.999999999999996362e+03  0.000000000000000000e+00 
                       94  1.000000000000000000e+04  3.637978807091712952e-12  9.090909090909088945e+02  9.999999999999996362e+03  0.000000000000000000e+00 
                       95  1.000000000000000000e+04  3.637978807091712952e-12  9.090909090909088945e+02  9.999999999999996362e+03  0.000000000000000000e+00 
                       96  1.000000000000000000e+04  3.637978807091712952e-12  9.090909090909088945e+02  9.999999999999996362e+03  0.000000000000000000e+00 
                       97  1.000000000000000000e+04  3.637978807091712952e-12  9.090909090909088945e+02  9.999999999999996362e+03  0.000000000000000000e+00 
                       98  1.000000000000000000e+04  3.637978807091712952e-12  9.090909090909088945e+02  9.999999999999996362e+03  0.000000000000000000e+00 
                       99  1.000000000000000000e+04  3.637978807091712952e-12  9.090909090909088945e+02  9.999999999999996362e+03  0.000000000000000000e+00 
                      100  1.000000000000000000e+04  3.637978807091712952e-12  9.090909090909088945e+02  9.999999999999996362e+03  0.000000000000000000e+00 
                      101  1.000000000000000000e+04  3.637978807091712952e-12  9.090909090909088945e+02  9.999999999999996362e+03  0.000000000000000000e+00 
                      102  1.000000000000000000e+04  3.637978807091712952e-12  9.090909090909088945e+02  9.999999999999996362e+03  0.000000000000000000e+00 
                      103  1.000000000000000000e+04  3.637978807091712952e-12  9.090909090909088945e+02  9.999999999999996362e+03  0.000000000000000000e+00 
                      104  1.000000000000000000e+04  3.637978807091712952e-12  9.090909090909088945e+02  9.999999999999996362e+03  0.000000000000000000e+00 
                      105  1.000000000000000000e+04  3.637978807091712952e-12  9.090909090909088945e+02  9.999999999999996362e+03  0.000000000000000000e+00 
                      106  1.000000000000000000e+04  3.637978807091712952e-12  9.090909090909088945e+02  9.999999999999996362e+03  0.000000000000000000e+00 
                      107  1.000000000000000000e+04  3.637978807091712952e-12  9.090909090909088945e+02  9.999999999999996362e+03  0.000000000000000000e+00 
                      108  1.000000000000000000e+04  3.637978807091712952e-12  9.090909090909088945e+02  9.999999999999996362e+03  0.000000000000000000e+00 
                      109  1.000000000000000000e+04  3.637978807091712952e-12  9.090909090909088945e+02  9.999999999999996362e+03  0.000000000000000000e+00 
                      110  1.000000000000000000e+04  3.637978807091712952e-12  9.090909090909088945e+02  9.999999999999996362e+03  0.000000000000000000e+00 
                      111  1.000000000000000000e+04  3.637978807091712952e-12  9.090909090909088945e+02  9.999999999999996362e+03  0.000000000000000000e+00 
                      112  1.000000000000000000e+04  3.637978807091712952e-12  9.090909090909088945e+02  9.999999999999996362e+03  0.000000000000000000e+00 
                      113  1.000000000000000000e+04  3.637978807091712952e-12  9.090909090909088945e+02  9.999999999999996362e+03  0.000000000000000000e+00 
                      114  1.000000000000000000e+04  3.637978807091712952e-12  9.090909090909088945e+02  9.999999999999996362e+03  0.000000000000000000e+00 
                      115  1.000000000000000000e+04  3.637978807091712952e-12  9.090909090909088945e+02  9.999999999999996362e+03  0.000000000000000000e+00 
                      116  1.000000000000000000e+04  3.637978807091712952e-12  9.090909090909088945e+02  9.999999999999996362e+03  0.000000000000000000e+00 
                      117  1.000000000000000000e+04  3.637978807091712952e-12  9.090909090909088945e+02  9.999999999999996362e+03  0.000000000000000000e+00 
                      118  1.000000000000000000e+04  3.637978807091712952e-12  9.090909090909088945e+02  9.999999999999996362e+03  0.000000000000000000e+00 
                      119  1.000000000000000000e+04  3.637978807091712952e-12  9.090909090909088945e+02  9.999999999999996362e+03  0.000000000000000000e+00 
                      120  1.000000000000000000e+04  3.637978807091712952e-12  9.090909090909088945e+02  9.999999999999996362e+03  0.000000000000000000e+00 
                      121  1.000000000000000000e+04  3.637978807091712952e-12  9.090909090909088945e+02  9.999999999999996362e+03  0.000000000000000000e+00 
                      122  1.000000000000000000e+04  3.637978807091712952e-12  9.090909090909088945e+02  9.999999999999996362e+03  0.000000000000000000e+00 
                      123  1.000000000000000000e+04  3.637978807091712952e-12  9.090909090909088945e+02  9.999999999999996362e+03  0.000000000000000000e+00 
                      124  1.000000000000000000e+04  3.637978807091712952e-12  9.090909090909088945e+02  9.999999999999996362e+03  0.000000000000000000e+00 
                      125  1.000000000000000000e+04  3.637978807091712952e-12  9.090909090909088945e+02  9.999999999999996362e+03  0.000000000000000000e+00 
                      126  1.000000000000000000e+04  3.637978807091712952e-12  9.090909090909088945e+02  9.999999999999996362e+03  0.000000000000000000e+00 
                      127  1.000000000000000000e+04  3.637978807091712952e-12  9.090909090909088945e+02  9.999999999999996362e+03  0.000000000000000000e+00 
                      128  1.000000000000000000e+04  3.637978807091712952e-12  9.090909090909088945e+02  9.999999999999996362e+03  0.000000000000000000e+00 
                      129  1.000000000000000000e+04  3.637978807091712952e-12  9.090909090909088945e+02  9.999999999999996362e+03  0.000000000000000000e+00 
                      130  1.000000000000000000e+04  3.637978807091712952e-12  9.090909090909088945e+02  9.999999999999996362e+03  0.000000000000000000e+00 
                      131  1.000000000000000000e+04  3.637978807091712952e-12  9.090909090909088945e+02  9.999999999999996362e+03  0.000000000000000000e+00 
                      132  1.000000000000000000e+04  3.637978807091712952e-12  9.090909090909088945e+02  9.999999999999996362e+03  0.000000000000000000e+00 
                      133  1.000000000000000000e+04  3.637978807091712952e-12  9.090909090909088945e+02  9.999999999999996362e+03  0.000000000000000000e+00 
                      134  1.000000000000000000e+04  3.637978807091712952e-12  9.090909090909088945e+02  9.999999999999996362e+03  0.000000000000000000e+00 
                      135  1.000000000000000000e+04  3.637978807091712952e-12  9.090909090909088945e+02  9.999999999999996362e+03  0.000000000000000000e+00 
                      136  1.000000000000000000e+04  3.637978807091712952e-12  9.090909090909088945e+02  9.999999999999996362e+03  0.000000000000000000e+00 
                      137  1.000000000000000000e+04  3.637978807091712952e-12  9.090909090909088945e+02  9.999999999999996362e+03  0.000000000000000000e+00 
                      138  1.000000000000000000e+04  3.637978807091712952e-12  9.090909090909088945e+02  9.999999999999996362e+03  0.000000000000000000e+00 
                      139  1.000000000000000000e+04  3.637978807091712952e-12  9.090909090909088945e+02  9.999999999999996362e+03  0.000000000000000000e+00 
                      140  1.000000000000000000e+04  3.637978807091712952e-12  9.090909090909088945e+02  9.999999999999996362e+03  0.000000000000000000e+00 
                      141  1.000000000000000000e+04  3.637978807091712952e-12  9.090909090909088945e+02  9.999999999999996362e+03  0.000000000000000000e+00 
                      142  1.000000000000000000e+04  3.637978807091712952e-12  9.090909090909088945e+02  9.999999999999996362e+03  0.000000000000000000e+00 
                      143  1.000000000000000000e+04  3.637978807091712952e-12  9.090909090909088945e+02  9.999999999999996362e+03  0.000000000000000000e+00 
                      144  1.000000000000000000e+04  3.637978807091712952e-12  9.090909090909088945e+02  9.999999999999996362e+03  0.000000000000000000e+00 
                      145  1.000000000000000000e+04  3.637978807091712952e-12  9.090909090909088945e+02  9.999999999999996362e+03  0.000000000000000000e+00 
                      146  1.000000000000000000e+04  3.637978807091712952e-12  9.090909090909088945e+02  9.999999999999996362e+03  0.000000000000000000e+00 
                      147  1.000000000000000000e+04  3.637978807091712952e-12  9.090909090909088945e+02  9.999999999999996362e+03  0.000000000000000000e+00 
                      148  1.000000000000000000e+04  3.637978807091712952e-12  9.090909090909088945e+02  9.999999999999996362e+03  0.000000000000000000e+00 
                      149  1.000000000000000000e+04  3.637978807091712952e-12  9.090909090909088945e+02  9.999999999999996362e+03  0.000000000000000000e+00 
                      150  1.000000000000000000e+04  3.637978807091712952e-12  9.090909090909088945e+02  9.999999999999996362e+03  0.000000000000000000e+00 
                      151  1.000000000000000000e+04  3.637978807091712952e-12  9.090909090909088945e+02  9.999999999999996362e+03  0.000000000000000000e+00 
                      152  1.000000000000000000e+04  3.637978807091712952e-12  9.090909090909088945e+02  9.999999999999996362e+03  0.000000000000000000e+00 
                      153  1.000000000000000000e+04  3.637978807091712952e-12  9.090909090909088945e+02  9.999999999999996362e+03  0.000000000000000000e+00 
                      154  1.000000000000000000e+04  3.637978807091712952e-12  9.090909090909088945e+02  9.999999999999996362e+03  0.000000000000000000e+00 
                      155  1.000000000000000000e+04  3.637978807091712952e-12  9.090909090909088945e+02  9.999999999999996362e+03  0.000000000000000000e+00 
                      156  1.000000000000000000e+04  3.637978807091712952e-12  9.090909090909088945e+02  9.999999999999996362e+03  0.000000000000000000e+00 
                      157  1.000000000000000000e+04  3.637978807091712952e-12  9.090909090909088945e+02  9.999999999999996362e+03  0.000000000000000000e+00 
                      158  1.000000000000000000e+04  3.637978807091712952e-12  9.090909090909088945e+02  9.999999999999996362e+03  0.000000000000000000e+00 
                      159  1.000000000000000000e+04  3.637978807091712952e-12  9.090909090909088945e+02  9.999999999999996362e+03  0.000000000000000000e+00 
                      160  1.000000000000000000e+04  3.637978807091712952e-12  9.090909090909088945e+02  9.999999999999996362e+03  0.000000000000000000e+00 
                      161  1.000000000000000000e+04  3.637978807091712952e-12  9.090909090909088945e+02  9.999999999999996362e+03  0.000000000000000000e+00 
                      162  1.000000000000000000e+04  3.637978807091712952e-12  9.090909090909088945e+02  9.999999999999996362e+03  0.000000000000000000e+00 
                      163  1.000000000000000000e+04  3.637978807091712952e-12  9.090909090909088945e+02  9.999999999999996362e+03  0.000000000000000000e+00 
                      164  1.000000000000000000e+04  3.637978807091712952e-12  9.090909090909088945e+02  9.999999999999996362e+03  0.000000000000000000e+00 
                      165  1.000000000000000000e+04  3.637978807091712952e-12  9.090909090909088945e+02  9.999999999999996362e+03  0.000000000000000000e+00 
                      166  1.000000000000000000e+04  1.818989403545856476e-12  9.090909090909090082e+02  9.999999999999998181e+03  0.000000000000000000e+00 
                      167  1.000000000000000000e+04  1.818989403545856476e-12  9.090909090909090082e+02  9.999999999999998181e+03  0.000000000000000000e+00 
                      168  1.000000000000000000e+04  0.000000000000000000e+00  9.090909090909090082e+02  1.000000000000000000e+04  0.000000000000000000e+00 
                      169  1.000000000000000000e+04  0.000000000000000000e+00  9.090909090909090082e+02  1.000000000000000000e+04  0.000000000000000000e+00 
                      170  1.000000000000000000e+04  0.000000000000000000e+00  9.090909090909090082e+02  1.000000000000000000e+04  0.000000000000000000e+00 
                      171  1.000000000000000000e+04  0.000000000000000000e+00  9.090909090909090082e+02  1.000000000000000000e+04  0.000000000000000000e+00 
                      172  1.000000000000000000e+04  0.000000000000000000e+00  9.090909090909090082e+02  1.000000000000000000e+04  0.000000000000000000e+00 
                      173  1.000000000000000000e+04  0.000000000000000000e+00  9.090909090909090082e+02  1.000000000000000000e+04  0.000000000000000000e+00 
                      174  1.000000000000000000e+04  0.000000000000000000e+00  9.090909090909090082e+02  1.000000000000000000e+04  0.000000000000000000e+00 
                      175  1.000000000000000000e+04  0.000000000000000000e+00  9.090909090909090082e+02  1.000000000000000000e+04  0.000000000000000000e+00 
                      176  1.000000000000000000e+04  0.000000000000000000e+00  9.090909090909090082e+02  1.000000000000000000e+04  0.000000000000000000e+00 
                      177  1.000000000000000000e+04  0.000000000000000000e+00  9.090909090909090082e+02  1.000000000000000000e+04  0.000000000000000000e+00 
                      178  1.000000000000000000e+04  0.000000000000000000e+00  9.090909090909091219e+02  1.000000000000000000e+04  0.000000000000000000e+00 
                      179  1.000000000000000000e+04  0.000000000000000000e+00  9.090909090909093493e+02  1.000000000000000000e+04  0.000000000000000000e+00 
                      180  1.000000000000000000e+04  3.637978807091712952e-12  9.090909090909091219e+02  9.999999999999996362e+03  0.000000000000000000e+00 
                      181  1.000000000000000000e+04  1.091393642127513885e-11  9.090909090909078714e+02  9.999999999999989086e+03  0.000000000000000000e+00 
                      182  1.000000000000000000e+04  7.275957614183425903e-12  9.090909090909066208e+02  9.999999999999992724e+03  0.000000000000000000e+00 
                      183  1.000000000000000000e+04 -2.910383045673370361e-11  9.090909090909082124e+02  1.000000000000002910e+04  0.000000000000000000e+00 
                      184  1.000000000000000000e+04 -9.640643838793039322e-11  9.090909090909176484e+02  1.000000000000009641e+04  0.000000000000000000e+00 
                      185  1.000000000000000000e+04 -8.367351256310939789e-11  9.090909090909320867e+02  1.000000000000008367e+04  0.000000000000000000e+00 
                      186  1.000000000000000000e+04  2.182787284255027771e-10  9.090909090909211727e+02  9.999999999999781721e+03  0.000000000000000000e+00 
                      187  1.000000000000000000e+04  7.858034223318099976e-10  9.090909090908388634e+02  9.999999999999214197e+03  0.000000000000000000e+00 
                      188  1.000000000000000000e+04  6.912159733474254608e-10  9.090909090907164227e+02  9.999999999999308784e+03  0.000000000000000000e+00 
                      189  1.000000000000000000e+04 -1.740772859193384647e-09  9.090909090908135113e+02  1.000000000000174077e+04  0.000000000000000000e+00 
                      190  1.000000000000000000e+04 -5.942638381384313107e-09  9.090909090915008619e+02  1.000000000000594264e+04  0.000000000000000000e+00 
                      191  1.000000000000000000e+04 -4.187313606962561607e-09  9.090909090923992153e+02  1.000000000000418731e+04  0.000000000000000000e+00 
                      192  1.000000000000000000e+04  1.503940438851714134e-08  9.090909090912945203e+02  9.999999999984960596e+03  0.000000000000000000e+00 
                      193  1.000000000000000000e+04  4.160210664849728346e-08  9.090909090857870751e+02  9.999999999958397893e+03  0.000000000000000000e+00 
                      194  1.000000000000000000e+04  1.410808181390166283e-08  9.090909090806156883e+02  9.999999999985891918e+03  0.000000000000000000e+00 
                      195  1.000000000000000000e+04 -1.290372892981395125e-07  9.090909090932431127e+02  1.000000000012903729e+04  0.000000000000000000e+00 
                      196  1.000000000000000000e+04 -2.542401489336043596e-07  9.090909091334592631e+02  1.000000000025424015e+04  0.000000000000000000e+00 
                      197  1.000000000000000000e+04  7.239395927172154188e-08  9.090909091488849754e+02  9.999999999927606041e+03  0.000000000000000000e+00 
                      198  1.000000000000000000e+04  1.003134457278065383e-06  9.090909090220707185e+02  9.999999998996865543e+03  0.000000000000000000e+00 
                      199  1.000000000000000000e+04  1.178976162918843329e-06  9.090909087788776333e+02  9.999999998821023837e+03  0.000000000000000000e+00 
                      200  1.000000000000000000e+04 -1.828981112339533865e-06  9.090909088975280383e+02  1.000000000182898111e+04  0.000000000000000000e+00 
                      201  1.000000000000000000e+04 -6.436510375351645052e-06  9.090909099385522723e+02  1.000000000643651038e+04  0.000000000000000000e+00 
                      202  1.000000000000000000e+04 -2.078471879940479994e-06  9.090909108844106186e+02  1.000000000207847188e+04  0.000000000000000000e+00 
                      203  1.000000000000000000e+04  1.880638592410832644e-05  9.090909084009957724e+02  9.999999981193614076e+03  0.000000000000000000e+00 
                      204  1.000000000000000000e+04  2.895191028073895723e-05  9.090909020797946596e+02  9.999999971048089719e+03  0.000000000000000000e+00 
                      205  1.000000000000000000e+04 -2.825905539793893695e-05  9.090909033216722719e+02  1.000000002825905540e+04  0.000000000000000000e+00 
                      206  1.000000000000000000e+04 -1.229691351909423247e-04  9.090909263193705101e+02  1.000000012296913519e+04  0.000000000000000000e+00 
                      207  1.000000000000000000e+04 -3.674875733850058168e-05  9.090909464513672447e+02  1.000000003674875734e+04  0.000000000000000000e+00 
                      208  1.000000000000000000e+04  3.475393168628215790e-04  9.090908897464072425e+02  9.999999652460683137e+03  0.000000000000000000e+00 
                      209  1.000000000000000000e+04  4.330086485424544662e-04  9.090907690386934519e+02  9.999999566991351458e+03  0.000000000000000000e+00 
                      210  1.000000000000000000e+04 -6.799217117077205330e-04  9.090908464291562723e+02  1.000000067992171171e+04  0.000000000000000000e+00 
                      211  1.000000000000000000e+04 -1.853692721851984970e-03  9.090913029953900377e+02  1.000000185369272185e+04  0.000000000000000000e+00 
                      212  1.000000000000000000e+04  6.078960650484077632e-04  9.090914139613573752e+02  9.999999392103934952e+03  0.000000000000000000e+00 
                      213  1.000000000000000000e+04  5.844510558745241724e-03  9.090900488960500070e+02  9.999994155489441255e+03  0.000000000000000000e+00 
                      214  1.000000000000000000e+04  2.015561245571007021e-03  9.090887720851102358e+02  9.999997984438754429e+03  0.000000000000000000e+00 
                      215  1.000000000000000000e+04 -1.538158002404088620e-02  9.090922359208650505e+02  1.000001538158002404e+04  0.000000000000000000e+00 
                      216  1.000000000000000000e+04 -1.396139609096280765e-02  9.090981404180166692e+02  1.000001396139609096e+04  0.000000000000000000e+00 
                      217  1.000000000000000000e+04  3.614616738377662841e-02  9.090903280733931524e+02  9.999963853832616223e+03  0.000000000000000000e+00 
                      218  1.000000000000000000e+04  5.351043378504982684e-02  9.090693592323812027e+02  9.999946489566214950e+03  0.000000000000000000e+00 
                      219  1.000000000000000000e+04 -8.164957159533514641e-02  9.090849782439895534e+02  1.000008164957159534e+04  0.000000000000000000e+00 
                      220  1.000000000000000000e+04 -1.603005982324248180e-01  9.091509403515269696e+02  1.000016030059823242e+04  0.000000000000000000e+00 
                      221  1.000000000000000000e+04  1.787670103112759534e-01  9.091258311104389804e+02  9.999821232989688724e+03  0.000000000000000000e+00 
                      222  1.000000000000000000e+04  4.238909563937340863e-01  9.089146208993598748e+02  9.999576109043606266e+03  0.000000000000000000e+00 
                      223  1.000000000000000000e+04 -3.645247217427822761e-01  9.089759766917313755e+02  1.000036452472174278e+04  0.000000000000000000e+00 
                      224  1.000000000000000000e+04 -1.203747422068772721e+00  9.096484485909385285e+02  1.000120374742206877e+04  0.000000000000000000e+00 
                      225  1.000000000000000000e+04  1.108724977842939552e+00  9.092326711720503454e+02  9.998891275022157060e+03  0.000000000000000000e+00 
                      226  1.000000000000000000e+04  3.242705992750416044e+00  9.076295878404522455e+02  9.996757294007249584e+03  0.000000000000000000e+00 
                      227  1.000000000000000000e+04 -5.262618262684554793e+00  9.091958696073929787e+02  1.000526261826268455e+04  0.000000000000000000e+00 
                      228  1.000000000000000000e+04 -3.746310026897845091e+00  9.121038246551624979e+02  1.000374631002689785e+04  0.000000000000000000e+00 
                      229  1.000000000000000000e+04  1.556891570709558437e+01  9.105837740624401704e+02  9.984431084292904416e+03  0.000000000000000000e+00 
                      230  1.000000000000000000e+04 -9.457379371542629087e+00  8.960383115709672666e+02  1.000945737937154263e+04  0.000000000000000000e+00 
                      231  1.000000000000000000e+04 -1.514209710979775991e+01  9.060320719210523066e+02  1.001514209710979776e+04  0.000000000000000000e+00 
                      232  1.000000000000000000e+04  2.920634427922595933e+01  9.839303048945587307e+02  9.970793655720774041e+03  0.000000000000000000e+00 
                      233  9.000000000000000000e+03 -1.365913075502794527e+01  8.144607305110449715e+02  9.013659130755027945e+03  0.000000000000000000e+00 
                      234  8.000000000000000000e+03 -1.028157403338627773e+01  7.141182148128197014e+02  8.010281574033386278e+03  0.000000000000000000e+00 
                      235  7.000000000000000000e+03  1.247405031872585823e+01  6.392263668639935759e+02  6.987525949681274142e+03  0.000000000000000000e+00 
                      236  6.000000000000000000e+03  8.692347833912208444e-01  5.483860003246530823e+02  5.999130765216608779e+03  0.000000000000000000e+00 
                      237  5.000000000000000000e+03 -1.774118654897392844e+00  4.519249545753158372e+02  5.001774118654897393e+03  0.000000000000000000e+00 
                      238  4.000000000000000000e+03 -1.059669416667247788e+01  3.607799059019048400e+02  4.010596694166672478e+03  0.000000000000000000e+00 
                      239  3.000000000000000000e+03  9.460588951269073732e+00  2.845911664612085588e+02  2.990539411048730926e+03  0.000000000000000000e+00 
                      240  2.000000000000000000e+03  1.204097386381499746e+01  1.852789222594463752e+02  1.987959026136185003e+03  0.000000000000000000e+00 
                      241  1.000000000000000000e+03 -2.635515926936864162e+01  2.354096784466945280e+01  1.026355159269368642e+03  0.000000000000000000e+00 
                      242  9.000000000000000000e+02  1.376567876035971949e+01  8.452024032529232045e+01  8.862343212396402805e+02  0.000000000000000000e+00 
                      243  8.000000000000000000e+02  8.543633455080907879e+00  8.446082841533549868e+01  7.914563665449190921e+02  0.000000000000000000e+00 
                      244  7.000000000000000000e+02 -1.419292967791921001e+01  6.235060483372234330e+01  7.141929296779192100e+02  0.000000000000000000e+00 
                      245  6.000000000000000000e+02  3.450090719693548635e+00  5.186956630554274739e+01  5.965499092803064514e+02  0.000000000000000000e+00 
                      246  5.000000000000000000e+02  4.992990607147646642e+00  4.525887574225869514e+01  4.950070093928523534e+02  0.000000000000000000e+00 
                      247  4.000000000000000000e+02 -3.308311131378104619e+00  3.752228818529506071e+01  4.033083111313781046e+02  0.000000000000000000e+00 
                      248  3.000000000000000000e+02 -9.711111874492530660e-01  2.757831686616092526e+01  3.009711111874492531e+02  0.000000000000000000e+00 
                      249  2.000000000000000000e+02  1.566682556362707146e+00  1.815291868252079155e+01  1.984333174436372929e+02  0.000000000000000000e+00 
                      250  1.000000000000000000e+02 -3.339958367896542768e-01  6.470237378754265301e+00  1.003339958367896543e+02  0.000000000000000000e+00 
                      251  0.000000000000000000e+00  0.000000000000000000e+00  2.049327355907908821e+00  4.134003021956886670e+01  0.000000000000000000e+00 
                      252  0.000000000000000000e+00  0.000000000000000000e+00  0.000000000000000000e+00  1.056889209057008294e+01  0.000000000000000000e+00 
                      253  0.000000000000000000e+00  0.000000000000000000e+00  0.000000000000000000e+00  2.049327355907908821e+00  0.000000000000000000e+00 
                      254  0.000000000000000000e+00  0.000000000000000000e+00  0.000000000000000000e+00  0.000000000000000000e+00  0.000000000000000000e+00 
                      255  0.000000000000000000e+00  0.000000000000000000e+00  0.000000000000000000e+00  0.000000000000000000e+00  0.000000000000000000e+00 
