                    Count                    Target                     Error                Dwell Time           Expected Figure             Sputter Yield              Error in RMS           Target Elements             Unit Elements            Total Elements 
                        1  1.000000000000000000e+04  1.785820901699480601e+00  1.999642835819660149e+03  9.998214179098300519e+03  5.000000000000000000e+00  1.785820901699480601e+00  1.000000000000000000e+01  1.000000000000000000e+00  1.200000000000000000e+01 
                        2  1.000000000000000000e+04  1.785820901699480601e+00  1.999642835819660149e+03  9.998214179098300519e+03  0.000000000000000000e+00 
                        3  1.000000000000000000e+04  1.785820901699480601e+00  1.999642835819660149e+03  9.998214179098300519e+03  0.000000000000000000e+00 
                        4  1.000000000000000000e+04  1.785820901699480601e+00  1.999642835819660149e+03  9.998214179098300519e+03  0.000000000000000000e+00 
                        5  1.000000000000000000e+04  1.785820901699480601e+00  1.999642835819660149e+03  9.998214179098300519e+03  0.000000000000000000e+00 
                        6  1.000000000000000000e+04  1.785820901699480601e+00  1.999642835819660149e+03  9.998214179098300519e+03  0.000000000000000000e+00 
                        7  1.000000000000000000e+04  1.785820901699480601e+00  1.999642835819660149e+03  9.998214179098300519e+03  0.000000000000000000e+00 
                        8  1.000000000000000000e+04  1.785820901699480601e+00  1.999642835819660149e+03  9.998214179098300519e+03  0.000000000000000000e+00 
                        9  1.000000000000000000e+04  1.785820901699480601e+00  1.999642835819660149e+03  9.998214179098300519e+03  0.000000000000000000e+00 
                       10  1.000000000000000000e+04  1.785820901699480601e+00  1.999642835819660149e+03  9.998214179098300519e+03  0.000000000000000000e+00 
