                   Target                     Error                Dwell Time           Expected Figure             Sputter Yield              Error in RMS           Target Elements             Unit Elements            Total Elements 
 1.000000000000000000e+01 -1.288229753919426662e-231  3.000000000000000000e+02 1.390671161567000864e-308  5.000000000000000000e+00  1.000000000000000000e+08  1.000000000000000000e+01  5.000000000000000000e+00  2.000000000000000000e+01 
 1.000000000000000000e+01 -1.288229753919426662e-231  3.000000000000000000e+02 6.953238847733556949e-310  5.000000000000000000e+00 
 1.000000000000000000e+01 3.211426697968102537e-322  3.000000000000000000e+02                       nan  5.000000000000000000e+00 
 1.000000000000000000e+01  0.000000000000000000e+00  3.000000000000000000e+02  0.000000000000000000e+00  5.000000000000000000e+00 
 1.000000000000000000e+01 7.905050333459944707e-323  3.000000000000000000e+02  0.000000000000000000e+00  5.000000000000000000e+00 
 1.000000000000000000e+01  0.000000000000000000e+00  3.000000000000000000e+02 3.952525166729972353e-323  0.000000000000000000e+00 
 1.000000000000000000e+01  0.000000000000000000e+00  3.000000000000000000e+02 1.807872510037101124e-308  0.000000000000000000e+00 
 1.000000000000000000e+01 5.562684646268003458e-309  3.000000000000000000e+02 6.939253032785034560e-310  0.000000000000000000e+00 
 1.000000000000000000e+01  0.000000000000000000e+00  3.000000000000000000e+02 6.939253032770014964e-310  0.000000000000000000e+00 
 1.000000000000000000e+01 6.939253032768038702e-310  3.000000000000000000e+02 6.939253032796101630e-310  0.000000000000000000e+00 
