                    Count                    Target                     Error                Dwell Time           Expected Figure             Sputter Yield              Error in RMS           Target Elements             Unit Elements            Total Elements 
                      169  2.611033932850311885e+03  1.364131805763418015e+01  6.415151742546777677e+04  2.597392614792677705e+03  7.541911795510000087e-07  1.086500050232968029e+00  4.150000000000000000e+02  1.690000000000000000e+02  7.530000000000000000e+02 
                      170  2.565677599539123094e+03  7.999208024321887933e+00  6.300739120955103135e+04  2.557678391514801206e+03  1.534271982364999920e-06 
                      171  2.521096926501150847e+03  3.257262508046096627e+00  6.183050130180796987e+04  2.517839663993104750e+03  2.254589553856000155e-06 
                      172  2.477601587780778573e+03 -3.678359880218522449e-01  6.064541702765227092e+04  2.477969423768800425e+03  2.939336822801999932e-06 
                      173  2.435289574581248417e+03 -2.869317551192580140e+00  5.947533320117952098e+04  2.438158892132440997e+03  3.634319709577999935e-06 
                      174  2.394120430830583700e+03 -4.375270104997980525e+00  5.833835659448633669e+04  2.398495700935581681e+03  4.393063506630000121e-06 
                      175  2.353985434212240307e+03 -5.076857139285039011e+00  5.724491973718930967e+04  2.359062291351525346e+03  5.273655364507999838e-06 
                      176  2.314755142117228843e+03 -5.179446591224404983e+00  5.619691153509829019e+04  2.319934588708453248e+03  6.330446903381999980e-06 
                      177  2.276311711518349512e+03 -4.869278217427108757e+00  5.518901184553142230e+04  2.281180989735776620e+03  7.588989466409000239e-06 
                      178  2.238564588420057589e+03 -4.297119777378611616e+00  5.421155919718116638e+04  2.242861708197436201e+03  9.037288403176999636e-06 
                      179  2.201451005093146705e+03 -3.577462067212309194e+00  5.325414083977779228e+04  2.205028467160359014e+03  1.065855578844700050e-05 
                      180  2.164930708196227897e+03 -2.793721046702557942e+00  5.230870039798998187e+04  2.167724429242930455e+03  1.245969564218899971e-05 
                      181  2.128978969137947843e+03 -2.005309639267125021e+00  5.137038922079055192e+04  2.130984278777214968e+03  1.445663263356600002e-05 
                      182  2.093578419987672078e+03 -1.256056238638848299e+00  5.043556346576989017e+04  2.094834476226310926e+03  1.665425898198199845e-05 
                      183  2.058714454259262311e+03 -5.792578848172524886e-01  4.949942154726466106e+04  2.059293712144079564e+03  1.905613673731899952e-05 
                      184  2.024375870450563070e+03  2.358358144647354493e-03  4.855701776878946112e+04  2.024373512092418423e+03  2.168610579681399956e-05 
                      185  1.990557218959206011e+03  4.783055076889013435e-01  4.760754783072735154e+04  1.990078913451517110e+03  2.459344159657299872e-05 
                      186  1.957259402422880839e+03  8.502313259498350817e-01  4.665686096850243484e+04  1.956409171096931004e+03  2.782746666349699896e-05 
                      187  1.924486373089157951e+03  1.127858516637843422e+00  4.571462541349637468e+04  1.923358514572520107e+03  3.139575478805599741e-05 
                      188  1.892239135771156043e+03  1.322126052492876624e+00  4.478956898910482414e+04  1.890917009718663166e+03  3.524984376561500211e-05 
                      189  1.860512784347310571e+03  1.441271292363808243e+00  4.388758619348990760e+04  1.859071513054946763e+03  3.931780436249400002e-05 
                      190  1.829298855389774644e+03  1.492240630680498725e+00  4.301232208141985029e+04  1.827806614759094145e+03  4.354991537142800188e-05 
                      191  1.798588170524964426e+03  1.482706848627231011e+00  4.216640221008640947e+04  1.797105463676337195e+03  4.794306240881100029e-05 
                      192  1.768371736852882123e+03  1.421297106770680330e+00  4.135345172094158625e+04  1.766950439746111442e+03  5.254424397788900233e-05 
                      193  1.738641300789434581e+03  1.317606494604206091e+00  4.058027375448440580e+04  1.737323694294830375e+03  5.744140993738999708e-05 
                      194  1.709389789620339570e+03  1.182190545115417990e+00  3.985652208522610454e+04  1.708207599075224152e+03  6.274260930098199992e-05 
                      195  1.680611243051196425e+03  1.026091071317523529e+00  3.919058515553522011e+04  1.679585151979878901e+03  6.855484316823500120e-05 
                      196  1.652299613392652873e+03  8.592489804852903035e-01  3.858398388769449230e+04  1.651440364412167582e+03  7.497986198237199709e-05 
                      197  1.624447262098781948e+03  6.886618150440426689e-01  3.802739288971167844e+04  1.623758600283737906e+03  8.212835796588100097e-05 
                      198  1.597045362273551518e+03  5.185681393777485937e-01  3.749986824349915696e+04  1.596526794134173770e+03  9.013866841256499890e-05 
                      199  1.570084854266208595e+03  3.513745426425884943e-01  3.697111729834236758e+04  1.569733479723566006e+03  9.918248801572999984e-05 
                      200  1.543556046003940082e+03  1.874355819074935425e-01  3.640519200870769419e+04  1.543368610422032589e+03  1.094420223905180015e-04 
                      201  1.517449462669973855e+03  2.622852996159963368e-02  3.576481405477762019e+04  1.517423234140012255e+03  1.210518797977979999e-04 
                      202  1.491759215655249363e+03 -1.299537959821464028e-01  3.501672265467097168e+04  1.491889169451231510e+03  1.340304731400250051e-04 
                      203  1.466485366395476831e+03 -2.734765722068459581e-01  3.413711937407394726e+04  1.466758842967683677e+03  1.482516550139679925e-04 
                      204  1.441633060282661745e+03 -3.922833017882112472e-01  3.311542757192686986e+04  1.442025343584449956e+03  1.634707039519519927e-04 
                      205  1.417209178174510271e+03 -4.734465118290245300e-01  3.195499140749770959e+04  1.417682624686339295e+03  1.793728276331599931e-04 
                      206  1.393217754155326475e+03 -5.079913038405265979e-01  3.066972316884860993e+04  1.393725745459167001e+03  1.956276119149489982e-04 
                      207  1.369656303481937812e+03 -4.947399499619677954e-01  2.927844707927980198e+04  1.370151043431899780e+03  2.119436517080989992e-04 
                      208  1.346514982590992076e+03 -4.411613021061384643e-01  2.780119923230406494e+04  1.346956143893098215e+03  2.280982904806429950e-04 
                      209  1.323778836159038065e+03 -3.609423480759232916e-01  2.625935925281346135e+04  1.324139778507113988e+03  2.439376409048289967e-04 
                      210  1.301432226387448281e+03 -2.692277472576733999e-01  2.467843864215182475e+04  1.301701454134705955e+03  2.593664332541280185e-04 
                      211  1.279463266826063773e+03 -1.777635322825972253e-01  2.309236687866477223e+04  1.279641030358346370e+03  2.743254003140049944e-04 
                      212  1.257865173979213296e+03 -9.311103615141291812e-02  2.154790658870719562e+04  1.257958285015364709e+03  2.887547384159010232e-04 
                      213  1.236634025332654346e+03 -1.854345165770610038e-02  2.010652843994786235e+04  1.236652568784312052e+03  3.025711003654080015e-04 
                      214  1.215766615598790622e+03  4.400693383740872378e-02  1.884112098186932781e+04  1.215722608664953214e+03  3.156766057454119781e-04 
                      215  1.195259943499755082e+03  9.350102189114295470e-02  1.782656143754758887e+04  1.195166442477863939e+03  3.279817996344079807e-04 
                      216  1.175110245214550787e+03  1.288100222875527834e-01  1.712643560851723669e+04  1.174981435192263234e+03  3.394163208411869965e-04 
                      217  1.155312331198076208e+03  1.479777296724478219e-01  1.678078407782172872e+04  1.155164353468403760e+03  3.499357253401800118e-04 
                      218  1.135861013665771679e+03  1.495381953013747989e-01  1.679867765185287499e+04  1.135711475470470305e+03  3.595365163260890156e-04 
                      219  1.116753492104980523e+03  1.348043211000913288e-01  1.715730670078120238e+04  1.116618687783880432e+03  3.682560695740459797e-04 
                      220  1.097990335881048395e+03  1.087829029934255232e-01  1.780719761872761228e+04  1.097881552978054970e+03  3.761543335853090243e-04 
                      221  1.079574226489190323e+03  7.885761913507849385e-02  1.867994358454175017e+04  1.079495368870055245e+03  3.833045020175640223e-04 
                      222  1.061508037363913900e+03  5.282003286379222118e-02  1.969499421419752252e+04  1.061455217331050108e+03  3.897869679790910181e-04 
                      223  1.043792275263930605e+03  3.627967648299090797e-02  2.076660827505974885e+04  1.043755995587447615e+03  3.956708001929950202e-04 
                      224  1.026421994959383483e+03  2.954020902120646497e-02  2.181293942731034258e+04  1.026392454750362276e+03  4.010000049114679772e-04 
                      225  1.009386606453627223e+03  2.734504088732592209e-02  2.276534215356595087e+04  1.009359261412739897e+03  4.058000949160380259e-04 
                      226  9.926728286110849240e+02  2.177096533159783576e-02  2.357414509511596407e+04  9.926510576457533261e+02  4.100959843035879870e-04 
                      227  9.762671192310219794e+02  4.638954835854747216e-03  2.420933901574855554e+04  9.762624802761861247e+02  4.139217526315099949e-04 
                      228  9.601569719425233416e+02 -3.115886624345876044e-02  2.465822771298006774e+04  9.601881308087668003e+02  4.173138806277269840e-04 
                      229  9.443340844627426804e+02 -8.844646087061391881e-02  2.492238594661072784e+04  9.444225309236132944e+02  4.203061380873189881e-04 
                      230  9.287986332911730187e+02 -1.614601265500823501e-01  2.501393701470021188e+04  9.289600934177231011e+02  4.229453162051169781e-04 
                      231  9.135587514894608603e+02 -2.363370827665676188e-01  2.495104059383224376e+04  9.137950885722274279e+02  4.253135638356599904e-04 
                      232  8.986246349385174881e+02 -2.969364407382499849e-01  2.475378913391302558e+04  8.989215713792557381e+02  4.275215512120210024e-04 
                      233  8.840028056144585662e+02 -3.304934813418185513e-01  2.444221587258089130e+04  8.843332990958003847e+02  4.296660338692500042e-04 
                      234  8.696925189376722756e+02 -3.312178602632229740e-01  2.403712836828633954e+04  8.700237367979354985e+02  4.317904693996600218e-04 
                      235  8.556841979342964351e+02 -3.020248860059382423e-01  2.356222327679506270e+04  8.559862228203023733e+02  4.338795942735890220e-04 
                      236  8.419612893386149608e+02 -2.529882027713483694e-01  2.304411450301351579e+04  8.422142775413863092e+02  4.358831438039779765e-04 
                      237  8.285057597983434334e+02 -1.962153300727322858e-01  2.250826551151984313e+04  8.287019751284161657e+02  4.377510881024989872e-04 
                      238  8.153043137845518231e+02 -1.399687140503829141e-01  2.197311089639639249e+04  8.154442824986022060e+02  4.394591103238450116e-04 
                      239  8.023506326419383186e+02 -8.666972922310378635e-02  2.144688132879470868e+04  8.024373023711614223e+02  4.410124403734270266e-04 
                      240  7.896440822055601529e+02 -3.432741412495943223e-02  2.092976736150511351e+04  7.896784096196851124e+02  4.424372118285249959e-04 
                      241  7.771892886350613026e+02  2.299449265262865083e-02  2.041930029222003941e+04  7.771662941424086739e+02  4.437684036701179864e-04 
                      242  7.649953310400868531e+02  9.440637158365916548e-02  1.991416386783499183e+04  7.649009246685031940e+02  4.450366029215460217e-04 
                      243  7.530714020457992319e+02  1.879557167160328390e-01  1.941587592786247842e+04  7.528834463290831991e+02  4.462553985933419829e-04 
                      244  7.414221725913566843e+02  3.061491255624559926e-01  1.893084139890519145e+04  7.411160234657942283e+02  4.474158093238550017e-04 
                      245  7.300463109176421312e+02  4.446818892756709829e-01  1.847180045698174217e+04  7.296016290283664603e+02  4.485008709640089818e-04 
                      246  7.189373903147049987e+02  5.936404982446674694e-01  1.805648806062098447e+04  7.183437498164603312e+02  4.495046434361909767e-04 
                      247  7.080867068660313635e+02  7.407201614828409220e-01  1.770407899058020121e+04  7.073459867045485225e+02  4.504224875301239832e-04 
                      248  6.974855242267482254e+02  8.739154097742130034e-01  1.743092213351037572e+04  6.966116088169740124e+02  4.512286738677679797e-04 
                      249  6.871250709282765001e+02  9.819206848771955265e-01  1.724715995201973419e+04  6.861431502433993046e+02  4.518757699325699762e-04 
                      250  6.769974005006058633e+02  1.055317498518661523e+00  1.715622288522864255e+04  6.759420830020872017e+02  4.523113058223199963e-04 
                      251  6.670960053361845894e+02  1.087447782054937306e+00  1.715623172692419030e+04  6.660085575541296521e+02  4.524981008787440145e-04 
                      252  6.574131258688447588e+02  1.071933511838892628e+00  1.723816768613454406e+04  6.563411923570058661e+02  4.524328134504849845e-04 
                      253  6.479374579990460461e+02  1.000562201667776208e+00  1.737943918055912218e+04  6.469368957973782699e+02  4.521523832073160213e-04 
                      254  6.386562768246012638e+02  8.654651983190433384e-01  1.649076173849299448e+04  6.377908116262822205e+02  4.517242485296399834e-04 
                      255  6.295600468794876861e+02  6.639422843405782260e-01  1.580269435724714458e+04  6.288961045951471078e+02  4.512256247940489942e-04 
                      256  6.206459709964735794e+02  4.019080349213481895e-01  1.529305252154491245e+04  6.202440629615522312e+02  4.507214559201380244e-04 
                      257  6.119192191427674743e+02  9.492749581124826364e-02  1.493026559006452408e+04  6.118242916469562260e+02  4.502529657053569879e-04 
                      258  6.033918338242375512e+02 -2.332267318084859653e-01  1.468042031572109227e+04  6.036250605560460372e+02  4.498348839769490161e-04 
                      259  5.950795066283205870e+02 -5.542803761577488331e-01  1.451216373053413918e+04  5.956337870044783358e+02  4.494533202076330270e-04 
                      260  5.869966403465034546e+02 -8.409855865846793677e-01  1.439922564648953994e+04  5.878376259330881339e+02  4.490704282759030042e-04 
                      261  5.791518423177524255e+02 -1.072279744491538622e+00  1.432120789984114344e+04  5.802241220622439641e+02  4.486371991304330029e-04 
                      262  5.715464155975378162e+02 -1.235441588723006134e+00  1.426307620852717628e+04  5.727818571862608223e+02  4.481064966896959731e-04 
                      263  5.641745529194732853e+02 -1.326472063250093925e+00  1.421397367693260458e+04  5.655010249827233793e+02  4.474441826323060007e-04 
                      264  5.570241727832568586e+02 -1.349699687046609142e+00  1.416600427794180177e+04  5.583738724703034677e+02  4.466333366916710079e-04 
                      265  5.500805026985569839e+02 -1.314466657459661292e+00  1.411325377663341897e+04  5.513949693560166452e+02  4.456635815272060063e-04 
                      266  5.433302356416991188e+02 -1.231073561533321481e+00  1.405113744831157419e+04  5.445613092032324403e+02  4.445103316822370258e-04 
                      267  5.367620235209226394e+02 -1.110254466042874810e+00  1.397614017233660888e+04  5.378722779869655142e+02  4.431277362993390188e-04 
                      268  5.303658135604948711e+02 -9.636916579358967283e-01  1.388579465163827444e+04  5.313295052184307679e+02  4.414716036076450157e-04 
                      269  5.241346236570733481e+02 -8.019391953531567196e-01  1.377863834199131270e+04  5.249365628524265048e+02  4.395297991171719836e-04 
                      270  5.180663498201827224e+02 -6.321345893753687051e-01  1.365401430805934433e+04  5.186984844095580911e+02  4.373193055572889760e-04 
                      271  5.121621055042423905e+02 -4.590637193696238683e-01  1.351172930395243202e+04  5.126211692236120143e+02  4.348500214067180041e-04 
                      272  5.064227994649103834e+02 -2.880093581320579688e-01  1.335171936604514121e+04  5.067108088230424414e+02  4.321039794561619884e-04 
                      273  5.008480945329187648e+02 -1.253247352983066776e-01  1.317388595014640305e+04  5.009734192682170715e+02  4.290483006673100216e-04 
                      274  4.954371948755788821e+02  2.272426162920737625e-02  1.297804739417075507e+04  4.954144706139496748e+02  4.256501431782000011e-04 
                      275  4.901890881750707081e+02  1.504968573333940185e-01  1.276383452352813765e+04  4.900385913177373141e+02  4.218821885274760168e-04 
                      276  4.851030571068407085e+02  2.537171600636725088e-01  1.253055136519022744e+04  4.848493399467770359e+02  4.177320060093019745e-04 
                      277  4.801798068878381400e+02  3.307840085394104790e-01  1.227711370440706742e+04  4.798490228792987295e+02  4.132094606844749908e-04 
                      278  4.754216630522666946e+02  3.831223183302654434e-01  1.200208112526151308e+04  4.750385407339364292e+02  4.083333356391370163e-04 
                      279  4.708308262323875510e+02  4.135334852855407917e-01  1.170375675637766290e+04  4.704172927471020103e+02  4.031014704844810203e-04 
                      280  4.664069778110052198e+02  4.237787478057839508e-01  1.138033251294261026e+04  4.659831990631994358e+02  3.974699326683010011e-04 
                      281  4.621474702514256592e+02  4.145999289824544576e-01  1.103010109021518838e+04  4.617328703224432047e+02  3.913523135005470043e-04 
                      282  4.580499821753614356e+02  3.880806674443988413e-01  1.065174329308969754e+04  4.576619015079170367e+02  3.846339207843049788e-04 
                      283  4.541130551997003977e+02  3.478225001761643398e-01  1.024460082284656346e+04  4.537652326995242333e+02  3.771913502335490047e-04 
                      284  4.503344043003660317e+02  2.968917655686595936e-01  9.808894840341143208e+03  4.500375125347973722e+02  3.689063361579259935e-04 
                      285  4.467118176118092947e+02  2.383957467621371507e-01  9.345938388063839739e+03  4.464734218650471576e+02  3.596778580900540146e-04 
                      286  4.432457410796575346e+02  1.778126599774054739e-01  8.858284811664512745e+03  4.430679284196801291e+02  3.494408501320430110e-04 
                      287  4.399397638345011501e+02  1.233248323115390122e-01  8.349705426011623786e+03  4.398164390021896111e+02  3.381814311926680037e-04 
                      288  4.367991878175467946e+02  8.435309363659371229e-02  7.825040249247970678e+03  4.367148347239102009e+02  3.259391154604569752e-04 
                      289  4.338276555335668832e+02  6.824476726023931406e-02  7.290048188841860792e+03  4.337594107663066438e+02  3.127945033330350013e-04 
                      290  4.310231930786726480e+02  7.641918607873776637e-02  6.751341720837972389e+03  4.309467738925939102e+02  2.988410726238959858e-04 
                      291  4.283784298619317497e+02  1.046524101894874548e-01  6.216441644799416281e+03  4.282737774517422622e+02  2.841602420740820152e-04 
                      292  4.258845178130925433e+02  1.469673878630715080e-01  5.693898687717320172e+03  4.257375504252294718e+02  2.688242371540579745e-04 
                      293  4.235332715009063804e+02  1.976707065974210309e-01  5.193349100546512091e+03  4.233356007943089594e+02  2.529176189115549993e-04 
                      294  4.213173132316285887e+02  2.513859742064141756e-01  4.725374513930029934e+03  4.210659272574221745e+02  2.365581944743939936e-04 
                      295  4.192299939309884849e+02  3.029168549360292673e-01  4.301094475738895198e+03  4.189270770760524556e+02  2.199164361199850012e-04 
                      296  4.172644642922435878e+02  3.463683875362448816e-01  3.931523870382891346e+03  4.169180959047073429e+02  2.032297511524469938e-04 
                      297  4.154141194430426367e+02  3.757857171868295154e-01  3.626862836434848759e+03  4.150383337258558072e+02  1.867971440500850052e-04 
                      298  4.136746480742546623e+02  3.875272973651249231e-01  3.395909742400906453e+03  4.132871207768895374e+02  1.709468555435339932e-04 
                      299  4.120440067158046418e+02  3.806189842633216358e-01  3.245627154156689357e+03  4.116633877315413201e+02  1.559821598719109961e-04 
                      300  4.105203617443677331e+02  3.550163553392735594e-01  3.180815771701647918e+03  4.101653453890284595e+02  1.421277504093839945e-04 
                      301  4.091008708971363603e+02  3.105456631222409669e-01  3.203933580085199992e+03  4.087903252340141194e+02  1.295021877864410004e-04 
                      302  4.077820717509100632e+02  2.472573380754852224e-01  3.315053331549384893e+03  4.075348144128345780e+02  1.181191609008030015e-04 
                      303  4.065599503370327170e+02  1.652963771687723238e-01  3.511859218152804715e+03  4.063946539598639447e+02  1.079110240879020059e-04 
                      304  4.054301388749267971e+02  6.481115678792548351e-02  3.789629578875857078e+03  4.053653277181388717e+02  9.876431868200499797e-05 
                      305  4.043909481996528257e+02 -5.130852702882293670e-02  4.141267587744849152e+03  4.044422567266816486e+02  9.054174518092800335e-05 
                      306  4.034463222704356440e+02 -1.747361471759063534e-01  4.557483904364204136e+03  4.036210584176115503e+02  8.308456916732899641e-05 
                      307  4.026043622732385074e+02 -2.934179750736802816e-01  5.027163034863110624e+03  4.028977802483121877e+02  7.622572577392199575e-05 
                      308  4.018738104039385348e+02 -3.952831078154872557e-01  5.537944918947410770e+03  4.022690935117540221e+02  6.982327981489700039e-05 
                      309  4.012617305646505201e+02 -4.706601930072338291e-01  6.077033267764509219e+03  4.017323907576577540e+02  6.378639780529500049e-05 
                      310  4.007723600732870750e+02 -5.133942750276787592e-01  6.632055306265501713e+03  4.012857543483147538e+02  5.807377521215400227e-05 
                      311  4.004068185962952384e+02 -5.210092908527599320e-01  7.191761607781496423e+03  4.009278278871479984e+02  5.267289747596499793e-05 
                      312  4.001624003308265287e+02 -4.952577387509791151e-01  7.746517239322324713e+03  4.006576580695775078e+02  4.758477766189199838e-05 
                      313  4.000310459331109314e+02 -4.435042677596925387e-01  8.288578111555649230e+03  4.004745502008706239e+02  4.281997522831699734e-05 
                      314  4.000000000000000000e+02 -3.779464001555652430e-01  8.812038855808241351e+03  4.003779464001555652e+02  3.839120125289200195e-05 
                      315  4.000562644523503195e+02 -3.110736922248520386e-01  9.312400982962324633e+03  4.003673381445751716e+02  3.430139352464799688e-05 
                      316  4.001910264516331495e+02 -2.512037055503242300e-01  9.786011833098840725e+03  4.004422301571834737e+02  3.053805059040499823e-05 
                      317  4.004004625880369872e+02 -2.016921978484447209e-01  1.022968792268416655e+04  4.006021547858854319e+02  2.708137516059900150e-05 
                      318  4.006850635396865528e+02 -1.616420458555580808e-01  1.064059926477431145e+04  4.008467055855421108e+02  2.392291343378300067e-05 
                      319  4.010495500570937111e+02 -1.259912508234037887e-01  1.101638038808088459e+04  4.011755413079171149e+02  2.107845506557999969e-05 
                      320  4.015012372174182929e+02 -8.709575212247955278e-02  1.135540148224286531e+04  4.015883329695407724e+02  1.857665689812599920e-05 
                      321  4.020457719725734478e+02 -3.891382195087089713e-02  1.165703826076690530e+04  4.020846857945243187e+02  1.642612993862200098e-05 
                      322  4.026837036369967677e+02  1.959201499141727254e-02  1.192174738138561770e+04  4.026641116220053505e+02  1.459081998538499944e-05 
                      323  4.034111979558562098e+02  8.509981823118550892e-02  1.215088019230348073e+04  4.033260981376250243e+02  1.299684572479800083e-05 
                      324  4.042232310723845785e+02  1.529866663591974429e-01  1.234638487107708897e+04  4.040702444060253811e+02  1.156647958351300072e-05 
                      325  4.051159138435994009e+02  2.195374936006260214e-01  1.251053599674182988e+04  4.048963763499987749e+02  1.024756731548599962e-05 
                      326  4.060863830734900830e+02  2.818039805956118471e-01  1.264563757518318562e+04  4.058045790928944712e+02  9.012524127770000026e-06 
                      327  4.071317471894273012e+02  3.365867390729135877e-01  1.275371473388325467e+04  4.067951604503543876e+02  7.851138019632999631e-06 
                      328  4.082503860996953335e+02  3.818129820350577575e-01  1.283637797144951219e+04  4.078685731176602758e+02  6.780551417064999809e-06 
                      329  4.094444380085811872e+02  4.191553320103480473e-01  1.289491301160324110e+04  4.090252826765708392e+02  5.848245564552000231e-06 
                      330  4.107187760937976009e+02  4.531904124536367817e-01  1.293047797724843804e+04  4.102655856813439641e+02  5.115193647887000297e-06 
                      331  4.120764089249905169e+02  4.869844010376596088e-01  1.294430887060533860e+04  4.115894245239528573e+02  4.636479598025999988e-06 
                      332  4.135152093892071434e+02  5.189649862204532837e-01  1.293785305327141214e+04  4.129962444029866901e+02  4.447506821331999912e-06 
                      333  4.150285193134488964e+02  5.436011510605567310e-01  1.291284424887682326e+04  4.144849181623883396e+02  4.559705732917999678e-06 
                      334  4.166077361350839965e+02  5.539970647080281196e-01  1.287139796045189905e+04  4.160537390703759684e+02  4.973396536729999920e-06 
                      335  4.182451070116953815e+02  5.446632003181548498e-01  1.281607618067311341e+04  4.177004438113772267e+02  5.688760190037000379e-06 
                      336  4.199360169208920297e+02  5.137784939901166581e-01  1.274992231797952809e+04  4.194222384269019130e+02  6.678107783856000088e-06 
                      337  4.216794249685551677e+02  4.635364975164861789e-01  1.267660321807664332e+04  4.212158884710386815e+02  7.838320420389999321e-06 
                      338  4.234762311031043964e+02  3.982644898383682630e-01  1.260062000243483999e+04  4.230779666132660282e+02  0.000000000000000000e+00 
                      339  4.253272291914685752e+02  3.125661626211808652e-01  1.252759818805316172e+04  4.250146630288473943e+02  0.000000000000000000e+00 
                      340  4.272327443896245995e+02  2.105803126780187995e-01  1.246348468426620457e+04  4.270221640769465807e+02  0.000000000000000000e+00 
                      341  4.291944682144920193e+02  9.796173543645636528e-02  1.241421704713918916e+04  4.290965064790555630e+02  0.000000000000000000e+00 
                      342  4.312168495799296579e+02 -1.686601164652756779e-02  1.238501951007814387e+04  4.312337155915761855e+02  0.000000000000000000e+00 
                      343  4.333055291000796956e+02 -1.243782403191744379e-01  1.237973250416280280e+04  4.334299073403988700e+02  0.000000000000000000e+00 
                      344  4.354628163479432601e+02 -2.185439128104462725e-01  1.240033822929544112e+04  4.356813602607537064e+02  0.000000000000000000e+00 
                      345  4.376835856506357345e+02 -3.009824911871987752e-01  1.244681939142142983e+04  4.379845681418229333e+02  0.000000000000000000e+00 
                      346  4.399577172505242402e+02 -3.785637191191995043e-01  1.251734847443679428e+04  4.403362809696434397e+02  0.000000000000000000e+00 
                      347  4.422780850892946205e+02 -4.554553944329313708e-01  1.260865388134410932e+04  4.427335404837275519e+02  0.000000000000000000e+00 
                      348  4.446452690529991401e+02 -5.284440130521375067e-01  1.271645826075830701e+04  4.451737130660512776e+02  0.000000000000000000e+00 
                      349  4.470658033561974207e+02 -5.887147952545888074e-01  1.283592978609834427e+04  4.476545181514520095e+02  0.000000000000000000e+00 
                      350  4.495471488507025697e+02 -6.268998178665015075e-01  1.296199229231811478e+04  4.501740486685690712e+02  0.000000000000000000e+00 
                      351  4.520925527991810213e+02 -6.382269482127185256e-01  1.308945172462005939e+04  4.527307797473937399e+02  0.000000000000000000e+00 
                      352  4.546993119804583330e+02 -6.242498543144279211e-01  1.321311962339588172e+04  4.553235618347727609e+02  0.000000000000000000e+00 
                      353  4.573616869314463429e+02 -5.899093035862961187e-01  1.332801186596733714e+04  4.579515962350326390e+02  0.000000000000000000e+00 
                      354  4.600746645212771000e+02 -5.397296666631063999e-01  1.342950528103343095e+04  4.606143941879402064e+02  0.000000000000000000e+00 
                      355  4.628346563175720121e+02 -4.770666999341415249e-01  1.351340501577794203e+04  4.633117230175061536e+02  0.000000000000000000e+00 
                      356  4.656381968440892933e+02 -4.053473658559028081e-01  1.357603425513733782e+04  4.660435442099451961e+02  0.000000000000000000e+00 
                      357  4.684816291332823539e+02 -3.283190038389420806e-01  1.361440449698452539e+04  4.688099481371212960e+02  0.000000000000000000e+00 
                      358  4.713615053571359113e+02 -2.495838088540267563e-01  1.362634435571938229e+04  4.716110891659899380e+02  0.000000000000000000e+00 
                      359  4.742745035325315257e+02 -1.726215270042530392e-01  1.361049310681004863e+04  4.744471250595357787e+02  0.000000000000000000e+00 
                      360  4.772175541650514106e+02 -1.006111219789431743e-01  1.356620033006016092e+04  4.773181652870303537e+02  0.000000000000000000e+00 
                      361  4.801881771296726242e+02 -3.605447071765865985e-02  1.349336285839625816e+04  4.802242316003902829e+02  0.000000000000000000e+00 
                      362  4.831845132265327720e+02  1.928130633615410261e-02  1.339221643621343901e+04  4.831652319201966179e+02  0.000000000000000000e+00 
                      363  4.862048292909781253e+02  6.388220595630400567e-02  1.326315349554292516e+04  4.861409470850218213e+02  0.000000000000000000e+00 
                      364  4.892464952043299036e+02  9.546606146875546983e-02  1.310667134253098084e+04  4.891510291428611481e+02  0.000000000000000000e+00 
                      365  4.923068017991175793e+02  1.117924932606229049e-01  1.292349544251460247e+04  4.921950093058569564e+02  0.000000000000000000e+00 
                      366  4.953857556146274419e+02  1.134426191509874116e-01  1.271476822733828158e+04  4.952723129954764545e+02  0.000000000000000000e+00 
                      367  4.984871348881227959e+02  1.048559059539684313e-01  1.248217058461560555e+04  4.983822789821688275e+02  0.000000000000000000e+00 
                      368  5.016168911780714552e+02  9.271084162060105882e-02  1.222802599751520393e+04  5.015241803364508542e+02  0.000000000000000000e+00 
                      369  5.047795703257239097e+02  8.232482640511307181e-02  1.195543984307072060e+04  5.046972454993187966e+02  0.000000000000000000e+00 
                      370  5.079753393359497977e+02  7.466159618962819877e-02  1.166831460595120916e+04  5.079006777397601695e+02  0.000000000000000000e+00 
                      371  5.112017563392678312e+02  6.808425418148544850e-02  1.137113894677603093e+04  5.111336720850863458e+02  0.000000000000000000e+00 
                      372  5.144576111824952704e+02  6.218126024543835229e-02  1.106865199459137511e+04  5.143954299222498321e+02  0.000000000000000000e+00 
                      373  5.177437981901175590e+02  5.862696255599075812e-02  1.076550939528812705e+04  5.176851712275615682e+02  0.000000000000000000e+00 
                      374  5.210623667809613835e+02  6.022332073985126044e-02  1.046610435745023460e+04  5.210021434602215322e+02  0.000000000000000000e+00 
                      375  5.244160201127350547e+02  7.039451791149531346e-02  1.017464230294879599e+04  5.243456255948235594e+02  0.000000000000000000e+00 
                      376  5.278068515613578029e+02  9.192594443697998940e-02  9.895316659303041888e+03  5.277149256169208229e+02  0.000000000000000000e+00 
                      377  5.312341990196961206e+02  1.248285046104911089e-01  9.632392919814017660e+03  5.311093705150856294e+02  0.000000000000000000e+00 
                      378  5.346939117007107143e+02  1.656223199155419934e-01  9.390230494625158826e+03  5.345282893807951723e+02  0.000000000000000000e+00 
                      379  5.381797952111039649e+02  2.088033544296195032e-01  9.173305873411836728e+03  5.379709918566743454e+02  0.000000000000000000e+00 
                      380  5.416859896825690157e+02  2.492444466615779675e-01  8.986227574811720842e+03  5.414367452359074377e+02  0.000000000000000000e+00 
                      381  5.452077466330267725e+02  2.829930683378734102e-01  8.833746327624572587e+03  5.449247535646888991e+02  0.000000000000000000e+00 
                      382  5.487399576850583571e+02  3.058168278798802930e-01  8.720663475886212836e+03  5.484341408571784768e+02  0.000000000000000000e+00 
                      383  5.522767810495422509e+02  3.128421356957460375e-01  8.651552175127273586e+03  5.519639389138465049e+02  0.000000000000000000e+00 
                      384  5.558142059250200191e+02  3.011261503587547850e-01  8.630409401289252855e+03  5.555130797746612643e+02  0.000000000000000000e+00 
                      385  5.593528951729522305e+02  2.725022752165386919e-01  8.660391828931020427e+03  5.590803928977356918e+02  0.000000000000000000e+00 
                      386  5.628981578255976501e+02  2.335513356071032831e-01  8.743664573356154506e+03  5.626646064899905468e+02  0.000000000000000000e+00 
                      387  5.664568720248479394e+02  1.925198476412788295e-01  8.881333203271469756e+03  5.662643521772066606e+02  0.000000000000000000e+00 
                      388  5.700341799529019227e+02  1.560070521238685615e-01  9.073482043159900059e+03  5.698781729007780541e+02  0.000000000000000000e+00 
                      389  5.736318134036914671e+02  1.272790267539676279e-01  9.319292099114165467e+03  5.735045343769374995e+02  0.000000000000000000e+00 
                      390  5.772465130764359174e+02  1.046731395050528590e-01  9.617069536568684271e+03  5.771418399369308645e+02  0.000000000000000000e+00 
                      391  5.808697936826173418e+02  8.134600830487670464e-02  9.964143927339149741e+03  5.807884476743124651e+02  0.000000000000000000e+00 
                      392  5.844919077647034555e+02  4.921925083169753634e-02  1.035681228012075007e+04  5.844426885138717580e+02  0.000000000000000000e+00 
                      393  5.881060792572068294e+02  3.195867376120986592e-03  1.079041803093118506e+04  5.881028833898307084e+02  0.000000000000000000e+00 
                      394  5.917098679094999625e+02 -5.748950836994026758e-02  1.125950736042337667e+04  5.917673574178699027e+02  0.000000000000000000e+00 
                      395  5.953062031396602833e+02 -1.282472221241732768e-01  1.175800499859702359e+04  5.954344503617844566e+02  0.000000000000000000e+00 
                      396  5.989027742418595608e+02 -1.997503123757269350e-01  1.227938086438617029e+04  5.991025245542352877e+02  0.000000000000000000e+00 
                      397  6.025075353536233251e+02 -2.624365930087151355e-01  1.281686045368023770e+04  6.027699719466320403e+02  0.000000000000000000e+00 
                      398  6.061241981517109707e+02 -3.110239351071868441e-01  1.336376231971155903e+04  6.064352220868181575e+02  0.000000000000000000e+00 
                      399  6.097516780679499107e+02 -3.450757325331323955e-01  1.391388192727569003e+04  6.100967538004830431e+02  0.000000000000000000e+00 
                      400  6.133866322605565529e+02 -3.664814548149024631e-01  1.446171254823966956e+04  6.137531137153714553e+02  0.000000000000000000e+00 
                      401  6.170263364271986575e+02 -3.766059401654047178e-01  1.500244548569458857e+04  6.174029423673640622e+02  0.000000000000000000e+00 
                      402  6.206708769817514622e+02 -3.741284370759103695e-01  1.553188443128176550e+04  6.210450054188273725e+02  0.000000000000000000e+00 
                      403  6.243237270828883538e+02 -3.544991441094680340e-01  1.604633599773648712e+04  6.246782262269978219e+02  0.000000000000000000e+00 
                      404  6.279892845783189159e+02 -3.124312291596424984e-01  1.654244025802909164e+04  6.283017158074785584e+02  0.000000000000000000e+00 
                      405  6.316688538398186665e+02 -2.459427509913894028e-01  1.701700276521207343e+04  6.319147965908100559e+02  0.000000000000000000e+00 
                      406  6.353584112484685420e+02 -1.586065276790122880e-01  1.746696217231950141e+04  6.355170177761475543e+02  0.000000000000000000e+00 
                      407  6.390499987164930644e+02 -5.816323222757091571e-02  1.788949974304067655e+04  6.391081619487206353e+02  0.000000000000000000e+00 
                      408  6.427346890144078770e+02  4.644546824908957205e-02  1.828215372174032382e+04  6.426882435461587875e+02  0.000000000000000000e+00 
                      409  6.464036695661935710e+02  1.461706344167623683e-01  1.864285878582491205e+04  6.462574989317768086e+02  0.000000000000000000e+00 
                      410  6.500484171490861627e+02  2.320498791401632843e-01  1.896995876976964428e+04  6.498163672699459994e+02  0.000000000000000000e+00 
                      411  6.536623444934140252e+02  2.968817833591401723e-01  1.926229068882043066e+04  6.533654627100548851e+02  0.000000000000000000e+00 
                      412  6.572429414519813236e+02  3.374022533805600688e-01  1.951935105368463337e+04  6.569055391986007635e+02  0.000000000000000000e+00 
                      413  6.607920675867710543e+02  3.546191856379437013e-01  1.974138967525540647e+04  6.604374484011331106e+02  0.000000000000000000e+00 
                      414  6.643138968618703757e+02  3.518057152804203724e-01  1.992932599308040153e+04  6.639620911465899553e+02  0.000000000000000000e+00 
                      415  6.678141942287993515e+02  3.338302755493032237e-01  2.008461409771924082e+04  6.674803639532500483e+02  0.000000000000000000e+00 
                      416  6.713020702791467329e+02  3.089580842872692301e-01  2.020922201790455802e+04  6.709931121948594637e+02  0.000000000000000000e+00 
                      417  6.747880540751256149e+02  2.869780063881535170e-01  2.030570807129249442e+04  6.745010760687374614e+02  0.000000000000000000e+00 
                      418  6.782783708838769599e+02  2.735332325083845717e-01  2.037726789229325732e+04  6.780048376513685753e+02  0.000000000000000000e+00 
                      419  6.817729246773435534e+02  2.681519123618727463e-01  2.042768109036653550e+04  6.815047727649816807e+02  0.000000000000000000e+00 
                      420  6.852684323080826516e+02  2.674228727137233363e-01  2.046115041767631556e+04  6.850010094353689283e+02  0.000000000000000000e+00 
                      421  6.887623759331788733e+02  2.689822485707509259e-01  2.048205659986614774e+04  6.884933936846081224e+02  0.000000000000000000e+00 
                      422  6.922536534754091235e+02  2.721917152848618571e-01  2.049471399799262508e+04  6.919814617601242617e+02  0.000000000000000000e+00 
                      423  6.957390801634727495e+02  2.746621144511891544e-01  2.050322825381673101e+04  6.954644180490215604e+02  0.000000000000000000e+00 
                      424  6.992109402670166673e+02  2.698225873381261408e-01  2.051175352659819328e+04  6.989411176796785412e+02  0.000000000000000000e+00 
                      425  7.026601020041402990e+02  2.500384322584068286e-01  2.052425484530925678e+04  7.024100635718818921e+02  0.000000000000000000e+00 
                      426  7.060792349188182015e+02  2.098192849376800950e-01  2.054439934028984499e+04  7.058694156338805215e+02  0.000000000000000000e+00 
                      427  7.094623109026535985e+02  1.452936824825883377e-01  2.057531671381564229e+04  7.093170172201710102e+02  0.000000000000000000e+00 
                      428  7.128066051362116013e+02  5.616534108708037820e-02  2.061935721874545197e+04  7.127504397951245210e+02  0.000000000000000000e+00 
                      429  7.161159892433184950e+02 -5.105453357577971474e-02  2.067803679782122344e+04  7.161670437768942747e+02  0.000000000000000000e+00 
                      430  7.193989447069589005e+02 -1.651065301041398925e-01  2.075222796735341763e+04  7.195640512370630404e+02  0.000000000000000000e+00 
                      431  7.226650385128007201e+02 -2.735871150099455917e-01  2.084233301677710915e+04  7.229386256278106657e+02  0.000000000000000000e+00 
                      432  7.259234964085613910e+02 -3.644581289698862747e-01  2.094815863997818451e+04  7.262879545375312773e+02  0.000000000000000000e+00 
                      433  7.291807356645540494e+02 -4.285958320806457778e-01  2.106859344323034384e+04  7.296093314966346952e+02  0.000000000000000000e+00 
                      434  7.324368337114408405e+02 -4.633987154619489957e-01  2.120135847661518710e+04  7.329002324269027895e+02  0.000000000000000000e+00 
                      435  7.356855614450055327e+02 -4.728222474775520823e-01  2.134298410002185483e+04  7.361583836924830848e+02  0.000000000000000000e+00 
                      436  7.389186284183840598e+02 -4.631919708469922625e-01  2.148903853299231560e+04  7.393818203892310521e+02  0.000000000000000000e+00 
                      437  7.421289237143150785e+02 -4.400096895340084302e-01  2.163447229734165012e+04  7.425689334038490870e+02  0.000000000000000000e+00 
                      438  7.453102602828087129e+02 -4.082434745239424956e-01  2.177386339387919725e+04  7.457185037573326554e+02  0.000000000000000000e+00 
                      439  7.484563581036692312e+02 -3.733657603889923848e-01  2.190151152574475418e+04  7.488297238640582236e+02  0.000000000000000000e+00 
                      440  7.515623795034887280e+02 -3.398261805542688307e-01  2.201152330291340695e+04  7.519022056840429968e+02  0.000000000000000000e+00 
                      441  7.546278609409664568e+02 -3.081136004761901859e-01  2.209799144814617102e+04  7.549359745414426470e+02  0.000000000000000000e+00 
                      442  7.576565258346402061e+02 -2.749209508826879755e-01  2.215523180422023506e+04  7.579314467855228941e+02  0.000000000000000000e+00 
                      443  7.606532644945280026e+02 -2.361267690589556878e-01  2.217805042195466376e+04  7.608893912635869583e+02  0.000000000000000000e+00 
                      444  7.636219526808413320e+02 -1.889242671227293613e-01  2.216205316694580324e+04  7.638108769479640614e+02  0.000000000000000000e+00 
                      445  7.665650513812505551e+02 -1.321588786677239113e-01  2.210395615193084450e+04  7.666972102599182790e+02  0.000000000000000000e+00 
                      446  7.694840456883318893e+02 -6.582048685163499613e-02  2.200184734549788118e+04  7.695498661751835243e+02  0.000000000000000000e+00 
                      447  7.723788572165566393e+02  8.440392960324061278e-03  2.185537426921588121e+04  7.723704168235963152e+02  0.000000000000000000e+00 
                      448  7.752456184131792725e+02  8.515895425875896763e-02  2.166584005969230202e+04  7.751604594589205135e+02  0.000000000000000000e+00 
                      449  7.780761729337052657e+02  1.546296967696889624e-01  2.143620842528915091e+04  7.779215432369355767e+02  0.000000000000000000e+00 
                      450  7.808616785193070200e+02  2.065852940129389026e-01  2.117095290894671780e+04  7.806550932252940811e+02  0.000000000000000000e+00 
                      451  7.835977284870682524e+02  2.353967081711516585e-01  2.087569963774533244e+04  7.833623317788971008e+02  0.000000000000000000e+00 
                      452  7.862869601484858322e+02  2.427600499063373718e-01  2.055676866966340094e+04  7.860442000985794948e+02  0.000000000000000000e+00 
                      453  7.889367246183073803e+02  2.354405329753035403e-01  2.022075748112087240e+04  7.887012840853320768e+02  0.000000000000000000e+00 
                      454  7.915540563916320025e+02  2.203067481898415281e-01  1.987429404703298496e+04  7.913337496434421610e+02  0.000000000000000000e+00 
                      455  7.941431176606513418e+02  2.018231537057317837e-01  1.952397606060545513e+04  7.939412945069456100e+02  0.000000000000000000e+00 
                      456  7.967052319497156532e+02  1.821080523397995421e-01  1.917630228224303573e+04  7.965231238973758536e+02  0.000000000000000000e+00 
                      457  7.992388354532151880e+02  1.608804530475254069e-01  1.883748122634043830e+04  7.990779550001676625e+02  0.000000000000000000e+00 
                      458  8.017403328812571317e+02  1.362808818252005949e-01  1.851321082761371508e+04  8.016040519994319311e+02  0.000000000000000000e+00 
                      459  8.042062533428720599e+02  1.069640284306387912e-01  1.820847979829544056e+04  8.040992893144414211e+02  0.000000000000000000e+00 
                      460  8.066339121880923813e+02  7.267492488051630062e-02  1.792735852713089480e+04  8.065612372632118650e+02  0.000000000000000000e+00 
                      461  8.090194957457388227e+02  3.223150890698889270e-02  1.767284777791875604e+04  8.089872642368318338e+02  0.000000000000000000e+00 
                      462  8.113576577008979029e+02 -1.699296444246556348e-02  1.744690609175024656e+04  8.113746506653403685e+02  0.000000000000000000e+00 
                      463  8.136461037487312069e+02 -7.460555123805079347e-02  1.725065931533348703e+04  8.137207092999692577e+02  0.000000000000000000e+00 
                      464  8.158896657275346342e+02 -1.332391950268174696e-01  1.708468421399092040e+04  8.160229049225614517e+02  0.000000000000000000e+00 
                      465  8.180979163232068458e+02 -1.810496724112908851e-01  1.694924830268721780e+04  8.182789659956181367e+02  0.000000000000000000e+00 
                      466  8.202793265758908774e+02 -2.076537237418278892e-01  1.684449955360219610e+04  8.204869802996327053e+02  0.000000000000000000e+00 
                      467  8.224372391600081755e+02 -2.082283380229910108e-01  1.677066972607359639e+04  8.226454674980311665e+02  0.000000000000000000e+00 
                      468  8.245695258369894418e+02 -1.838978941358391239e-01  1.672823083358406075e+04  8.247534237311252809e+02  0.000000000000000000e+00 
                      469  8.266703847399569440e+02 -1.399501668619222983e-01  1.671786097162244550e+04  8.268103349068188663e+02  0.000000000000000000e+00 
                      470  8.287323681491595835e+02 -8.378875948255881667e-02  1.674019488536527570e+04  8.288161569086421423e+02  0.000000000000000000e+00 
                      471  8.307482953690762315e+02 -2.296836127345613932e-02  1.679548981448675477e+04  8.307712637303496876e+02  0.000000000000000000e+00 
                      472  8.327119998868337234e+02  3.563193109744133835e-02  1.688338213584842742e+04  8.326763679557362821e+02  0.000000000000000000e+00 
                      473  8.346177157818412979e+02  8.529527842279094330e-02  1.700281314111110623e+04  8.345324205034185070e+02  0.000000000000000000e+00 
                      474  8.364604660627503563e+02  1.199677369919527337e-01  1.715210074740136406e+04  8.363404983257584036e+02  0.000000000000000000e+00 
                      475  8.382385378703756942e+02  1.368474829558863348e-01  1.732916377650867798e+04  8.381016903874198078e+02  0.000000000000000000e+00 
                      476  8.399556270180090678e+02  1.386350241821219242e-01  1.753183416315812428e+04  8.398169919938269459e+02  0.000000000000000000e+00 
                      477  8.416197696231200780e+02  1.325544316304103631e-01  1.775805610043288470e+04  8.414872151914896676e+02  0.000000000000000000e+00 
                      478  8.432391202256198994e+02  1.261992489196472889e-01  1.800592834114505240e+04  8.431129209767002521e+02  0.000000000000000000e+00 
                      479  8.448174962974715072e+02  1.231189822017313418e-01  1.827368198684753588e+04  8.446943773152697759e+02  0.000000000000000000e+00 
                      480  8.463530292995802711e+02  1.214851895846322805e-01  1.855958260898304798e+04  8.462315441099956388e+02  0.000000000000000000e+00 
                      481  8.478413748799232508e+02  1.172919363839355356e-01  1.886180934658020851e+04  8.477240829435393152e+02  0.000000000000000000e+00 
                      482  8.492810026143662299e+02  1.096163836328969410e-01  1.917847692275880399e+04  8.491713862307333329e+02  0.000000000000000000e+00 
                      483  8.506744259743209113e+02  1.018078462386711180e-01  1.950781894454303256e+04  8.505726181280822402e+02  0.000000000000000000e+00 
                      484  8.520236075005534531e+02  9.684745952972662053e-02  1.984837956106668935e+04  8.519267600410237264e+02  0.000000000000000000e+00 
                      485  8.533265962377831784e+02  9.393982314247750764e-02  2.019908297899693571e+04  8.532326564146407009e+02  0.000000000000000000e+00 
                      486  8.545797989849588703e+02  9.074040329505805857e-02  2.055915807779645911e+04  8.544890585816638122e+02  0.000000000000000000e+00 
                      487  8.557810432167202634e+02  8.637837855553698319e-02  2.092793531784775405e+04  8.556946648381647265e+02  0.000000000000000000e+00 
                      488  8.569293326909853477e+02  8.117691622544498387e-02  2.130457962667407992e+04  8.568481557747599027e+02  0.000000000000000000e+00 
                      489  8.580227231930658718e+02  7.449773929477032652e-02  2.168789916852257011e+04  8.579482254537711015e+02  0.000000000000000000e+00 
                      490  8.590564699132651185e+02  6.286051677955128980e-02  2.207630775325781360e+04  8.589936093964855672e+02  0.000000000000000000e+00 
                      491  8.600234534803942097e+02  4.034395477356156334e-02  2.246787764555858666e+04  8.599831095256206481e+02  0.000000000000000000e+00 
                      492  8.609177114718401072e+02  2.095301741519506322e-03  2.286035237102940664e+04  8.609156161700985876e+02  0.000000000000000000e+00 
                      493  8.617386330141787312e+02 -5.149510136391199921e-02  2.325107984213904274e+04  8.617901281155426432e+02  0.000000000000000000e+00 
                      494  8.624928821024157060e+02 -1.128892893235615702e-01  2.363697126793951611e+04  8.626057713917392675e+02  0.000000000000000000e+00 
                      495  8.631926187472336096e+02 -1.691972296823678334e-01  2.401454285611611340e+04  8.633618159769159774e+02  0.000000000000000000e+00 
                      496  8.638505049040466020e+02 -2.071835431844419873e-01  2.437996601644452676e+04  8.640576884472310439e+02  0.000000000000000000e+00 
                      497  8.644748933340347321e+02 -2.180855667265859665e-01  2.472904111852536880e+04  8.646929789007613181e+02  0.000000000000000000e+00 
                      498  8.650683588984090875e+02 -1.990835750082169398e-01  2.505706098986893630e+04  8.652674424734173044e+02  0.000000000000000000e+00 
                      499  8.656275018686125122e+02 -1.534954424332681810e-01  2.535856470918582272e+04  8.657809973110457804e+02  0.000000000000000000e+00 
                      500  8.661425427741662588e+02 -9.117726785700597247e-02  2.563922523614548845e+04  8.662337200420232648e+02  0.000000000000000000e+00 
                      501  8.666008007994628315e+02 -2.503723116387845948e-02  2.589308885444728367e+04  8.666258380306267100e+02  0.000000000000000000e+00 
                      502  8.669926633727639000e+02  3.494653406414727215e-02  2.611218731213256615e+04  8.669577168386997528e+02  0.000000000000000000e+00 
                      503  8.673136135746419768e+02  8.377166879631658958e-02  2.628873992338239987e+04  8.672298419058456602e+02  0.000000000000000000e+00 
                      504  8.675630511940478300e+02  1.202575639321139533e-01  2.641620598750596400e+04  8.674427936301157160e+02  0.000000000000000000e+00 
                      505  8.677429958103138006e+02  1.457801514133052478e-01  2.648999579740923218e+04  8.675972156589004953e+02  0.000000000000000000e+00 
                      506  8.678565538667539840e+02  1.627771063713225885e-01  2.650789908484185071e+04  8.676937767603826615e+02  0.000000000000000000e+00 
                      507  8.679068826447255560e+02  1.737556651346494618e-01  2.647025828197817464e+04  8.677331269795909066e+02  0.000000000000000000e+00 
                      508  8.678972145954089683e+02  1.813653698795860691e-01  2.637980737046105060e+04  8.677158492255293822e+02  0.000000000000000000e+00 
                      509  8.678303765515105397e+02  1.879705764586105943e-01  2.624139121881658502e+04  8.676424059750519291e+02  0.000000000000000000e+00 
                      510  8.677065359021873974e+02  1.934465001033913722e-01  2.606197000269833370e+04  8.675130894020840060e+02  0.000000000000000000e+00 
                      511  8.675209097088961698e+02  1.929312709984287721e-01  2.585084578963124659e+04  8.673279784378977411e+02  0.000000000000000000e+00 
                      512  8.672656132941921214e+02  1.787057391371718040e-01  2.561959548712095057e+04  8.670869075550549496e+02  0.000000000000000000e+00 
                      513  8.669363924536485229e+02  1.469432744487448872e-01  2.538145847774037975e+04  8.667894491791997780e+02  0.000000000000000000e+00 
                      514  8.665371630411830211e+02  1.022549997909436570e-01  2.515050781360678229e+04  8.664349080413920774e+02  0.000000000000000000e+00 
                      515  8.660767088185498324e+02  5.438449956898239179e-02  2.494099794885428855e+04  8.660223243189808500e+02  0.000000000000000000e+00 
                      516  8.655624770238787278e+02  1.199206673481967300e-02  2.476674583953852925e+04  8.655504849571439081e+02  0.000000000000000000e+00 
                      517  8.649975067287505226e+02 -2.043876912875930429e-02  2.464006590883809986e+04  8.650179454978792819e+02  0.000000000000000000e+00 
                      518  8.643798434597501910e+02 -4.322034287201859115e-02  2.457016304499234684e+04  8.644230638026222096e+02  0.000000000000000000e+00 
                      519  8.637031324431634403e+02 -6.091206219309697190e-02  2.456158970046935428e+04  8.637640445053565372e+02  0.000000000000000000e+00 
                      520  8.629591865844349741e+02 -7.980506461183267675e-02  2.461346253999114197e+04  8.630389916490468067e+02  0.000000000000000000e+00 
                      521  8.621411792085409616e+02 -1.047870111815427663e-01  2.471953431778408412e+04  8.622459662197225043e+02  0.000000000000000000e+00 
                      522  8.612450558441901194e+02 -1.379896505584383704e-01  2.486884801235869600e+04  8.613830454947485578e+02  0.000000000000000000e+00 
                      523  8.602705710041670955e+02 -1.778113535546026469e-01  2.504677678787908735e+04  8.604483823577216981e+02  0.000000000000000000e+00 
                      524  8.592219442928148965e+02 -2.183186815550470783e-01  2.523625368808008352e+04  8.594402629743699435e+02  0.000000000000000000e+00 
                      525  8.581045413624531193e+02 -2.526182825012028843e-01  2.541886014505766434e+04  8.583571596449543222e+02  0.000000000000000000e+00 
                      526  8.569205362313168735e+02 -2.772381590474424229e-01  2.557565767854076330e+04  8.571977743903643159e+02  0.000000000000000000e+00 
                      527  8.556693171222709680e+02 -2.917523387477558572e-01  2.568810980917593770e+04  8.559610694610187238e+02  0.000000000000000000e+00 
                      528  8.543496923855136629e+02 -2.965899911778251408e-01  2.573944659465999575e+04  8.546462823766914880e+02  0.000000000000000000e+00 
                      529  8.529602301395941595e+02 -2.926946366136462530e-01  2.571641914516308316e+04  8.532529247762078057e+02  0.000000000000000000e+00 
                      530  8.515002050141450809e+02 -2.805617133318492051e-01  2.561104602941678968e+04  8.517807667274769301e+02  0.000000000000000000e+00 
                      531  8.499705234757140033e+02 -2.592868064645017512e-01  2.542175145430150224e+04  8.502298102821785051e+02  0.000000000000000000e+00 
                      532  8.483710505939684481e+02 -2.292068752301474888e-01  2.515330682041250475e+04  8.486002574691985956e+02  0.000000000000000000e+00 
                      533  8.466977287589212438e+02 -1.947499716160336902e-01  2.481545187537619131e+04  8.468924787305372774e+02  0.000000000000000000e+00 
                      534  8.449456655526115583e+02 -1.613218011817707520e-01  2.442076765465389326e+04  8.451069873537933290e+02  0.000000000000000000e+00 
                      535  8.431149064872959116e+02 -1.295175763307270245e-01  2.398253625809723599e+04  8.432444240636266386e+02  0.000000000000000000e+00 
                      536  8.412105415516688254e+02 -9.501184674957130483e-02  2.351296264321999479e+04  8.413055533984183967e+02  0.000000000000000000e+00 
                      537  8.392379109250584861e+02 -5.335848500135398353e-02  2.302204968749148975e+04  8.392912694100598401e+02  0.000000000000000000e+00 
                      538  8.371993539207570620e+02 -3.250650552104161761e-03  2.251743516087301396e+04  8.372026045713091662e+02  0.000000000000000000e+00 
                      539  8.350945889467229790e+02  5.385507281243917532e-02  2.200500329205838716e+04  8.350407338739105398e+02  0.000000000000000000e+00 
                      540  8.329234030201300811e+02  1.164363238234500386e-01  2.148973321863127421e+04  8.328069666963066311e+02  0.000000000000000000e+00 
                      541  8.306877195115251880e+02  1.849970919921588575e-01  2.097649558266423264e+04  8.305027224195330291e+02  0.000000000000000000e+00 
                      542  8.283907548764849480e+02  2.612658096323912105e-01  2.047057407123079975e+04  8.281294890668525568e+02  0.000000000000000000e+00 
                      543  8.260330432973184998e+02  3.442776825140754227e-01  1.997761160898788148e+04  8.256887656148044243e+02  0.000000000000000000e+00 
                      544  8.236078264315345905e+02  4.258368942470269758e-01  1.950307822436618517e+04  8.231819895372875635e+02  0.000000000000000000e+00 
                      545  8.211020746484564370e+02  4.916227404821711389e-01  1.905178953757958880e+04  8.206104519079742659e+02  0.000000000000000000e+00 
                      546  8.185043700685192789e+02  5.291683541722704831e-01  1.862781754277513755e+04  8.179752017143470084e+02  0.000000000000000000e+00 
                      547  8.158113545515768692e+02  5.344145357514662464e-01  1.823456196381840346e+04  8.152769400158254030e+02  0.000000000000000000e+00 
                      548  8.130258996038586474e+02  5.099939680699208111e-01  1.787470117470236801e+04  8.125159056357887266e+02  0.000000000000000000e+00 
                      549  8.101504181781165244e+02  4.586607765039616424e-01  1.755016564741338880e+04  8.096917574016125627e+02  0.000000000000000000e+00 
                      550  8.071841749105683448e+02  3.807128857088173390e-01  1.726221082314471278e+04  8.068034620248595274e+02  0.000000000000000000e+00 
                      551  8.041260761047958567e+02  2.768767585758951100e-01  1.701150279588747071e+04  8.038491993462199616e+02  0.000000000000000000e+00 
                      552  8.009768245582272357e+02  1.505276110209479157e-01  1.679830873020191211e+04  8.008262969472062878e+02  0.000000000000000000e+00 
                      553  7.977385327445126677e+02  7.327195135644615220e-03  1.662269617720709721e+04  7.977312055493770231e+02  0.000000000000000000e+00 
                      554  7.944133816772243790e+02 -1.461442408956372674e-01  1.648444231932047114e+04  7.945595259181200163e+02  0.000000000000000000e+00 
                      555  7.910017647958731004e+02 -3.043312543122738134e-01  1.638268788196396235e+04  7.913060960501853742e+02  0.000000000000000000e+00 
                      556  7.875031492105667894e+02 -4.619942139283921279e-01  1.631563708664828846e+04  7.879651434244951815e+02  0.000000000000000000e+00 
                      557  7.839205438449712346e+02 -6.099574865528438750e-01  1.628054298658030348e+04  7.845305013315240785e+02  0.000000000000000000e+00 
                      558  7.802616743805633632e+02 -7.342078524668522732e-01  1.627395007629255269e+04  7.809958822330302155e+02  0.000000000000000000e+00 
                      559  7.765340228411926091e+02 -8.211731676881299791e-01  1.629192003667843528e+04  7.773551960088807391e+02  0.000000000000000000e+00 
                      560  7.727404745378685220e+02 -8.624219966889086209e-01  1.633015146552312217e+04  7.736028965345574306e+02  0.000000000000000000e+00 
                      561  7.688802900825105553e+02 -8.540470953682870459e-01  1.638427111251792667e+04  7.697343371778788423e+02  0.000000000000000000e+00 
                      562  7.649519411170701915e+02 -7.941742662321757962e-01  1.645048713048575155e+04  7.657461153833023673e+02  0.000000000000000000e+00 
                      563  7.609542422158045838e+02 -6.821443457364466667e-01  1.652626817203570317e+04  7.616363865615410305e+02  0.000000000000000000e+00 
                      564  7.568865977611478684e+02 -5.185304961894416920e-01  1.661050262518356612e+04  7.574051282573373101e+02  0.000000000000000000e+00 
                      565  7.527473491263791630e+02 -3.069896026769356467e-01  1.670304760352662561e+04  7.530543387290560986e+02  0.000000000000000000e+00 
                      566  7.485298552570400261e+02 -5.830237578118158126e-02  1.680399111590764005e+04  7.485881576328212077e+02  0.000000000000000000e+00 
                      567  7.442213246180731403e+02  2.084254406823902173e-01  1.691298410837636038e+04  7.440128991773907501e+02  0.000000000000000000e+00 
                      568  7.398065969081580988e+02  4.696052464860258624e-01  1.702900889624745105e+04  7.393369916616720730e+02  0.000000000000000000e+00 
                      569  7.352739193707212735e+02  7.030968689060728138e-01  1.715072719330702603e+04  7.345708225018152007e+02  0.000000000000000000e+00 
                      570  7.306193298792409223e+02  8.928361124101229507e-01  1.727705720711558388e+04  7.297264937668307994e+02  0.000000000000000000e+00 
                      571  7.258470735119360597e+02  1.029574388927244399e+00  1.740754176047776855e+04  7.248174991230088153e+02  0.000000000000000000e+00 
                      572  7.209669543237547487e+02  1.108615664272861068e+00  1.754240118705579516e+04  7.198583386594818876e+02  0.000000000000000000e+00 
                      573  7.159900945330256263e+02  1.126002326950469978e+00  1.768239051972890593e+04  7.148640922060751564e+02  0.000000000000000000e+00 
                      574  7.109236342356591649e+02  1.073660170851326257e+00  1.782855919904029724e+04  7.098499740648078387e+02  0.000000000000000000e+00 
                      575  7.057701454323653252e+02  9.392517847593353508e-01  1.798201009009451082e+04  7.048308936476059898e+02  0.000000000000000000e+00 
                      576  7.005355642792418394e+02  7.145174898284949450e-01  1.814385682272903068e+04  6.998210467894133444e+02  0.000000000000000000e+00 
                      577  6.952388242917161278e+02  4.052641733605923946e-01  1.831529410394504885e+04  6.948335601183555355e+02  0.000000000000000000e+00 
                      578  6.899163272544677739e+02  3.612205741126217617e-02  1.849728703111370123e+04  6.898802051970565117e+02  0.000000000000000000e+00 
                      579  6.846217378145640851e+02 -3.494529552732501543e-01  1.868976968158845557e+04  6.849711907698373352e+02  0.000000000000000000e+00 
                      580  6.794200427075827520e+02 -6.949904389638277280e-01  1.889088005923513629e+04  6.801150331465465797e+02  0.000000000000000000e+00 
                      581  6.743704697311918608e+02 -9.480290952446921438e-01  1.909671391823353406e+04  6.753184988264365529e+02  0.000000000000000000e+00 
                      582  6.694955251191977368e+02 -1.091084736319885451e+00  1.930172170107705460e+04  6.705866098555176222e+02  0.000000000000000000e+00 
                      583  6.647499101927135143e+02 -1.172790202979285823e+00  1.949960523257031309e+04  6.659227003956928002e+02  0.000000000000000000e+00 
