Count	Iteration-1	Iteration-2	Iteration-100000	Iteration-200000	Iteration-300000	Iteration-400000	Iteration-500000	Iteration-500001		
0	4.13E-02	4.13E-02	4.13E-02	4.13E-02	4.13E-02	4.13E-02	4.13E-02	4.13E-02		0.977409995
1	1.26E-01	1.26E-01	1.26E-01	1.26E-01	1.27E-01	1.27E-01	1.27E-01	1.27E-01		
2	2.54E-01	2.54E-01	2.54E-01	2.54E-01	2.54E-01	2.54E-01	2.54E-01	2.54E-01		
3	4.22E-01	4.22E-01	4.22E-01	4.22E-01	4.22E-01	4.22E-01	4.23E-01	4.23E-01		
4	6.33E-01	6.33E-01	6.33E-01	6.34E-01	6.34E-01	6.34E-01	6.34E-01	6.34E-01		
5	8.91E-01	8.91E-01	8.92E-01	8.93E-01	8.93E-01	8.94E-01	8.94E-01	8.94E-01		
6	1.20E+00	1.20E+00	1.21E+00	1.21E+00	1.21E+00	1.21E+00	1.21E+00	1.21E+00		
7	1.58E+00	1.58E+00	1.59E+00	1.59E+00	1.59E+00	1.59E+00	1.59E+00	1.59E+00		
8	2.04E+00	2.04E+00	2.05E+00	2.05E+00	2.05E+00	2.05E+00	2.06E+00	2.06E+00		
9	2.59E+00	2.59E+00	2.60E+00	2.60E+00	2.61E+00	2.61E+00	2.61E+00	2.61E+00		
10	3.24E+00	3.24E+00	3.26E+00	3.26E+00	3.26E+00	3.27E+00	3.27E+00	3.27E+00		
11	4.01E+00	4.01E+00	4.03E+00	4.03E+00	4.04E+00	4.04E+00	4.05E+00	4.05E+00		
12	4.91E+00	4.91E+00	4.93E+00	4.94E+00	4.94E+00	4.95E+00	4.95E+00	4.95E+00		
13	5.95E+00	5.95E+00	5.97E+00	5.99E+00	5.99E+00	6.00E+00	6.01E+00	6.01E+00		
14	7.15E+00	7.15E+00	7.18E+00	7.19E+00	7.21E+00	7.21E+00	7.22E+00	7.22E+00		
15	8.52E+00	8.52E+00	8.56E+00	8.58E+00	8.59E+00	8.60E+00	8.61E+00	8.61E+00		
16	1.01E+01	1.01E+01	1.01E+01	1.02E+01	1.02E+01	1.02E+01	1.02E+01	1.02E+01		
17	1.19E+01	1.19E+01	1.19E+01	1.20E+01	1.20E+01	1.20E+01	1.20E+01	1.20E+01		
18	1.39E+01	1.39E+01	1.40E+01	1.40E+01	1.40E+01	1.40E+01	1.41E+01	1.41E+01		
19	1.62E+01	1.62E+01	1.63E+01	1.63E+01	1.63E+01	1.64E+01	1.64E+01	1.64E+01		
20	1.87E+01	1.87E+01	1.88E+01	1.89E+01	1.89E+01	1.90E+01	1.90E+01	1.90E+01		
21	2.15E+01	2.15E+01	2.17E+01	2.18E+01	2.18E+01	2.18E+01	2.19E+01	2.19E+01		
22	2.47E+01	2.47E+01	2.49E+01	2.50E+01	2.50E+01	2.51E+01	2.51E+01	2.51E+01		
23	2.82E+01	2.82E+01	2.84E+01	2.85E+01	2.86E+01	2.86E+01	2.86E+01	2.86E+01		
24	3.20E+01	3.20E+01	3.23E+01	3.24E+01	3.24E+01	3.25E+01	3.26E+01	3.26E+01		
25	3.62E+01	3.62E+01	3.65E+01	3.66E+01	3.67E+01	3.68E+01	3.69E+01	3.69E+01		
26	4.08E+01	4.08E+01	4.12E+01	4.13E+01	4.14E+01	4.15E+01	4.16E+01	4.16E+01		
27	4.59E+01	4.59E+01	4.63E+01	4.65E+01	4.66E+01	4.67E+01	4.68E+01	4.68E+01		
28	5.14E+01	5.14E+01	5.19E+01	5.22E+01	5.23E+01	5.24E+01	5.25E+01	5.25E+01		
29	5.76E+01	5.76E+01	5.82E+01	5.84E+01	5.86E+01	5.87E+01	5.88E+01	5.88E+01		
30	6.43E+01	6.43E+01	6.50E+01	6.53E+01	6.55E+01	6.56E+01	6.58E+01	6.58E+01		
31	7.18E+01	7.18E+01	7.26E+01	7.29E+01	7.31E+01	7.33E+01	7.34E+01	7.34E+01		
32	8.01E+01	8.01E+01	8.10E+01	8.13E+01	8.16E+01	8.18E+01	8.19E+01	8.19E+01		
33	8.92E+01	8.92E+01	9.02E+01	9.07E+01	9.10E+01	9.12E+01	9.14E+01	9.14E+01		
34	9.93E+01	9.93E+01	1.01E+02	1.01E+02	1.01E+02	1.02E+02	1.02E+02	1.02E+02		
35	1.11E+02	1.11E+02	1.12E+02	1.12E+02	1.13E+02	1.13E+02	1.13E+02	1.13E+02		
36	1.23E+02	1.23E+02	1.24E+02	1.25E+02	1.25E+02	1.26E+02	1.26E+02	1.26E+02		
37	1.36E+02	1.36E+02	1.38E+02	1.39E+02	1.39E+02	1.40E+02	1.40E+02	1.40E+02		
38	1.51E+02	1.51E+02	1.53E+02	1.54E+02	1.54E+02	1.55E+02	1.55E+02	1.55E+02		
39	1.67E+02	1.67E+02	1.69E+02	1.70E+02	1.71E+02	1.71E+02	1.71E+02	1.71E+02		
40	1.84E+02	1.84E+02	1.86E+02	1.87E+02	1.88E+02	1.89E+02	1.89E+02	1.89E+02		
41	2.02E+02	2.02E+02	2.05E+02	2.06E+02	2.07E+02	2.07E+02	2.08E+02	2.08E+02		
42	2.21E+02	2.21E+02	2.25E+02	2.26E+02	2.27E+02	2.28E+02	2.28E+02	2.28E+02		
43	2.42E+02	2.42E+02	2.46E+02	2.47E+02	2.48E+02	2.49E+02	2.50E+02	2.50E+02		
44	2.64E+02	2.64E+02	2.68E+02	2.70E+02	2.71E+02	2.72E+02	2.72E+02	2.72E+02		
45	2.87E+02	2.87E+02	2.91E+02	2.93E+02	2.94E+02	2.95E+02	2.96E+02	2.96E+02		
46	3.11E+02	3.11E+02	3.16E+02	3.18E+02	3.19E+02	3.20E+02	3.21E+02	3.21E+02		
47	3.36E+02	3.36E+02	3.42E+02	3.44E+02	3.46E+02	3.47E+02	3.48E+02	3.48E+02		
48	3.62E+02	3.62E+02	3.68E+02	3.71E+02	3.73E+02	3.74E+02	3.75E+02	3.75E+02		
49	3.89E+02	3.89E+02	3.96E+02	3.99E+02	4.01E+02	4.03E+02	4.04E+02	4.04E+02		
50	4.17E+02	4.17E+02	4.25E+02	4.28E+02	4.31E+02	4.32E+02	4.34E+02	4.34E+02		
51	4.46E+02	4.46E+02	4.55E+02	4.59E+02	4.61E+02	4.63E+02	4.64E+02	4.64E+02		
52	4.76E+02	4.76E+02	4.86E+02	4.90E+02	4.93E+02	4.95E+02	4.96E+02	4.96E+02		
53	5.07E+02	5.07E+02	5.18E+02	5.22E+02	5.25E+02	5.27E+02	5.29E+02	5.29E+02		
54	5.38E+02	5.38E+02	5.51E+02	5.55E+02	5.58E+02	5.61E+02	5.63E+02	5.63E+02		
55	5.71E+02	5.71E+02	5.84E+02	5.89E+02	5.93E+02	5.95E+02	5.97E+02	5.97E+02		
56	6.04E+02	6.04E+02	6.19E+02	6.24E+02	6.28E+02	6.31E+02	6.33E+02	6.33E+02		
57	6.38E+02	6.38E+02	6.54E+02	6.60E+02	6.64E+02	6.67E+02	6.70E+02	6.70E+02		
58	6.72E+02	6.72E+02	6.90E+02	6.97E+02	7.01E+02	7.04E+02	7.07E+02	7.07E+02		
59	7.08E+02	7.08E+02	7.27E+02	7.34E+02	7.39E+02	7.42E+02	7.45E+02	7.45E+02		
60	7.44E+02	7.44E+02	7.64E+02	7.72E+02	7.77E+02	7.81E+02	7.84E+02	7.84E+02		
61	7.80E+02	7.80E+02	8.03E+02	8.11E+02	8.17E+02	8.21E+02	8.24E+02	8.24E+02		
62	8.17E+02	8.17E+02	8.42E+02	8.51E+02	8.57E+02	8.61E+02	8.65E+02	8.65E+02		
63	8.55E+02	8.55E+02	8.81E+02	8.91E+02	8.97E+02	9.02E+02	9.06E+02	9.06E+02		
64	8.93E+02	8.93E+02	9.22E+02	9.32E+02	9.39E+02	9.44E+02	9.48E+02	9.48E+02		
65	9.32E+02	9.32E+02	9.62E+02	9.74E+02	9.81E+02	9.86E+02	9.91E+02	9.91E+02		
66	9.72E+02	9.72E+02	1.00E+03	1.02E+03	1.02E+03	1.03E+03	1.03E+03	1.03E+03		
67	1.01E+03	1.01E+03	1.05E+03	1.06E+03	1.07E+03	1.07E+03	1.08E+03	1.08E+03		
68	1.05E+03	1.05E+03	1.09E+03	1.10E+03	1.11E+03	1.12E+03	1.12E+03	1.12E+03		
69	1.09E+03	1.09E+03	1.13E+03	1.15E+03	1.16E+03	1.16E+03	1.17E+03	1.17E+03		
70	1.13E+03	1.13E+03	1.18E+03	1.19E+03	1.20E+03	1.21E+03	1.21E+03	1.21E+03		
71	1.18E+03	1.18E+03	1.22E+03	1.24E+03	1.25E+03	1.26E+03	1.26E+03	1.26E+03		
72	1.22E+03	1.22E+03	1.27E+03	1.28E+03	1.29E+03	1.30E+03	1.31E+03	1.31E+03		
73	1.26E+03	1.26E+03	1.31E+03	1.33E+03	1.34E+03	1.35E+03	1.36E+03	1.36E+03		
74	1.30E+03	1.30E+03	1.36E+03	1.38E+03	1.39E+03	1.40E+03	1.41E+03	1.41E+03		
75	1.35E+03	1.35E+03	1.40E+03	1.42E+03	1.44E+03	1.45E+03	1.45E+03	1.45E+03		
76	1.39E+03	1.39E+03	1.45E+03	1.47E+03	1.49E+03	1.50E+03	1.50E+03	1.50E+03		
77	1.44E+03	1.44E+03	1.50E+03	1.52E+03	1.53E+03	1.55E+03	1.55E+03	1.55E+03		
78	1.48E+03	1.48E+03	1.55E+03	1.57E+03	1.58E+03	1.60E+03	1.60E+03	1.60E+03		
79	1.53E+03	1.53E+03	1.59E+03	1.62E+03	1.63E+03	1.65E+03	1.65E+03	1.65E+03		
80	1.57E+03	1.57E+03	1.64E+03	1.67E+03	1.68E+03	1.70E+03	1.71E+03	1.71E+03		
81	1.62E+03	1.62E+03	1.69E+03	1.72E+03	1.73E+03	1.75E+03	1.76E+03	1.76E+03		
82	1.66E+03	1.66E+03	1.74E+03	1.77E+03	1.78E+03	1.80E+03	1.81E+03	1.81E+03		
83	1.71E+03	1.71E+03	1.79E+03	1.82E+03	1.83E+03	1.85E+03	1.86E+03	1.86E+03		
84	1.75E+03	1.75E+03	1.83E+03	1.87E+03	1.88E+03	1.90E+03	1.91E+03	1.91E+03		
85	1.80E+03	1.80E+03	1.88E+03	1.92E+03	1.93E+03	1.95E+03	1.96E+03	1.96E+03		
86	1.84E+03	1.84E+03	1.93E+03	1.96E+03	1.98E+03	2.00E+03	2.01E+03	2.01E+03		
87	1.89E+03	1.89E+03	1.98E+03	2.01E+03	2.03E+03	2.05E+03	2.06E+03	2.06E+03		
88	1.94E+03	1.94E+03	2.03E+03	2.06E+03	2.08E+03	2.10E+03	2.11E+03	2.11E+03		
89	1.98E+03	1.98E+03	2.08E+03	2.11E+03	2.13E+03	2.15E+03	2.16E+03	2.16E+03		
90	2.03E+03	2.03E+03	2.12E+03	2.16E+03	2.18E+03	2.20E+03	2.21E+03	2.21E+03		
91	2.08E+03	2.08E+03	2.17E+03	2.21E+03	2.23E+03	2.25E+03	2.26E+03	2.26E+03		
92	2.12E+03	2.12E+03	2.22E+03	2.26E+03	2.28E+03	2.29E+03	2.31E+03	2.31E+03		
93	2.17E+03	2.17E+03	2.26E+03	2.30E+03	2.33E+03	2.34E+03	2.35E+03	2.35E+03		
94	2.21E+03	2.21E+03	2.31E+03	2.35E+03	2.37E+03	2.39E+03	2.40E+03	2.40E+03		
95	2.26E+03	2.26E+03	2.36E+03	2.40E+03	2.42E+03	2.44E+03	2.45E+03	2.45E+03		
96	2.31E+03	2.31E+03	2.40E+03	2.44E+03	2.46E+03	2.48E+03	2.49E+03	2.49E+03		
97	2.35E+03	2.35E+03	2.45E+03	2.49E+03	2.51E+03	2.53E+03	2.54E+03	2.54E+03		
98	2.40E+03	2.40E+03	2.49E+03	2.53E+03	2.55E+03	2.57E+03	2.58E+03	2.58E+03		
99	2.44E+03	2.44E+03	2.53E+03	2.57E+03	2.60E+03	2.61E+03	2.63E+03	2.63E+03		
100	2.49E+03	2.49E+03	2.58E+03	2.62E+03	2.64E+03	2.65E+03	2.67E+03	2.67E+03		
101	2.53E+03	2.53E+03	2.62E+03	2.66E+03	2.68E+03	2.70E+03	2.71E+03	2.71E+03		
102	2.58E+03	2.58E+03	2.66E+03	2.70E+03	2.72E+03	2.74E+03	2.75E+03	2.75E+03		
103	2.62E+03	2.62E+03	2.70E+03	2.74E+03	2.76E+03	2.78E+03	2.79E+03	2.79E+03		
104	2.66E+03	2.66E+03	2.74E+03	2.78E+03	2.80E+03	2.82E+03	2.83E+03	2.83E+03		
105	2.71E+03	2.71E+03	2.78E+03	2.82E+03	2.84E+03	2.85E+03	2.87E+03	2.87E+03		
106	2.75E+03	2.75E+03	2.81E+03	2.85E+03	2.88E+03	2.89E+03	2.90E+03	2.90E+03		
107	2.79E+03	2.79E+03	2.85E+03	2.89E+03	2.91E+03	2.93E+03	2.94E+03	2.94E+03		
108	2.83E+03	2.83E+03	2.89E+03	2.93E+03	2.95E+03	2.96E+03	2.98E+03	2.98E+03		
109	2.87E+03	2.87E+03	2.92E+03	2.96E+03	2.98E+03	3.00E+03	3.01E+03	3.01E+03		
110	2.91E+03	2.91E+03	2.96E+03	2.99E+03	3.02E+03	3.03E+03	3.04E+03	3.04E+03		
111	2.95E+03	2.95E+03	2.99E+03	3.03E+03	3.05E+03	3.06E+03	3.08E+03	3.08E+03		
112	2.99E+03	2.99E+03	3.02E+03	3.06E+03	3.08E+03	3.10E+03	3.11E+03	3.11E+03		
113	3.03E+03	3.03E+03	3.05E+03	3.09E+03	3.11E+03	3.13E+03	3.14E+03	3.14E+03		
114	3.07E+03	3.07E+03	3.08E+03	3.12E+03	3.14E+03	3.16E+03	3.17E+03	3.17E+03		
115	3.10E+03	3.10E+03	3.11E+03	3.15E+03	3.17E+03	3.18E+03	3.20E+03	3.20E+03		
116	3.14E+03	3.14E+03	3.14E+03	3.17E+03	3.20E+03	3.21E+03	3.22E+03	3.22E+03		
117	3.17E+03	3.17E+03	3.16E+03	3.20E+03	3.22E+03	3.24E+03	3.25E+03	3.25E+03		
118	3.20E+03	3.20E+03	3.19E+03	3.22E+03	3.25E+03	3.26E+03	3.27E+03	3.27E+03		
119	3.23E+03	3.23E+03	3.21E+03	3.25E+03	3.27E+03	3.28E+03	3.30E+03	3.30E+03		
120	3.26E+03	3.26E+03	3.23E+03	3.27E+03	3.29E+03	3.31E+03	3.32E+03	3.32E+03		
121	3.29E+03	3.29E+03	3.25E+03	3.29E+03	3.31E+03	3.33E+03	3.34E+03	3.34E+03		
122	3.32E+03	3.32E+03	3.27E+03	3.31E+03	3.33E+03	3.35E+03	3.36E+03	3.36E+03		
123	3.35E+03	3.35E+03	3.29E+03	3.33E+03	3.35E+03	3.36E+03	3.37E+03	3.37E+03		
124	3.37E+03	3.37E+03	3.30E+03	3.34E+03	3.36E+03	3.38E+03	3.39E+03	3.39E+03		
125	3.39E+03	3.39E+03	3.32E+03	3.35E+03	3.38E+03	3.39E+03	3.40E+03	3.40E+03		
126	3.41E+03	3.41E+03	3.33E+03	3.37E+03	3.39E+03	3.40E+03	3.42E+03	3.42E+03		
127	3.43E+03	3.43E+03	3.34E+03	3.38E+03	3.40E+03	3.41E+03	3.43E+03	3.43E+03		
128	3.45E+03	3.45E+03	3.35E+03	3.39E+03	3.41E+03	3.42E+03	3.43E+03	3.43E+03		
129	3.46E+03	3.46E+03	3.36E+03	3.39E+03	3.41E+03	3.43E+03	3.44E+03	3.44E+03		
130	3.48E+03	3.48E+03	3.36E+03	3.40E+03	3.42E+03	3.43E+03	3.45E+03	3.45E+03		
131	3.49E+03	3.49E+03	3.36E+03	3.40E+03	3.42E+03	3.44E+03	3.45E+03	3.45E+03		
132	3.50E+03	3.50E+03	3.37E+03	3.40E+03	3.42E+03	3.44E+03	3.45E+03	3.45E+03		
133	3.51E+03	3.51E+03	3.37E+03	3.40E+03	3.42E+03	3.44E+03	3.45E+03	3.45E+03		
134	3.52E+03	3.52E+03	3.36E+03	3.40E+03	3.42E+03	3.44E+03	3.45E+03	3.45E+03		
135	3.52E+03	3.52E+03	3.36E+03	3.40E+03	3.42E+03	3.43E+03	3.44E+03	3.44E+03		
136	3.53E+03	3.53E+03	3.36E+03	3.39E+03	3.41E+03	3.43E+03	3.44E+03	3.44E+03		
137	3.53E+03	3.53E+03	3.35E+03	3.39E+03	3.41E+03	3.42E+03	3.43E+03	3.43E+03		
138	3.53E+03	3.53E+03	3.34E+03	3.38E+03	3.40E+03	3.41E+03	3.43E+03	3.43E+03		
139	3.53E+03	3.53E+03	3.34E+03	3.37E+03	3.39E+03	3.41E+03	3.42E+03	3.42E+03		
140	3.53E+03	3.53E+03	3.33E+03	3.36E+03	3.38E+03	3.39E+03	3.41E+03	3.41E+03		
141	3.53E+03	3.53E+03	3.31E+03	3.35E+03	3.37E+03	3.38E+03	3.39E+03	3.39E+03		
142	3.52E+03	3.52E+03	3.30E+03	3.34E+03	3.36E+03	3.37E+03	3.38E+03	3.38E+03		
143	3.52E+03	3.52E+03	3.29E+03	3.32E+03	3.34E+03	3.36E+03	3.37E+03	3.37E+03		
144	3.51E+03	3.51E+03	3.27E+03	3.31E+03	3.33E+03	3.34E+03	3.35E+03	3.35E+03		
145	3.51E+03	3.51E+03	3.26E+03	3.29E+03	3.31E+03	3.32E+03	3.33E+03	3.33E+03		
146	3.50E+03	3.50E+03	3.24E+03	3.27E+03	3.29E+03	3.30E+03	3.31E+03	3.31E+03		
147	3.49E+03	3.49E+03	3.22E+03	3.25E+03	3.27E+03	3.28E+03	3.29E+03	3.29E+03		
148	3.48E+03	3.48E+03	3.20E+03	3.23E+03	3.25E+03	3.26E+03	3.27E+03	3.27E+03		
149	3.47E+03	3.47E+03	3.18E+03	3.21E+03	3.23E+03	3.24E+03	3.25E+03	3.25E+03		
150	3.45E+03	3.45E+03	3.16E+03	3.19E+03	3.21E+03	3.22E+03	3.23E+03	3.23E+03		
151	3.44E+03	3.44E+03	3.14E+03	3.17E+03	3.18E+03	3.19E+03	3.20E+03	3.20E+03		
152	3.42E+03	3.42E+03	3.12E+03	3.14E+03	3.16E+03	3.17E+03	3.18E+03	3.18E+03		
153	3.41E+03	3.41E+03	3.09E+03	3.12E+03	3.13E+03	3.14E+03	3.15E+03	3.15E+03		
154	3.39E+03	3.39E+03	3.07E+03	3.09E+03	3.10E+03	3.11E+03	3.12E+03	3.12E+03		
155	3.37E+03	3.37E+03	3.04E+03	3.06E+03	3.08E+03	3.09E+03	3.09E+03	3.09E+03		
156	3.36E+03	3.36E+03	3.01E+03	3.03E+03	3.05E+03	3.06E+03	3.06E+03	3.06E+03		
157	3.34E+03	3.34E+03	2.98E+03	3.00E+03	3.02E+03	3.03E+03	3.03E+03	3.03E+03		
158	3.32E+03	3.32E+03	2.95E+03	2.97E+03	2.99E+03	2.99E+03	3.00E+03	3.00E+03		
159	3.30E+03	3.30E+03	2.92E+03	2.94E+03	2.95E+03	2.96E+03	2.97E+03	2.97E+03		
160	3.27E+03	3.27E+03	2.89E+03	2.91E+03	2.92E+03	2.93E+03	2.93E+03	2.93E+03		
161	3.25E+03	3.25E+03	2.86E+03	2.88E+03	2.89E+03	2.89E+03	2.90E+03	2.90E+03		
162	3.23E+03	3.23E+03	2.83E+03	2.84E+03	2.85E+03	2.86E+03	2.86E+03	2.86E+03		
163	3.21E+03	3.21E+03	2.80E+03	2.81E+03	2.82E+03	2.82E+03	2.83E+03	2.83E+03		
164	3.18E+03	3.18E+03	2.76E+03	2.77E+03	2.78E+03	2.79E+03	2.79E+03	2.79E+03		
165	3.16E+03	3.16E+03	2.73E+03	2.74E+03	2.74E+03	2.75E+03	2.75E+03	2.75E+03		
166	3.13E+03	3.13E+03	2.69E+03	2.70E+03	2.71E+03	2.71E+03	2.71E+03	2.71E+03		
167	3.11E+03	3.11E+03	2.66E+03	2.67E+03	2.67E+03	2.67E+03	2.68E+03	2.68E+03		
168	3.08E+03	3.08E+03	2.62E+03	2.63E+03	2.63E+03	2.64E+03	2.64E+03	2.64E+03		
169	3.05E+03	3.05E+03	2.58E+03	2.59E+03	2.59E+03	2.60E+03	2.60E+03	2.60E+03		
170	3.02E+03	3.02E+03	2.55E+03	2.55E+03	2.55E+03	2.56E+03	2.56E+03	2.56E+03		
171	3.00E+03	3.00E+03	2.51E+03	2.51E+03	2.52E+03	2.52E+03	2.52E+03	2.52E+03		
172	2.97E+03	2.97E+03	2.47E+03	2.48E+03	2.48E+03	2.48E+03	2.48E+03	2.48E+03		
173	2.94E+03	2.94E+03	2.43E+03	2.44E+03	2.44E+03	2.44E+03	2.44E+03	2.44E+03		
174	2.91E+03	2.91E+03	2.40E+03	2.40E+03	2.40E+03	2.40E+03	2.40E+03	2.40E+03		
175	2.88E+03	2.88E+03	2.36E+03	2.36E+03	2.36E+03	2.36E+03	2.36E+03	2.36E+03		
176	2.85E+03	2.85E+03	2.32E+03	2.32E+03	2.32E+03	2.32E+03	2.32E+03	2.32E+03		
177	2.82E+03	2.82E+03	2.28E+03	2.28E+03	2.28E+03	2.28E+03	2.28E+03	2.28E+03		
178	2.79E+03	2.79E+03	2.25E+03	2.25E+03	2.24E+03	2.24E+03	2.24E+03	2.24E+03		
179	2.76E+03	2.76E+03	2.21E+03	2.21E+03	2.21E+03	2.21E+03	2.21E+03	2.21E+03		
180	2.73E+03	2.73E+03	2.17E+03	2.17E+03	2.17E+03	2.17E+03	2.17E+03	2.17E+03		
181	2.69E+03	2.69E+03	2.14E+03	2.13E+03	2.13E+03	2.13E+03	2.13E+03	2.13E+03		
182	2.66E+03	2.66E+03	2.10E+03	2.10E+03	2.10E+03	2.10E+03	2.09E+03	2.09E+03		
183	2.63E+03	2.63E+03	2.07E+03	2.06E+03	2.06E+03	2.06E+03	2.06E+03	2.06E+03		
184	2.60E+03	2.60E+03	2.03E+03	2.03E+03	2.03E+03	2.02E+03	2.02E+03	2.02E+03		
185	2.57E+03	2.57E+03	2.00E+03	1.99E+03	1.99E+03	1.99E+03	1.99E+03	1.99E+03		
186	2.54E+03	2.54E+03	1.96E+03	1.96E+03	1.96E+03	1.96E+03	1.96E+03	1.96E+03		
187	2.50E+03	2.50E+03	1.93E+03	1.93E+03	1.92E+03	1.92E+03	1.92E+03	1.92E+03		
188	2.47E+03	2.47E+03	1.89E+03	1.89E+03	1.89E+03	1.89E+03	1.89E+03	1.89E+03		
189	2.44E+03	2.44E+03	1.86E+03	1.86E+03	1.86E+03	1.86E+03	1.86E+03	1.86E+03		
190	2.41E+03	2.41E+03	1.83E+03	1.83E+03	1.83E+03	1.83E+03	1.83E+03	1.83E+03		
191	2.37E+03	2.37E+03	1.80E+03	1.80E+03	1.80E+03	1.80E+03	1.80E+03	1.80E+03		
192	2.34E+03	2.34E+03	1.77E+03	1.77E+03	1.77E+03	1.77E+03	1.77E+03	1.77E+03		
193	2.31E+03	2.31E+03	1.74E+03	1.74E+03	1.74E+03	1.74E+03	1.74E+03	1.74E+03		
194	2.28E+03	2.28E+03	1.71E+03	1.71E+03	1.71E+03	1.71E+03	1.71E+03	1.71E+03		
195	2.25E+03	2.25E+03	1.68E+03	1.68E+03	1.68E+03	1.68E+03	1.68E+03	1.68E+03		
196	2.21E+03	2.21E+03	1.65E+03	1.65E+03	1.65E+03	1.65E+03	1.65E+03	1.65E+03		
197	2.18E+03	2.18E+03	1.62E+03	1.62E+03	1.62E+03	1.62E+03	1.62E+03	1.62E+03		
198	2.15E+03	2.15E+03	1.59E+03	1.60E+03	1.60E+03	1.60E+03	1.60E+03	1.60E+03		
199	2.12E+03	2.12E+03	1.57E+03	1.57E+03	1.57E+03	1.57E+03	1.57E+03	1.57E+03		
200	2.09E+03	2.09E+03	1.54E+03	1.54E+03	1.54E+03	1.54E+03	1.54E+03	1.54E+03		
201	2.06E+03	2.06E+03	1.52E+03	1.52E+03	1.52E+03	1.52E+03	1.52E+03	1.52E+03		
202	2.03E+03	2.03E+03	1.49E+03	1.49E+03	1.49E+03	1.49E+03	1.49E+03	1.49E+03		
203	2.00E+03	2.00E+03	1.46E+03	1.47E+03	1.47E+03	1.47E+03	1.47E+03	1.47E+03		
204	1.97E+03	1.97E+03	1.44E+03	1.44E+03	1.44E+03	1.44E+03	1.44E+03	1.44E+03		
205	1.94E+03	1.94E+03	1.42E+03	1.42E+03	1.42E+03	1.42E+03	1.42E+03	1.42E+03		
206	1.91E+03	1.91E+03	1.39E+03	1.39E+03	1.39E+03	1.39E+03	1.39E+03	1.39E+03		
207	1.88E+03	1.88E+03	1.37E+03	1.37E+03	1.37E+03	1.37E+03	1.37E+03	1.37E+03		
208	1.85E+03	1.85E+03	1.35E+03	1.35E+03	1.35E+03	1.35E+03	1.35E+03	1.35E+03		
209	1.82E+03	1.82E+03	1.32E+03	1.32E+03	1.32E+03	1.32E+03	1.32E+03	1.32E+03		
210	1.79E+03	1.79E+03	1.30E+03	1.30E+03	1.30E+03	1.30E+03	1.30E+03	1.30E+03		
211	1.76E+03	1.76E+03	1.28E+03	1.28E+03	1.28E+03	1.28E+03	1.28E+03	1.28E+03		
212	1.74E+03	1.74E+03	1.26E+03	1.26E+03	1.26E+03	1.26E+03	1.26E+03	1.26E+03		
213	1.71E+03	1.71E+03	1.24E+03	1.24E+03	1.24E+03	1.24E+03	1.24E+03	1.24E+03		
214	1.68E+03	1.68E+03	1.22E+03	1.22E+03	1.22E+03	1.22E+03	1.22E+03	1.22E+03		
215	1.65E+03	1.65E+03	1.20E+03	1.20E+03	1.20E+03	1.20E+03	1.20E+03	1.20E+03		
216	1.63E+03	1.63E+03	1.18E+03	1.18E+03	1.18E+03	1.18E+03	1.17E+03	1.17E+03		
217	1.60E+03	1.60E+03	1.16E+03	1.16E+03	1.16E+03	1.16E+03	1.16E+03	1.16E+03		
218	1.58E+03	1.58E+03	1.14E+03	1.14E+03	1.14E+03	1.14E+03	1.14E+03	1.14E+03		
219	1.55E+03	1.55E+03	1.12E+03	1.12E+03	1.12E+03	1.12E+03	1.12E+03	1.12E+03		
220	1.53E+03	1.53E+03	1.10E+03	1.10E+03	1.10E+03	1.10E+03	1.10E+03	1.10E+03		
221	1.50E+03	1.50E+03	1.08E+03	1.08E+03	1.08E+03	1.08E+03	1.08E+03	1.08E+03		
222	1.48E+03	1.48E+03	1.06E+03	1.06E+03	1.06E+03	1.06E+03	1.06E+03	1.06E+03		
223	1.45E+03	1.45E+03	1.04E+03	1.04E+03	1.04E+03	1.04E+03	1.04E+03	1.04E+03		
224	1.43E+03	1.43E+03	1.03E+03	1.03E+03	1.03E+03	1.03E+03	1.03E+03	1.03E+03		
225	1.41E+03	1.41E+03	1.01E+03	1.01E+03	1.01E+03	1.01E+03	1.01E+03	1.01E+03		
226	1.39E+03	1.39E+03	9.94E+02	9.93E+02	9.93E+02	9.93E+02	9.93E+02	9.93E+02		
227	1.36E+03	1.36E+03	9.77E+02	9.77E+02	9.77E+02	9.76E+02	9.76E+02	9.76E+02		
228	1.34E+03	1.34E+03	9.61E+02	9.61E+02	9.60E+02	9.60E+02	9.60E+02	9.60E+02		
229	1.32E+03	1.32E+03	9.45E+02	9.45E+02	9.45E+02	9.45E+02	9.44E+02	9.44E+02		
230	1.30E+03	1.30E+03	9.30E+02	9.29E+02	9.29E+02	9.29E+02	9.29E+02	9.29E+02		
231	1.28E+03	1.28E+03	9.14E+02	9.14E+02	9.14E+02	9.14E+02	9.14E+02	9.14E+02		
232	1.26E+03	1.26E+03	8.99E+02	8.99E+02	8.99E+02	8.99E+02	8.99E+02	8.99E+02		
233	1.24E+03	1.24E+03	8.85E+02	8.85E+02	8.84E+02	8.84E+02	8.84E+02	8.84E+02		
234	1.22E+03	1.22E+03	8.70E+02	8.70E+02	8.70E+02	8.70E+02	8.70E+02	8.70E+02		
235	1.20E+03	1.20E+03	8.56E+02	8.56E+02	8.56E+02	8.56E+02	8.56E+02	8.56E+02		
236	1.18E+03	1.18E+03	8.42E+02	8.42E+02	8.42E+02	8.42E+02	8.42E+02	8.42E+02		
237	1.16E+03	1.16E+03	8.28E+02	8.28E+02	8.29E+02	8.29E+02	8.29E+02	8.29E+02		
238	1.15E+03	1.15E+03	8.15E+02	8.15E+02	8.15E+02	8.15E+02	8.15E+02	8.15E+02		
239	1.13E+03	1.13E+03	8.02E+02	8.02E+02	8.02E+02	8.02E+02	8.02E+02	8.02E+02		
240	1.11E+03	1.11E+03	7.89E+02	7.89E+02	7.89E+02	7.90E+02	7.90E+02	7.90E+02		
241	1.10E+03	1.10E+03	7.76E+02	7.77E+02	7.77E+02	7.77E+02	7.77E+02	7.77E+02		
242	1.08E+03	1.08E+03	7.64E+02	7.64E+02	7.65E+02	7.65E+02	7.65E+02	7.65E+02		
243	1.06E+03	1.06E+03	7.52E+02	7.52E+02	7.53E+02	7.53E+02	7.53E+02	7.53E+02		
244	1.05E+03	1.05E+03	7.40E+02	7.40E+02	7.41E+02	7.41E+02	7.41E+02	7.41E+02		
245	1.03E+03	1.03E+03	7.28E+02	7.29E+02	7.29E+02	7.29E+02	7.30E+02	7.30E+02		
246	1.02E+03	1.02E+03	7.17E+02	7.18E+02	7.18E+02	7.18E+02	7.18E+02	7.18E+02		
247	1.00E+03	1.00E+03	7.06E+02	7.07E+02	7.07E+02	7.07E+02	7.07E+02	7.07E+02		
248	9.86E+02	9.86E+02	6.95E+02	6.96E+02	6.96E+02	6.96E+02	6.97E+02	6.97E+02		
249	9.72E+02	9.72E+02	6.85E+02	6.85E+02	6.86E+02	6.86E+02	6.86E+02	6.86E+02		
250	9.58E+02	9.58E+02	6.75E+02	6.75E+02	6.76E+02	6.76E+02	6.76E+02	6.76E+02		
251	9.44E+02	9.44E+02	6.65E+02	6.65E+02	6.66E+02	6.66E+02	6.66E+02	6.66E+02		
252	9.31E+02	9.31E+02	6.55E+02	6.56E+02	6.56E+02	6.56E+02	6.56E+02	6.56E+02		
253	9.18E+02	9.18E+02	6.46E+02	6.46E+02	6.47E+02	6.47E+02	6.47E+02	6.47E+02		
254	9.05E+02	9.05E+02	6.37E+02	6.37E+02	6.37E+02	6.38E+02	6.38E+02	6.38E+02		
255	8.92E+02	8.92E+02	6.28E+02	6.28E+02	6.29E+02	6.29E+02	6.29E+02	6.29E+02		
256	8.80E+02	8.80E+02	6.20E+02	6.20E+02	6.20E+02	6.20E+02	6.20E+02	6.20E+02		
257	8.68E+02	8.68E+02	6.11E+02	6.12E+02	6.12E+02	6.12E+02	6.12E+02	6.12E+02		
258	8.56E+02	8.56E+02	6.03E+02	6.03E+02	6.03E+02	6.04E+02	6.04E+02	6.04E+02		
259	8.45E+02	8.45E+02	5.95E+02	5.95E+02	5.96E+02	5.96E+02	5.96E+02	5.96E+02		
260	8.34E+02	8.34E+02	5.88E+02	5.88E+02	5.88E+02	5.88E+02	5.88E+02	5.88E+02		
261	8.23E+02	8.23E+02	5.80E+02	5.80E+02	5.80E+02	5.80E+02	5.80E+02	5.80E+02		
262	8.13E+02	8.13E+02	5.73E+02	5.73E+02	5.73E+02	5.73E+02	5.73E+02	5.73E+02		
263	8.02E+02	8.02E+02	5.66E+02	5.66E+02	5.66E+02	5.66E+02	5.66E+02	5.66E+02		
264	7.92E+02	7.92E+02	5.59E+02	5.59E+02	5.59E+02	5.58E+02	5.58E+02	5.58E+02		
265	7.82E+02	7.82E+02	5.52E+02	5.52E+02	5.52E+02	5.52E+02	5.51E+02	5.51E+02		
266	7.73E+02	7.73E+02	5.45E+02	5.45E+02	5.45E+02	5.45E+02	5.45E+02	5.45E+02		
267	7.64E+02	7.64E+02	5.39E+02	5.39E+02	5.38E+02	5.38E+02	5.38E+02	5.38E+02		
268	7.55E+02	7.55E+02	5.33E+02	5.32E+02	5.32E+02	5.32E+02	5.31E+02	5.31E+02		
269	7.46E+02	7.46E+02	5.26E+02	5.26E+02	5.25E+02	5.25E+02	5.25E+02	5.25E+02		
270	7.37E+02	7.37E+02	5.20E+02	5.20E+02	5.19E+02	5.19E+02	5.19E+02	5.19E+02		
271	7.29E+02	7.29E+02	5.14E+02	5.14E+02	5.13E+02	5.13E+02	5.13E+02	5.13E+02		
272	7.21E+02	7.21E+02	5.09E+02	5.08E+02	5.07E+02	5.07E+02	5.07E+02	5.07E+02		
273	7.13E+02	7.13E+02	5.03E+02	5.02E+02	5.02E+02	5.01E+02	5.01E+02	5.01E+02		
274	7.05E+02	7.05E+02	4.97E+02	4.97E+02	4.96E+02	4.96E+02	4.95E+02	4.95E+02		
275	6.98E+02	6.98E+02	4.92E+02	4.91E+02	4.91E+02	4.90E+02	4.90E+02	4.90E+02		
276	6.91E+02	6.91E+02	4.87E+02	4.86E+02	4.85E+02	4.85E+02	4.85E+02	4.85E+02		
277	6.84E+02	6.84E+02	4.82E+02	4.81E+02	4.80E+02	4.80E+02	4.80E+02	4.80E+02		
278	6.77E+02	6.77E+02	4.77E+02	4.76E+02	4.75E+02	4.75E+02	4.75E+02	4.75E+02		
279	6.70E+02	6.70E+02	4.72E+02	4.71E+02	4.71E+02	4.71E+02	4.70E+02	4.70E+02		
280	6.64E+02	6.64E+02	4.67E+02	4.67E+02	4.66E+02	4.66E+02	4.66E+02	4.66E+02		
281	6.58E+02	6.58E+02	4.63E+02	4.62E+02	4.62E+02	4.62E+02	4.62E+02	4.62E+02		
282	6.52E+02	6.52E+02	4.59E+02	4.58E+02	4.58E+02	4.58E+02	4.58E+02	4.58E+02		
283	6.46E+02	6.46E+02	4.55E+02	4.54E+02	4.54E+02	4.54E+02	4.54E+02	4.54E+02		
284	6.41E+02	6.41E+02	4.51E+02	4.50E+02	4.50E+02	4.50E+02	4.50E+02	4.50E+02		
285	6.35E+02	6.35E+02	4.47E+02	4.46E+02	4.46E+02	4.46E+02	4.46E+02	4.46E+02		
286	6.30E+02	6.30E+02	4.43E+02	4.43E+02	4.43E+02	4.43E+02	4.43E+02	4.43E+02		
287	6.25E+02	6.25E+02	4.40E+02	4.39E+02	4.39E+02	4.40E+02	4.40E+02	4.40E+02		
288	6.21E+02	6.21E+02	4.36E+02	4.36E+02	4.36E+02	4.37E+02	4.37E+02	4.37E+02		
289	6.16E+02	6.16E+02	4.33E+02	4.33E+02	4.33E+02	4.34E+02	4.34E+02	4.34E+02		
290	6.12E+02	6.12E+02	4.30E+02	4.30E+02	4.30E+02	4.31E+02	4.31E+02	4.31E+02		
291	6.07E+02	6.07E+02	4.28E+02	4.27E+02	4.28E+02	4.28E+02	4.28E+02	4.28E+02		
292	6.03E+02	6.03E+02	4.25E+02	4.25E+02	4.25E+02	4.26E+02	4.26E+02	4.26E+02		
293	6.00E+02	6.00E+02	4.22E+02	4.23E+02	4.23E+02	4.23E+02	4.23E+02	4.23E+02		
294	5.96E+02	5.96E+02	4.20E+02	4.20E+02	4.21E+02	4.21E+02	4.21E+02	4.21E+02		
295	5.92E+02	5.92E+02	4.18E+02	4.18E+02	4.19E+02	4.19E+02	4.19E+02	4.19E+02		
296	5.89E+02	5.89E+02	4.16E+02	4.16E+02	4.17E+02	4.17E+02	4.17E+02	4.17E+02		
297	5.86E+02	5.86E+02	4.14E+02	4.14E+02	4.15E+02	4.15E+02	4.15E+02	4.15E+02		
298	5.83E+02	5.83E+02	4.12E+02	4.13E+02	4.13E+02	4.13E+02	4.13E+02	4.13E+02		
299	5.80E+02	5.80E+02	4.11E+02	4.11E+02	4.11E+02	4.12E+02	4.12E+02	4.12E+02		
300	5.77E+02	5.77E+02	4.09E+02	4.10E+02	4.10E+02	4.10E+02	4.10E+02	4.10E+02		
301	5.75E+02	5.75E+02	4.08E+02	4.08E+02	4.09E+02	4.09E+02	4.09E+02	4.09E+02		
302	5.72E+02	5.72E+02	4.07E+02	4.07E+02	4.07E+02	4.07E+02	4.08E+02	4.08E+02		
303	5.70E+02	5.70E+02	4.06E+02	4.06E+02	4.06E+02	4.06E+02	4.06E+02	4.06E+02		
304	5.68E+02	5.68E+02	4.05E+02	4.05E+02	4.05E+02	4.05E+02	4.05E+02	4.05E+02		
305	5.66E+02	5.66E+02	4.04E+02	4.04E+02	4.04E+02	4.04E+02	4.04E+02	4.04E+02		
306	5.64E+02	5.64E+02	4.03E+02	4.04E+02	4.04E+02	4.04E+02	4.04E+02	4.04E+02		
307	5.63E+02	5.63E+02	4.03E+02	4.03E+02	4.03E+02	4.03E+02	4.03E+02	4.03E+02		
308	5.61E+02	5.61E+02	4.02E+02	4.02E+02	4.02E+02	4.02E+02	4.02E+02	4.02E+02		
309	5.60E+02	5.60E+02	4.02E+02	4.02E+02	4.02E+02	4.02E+02	4.02E+02	4.02E+02		
310	5.58E+02	5.58E+02	4.01E+02	4.02E+02	4.01E+02	4.01E+02	4.01E+02	4.01E+02		
311	5.57E+02	5.57E+02	4.01E+02	4.01E+02	4.01E+02	4.01E+02	4.01E+02	4.01E+02		
312	5.56E+02	5.56E+02	4.01E+02	4.01E+02	4.01E+02	4.01E+02	4.01E+02	4.01E+02		
313	5.55E+02	5.55E+02	4.00E+02	4.01E+02	4.01E+02	4.01E+02	4.00E+02	4.00E+02		
314	5.55E+02	5.55E+02	4.00E+02	4.01E+02	4.01E+02	4.00E+02	4.00E+02	4.00E+02		
315	5.54E+02	5.54E+02	4.00E+02	4.01E+02	4.01E+02	4.00E+02	4.00E+02	4.00E+02		
316	5.54E+02	5.54E+02	4.00E+02	4.01E+02	4.01E+02	4.01E+02	4.00E+02	4.00E+02		
317	5.53E+02	5.53E+02	4.01E+02	4.01E+02	4.01E+02	4.01E+02	4.01E+02	4.01E+02		
318	5.53E+02	5.53E+02	4.01E+02	4.01E+02	4.01E+02	4.01E+02	4.01E+02	4.01E+02		
319	5.53E+02	5.53E+02	4.01E+02	4.01E+02	4.01E+02	4.01E+02	4.01E+02	4.01E+02		
320	5.53E+02	5.53E+02	4.02E+02	4.02E+02	4.02E+02	4.02E+02	4.02E+02	4.02E+02		
321	5.53E+02	5.53E+02	4.02E+02	4.02E+02	4.02E+02	4.02E+02	4.02E+02	4.02E+02		
322	5.53E+02	5.53E+02	4.03E+02	4.03E+02	4.03E+02	4.03E+02	4.03E+02	4.03E+02		
323	5.54E+02	5.54E+02	4.03E+02	4.03E+02	4.03E+02	4.03E+02	4.03E+02	4.03E+02		
324	5.54E+02	5.54E+02	4.04E+02	4.04E+02	4.04E+02	4.04E+02	4.04E+02	4.04E+02		
325	5.55E+02	5.55E+02	4.05E+02	4.05E+02	4.05E+02	4.05E+02	4.05E+02	4.05E+02		
326	5.55E+02	5.55E+02	4.06E+02	4.06E+02	4.06E+02	4.06E+02	4.06E+02	4.06E+02		
327	5.56E+02	5.56E+02	4.07E+02	4.07E+02	4.07E+02	4.07E+02	4.07E+02	4.07E+02		
328	5.57E+02	5.57E+02	4.08E+02	4.08E+02	4.08E+02	4.08E+02	4.08E+02	4.08E+02		
329	5.58E+02	5.58E+02	4.09E+02	4.09E+02	4.09E+02	4.09E+02	4.09E+02	4.09E+02		
330	5.59E+02	5.59E+02	4.10E+02	4.10E+02	4.10E+02	4.10E+02	4.10E+02	4.10E+02		
331	5.60E+02	5.60E+02	4.11E+02	4.11E+02	4.11E+02	4.12E+02	4.12E+02	4.12E+02		
332	5.61E+02	5.61E+02	4.13E+02	4.13E+02	4.13E+02	4.13E+02	4.13E+02	4.13E+02		
333	5.63E+02	5.63E+02	4.14E+02	4.14E+02	4.14E+02	4.14E+02	4.14E+02	4.14E+02		
334	5.64E+02	5.64E+02	4.16E+02	4.16E+02	4.16E+02	4.16E+02	4.16E+02	4.16E+02		
335	5.66E+02	5.66E+02	4.17E+02	4.17E+02	4.17E+02	4.18E+02	4.18E+02	4.18E+02		
336	5.67E+02	5.67E+02	4.19E+02	4.19E+02	4.19E+02	4.19E+02	4.19E+02	4.19E+02		
337	5.69E+02	5.69E+02	4.21E+02	4.21E+02	4.21E+02	4.21E+02	4.21E+02	4.21E+02		
338	5.71E+02	5.71E+02	4.23E+02	4.23E+02	4.23E+02	4.23E+02	4.23E+02	4.23E+02		
339	5.72E+02	5.72E+02	4.24E+02	4.25E+02	4.25E+02	4.25E+02	4.25E+02	4.25E+02		
340	5.74E+02	5.74E+02	4.26E+02	4.27E+02	4.27E+02	4.27E+02	4.27E+02	4.27E+02		
341	5.76E+02	5.76E+02	4.29E+02	4.29E+02	4.29E+02	4.29E+02	4.29E+02	4.29E+02		
342	5.78E+02	5.78E+02	4.31E+02	4.31E+02	4.31E+02	4.31E+02	4.31E+02	4.31E+02		
343	5.81E+02	5.81E+02	4.33E+02	4.33E+02	4.33E+02	4.33E+02	4.33E+02	4.33E+02		
344	5.83E+02	5.83E+02	4.35E+02	4.35E+02	4.35E+02	4.36E+02	4.36E+02	4.36E+02		
345	5.85E+02	5.85E+02	4.38E+02	4.38E+02	4.38E+02	4.38E+02	4.38E+02	4.38E+02		
346	5.87E+02	5.87E+02	4.40E+02	4.40E+02	4.40E+02	4.40E+02	4.40E+02	4.40E+02		
347	5.90E+02	5.90E+02	4.43E+02	4.43E+02	4.43E+02	4.43E+02	4.43E+02	4.43E+02		
348	5.92E+02	5.92E+02	4.45E+02	4.45E+02	4.45E+02	4.45E+02	4.45E+02	4.45E+02		
349	5.95E+02	5.95E+02	4.48E+02	4.48E+02	4.48E+02	4.48E+02	4.48E+02	4.48E+02		
350	5.98E+02	5.98E+02	4.50E+02	4.50E+02	4.50E+02	4.50E+02	4.50E+02	4.50E+02		
351	6.00E+02	6.00E+02	4.53E+02	4.53E+02	4.53E+02	4.53E+02	4.53E+02	4.53E+02		
352	6.03E+02	6.03E+02	4.56E+02	4.55E+02	4.55E+02	4.55E+02	4.55E+02	4.55E+02		
353	6.06E+02	6.06E+02	4.58E+02	4.58E+02	4.58E+02	4.58E+02	4.58E+02	4.58E+02		
354	6.09E+02	6.09E+02	4.61E+02	4.61E+02	4.61E+02	4.61E+02	4.61E+02	4.61E+02		
355	6.12E+02	6.12E+02	4.64E+02	4.64E+02	4.64E+02	4.63E+02	4.63E+02	4.63E+02		
356	6.15E+02	6.15E+02	4.67E+02	4.67E+02	4.66E+02	4.66E+02	4.66E+02	4.66E+02		
357	6.18E+02	6.18E+02	4.70E+02	4.69E+02	4.69E+02	4.69E+02	4.69E+02	4.69E+02		
358	6.21E+02	6.21E+02	4.73E+02	4.72E+02	4.72E+02	4.72E+02	4.72E+02	4.72E+02		
359	6.24E+02	6.24E+02	4.75E+02	4.75E+02	4.75E+02	4.75E+02	4.74E+02	4.74E+02		
360	6.27E+02	6.27E+02	4.78E+02	4.78E+02	4.78E+02	4.77E+02	4.77E+02	4.77E+02		
361	6.30E+02	6.30E+02	4.81E+02	4.81E+02	4.81E+02	4.80E+02	4.80E+02	4.80E+02		
362	6.34E+02	6.34E+02	4.84E+02	4.84E+02	4.84E+02	4.83E+02	4.83E+02	4.83E+02		
363	6.37E+02	6.37E+02	4.87E+02	4.87E+02	4.86E+02	4.86E+02	4.86E+02	4.86E+02		
364	6.40E+02	6.40E+02	4.90E+02	4.90E+02	4.89E+02	4.89E+02	4.89E+02	4.89E+02		
365	6.44E+02	6.44E+02	4.93E+02	4.93E+02	4.93E+02	4.92E+02	4.92E+02	4.92E+02		
366	6.47E+02	6.47E+02	4.96E+02	4.96E+02	4.96E+02	4.95E+02	4.95E+02	4.95E+02		
367	6.51E+02	6.51E+02	4.99E+02	4.99E+02	4.99E+02	4.98E+02	4.98E+02	4.98E+02		
368	6.54E+02	6.54E+02	5.02E+02	5.02E+02	5.02E+02	5.02E+02	5.02E+02	5.02E+02		
369	6.58E+02	6.58E+02	5.06E+02	5.05E+02	5.05E+02	5.05E+02	5.05E+02	5.05E+02		
370	6.62E+02	6.62E+02	5.09E+02	5.08E+02	5.08E+02	5.08E+02	5.08E+02	5.08E+02		
371	6.65E+02	6.65E+02	5.12E+02	5.11E+02	5.11E+02	5.11E+02	5.11E+02	5.11E+02		
372	6.69E+02	6.69E+02	5.15E+02	5.15E+02	5.14E+02	5.14E+02	5.14E+02	5.14E+02		
373	6.73E+02	6.73E+02	5.18E+02	5.18E+02	5.18E+02	5.18E+02	5.18E+02	5.18E+02		
374	6.77E+02	6.77E+02	5.21E+02	5.21E+02	5.21E+02	5.21E+02	5.21E+02	5.21E+02		
375	6.80E+02	6.80E+02	5.25E+02	5.24E+02	5.24E+02	5.24E+02	5.24E+02	5.24E+02		
376	6.84E+02	6.84E+02	5.28E+02	5.28E+02	5.28E+02	5.28E+02	5.28E+02	5.28E+02		
377	6.88E+02	6.88E+02	5.31E+02	5.31E+02	5.31E+02	5.31E+02	5.31E+02	5.31E+02		
378	6.92E+02	6.92E+02	5.35E+02	5.34E+02	5.34E+02	5.34E+02	5.35E+02	5.35E+02		
379	6.96E+02	6.96E+02	5.38E+02	5.38E+02	5.38E+02	5.38E+02	5.38E+02	5.38E+02		
380	7.00E+02	7.00E+02	5.41E+02	5.41E+02	5.41E+02	5.41E+02	5.41E+02	5.41E+02		
381	7.04E+02	7.04E+02	5.45E+02	5.45E+02	5.45E+02	5.45E+02	5.45E+02	5.45E+02		
382	7.08E+02	7.08E+02	5.48E+02	5.48E+02	5.48E+02	5.48E+02	5.48E+02	5.48E+02		
383	7.12E+02	7.12E+02	5.52E+02	5.52E+02	5.52E+02	5.52E+02	5.52E+02	5.52E+02		
384	7.16E+02	7.16E+02	5.55E+02	5.55E+02	5.55E+02	5.55E+02	5.56E+02	5.56E+02		
385	7.20E+02	7.20E+02	5.59E+02	5.59E+02	5.59E+02	5.59E+02	5.59E+02	5.59E+02		
386	7.24E+02	7.24E+02	5.62E+02	5.62E+02	5.62E+02	5.63E+02	5.63E+02	5.63E+02		
387	7.28E+02	7.28E+02	5.66E+02	5.66E+02	5.66E+02	5.66E+02	5.66E+02	5.66E+02		
388	7.32E+02	7.32E+02	5.69E+02	5.69E+02	5.70E+02	5.70E+02	5.70E+02	5.70E+02		
389	7.36E+02	7.36E+02	5.73E+02	5.73E+02	5.73E+02	5.73E+02	5.74E+02	5.74E+02		
390	7.40E+02	7.40E+02	5.76E+02	5.77E+02	5.77E+02	5.77E+02	5.77E+02	5.77E+02		
391	7.44E+02	7.44E+02	5.80E+02	5.80E+02	5.81E+02	5.81E+02	5.81E+02	5.81E+02		
392	7.48E+02	7.48E+02	5.84E+02	5.84E+02	5.84E+02	5.84E+02	5.84E+02	5.84E+02		
393	7.53E+02	7.53E+02	5.87E+02	5.88E+02	5.88E+02	5.88E+02	5.88E+02	5.88E+02		
394	7.57E+02	7.57E+02	5.91E+02	5.91E+02	5.92E+02	5.92E+02	5.92E+02	5.92E+02		
395	7.61E+02	7.61E+02	5.95E+02	5.95E+02	5.95E+02	5.95E+02	5.95E+02	5.95E+02		
396	7.65E+02	7.65E+02	5.99E+02	5.99E+02	5.99E+02	5.99E+02	5.99E+02	5.99E+02		
397	7.69E+02	7.69E+02	6.02E+02	6.03E+02	6.03E+02	6.03E+02	6.03E+02	6.03E+02		
398	7.73E+02	7.73E+02	6.06E+02	6.06E+02	6.06E+02	6.06E+02	6.06E+02	6.06E+02		
399	7.78E+02	7.78E+02	6.10E+02	6.10E+02	6.10E+02	6.10E+02	6.10E+02	6.10E+02		
400	7.82E+02	7.82E+02	6.13E+02	6.14E+02	6.14E+02	6.14E+02	6.14E+02	6.14E+02		
401	7.86E+02	7.86E+02	6.17E+02	6.17E+02	6.17E+02	6.17E+02	6.17E+02	6.17E+02		
402	7.90E+02	7.90E+02	6.21E+02	6.21E+02	6.21E+02	6.21E+02	6.21E+02	6.21E+02		
403	7.94E+02	7.94E+02	6.24E+02	6.25E+02	6.25E+02	6.25E+02	6.25E+02	6.25E+02		
404	7.99E+02	7.99E+02	6.28E+02	6.28E+02	6.28E+02	6.28E+02	6.28E+02	6.28E+02		
405	8.03E+02	8.03E+02	6.32E+02	6.32E+02	6.32E+02	6.32E+02	6.32E+02	6.32E+02		
406	8.07E+02	8.07E+02	6.35E+02	6.36E+02	6.36E+02	6.36E+02	6.36E+02	6.36E+02		
407	8.11E+02	8.11E+02	6.39E+02	6.39E+02	6.39E+02	6.39E+02	6.39E+02	6.39E+02		
408	8.15E+02	8.15E+02	6.43E+02	6.43E+02	6.43E+02	6.43E+02	6.43E+02	6.43E+02		
409	8.19E+02	8.19E+02	6.46E+02	6.46E+02	6.46E+02	6.46E+02	6.46E+02	6.46E+02		
410	8.24E+02	8.24E+02	6.50E+02	6.50E+02	6.50E+02	6.50E+02	6.50E+02	6.50E+02		
411	8.28E+02	8.28E+02	6.53E+02	6.54E+02	6.53E+02	6.53E+02	6.53E+02	6.53E+02		
412	8.32E+02	8.32E+02	6.57E+02	6.57E+02	6.57E+02	6.57E+02	6.57E+02	6.57E+02		
413	8.36E+02	8.36E+02	6.60E+02	6.61E+02	6.61E+02	6.60E+02	6.60E+02	6.60E+02		
414	8.40E+02	8.40E+02	6.64E+02	6.64E+02	6.64E+02	6.64E+02	6.64E+02	6.64E+02		
415	8.44E+02	8.44E+02	6.68E+02	6.68E+02	6.68E+02	6.68E+02	6.67E+02	6.67E+02		
416	8.48E+02	8.48E+02	6.71E+02	6.71E+02	6.71E+02	6.71E+02	6.71E+02	6.71E+02		
417	8.52E+02	8.52E+02	6.75E+02	6.75E+02	6.75E+02	6.75E+02	6.75E+02	6.75E+02		
418	8.57E+02	8.57E+02	6.78E+02	6.78E+02	6.78E+02	6.78E+02	6.78E+02	6.78E+02		
419	8.61E+02	8.61E+02	6.82E+02	6.82E+02	6.82E+02	6.82E+02	6.82E+02	6.82E+02		
420	8.65E+02	8.65E+02	6.85E+02	6.85E+02	6.85E+02	6.85E+02	6.85E+02	6.85E+02		
421	8.69E+02	8.69E+02	6.88E+02	6.89E+02	6.89E+02	6.89E+02	6.88E+02	6.88E+02		
422	8.73E+02	8.73E+02	6.92E+02	6.92E+02	6.92E+02	6.92E+02	6.92E+02	6.92E+02		
423	8.77E+02	8.77E+02	6.95E+02	6.96E+02	6.96E+02	6.95E+02	6.95E+02	6.95E+02		
424	8.81E+02	8.81E+02	6.99E+02	6.99E+02	6.99E+02	6.99E+02	6.99E+02	6.99E+02		
425	8.85E+02	8.85E+02	7.02E+02	7.02E+02	7.02E+02	7.02E+02	7.02E+02	7.02E+02		
426	8.89E+02	8.89E+02	7.06E+02	7.06E+02	7.06E+02	7.06E+02	7.06E+02	7.06E+02		
427	8.92E+02	8.92E+02	7.09E+02	7.09E+02	7.09E+02	7.09E+02	7.09E+02	7.09E+02		
428	8.96E+02	8.96E+02	7.12E+02	7.13E+02	7.13E+02	7.13E+02	7.13E+02	7.13E+02		
429	9.00E+02	9.00E+02	7.16E+02	7.16E+02	7.16E+02	7.16E+02	7.16E+02	7.16E+02		
430	9.04E+02	9.04E+02	7.19E+02	7.19E+02	7.19E+02	7.20E+02	7.20E+02	7.20E+02		
431	9.08E+02	9.08E+02	7.22E+02	7.23E+02	7.23E+02	7.23E+02	7.23E+02	7.23E+02		
432	9.12E+02	9.12E+02	7.26E+02	7.26E+02	7.26E+02	7.26E+02	7.26E+02	7.26E+02		
433	9.15E+02	9.15E+02	7.29E+02	7.29E+02	7.29E+02	7.30E+02	7.30E+02	7.30E+02		
434	9.19E+02	9.19E+02	7.32E+02	7.32E+02	7.33E+02	7.33E+02	7.33E+02	7.33E+02		
435	9.23E+02	9.23E+02	7.36E+02	7.36E+02	7.36E+02	7.36E+02	7.36E+02	7.36E+02		
436	9.26E+02	9.26E+02	7.39E+02	7.39E+02	7.39E+02	7.39E+02	7.39E+02	7.39E+02		
437	9.30E+02	9.30E+02	7.42E+02	7.42E+02	7.42E+02	7.42E+02	7.43E+02	7.43E+02		
438	9.34E+02	9.34E+02	7.45E+02	7.45E+02	7.46E+02	7.46E+02	7.46E+02	7.46E+02		
439	9.37E+02	9.37E+02	7.49E+02	7.48E+02	7.49E+02	7.49E+02	7.49E+02	7.49E+02		
440	9.41E+02	9.41E+02	7.52E+02	7.52E+02	7.52E+02	7.52E+02	7.52E+02	7.52E+02		
441	9.44E+02	9.44E+02	7.55E+02	7.55E+02	7.55E+02	7.55E+02	7.55E+02	7.55E+02		
442	9.48E+02	9.48E+02	7.58E+02	7.58E+02	7.58E+02	7.58E+02	7.58E+02	7.58E+02		
443	9.51E+02	9.51E+02	7.61E+02	7.61E+02	7.61E+02	7.61E+02	7.61E+02	7.61E+02		
444	9.54E+02	9.54E+02	7.64E+02	7.64E+02	7.64E+02	7.64E+02	7.64E+02	7.64E+02		
445	9.58E+02	9.58E+02	7.67E+02	7.67E+02	7.67E+02	7.67E+02	7.67E+02	7.67E+02		
446	9.61E+02	9.61E+02	7.70E+02	7.70E+02	7.70E+02	7.70E+02	7.70E+02	7.70E+02		
447	9.64E+02	9.64E+02	7.73E+02	7.73E+02	7.72E+02	7.72E+02	7.72E+02	7.72E+02		
448	9.68E+02	9.68E+02	7.76E+02	7.76E+02	7.75E+02	7.75E+02	7.75E+02	7.75E+02		
449	9.71E+02	9.71E+02	7.79E+02	7.78E+02	7.78E+02	7.78E+02	7.78E+02	7.78E+02		
450	9.74E+02	9.74E+02	7.82E+02	7.81E+02	7.81E+02	7.81E+02	7.81E+02	7.81E+02		
451	9.77E+02	9.77E+02	7.85E+02	7.84E+02	7.84E+02	7.83E+02	7.83E+02	7.83E+02		
452	9.80E+02	9.80E+02	7.87E+02	7.87E+02	7.86E+02	7.86E+02	7.86E+02	7.86E+02		
453	9.83E+02	9.83E+02	7.90E+02	7.89E+02	7.89E+02	7.89E+02	7.89E+02	7.89E+02		
454	9.86E+02	9.86E+02	7.93E+02	7.92E+02	7.92E+02	7.91E+02	7.91E+02	7.91E+02		
455	9.89E+02	9.89E+02	7.95E+02	7.95E+02	7.94E+02	7.94E+02	7.94E+02	7.94E+02		
456	9.92E+02	9.92E+02	7.98E+02	7.97E+02	7.97E+02	7.97E+02	7.97E+02	7.97E+02		
457	9.95E+02	9.95E+02	8.00E+02	8.00E+02	7.99E+02	7.99E+02	7.99E+02	7.99E+02		
458	9.98E+02	9.98E+02	8.03E+02	8.02E+02	8.02E+02	8.02E+02	8.02E+02	8.02E+02		
459	1.00E+03	1.00E+03	8.05E+02	8.05E+02	8.04E+02	8.04E+02	8.04E+02	8.04E+02		
460	1.00E+03	1.00E+03	8.07E+02	8.07E+02	8.07E+02	8.07E+02	8.07E+02	8.07E+02		
461	1.01E+03	1.01E+03	8.10E+02	8.09E+02	8.09E+02	8.09E+02	8.09E+02	8.09E+02		
462	1.01E+03	1.01E+03	8.12E+02	8.12E+02	8.12E+02	8.11E+02	8.11E+02	8.11E+02		
463	1.01E+03	1.01E+03	8.14E+02	8.14E+02	8.14E+02	8.14E+02	8.14E+02	8.14E+02		
464	1.01E+03	1.01E+03	8.16E+02	8.16E+02	8.16E+02	8.16E+02	8.16E+02	8.16E+02		
465	1.02E+03	1.02E+03	8.18E+02	8.18E+02	8.18E+02	8.18E+02	8.18E+02	8.18E+02		
466	1.02E+03	1.02E+03	8.20E+02	8.20E+02	8.20E+02	8.20E+02	8.20E+02	8.20E+02		
467	1.02E+03	1.02E+03	8.22E+02	8.23E+02	8.23E+02	8.23E+02	8.23E+02	8.23E+02		
468	1.02E+03	1.02E+03	8.24E+02	8.25E+02	8.25E+02	8.25E+02	8.25E+02	8.25E+02		
469	1.03E+03	1.03E+03	8.26E+02	8.27E+02	8.27E+02	8.27E+02	8.27E+02	8.27E+02		
470	1.03E+03	1.03E+03	8.28E+02	8.28E+02	8.29E+02	8.29E+02	8.29E+02	8.29E+02		
471	1.03E+03	1.03E+03	8.30E+02	8.30E+02	8.31E+02	8.31E+02	8.31E+02	8.31E+02		
472	1.03E+03	1.03E+03	8.32E+02	8.32E+02	8.32E+02	8.33E+02	8.33E+02	8.33E+02		
473	1.03E+03	1.03E+03	8.34E+02	8.34E+02	8.34E+02	8.34E+02	8.35E+02	8.35E+02		
474	1.04E+03	1.04E+03	8.35E+02	8.36E+02	8.36E+02	8.36E+02	8.36E+02	8.36E+02		
475	1.04E+03	1.04E+03	8.37E+02	8.38E+02	8.38E+02	8.38E+02	8.38E+02	8.38E+02		
476	1.04E+03	1.04E+03	8.39E+02	8.39E+02	8.40E+02	8.40E+02	8.40E+02	8.40E+02		
477	1.04E+03	1.04E+03	8.41E+02	8.41E+02	8.41E+02	8.41E+02	8.41E+02	8.41E+02		
478	1.04E+03	1.04E+03	8.42E+02	8.43E+02	8.43E+02	8.43E+02	8.43E+02	8.43E+02		
479	1.04E+03	1.04E+03	8.44E+02	8.44E+02	8.44E+02	8.45E+02	8.45E+02	8.45E+02		
480	1.05E+03	1.05E+03	8.45E+02	8.46E+02	8.46E+02	8.46E+02	8.46E+02	8.46E+02		
481	1.05E+03	1.05E+03	8.47E+02	8.47E+02	8.48E+02	8.48E+02	8.48E+02	8.48E+02		
482	1.05E+03	1.05E+03	8.48E+02	8.49E+02	8.49E+02	8.49E+02	8.49E+02	8.49E+02		
483	1.05E+03	1.05E+03	8.50E+02	8.50E+02	8.50E+02	8.51E+02	8.51E+02	8.51E+02		
484	1.05E+03	1.05E+03	8.51E+02	8.52E+02	8.52E+02	8.52E+02	8.52E+02	8.52E+02		
485	1.05E+03	1.05E+03	8.53E+02	8.53E+02	8.53E+02	8.53E+02	8.53E+02	8.53E+02		
486	1.05E+03	1.05E+03	8.54E+02	8.54E+02	8.54E+02	8.54E+02	8.54E+02	8.54E+02		
487	1.06E+03	1.06E+03	8.55E+02	8.56E+02	8.56E+02	8.56E+02	8.56E+02	8.56E+02		
488	1.06E+03	1.06E+03	8.57E+02	8.57E+02	8.57E+02	8.57E+02	8.57E+02	8.57E+02		
489	1.06E+03	1.06E+03	8.58E+02	8.58E+02	8.58E+02	8.58E+02	8.58E+02	8.58E+02		
490	1.06E+03	1.06E+03	8.59E+02	8.59E+02	8.59E+02	8.59E+02	8.59E+02	8.59E+02		
491	1.06E+03	1.06E+03	8.60E+02	8.60E+02	8.60E+02	8.60E+02	8.60E+02	8.60E+02		
492	1.06E+03	1.06E+03	8.61E+02	8.61E+02	8.61E+02	8.61E+02	8.61E+02	8.61E+02		
493	1.06E+03	1.06E+03	8.62E+02	8.62E+02	8.62E+02	8.62E+02	8.62E+02	8.62E+02		
494	1.06E+03	1.06E+03	8.63E+02	8.63E+02	8.63E+02	8.63E+02	8.63E+02	8.63E+02		
495	1.06E+03	1.06E+03	8.63E+02	8.63E+02	8.63E+02	8.63E+02	8.63E+02	8.63E+02		
496	1.06E+03	1.06E+03	8.64E+02	8.64E+02	8.64E+02	8.64E+02	8.64E+02	8.64E+02		
497	1.06E+03	1.06E+03	8.65E+02	8.65E+02	8.65E+02	8.65E+02	8.65E+02	8.65E+02		
498	1.06E+03	1.06E+03	8.65E+02	8.65E+02	8.65E+02	8.65E+02	8.65E+02	8.65E+02		
499	1.06E+03	1.06E+03	8.66E+02	8.66E+02	8.66E+02	8.66E+02	8.66E+02	8.66E+02		
500	1.06E+03	1.06E+03	8.66E+02	8.66E+02	8.66E+02	8.66E+02	8.66E+02	8.66E+02		
501	1.06E+03	1.06E+03	8.67E+02	8.67E+02	8.67E+02	8.67E+02	8.67E+02	8.67E+02		
502	1.07E+03	1.07E+03	8.67E+02	8.67E+02	8.67E+02	8.67E+02	8.67E+02	8.67E+02		
503	1.07E+03	1.07E+03	8.67E+02	8.67E+02	8.67E+02	8.67E+02	8.67E+02	8.67E+02		
504	1.07E+03	1.07E+03	8.68E+02	8.68E+02	8.67E+02	8.67E+02	8.67E+02	8.67E+02		
505	1.06E+03	1.06E+03	8.68E+02	8.68E+02	8.68E+02	8.68E+02	8.68E+02	8.68E+02		
506	1.06E+03	1.06E+03	8.68E+02	8.68E+02	8.68E+02	8.68E+02	8.68E+02	8.68E+02		
507	1.06E+03	1.06E+03	8.68E+02	8.68E+02	8.68E+02	8.68E+02	8.68E+02	8.68E+02		
508	1.06E+03	1.06E+03	8.68E+02	8.68E+02	8.68E+02	8.68E+02	8.68E+02	8.68E+02		
509	1.06E+03	1.06E+03	8.68E+02	8.68E+02	8.68E+02	8.68E+02	8.68E+02	8.68E+02		
510	1.06E+03	1.06E+03	8.68E+02	8.68E+02	8.68E+02	8.68E+02	8.68E+02	8.68E+02		
511	1.06E+03	1.06E+03	8.68E+02	8.68E+02	8.67E+02	8.67E+02	8.67E+02	8.67E+02		
512	1.06E+03	1.06E+03	8.67E+02	8.67E+02	8.67E+02	8.67E+02	8.67E+02	8.67E+02		
513	1.06E+03	1.06E+03	8.67E+02	8.67E+02	8.67E+02	8.67E+02	8.67E+02	8.67E+02		
514	1.06E+03	1.06E+03	8.67E+02	8.67E+02	8.66E+02	8.66E+02	8.66E+02	8.66E+02		
515	1.06E+03	1.06E+03	8.66E+02	8.66E+02	8.66E+02	8.66E+02	8.66E+02	8.66E+02		
516	1.06E+03	1.06E+03	8.66E+02	8.66E+02	8.66E+02	8.66E+02	8.66E+02	8.66E+02		
517	1.06E+03	1.06E+03	8.65E+02	8.65E+02	8.65E+02	8.65E+02	8.65E+02	8.65E+02		
518	1.06E+03	1.06E+03	8.64E+02	8.64E+02	8.64E+02	8.64E+02	8.64E+02	8.64E+02		
519	1.06E+03	1.06E+03	8.64E+02	8.64E+02	8.64E+02	8.64E+02	8.64E+02	8.64E+02		
520	1.05E+03	1.05E+03	8.63E+02	8.63E+02	8.63E+02	8.63E+02	8.63E+02	8.63E+02		
521	1.05E+03	1.05E+03	8.62E+02	8.62E+02	8.62E+02	8.62E+02	8.62E+02	8.62E+02		
522	1.05E+03	1.05E+03	8.61E+02	8.61E+02	8.61E+02	8.61E+02	8.61E+02	8.61E+02		
523	1.05E+03	1.05E+03	8.60E+02	8.60E+02	8.60E+02	8.60E+02	8.60E+02	8.60E+02		
524	1.05E+03	1.05E+03	8.59E+02	8.59E+02	8.59E+02	8.59E+02	8.59E+02	8.59E+02		
525	1.05E+03	1.05E+03	8.58E+02	8.58E+02	8.58E+02	8.58E+02	8.58E+02	8.58E+02		
526	1.04E+03	1.04E+03	8.57E+02	8.57E+02	8.57E+02	8.57E+02	8.57E+02	8.57E+02		
527	1.04E+03	1.04E+03	8.56E+02	8.56E+02	8.56E+02	8.56E+02	8.56E+02	8.56E+02		
528	1.04E+03	1.04E+03	8.54E+02	8.54E+02	8.55E+02	8.55E+02	8.55E+02	8.55E+02		
529	1.04E+03	1.04E+03	8.53E+02	8.53E+02	8.53E+02	8.53E+02	8.53E+02	8.53E+02		
530	1.04E+03	1.04E+03	8.51E+02	8.51E+02	8.52E+02	8.52E+02	8.52E+02	8.52E+02		
531	1.03E+03	1.03E+03	8.50E+02	8.50E+02	8.50E+02	8.50E+02	8.50E+02	8.50E+02		
532	1.03E+03	1.03E+03	8.48E+02	8.48E+02	8.48E+02	8.49E+02	8.49E+02	8.49E+02		
533	1.03E+03	1.03E+03	8.47E+02	8.47E+02	8.47E+02	8.47E+02	8.47E+02	8.47E+02		
534	1.03E+03	1.03E+03	8.45E+02	8.45E+02	8.45E+02	8.45E+02	8.45E+02	8.45E+02		
535	1.03E+03	1.03E+03	8.43E+02	8.43E+02	8.43E+02	8.43E+02	8.43E+02	8.43E+02		
536	1.02E+03	1.02E+03	8.41E+02	8.41E+02	8.41E+02	8.41E+02	8.41E+02	8.41E+02		
537	1.02E+03	1.02E+03	8.40E+02	8.39E+02	8.39E+02	8.39E+02	8.39E+02	8.39E+02		
538	1.02E+03	1.02E+03	8.38E+02	8.37E+02	8.37E+02	8.37E+02	8.37E+02	8.37E+02		
539	1.01E+03	1.01E+03	8.36E+02	8.35E+02	8.35E+02	8.35E+02	8.35E+02	8.35E+02		
540	1.01E+03	1.01E+03	8.34E+02	8.33E+02	8.33E+02	8.33E+02	8.33E+02	8.33E+02		
541	1.01E+03	1.01E+03	8.31E+02	8.31E+02	8.31E+02	8.30E+02	8.31E+02	8.31E+02		
542	1.01E+03	1.01E+03	8.29E+02	8.28E+02	8.28E+02	8.28E+02	8.28E+02	8.28E+02		
543	1.00E+03	1.00E+03	8.27E+02	8.26E+02	8.26E+02	8.26E+02	8.26E+02	8.26E+02		
544	1.00E+03	1.00E+03	8.24E+02	8.24E+02	8.23E+02	8.23E+02	8.23E+02	8.23E+02		
545	9.96E+02	9.96E+02	8.22E+02	8.21E+02	8.21E+02	8.21E+02	8.21E+02	8.21E+02		
546	9.93E+02	9.93E+02	8.19E+02	8.19E+02	8.18E+02	8.18E+02	8.18E+02	8.18E+02		
547	9.90E+02	9.90E+02	8.17E+02	8.16E+02	8.16E+02	8.15E+02	8.15E+02	8.15E+02		
548	9.87E+02	9.87E+02	8.14E+02	8.13E+02	8.13E+02	8.13E+02	8.13E+02	8.13E+02		
549	9.83E+02	9.83E+02	8.11E+02	8.10E+02	8.10E+02	8.10E+02	8.10E+02	8.10E+02		
550	9.80E+02	9.80E+02	8.08E+02	8.08E+02	8.07E+02	8.07E+02	8.07E+02	8.07E+02		
551	9.76E+02	9.76E+02	8.05E+02	8.05E+02	8.04E+02	8.04E+02	8.04E+02	8.04E+02		
552	9.73E+02	9.73E+02	8.02E+02	8.02E+02	8.01E+02	8.01E+02	8.01E+02	8.01E+02		
553	9.69E+02	9.69E+02	7.99E+02	7.98E+02	7.98E+02	7.98E+02	7.98E+02	7.98E+02		
554	9.65E+02	9.65E+02	7.95E+02	7.95E+02	7.95E+02	7.95E+02	7.95E+02	7.95E+02		
555	9.61E+02	9.61E+02	7.92E+02	7.92E+02	7.92E+02	7.91E+02	7.91E+02	7.91E+02		
556	9.58E+02	9.58E+02	7.88E+02	7.88E+02	7.88E+02	7.88E+02	7.88E+02	7.88E+02		
557	9.54E+02	9.54E+02	7.84E+02	7.85E+02	7.85E+02	7.85E+02	7.85E+02	7.85E+02		
558	9.50E+02	9.50E+02	7.81E+02	7.81E+02	7.81E+02	7.81E+02	7.81E+02	7.81E+02		
559	9.46E+02	9.46E+02	7.77E+02	7.77E+02	7.77E+02	7.77E+02	7.77E+02	7.77E+02		
560	9.42E+02	9.42E+02	7.73E+02	7.73E+02	7.74E+02	7.74E+02	7.74E+02	7.74E+02		
561	9.38E+02	9.38E+02	7.69E+02	7.69E+02	7.70E+02	7.70E+02	7.70E+02	7.70E+02		
562	9.34E+02	9.34E+02	7.64E+02	7.65E+02	7.66E+02	7.66E+02	7.66E+02	7.66E+02		
563	9.29E+02	9.29E+02	7.60E+02	7.61E+02	7.61E+02	7.62E+02	7.62E+02	7.62E+02		
564	9.25E+02	9.25E+02	7.56E+02	7.57E+02	7.57E+02	7.57E+02	7.57E+02	7.57E+02		
565	9.21E+02	9.21E+02	7.51E+02	7.52E+02	7.53E+02	7.53E+02	7.53E+02	7.53E+02		
566	9.16E+02	9.16E+02	7.47E+02	7.48E+02	7.48E+02	7.48E+02	7.49E+02	7.49E+02		
567	9.12E+02	9.12E+02	7.42E+02	7.43E+02	7.44E+02	7.44E+02	7.44E+02	7.44E+02		
568	9.08E+02	9.08E+02	7.37E+02	7.38E+02	7.39E+02	7.39E+02	7.39E+02	7.39E+02		
569	9.03E+02	9.03E+02	7.33E+02	7.34E+02	7.34E+02	7.34E+02	7.35E+02	7.35E+02		
570	8.98E+02	8.98E+02	7.28E+02	7.29E+02	7.29E+02	7.30E+02	7.30E+02	7.30E+02		
571	8.94E+02	8.94E+02	7.23E+02	7.24E+02	7.24E+02	7.25E+02	7.25E+02	7.25E+02		
572	8.89E+02	8.89E+02	7.19E+02	7.19E+02	7.19E+02	7.20E+02	7.20E+02	7.20E+02		
573	8.84E+02	8.84E+02	7.14E+02	7.14E+02	7.15E+02	7.15E+02	7.15E+02	7.15E+02		
574	8.79E+02	8.79E+02	7.09E+02	7.09E+02	7.10E+02	7.10E+02	7.10E+02	7.10E+02		
575	8.74E+02	8.74E+02	7.05E+02	7.05E+02	7.05E+02	7.05E+02	7.05E+02	7.05E+02		
576	8.69E+02	8.69E+02	7.00E+02	7.00E+02	7.00E+02	7.00E+02	7.00E+02	7.00E+02		
577	8.64E+02	8.64E+02	6.95E+02	6.95E+02	6.95E+02	6.95E+02	6.95E+02	6.95E+02		
578	8.59E+02	8.59E+02	6.91E+02	6.90E+02	6.90E+02	6.90E+02	6.90E+02	6.90E+02		
579	8.54E+02	8.54E+02	6.86E+02	6.86E+02	6.85E+02	6.85E+02	6.85E+02	6.85E+02		
580	8.49E+02	8.49E+02	6.82E+02	6.81E+02	6.81E+02	6.80E+02	6.80E+02	6.80E+02		
581	8.44E+02	8.44E+02	6.77E+02	6.76E+02	6.76E+02	6.76E+02	6.75E+02	6.75E+02		
582	8.38E+02	8.38E+02	6.73E+02	6.72E+02	6.71E+02	6.71E+02	6.71E+02	6.71E+02		
583	8.33E+02	8.33E+02	6.68E+02	6.67E+02	6.67E+02	6.66E+02	6.66E+02	6.66E+02		
584	8.27E+02	8.27E+02	6.64E+02	6.63E+02	6.62E+02	6.62E+02	6.61E+02	6.61E+02		
585	8.22E+02	8.22E+02	6.60E+02	6.59E+02	6.58E+02	6.57E+02	6.57E+02	6.57E+02		
586	8.16E+02	8.16E+02	6.56E+02	6.54E+02	6.53E+02	6.53E+02	6.52E+02	6.52E+02		
587	8.10E+02	8.10E+02	6.52E+02	6.50E+02	6.49E+02	6.48E+02	6.48E+02	6.48E+02		
588	8.04E+02	8.04E+02	6.47E+02	6.46E+02	6.45E+02	6.44E+02	6.44E+02	6.44E+02		
589	7.99E+02	7.99E+02	6.43E+02	6.42E+02	6.40E+02	6.40E+02	6.39E+02	6.39E+02		
590	7.93E+02	7.93E+02	6.39E+02	6.37E+02	6.36E+02	6.36E+02	6.35E+02	6.35E+02		
591	7.87E+02	7.87E+02	6.35E+02	6.33E+02	6.32E+02	6.31E+02	6.31E+02	6.31E+02		
592	7.81E+02	7.81E+02	6.31E+02	6.29E+02	6.28E+02	6.27E+02	6.27E+02	6.27E+02		
593	7.75E+02	7.75E+02	6.27E+02	6.25E+02	6.24E+02	6.23E+02	6.23E+02	6.23E+02		
594	7.68E+02	7.68E+02	6.23E+02	6.21E+02	6.20E+02	6.19E+02	6.18E+02	6.18E+02		
595	7.62E+02	7.62E+02	6.19E+02	6.17E+02	6.16E+02	6.15E+02	6.14E+02	6.14E+02		
596	7.56E+02	7.56E+02	6.15E+02	6.13E+02	6.12E+02	6.11E+02	6.10E+02	6.10E+02		
597	7.49E+02	7.49E+02	6.11E+02	6.09E+02	6.07E+02	6.07E+02	6.06E+02	6.06E+02		
598	7.43E+02	7.43E+02	6.06E+02	6.05E+02	6.03E+02	6.02E+02	6.02E+02	6.02E+02		
599	7.36E+02	7.36E+02	6.02E+02	6.00E+02	5.99E+02	5.98E+02	5.98E+02	5.98E+02		
600	7.30E+02	7.30E+02	5.98E+02	5.96E+02	5.95E+02	5.94E+02	5.94E+02	5.94E+02		
601	7.23E+02	7.23E+02	5.94E+02	5.92E+02	5.91E+02	5.90E+02	5.89E+02	5.89E+02		
602	7.16E+02	7.16E+02	5.89E+02	5.88E+02	5.86E+02	5.86E+02	5.85E+02	5.85E+02		
603	7.10E+02	7.10E+02	5.85E+02	5.83E+02	5.82E+02	5.81E+02	5.81E+02	5.81E+02		
604	7.03E+02	7.03E+02	5.81E+02	5.79E+02	5.78E+02	5.77E+02	5.76E+02	5.76E+02		
605	6.96E+02	6.96E+02	5.76E+02	5.75E+02	5.73E+02	5.72E+02	5.72E+02	5.72E+02		
606	6.89E+02	6.89E+02	5.71E+02	5.70E+02	5.69E+02	5.68E+02	5.67E+02	5.67E+02		
607	6.82E+02	6.82E+02	5.67E+02	5.65E+02	5.64E+02	5.63E+02	5.63E+02	5.63E+02		
608	6.75E+02	6.75E+02	5.62E+02	5.61E+02	5.59E+02	5.58E+02	5.58E+02	5.58E+02		
609	6.68E+02	6.68E+02	5.57E+02	5.56E+02	5.54E+02	5.54E+02	5.53E+02	5.53E+02		
610	6.61E+02	6.61E+02	5.52E+02	5.51E+02	5.50E+02	5.49E+02	5.48E+02	5.48E+02		
611	6.53E+02	6.53E+02	5.47E+02	5.46E+02	5.45E+02	5.44E+02	5.43E+02	5.43E+02		
612	6.46E+02	6.46E+02	5.42E+02	5.41E+02	5.39E+02	5.39E+02	5.38E+02	5.38E+02		
613	6.39E+02	6.39E+02	5.37E+02	5.36E+02	5.34E+02	5.33E+02	5.33E+02	5.33E+02		
614	6.31E+02	6.31E+02	5.31E+02	5.30E+02	5.29E+02	5.28E+02	5.27E+02	5.27E+02		
615	6.24E+02	6.24E+02	5.26E+02	5.25E+02	5.23E+02	5.22E+02	5.22E+02	5.22E+02		
616	6.16E+02	6.16E+02	5.20E+02	5.19E+02	5.18E+02	5.17E+02	5.16E+02	5.16E+02		
617	6.09E+02	6.09E+02	5.15E+02	5.14E+02	5.12E+02	5.11E+02	5.10E+02	5.10E+02		
618	6.01E+02	6.01E+02	5.09E+02	5.08E+02	5.06E+02	5.05E+02	5.05E+02	5.05E+02		
619	5.93E+02	5.93E+02	5.03E+02	5.02E+02	5.00E+02	4.99E+02	4.98E+02	4.98E+02		
620	5.86E+02	5.86E+02	4.97E+02	4.96E+02	4.94E+02	4.93E+02	4.92E+02	4.92E+02		
621	5.78E+02	5.78E+02	4.90E+02	4.89E+02	4.88E+02	4.87E+02	4.86E+02	4.86E+02		
622	5.70E+02	5.70E+02	4.84E+02	4.83E+02	4.81E+02	4.80E+02	4.79E+02	4.79E+02		
623	5.62E+02	5.62E+02	4.77E+02	4.76E+02	4.74E+02	4.73E+02	4.72E+02	4.72E+02		
624	5.54E+02	5.54E+02	4.71E+02	4.69E+02	4.68E+02	4.66E+02	4.66E+02	4.66E+02		
625	5.45E+02	5.45E+02	4.64E+02	4.63E+02	4.61E+02	4.59E+02	4.59E+02	4.59E+02		
626	5.37E+02	5.37E+02	4.57E+02	4.56E+02	4.54E+02	4.52E+02	4.51E+02	4.51E+02		
627	5.29E+02	5.29E+02	4.50E+02	4.48E+02	4.46E+02	4.45E+02	4.44E+02	4.44E+02		
628	5.20E+02	5.20E+02	4.43E+02	4.41E+02	4.39E+02	4.38E+02	4.37E+02	4.37E+02		
629	5.12E+02	5.12E+02	4.36E+02	4.34E+02	4.32E+02	4.30E+02	4.29E+02	4.29E+02		
630	5.03E+02	5.03E+02	4.28E+02	4.26E+02	4.24E+02	4.23E+02	4.22E+02	4.22E+02		
631	4.95E+02	4.95E+02	4.21E+02	4.19E+02	4.17E+02	4.15E+02	4.14E+02	4.14E+02		
632	4.86E+02	4.86E+02	4.14E+02	4.11E+02	4.09E+02	4.07E+02	4.06E+02	4.06E+02		
633	4.78E+02	4.78E+02	4.06E+02	4.04E+02	4.01E+02	4.00E+02	3.99E+02	3.99E+02		
634	4.69E+02	4.69E+02	3.99E+02	3.96E+02	3.94E+02	3.92E+02	3.91E+02	3.91E+02		
635	4.61E+02	4.61E+02	3.92E+02	3.89E+02	3.86E+02	3.84E+02	3.83E+02	3.83E+02		
636	4.52E+02	4.52E+02	3.84E+02	3.81E+02	3.78E+02	3.76E+02	3.75E+02	3.75E+02		
637	4.44E+02	4.44E+02	3.77E+02	3.73E+02	3.70E+02	3.69E+02	3.67E+02	3.67E+02		
638	4.35E+02	4.35E+02	3.69E+02	3.66E+02	3.63E+02	3.61E+02	3.59E+02	3.59E+02		
639	4.27E+02	4.27E+02	3.62E+02	3.58E+02	3.55E+02	3.53E+02	3.52E+02	3.52E+02		
640	4.18E+02	4.18E+02	3.55E+02	3.50E+02	3.47E+02	3.45E+02	3.44E+02	3.44E+02		
641	4.10E+02	4.10E+02	3.48E+02	3.43E+02	3.40E+02	3.38E+02	3.36E+02	3.36E+02		
642	4.01E+02	4.01E+02	3.40E+02	3.36E+02	3.32E+02	3.30E+02	3.28E+02	3.28E+02		
643	3.93E+02	3.93E+02	3.33E+02	3.28E+02	3.25E+02	3.22E+02	3.21E+02	3.21E+02		
644	3.84E+02	3.84E+02	3.26E+02	3.21E+02	3.17E+02	3.15E+02	3.13E+02	3.13E+02		
645	3.76E+02	3.76E+02	3.19E+02	3.14E+02	3.10E+02	3.08E+02	3.06E+02	3.06E+02		
646	3.68E+02	3.68E+02	3.12E+02	3.07E+02	3.03E+02	3.00E+02	2.99E+02	2.99E+02		
647	3.59E+02	3.59E+02	3.05E+02	3.00E+02	2.96E+02	2.93E+02	2.91E+02	2.91E+02		
648	3.51E+02	3.51E+02	2.99E+02	2.93E+02	2.89E+02	2.86E+02	2.84E+02	2.84E+02		
649	3.43E+02	3.43E+02	2.92E+02	2.86E+02	2.82E+02	2.79E+02	2.77E+02	2.77E+02		
650	3.35E+02	3.35E+02	2.85E+02	2.79E+02	2.75E+02	2.72E+02	2.71E+02	2.71E+02		
651	3.27E+02	3.27E+02	2.79E+02	2.73E+02	2.69E+02	2.66E+02	2.64E+02	2.64E+02		
652	3.19E+02	3.19E+02	2.72E+02	2.66E+02	2.62E+02	2.59E+02	2.57E+02	2.57E+02		
653	3.11E+02	3.11E+02	2.66E+02	2.60E+02	2.56E+02	2.53E+02	2.51E+02	2.51E+02		
654	3.03E+02	3.03E+02	2.60E+02	2.53E+02	2.49E+02	2.47E+02	2.45E+02	2.45E+02		
655	2.95E+02	2.95E+02	2.53E+02	2.47E+02	2.43E+02	2.41E+02	2.39E+02	2.39E+02		
656	2.87E+02	2.87E+02	2.47E+02	2.41E+02	2.37E+02	2.35E+02	2.33E+02	2.33E+02		
657	2.80E+02	2.80E+02	2.41E+02	2.35E+02	2.31E+02	2.29E+02	2.27E+02	2.27E+02		
658	2.72E+02	2.72E+02	2.35E+02	2.29E+02	2.25E+02	2.23E+02	2.21E+02	2.21E+02		
659	2.65E+02	2.65E+02	2.29E+02	2.24E+02	2.20E+02	2.17E+02	2.15E+02	2.15E+02		
660	2.57E+02	2.57E+02	2.24E+02	2.18E+02	2.14E+02	2.12E+02	2.10E+02	2.10E+02		
661	2.50E+02	2.50E+02	2.18E+02	2.12E+02	2.09E+02	2.06E+02	2.04E+02	2.04E+02		
662	2.42E+02	2.42E+02	2.12E+02	2.07E+02	2.03E+02	2.01E+02	1.99E+02	1.99E+02		
663	2.35E+02	2.35E+02	2.06E+02	2.01E+02	1.98E+02	1.95E+02	1.94E+02	1.94E+02		
664	2.28E+02	2.28E+02	2.01E+02	1.96E+02	1.92E+02	1.90E+02	1.89E+02	1.89E+02		
665	2.21E+02	2.21E+02	1.95E+02	1.90E+02	1.87E+02	1.85E+02	1.83E+02	1.83E+02		
666	2.14E+02	2.14E+02	1.90E+02	1.85E+02	1.82E+02	1.80E+02	1.78E+02	1.78E+02		
667	2.07E+02	2.07E+02	1.84E+02	1.80E+02	1.77E+02	1.75E+02	1.73E+02	1.73E+02		
668	2.01E+02	2.01E+02	1.79E+02	1.74E+02	1.72E+02	1.70E+02	1.68E+02	1.68E+02		
669	1.94E+02	1.94E+02	1.73E+02	1.69E+02	1.67E+02	1.65E+02	1.63E+02	1.63E+02		
670	1.87E+02	1.87E+02	1.68E+02	1.64E+02	1.62E+02	1.60E+02	1.59E+02	1.59E+02		
671	1.81E+02	1.81E+02	1.63E+02	1.59E+02	1.57E+02	1.55E+02	1.54E+02	1.54E+02		
672	1.75E+02	1.75E+02	1.58E+02	1.54E+02	1.52E+02	1.50E+02	1.49E+02	1.49E+02		
673	1.68E+02	1.68E+02	1.52E+02	1.49E+02	1.47E+02	1.45E+02	1.44E+02	1.44E+02		
674	1.62E+02	1.62E+02	1.47E+02	1.44E+02	1.42E+02	1.41E+02	1.40E+02	1.40E+02		
675	1.56E+02	1.56E+02	1.42E+02	1.39E+02	1.37E+02	1.36E+02	1.35E+02	1.35E+02		
676	1.50E+02	1.50E+02	1.37E+02	1.34E+02	1.33E+02	1.31E+02	1.30E+02	1.30E+02		
677	1.45E+02	1.45E+02	1.32E+02	1.30E+02	1.28E+02	1.27E+02	1.26E+02	1.26E+02		
678	1.39E+02	1.39E+02	1.28E+02	1.25E+02	1.23E+02	1.22E+02	1.21E+02	1.21E+02		
679	1.33E+02	1.33E+02	1.23E+02	1.20E+02	1.19E+02	1.18E+02	1.17E+02	1.17E+02		
680	1.28E+02	1.28E+02	1.18E+02	1.16E+02	1.14E+02	1.13E+02	1.13E+02	1.13E+02		
681	1.22E+02	1.22E+02	1.13E+02	1.11E+02	1.10E+02	1.09E+02	1.08E+02	1.08E+02		
682	1.17E+02	1.17E+02	1.09E+02	1.07E+02	1.06E+02	1.05E+02	1.04E+02	1.04E+02		
683	1.12E+02	1.12E+02	1.04E+02	1.02E+02	1.01E+02	1.00E+02	9.99E+01	9.99E+01		
684	1.07E+02	1.07E+02	9.99E+01	9.82E+01	9.71E+01	9.63E+01	9.58E+01	9.58E+01		
685	1.02E+02	1.02E+02	9.55E+01	9.39E+01	9.29E+01	9.22E+01	9.17E+01	9.17E+01		
686	9.73E+01	9.73E+01	9.12E+01	8.97E+01	8.88E+01	8.81E+01	8.77E+01	8.77E+01		
687	9.26E+01	9.26E+01	8.70E+01	8.56E+01	8.47E+01	8.41E+01	8.37E+01	8.37E+01		
688	8.80E+01	8.80E+01	8.29E+01	8.16E+01	8.08E+01	8.02E+01	7.98E+01	7.98E+01		
689	8.36E+01	8.36E+01	7.89E+01	7.77E+01	7.69E+01	7.64E+01	7.60E+01	7.60E+01		
690	7.92E+01	7.92E+01	7.49E+01	7.38E+01	7.31E+01	7.26E+01	7.22E+01	7.22E+01		
691	7.50E+01	7.50E+01	7.10E+01	7.00E+01	6.93E+01	6.89E+01	6.86E+01	6.86E+01		
692	7.09E+01	7.09E+01	6.73E+01	6.63E+01	6.57E+01	6.53E+01	6.50E+01	6.50E+01		
693	6.69E+01	6.69E+01	6.36E+01	6.27E+01	6.21E+01	6.17E+01	6.15E+01	6.15E+01		
694	6.30E+01	6.30E+01	6.00E+01	5.92E+01	5.86E+01	5.83E+01	5.80E+01	5.80E+01		
695	5.93E+01	5.93E+01	5.65E+01	5.57E+01	5.53E+01	5.49E+01	5.47E+01	5.47E+01		
696	5.56E+01	5.56E+01	5.31E+01	5.24E+01	5.20E+01	5.16E+01	5.14E+01	5.14E+01		
697	5.21E+01	5.21E+01	4.98E+01	4.92E+01	4.87E+01	4.85E+01	4.83E+01	4.83E+01		
698	4.87E+01	4.87E+01	4.66E+01	4.60E+01	4.56E+01	4.54E+01	4.52E+01	4.52E+01		
699	4.54E+01	4.54E+01	4.35E+01	4.30E+01	4.26E+01	4.24E+01	4.22E+01	4.22E+01		
700	4.23E+01	4.23E+01	4.05E+01	4.00E+01	3.97E+01	3.95E+01	3.93E+01	3.93E+01		
701	3.93E+01	3.93E+01	3.77E+01	3.72E+01	3.69E+01	3.67E+01	3.66E+01	3.66E+01		
702	3.64E+01	3.64E+01	3.49E+01	3.45E+01	3.42E+01	3.41E+01	3.39E+01	3.39E+01		
703	3.36E+01	3.36E+01	3.23E+01	3.19E+01	3.17E+01	3.15E+01	3.14E+01	3.14E+01		
704	3.10E+01	3.10E+01	2.98E+01	2.95E+01	2.92E+01	2.91E+01	2.90E+01	2.90E+01		
705	2.85E+01	2.85E+01	2.74E+01	2.71E+01	2.69E+01	2.68E+01	2.67E+01	2.67E+01		
706	2.61E+01	2.61E+01	2.52E+01	2.49E+01	2.47E+01	2.46E+01	2.45E+01	2.45E+01		
707	2.39E+01	2.39E+01	2.30E+01	2.28E+01	2.26E+01	2.25E+01	2.24E+01	2.24E+01		
708	2.18E+01	2.18E+01	2.10E+01	2.08E+01	2.07E+01	2.06E+01	2.05E+01	2.05E+01		
709	1.98E+01	1.98E+01	1.92E+01	1.90E+01	1.89E+01	1.88E+01	1.87E+01	1.87E+01		
710	1.80E+01	1.80E+01	1.75E+01	1.73E+01	1.72E+01	1.71E+01	1.70E+01	1.70E+01		
711	1.64E+01	1.64E+01	1.58E+01	1.57E+01	1.56E+01	1.55E+01	1.55E+01	1.55E+01		
712	1.48E+01	1.48E+01	1.44E+01	1.42E+01	1.41E+01	1.41E+01	1.40E+01	1.40E+01		
713	1.34E+01	1.34E+01	1.30E+01	1.29E+01	1.28E+01	1.28E+01	1.27E+01	1.27E+01		
714	1.21E+01	1.21E+01	1.18E+01	1.17E+01	1.16E+01	1.15E+01	1.15E+01	1.15E+01		
715	1.10E+01	1.10E+01	1.07E+01	1.06E+01	1.05E+01	1.04E+01	1.04E+01	1.04E+01		
716	9.91E+00	9.91E+00	9.63E+00	9.54E+00	9.48E+00	9.44E+00	9.41E+00	9.41E+00		
717	8.95E+00	8.95E+00	8.70E+00	8.61E+00	8.56E+00	8.53E+00	8.50E+00	8.50E+00		
718	8.07E+00	8.07E+00	7.85E+00	7.77E+00	7.73E+00	7.69E+00	7.67E+00	7.67E+00		
719	7.27E+00	7.27E+00	7.07E+00	7.01E+00	6.96E+00	6.94E+00	6.91E+00	6.91E+00		
720	6.54E+00	6.54E+00	6.36E+00	6.31E+00	6.27E+00	6.24E+00	6.22E+00	6.22E+00		
721	5.87E+00	5.87E+00	5.72E+00	5.67E+00	5.63E+00	5.61E+00	5.59E+00	5.59E+00		
722	5.26E+00	5.26E+00	5.13E+00	5.08E+00	5.05E+00	5.03E+00	5.02E+00	5.02E+00		
723	4.71E+00	4.71E+00	4.59E+00	4.55E+00	4.52E+00	4.51E+00	4.49E+00	4.49E+00		
724	4.20E+00	4.20E+00	4.10E+00	4.06E+00	4.04E+00	4.02E+00	4.01E+00	4.01E+00		
725	3.74E+00	3.74E+00	3.65E+00	3.62E+00	3.60E+00	3.59E+00	3.58E+00	3.58E+00		
726	3.32E+00	3.32E+00	3.25E+00	3.22E+00	3.20E+00	3.19E+00	3.18E+00	3.18E+00		
727	2.95E+00	2.95E+00	2.88E+00	2.86E+00	2.84E+00	2.83E+00	2.82E+00	2.82E+00		
728	2.61E+00	2.61E+00	2.55E+00	2.53E+00	2.52E+00	2.51E+00	2.50E+00	2.50E+00		
729	2.30E+00	2.30E+00	2.26E+00	2.24E+00	2.23E+00	2.22E+00	2.21E+00	2.21E+00		
730	2.03E+00	2.03E+00	1.99E+00	1.98E+00	1.97E+00	1.96E+00	1.95E+00	1.95E+00		
731	1.79E+00	1.79E+00	1.75E+00	1.74E+00	1.73E+00	1.73E+00	1.72E+00	1.72E+00		
732	1.58E+00	1.58E+00	1.55E+00	1.53E+00	1.53E+00	1.52E+00	1.52E+00	1.52E+00		
733	1.39E+00	1.39E+00	1.36E+00	1.35E+00	1.34E+00	1.34E+00	1.34E+00	1.34E+00		
734	1.22E+00	1.22E+00	1.20E+00	1.19E+00	1.18E+00	1.18E+00	1.18E+00	1.18E+00		
735	1.07E+00	1.07E+00	1.05E+00	1.04E+00	1.04E+00	1.04E+00	1.03E+00	1.03E+00		
736	9.40E-01	9.40E-01	9.23E-01	9.17E-01	9.13E-01	9.11E-01	9.09E-01	9.09E-01		
737	8.25E-01	8.25E-01	8.10E-01	8.05E-01	8.02E-01	8.00E-01	7.98E-01	7.98E-01		
738	7.23E-01	7.23E-01	7.11E-01	7.06E-01	7.03E-01	7.01E-01	7.00E-01	7.00E-01		
739	6.33E-01	6.33E-01	6.22E-01	6.18E-01	6.15E-01	6.14E-01	6.13E-01	6.13E-01		
740	5.52E-01	5.52E-01	5.43E-01	5.40E-01	5.37E-01	5.36E-01	5.35E-01	5.35E-01		
741	4.81E-01	4.81E-01	4.73E-01	4.70E-01	4.68E-01	4.67E-01	4.66E-01	4.66E-01		
742	4.19E-01	4.19E-01	4.12E-01	4.09E-01	4.08E-01	4.06E-01	4.05E-01	4.05E-01		
743	3.65E-01	3.65E-01	3.59E-01	3.56E-01	3.54E-01	3.53E-01	3.52E-01	3.52E-01		
744	3.18E-01	3.18E-01	3.13E-01	3.10E-01	3.09E-01	3.07E-01	3.07E-01	3.07E-01		
745	2.77E-01	2.77E-01	2.73E-01	2.71E-01	2.69E-01	2.68E-01	2.67E-01	2.67E-01		
746	2.42E-01	2.42E-01	2.38E-01	2.36E-01	2.35E-01	2.34E-01	2.33E-01	2.33E-01		
747	2.10E-01	2.10E-01	2.07E-01	2.05E-01	2.04E-01	2.03E-01	2.02E-01	2.02E-01		
748	1.80E-01	1.80E-01	1.77E-01	1.76E-01	1.75E-01	1.74E-01	1.74E-01	1.74E-01		
749	1.50E-01	1.50E-01	1.48E-01	1.47E-01	1.46E-01	1.46E-01	1.46E-01	1.46E-01		
750	1.18E-01	1.18E-01	1.17E-01	1.17E-01	1.16E-01	1.16E-01	1.16E-01	1.16E-01		
751	8.36E-02	8.36E-02	8.32E-02	8.30E-02	8.29E-02	8.28E-02	8.27E-02	8.27E-02		
752	4.44E-02	4.44E-02	4.44E-02	4.44E-02	4.44E-02	4.44E-02	4.44E-02	4.44E-02		